#!ascii label  , from subject sub-036 vox2ras=TkReg
834
42109  20.628  -39.540  21.419 0.0000000000
57637  38.819  -22.300  14.105 0.0000000000
50519  30.110  -30.543  15.399 0.0000000000
28908  10.114  -53.665  28.361 0.0000000000
39269  17.979  -42.650  27.878 0.0000000000
53021  32.819  -27.132  16.877 0.0000000000
33612  13.362  -48.391  26.801 0.0000000000
28954  12.798  -53.108  25.760 0.0000000000
36425  14.683  -45.643  24.829 0.0000000000
57633  42.071  -21.999  13.992 0.0000000000
45036  23.888  -36.702  21.956 0.0000000000
46005  24.567  -35.736  17.608 0.0000000000
42144  23.409  -39.692  18.884 0.0000000000
61159  41.534  -18.103  13.381 0.0000000000
59428  44.477  -20.294  11.481 0.0000000000
56556  37.093  -23.124  16.394 0.0000000000
53937  38.644  -26.325  14.379 0.0000000000
53940  34.911  -27.089  14.914 0.0000000000
115766  34.318  -31.181  15.204 0.0000000000
38398  19.548  -43.696  21.634 0.0000000000
23387  10.679  -59.289  29.266 0.0000000000
25193  10.537  -56.943  33.847 0.0000000000
27067  10.128  -55.594  37.731 0.0000000000
40240  20.088  -41.096  24.891 0.0000000000
37385  17.063  -44.330  23.590 0.0000000000
49642  27.057  -31.009  18.781 0.0000000000
46009  28.194  -34.980  16.749 0.0000000000
62049  48.308  -17.863  11.518 0.0000000000
57635  40.298  -21.925  13.554 0.0000000000
55674  40.320  -24.306  14.578 0.0000000000
44099  21.684  -37.877  22.068 0.0000000000
44148  22.530  -37.618  19.374 0.0000000000
128271  21.458  -38.970  19.856 0.0000000000
60268  38.518  -19.678  15.214 0.0000000000
62015  40.857  -17.762  15.127 0.0000000000
60280  39.776  -19.801  13.610 0.0000000000
59422  41.374  -20.223  12.522 0.0000000000
23309  11.350  -59.158  37.355 0.0000000000
55669  35.863  -24.696  15.474 0.0000000000
54791  35.026  -25.178  16.715 0.0000000000
52147  31.565  -28.870  16.155 0.0000000000
127017  32.412  -28.973  15.295 0.0000000000
49674  32.045  -31.492  15.056 0.0000000000
47904  30.964  -33.007  15.352 0.0000000000
28050  11.406  -53.995  26.082 0.0000000000
28048  13.335  -55.130  26.451 0.0000000000
25271  11.641  -56.975  26.426 0.0000000000
24314  12.497  -59.048  27.117 0.0000000000
129487  10.050  -56.545  28.403 0.0000000000
27112  9.596  -55.486  32.709 0.0000000000
27081  10.792  -56.146  35.685 0.0000000000
39301  18.542  -42.177  26.485 0.0000000000
39331  17.919  -42.236  24.553 0.0000000000
39317  16.679  -42.851  25.253 0.0000000000
32679  15.181  -49.235  23.591 0.0000000000
122353  15.856  -47.670  24.024 0.0000000000
44170  26.095  -37.607  17.080 0.0000000000
46011  26.297  -35.256  16.433 0.0000000000
54771  34.512  -25.793  18.243 0.0000000000
52125  32.170  -28.315  18.737 0.0000000000
51288  30.258  -29.264  17.354 0.0000000000
31665  14.424  -50.462  24.187 0.0000000000
29887  14.668  -52.477  25.093 0.0000000000
31642  13.128  -50.815  25.769 0.0000000000
30769  11.371  -51.696  26.586 0.0000000000
126788  10.347  -51.811  28.020 0.0000000000
38329  15.697  -43.506  26.341 0.0000000000
37329  14.363  -44.453  26.962 0.0000000000
34627  13.594  -47.631  25.319 0.0000000000
45944  25.917  -35.971  22.158 0.0000000000
47845  25.523  -33.747  20.114 0.0000000000
45976  24.073  -35.885  19.922 0.0000000000
43171  23.980  -37.908  17.653 0.0000000000
61164  45.514  -17.886  11.845 0.0000000000
60283  43.378  -19.126  11.786 0.0000000000
58574  43.317  -21.245  12.651 0.0000000000
57621  37.802  -22.343  14.737 0.0000000000
55676  38.447  -24.352  14.409 0.0000000000
55678  36.926  -24.595  14.586 0.0000000000
121872  36.793  -27.011  14.547 0.0000000000
52155  36.012  -28.946  14.946 0.0000000000
53932  33.739  -26.687  15.770 0.0000000000
116783  34.434  -28.995  14.698 0.0000000000
40295  19.732  -41.595  21.335 0.0000000000
40312  21.492  -41.251  20.004 0.0000000000
59391  38.042  -20.213  16.413 0.0000000000
28887  9.148  -53.685  30.584 0.0000000000
26213  9.550  -56.143  30.772 0.0000000000
25211  10.123  -57.753  31.761 0.0000000000
23343  11.123  -59.734  32.324 0.0000000000
24224  11.322  -58.329  34.840 0.0000000000
26147  11.452  -56.867  36.462 0.0000000000
25148  10.428  -56.947  38.072 0.0000000000
24196  7.185  -57.934  39.297 0.0000000000
41112  20.341  -40.460  23.610 0.0000000000
40260  18.614  -42.033  23.055 0.0000000000
38369  17.986  -43.515  22.852 0.0000000000
37369  15.721  -44.436  24.512 0.0000000000
50503  28.504  -30.655  16.455 0.0000000000
48746  25.767  -32.805  18.156 0.0000000000
47894  26.892  -33.013  16.571 0.0000000000
48764  29.169  -32.635  15.702 0.0000000000
40310  23.420  -41.585  20.116 0.0000000000
113048  49.122  -17.776  9.844 0.0000000000
61171  46.701  -18.828  11.428 0.0000000000
59434  48.044  -20.159  10.682 0.0000000000
57636  39.475  -22.131  13.802 0.0000000000
56594  40.658  -23.213  14.324 0.0000000000
56595  39.828  -23.406  14.184 0.0000000000
43085  21.411  -38.398  22.415 0.0000000000
117766  21.347  -38.138  20.988 0.0000000000
43098  20.906  -38.783  20.974 0.0000000000
58562  38.262  -21.185  14.455 0.0000000000
59416  39.099  -20.161  14.006 0.0000000000
59417  38.913  -20.832  13.964 0.0000000000
58570  39.638  -21.277  13.493 0.0000000000
23310  10.604  -58.941  37.308 0.0000000000
55648  36.186  -24.240  16.936 0.0000000000
55633  35.725  -24.907  18.166 0.0000000000
50518  30.832  -30.069  15.397 0.0000000000
115473  31.556  -29.619  15.481 0.0000000000
120225  30.804  -30.778  15.108 0.0000000000
48775  31.509  -32.279  15.076 0.0000000000
48776  30.645  -32.209  15.117 0.0000000000
28919  10.400  -53.832  27.441 0.0000000000
27177  11.306  -55.353  26.149 0.0000000000
27165  10.365  -55.223  27.564 0.0000000000
130990  11.070  -57.307  26.871 0.0000000000
27153  10.114  -55.188  28.423 0.0000000000
39287  17.919  -42.525  27.044 0.0000000000
39302  17.695  -42.464  26.215 0.0000000000
39288  17.245  -42.732  26.716 0.0000000000
31663  15.824  -50.914  24.204 0.0000000000
47831  27.282  -33.326  21.955 0.0000000000
114742  26.937  -37.545  17.272 0.0000000000
52126  31.533  -28.563  18.359 0.0000000000
51264  30.956  -28.926  18.909 0.0000000000
32649  13.446  -49.436  25.581 0.0000000000
31666  13.805  -50.665  25.084 0.0000000000
31620  13.163  -49.931  26.142 0.0000000000
31607  12.050  -50.037  27.129 0.0000000000
32617  10.768  -50.037  27.813 0.0000000000
30748  10.836  -51.539  27.308 0.0000000000
37328  14.922  -43.987  27.588 0.0000000000
34596  13.483  -47.680  27.225 0.0000000000
35521  13.585  -46.858  26.598 0.0000000000
33626  13.472  -48.484  25.701 0.0000000000
33639  13.960  -48.912  24.263 0.0000000000
45959  24.837  -35.738  21.200 0.0000000000
45062  24.024  -36.094  20.677 0.0000000000
42159  23.018  -38.870  18.747 0.0000000000
44147  23.094  -37.227  18.875 0.0000000000
43150  23.526  -38.383  18.217 0.0000000000
42172  24.963  -38.922  17.739 0.0000000000
123608  24.496  -39.356  18.207 0.0000000000
61155  41.038  -17.851  14.237 0.0000000000
126025  43.204  -17.937  12.605 0.0000000000
61158  42.477  -18.055  12.914 0.0000000000
58568  41.778  -21.493  13.092 0.0000000000
116335  42.134  -20.480  12.338 0.0000000000
58567  42.681  -21.640  13.299 0.0000000000
56573  37.300  -22.861  15.651 0.0000000000
56597  37.544  -23.056  14.933 0.0000000000
56574  36.988  -23.539  15.566 0.0000000000
54798  35.491  -25.372  15.082 0.0000000000
54808  36.059  -25.739  14.583 0.0000000000
114863  36.075  -26.627  14.556 0.0000000000
118616  36.786  -27.673  14.756 0.0000000000
114815  35.614  -28.311  14.737 0.0000000000
53914  33.296  -26.666  17.418 0.0000000000
124675  33.660  -26.169  17.071 0.0000000000
53031  33.009  -27.206  16.021 0.0000000000
126651  33.362  -30.226  14.988 0.0000000000
51324  33.604  -29.344  14.838 0.0000000000
50515  34.182  -30.278  14.885 0.0000000000
51310  35.012  -29.867  14.988 0.0000000000
39379  19.422  -42.255  21.480 0.0000000000
39391  20.387  -42.396  20.623 0.0000000000
118112  37.322  -22.625  17.012 0.0000000000
58552  37.564  -21.479  16.325 0.0000000000
58559  37.517  -21.544  15.551 0.0000000000
28953  13.619  -53.175  25.701 0.0000000000
28931  14.009  -53.887  26.201 0.0000000000
126213  11.418  -59.643  28.049 0.0000000000
22476  13.701  -60.587  27.972 0.0000000000
22477  11.991  -60.806  28.755 0.0000000000
23370  10.930  -59.830  29.791 0.0000000000
123853  8.919  -53.675  31.423 0.0000000000
27141  9.605  -55.083  30.157 0.0000000000
27992  9.489  -54.862  31.542 0.0000000000
26193  9.948  -56.523  33.068 0.0000000000
26203  9.913  -56.768  32.073 0.0000000000
25202  10.270  -57.369  32.752 0.0000000000
23344  10.666  -59.138  31.943 0.0000000000
120395  10.683  -58.009  33.338 0.0000000000
109898  11.135  -58.672  33.866 0.0000000000
25192  10.891  -57.662  34.366 0.0000000000
27073  10.798  -55.776  36.706 0.0000000000
26163  11.075  -56.457  35.851 0.0000000000
26148  11.335  -56.277  37.004 0.0000000000
25147  10.934  -56.585  37.570 0.0000000000
26140  10.435  -56.180  38.065 0.0000000000
41088  20.755  -40.833  25.364 0.0000000000
41097  21.017  -40.250  24.799 0.0000000000
41099  19.897  -40.955  24.031 0.0000000000
41113  19.820  -40.993  23.095 0.0000000000
40259  19.290  -41.422  23.545 0.0000000000
38353  16.817  -43.164  24.122 0.0000000000
130646  17.519  -42.995  23.238 0.0000000000
37384  17.683  -44.361  23.312 0.0000000000
37345  14.614  -44.414  25.884 0.0000000000
37357  15.284  -44.147  25.258 0.0000000000
36406  14.968  -44.832  24.990 0.0000000000
34635  16.760  -46.555  24.475 0.0000000000
54805  38.496  -25.491  14.311 0.0000000000
54804  39.385  -25.526  14.422 0.0000000000
53936  39.580  -26.347  14.544 0.0000000000
50471  28.289  -30.175  18.863 0.0000000000
50481  28.203  -30.161  18.020 0.0000000000
50493  27.626  -30.680  17.616 0.0000000000
46914  24.569  -34.826  19.044 0.0000000000
47859  25.249  -33.497  19.199 0.0000000000
46942  25.144  -34.091  17.580 0.0000000000
46010  27.279  -35.211  16.568 0.0000000000
112832  26.856  -33.877  16.574 0.0000000000
47893  27.714  -33.399  16.398 0.0000000000
120092  28.257  -32.641  16.066 0.0000000000
47892  28.724  -33.429  16.173 0.0000000000
47891  29.606  -33.569  15.949 0.0000000000
40311  22.485  -41.544  19.976 0.0000000000
62053  48.627  -17.957  10.628 0.0000000000
61172  44.870  -18.586  11.429 0.0000000000
61163  46.368  -18.230  11.708 0.0000000000
60289  46.130  -19.503  11.041 0.0000000000
59425  47.415  -20.890  10.819 0.0000000000
58581  48.123  -21.541  10.948 0.0000000000
33599  13.131  -48.296  27.781 0.0000000000
32614  12.932  -48.923  27.306 0.0000000000
57634  41.130  -21.757  13.404 0.0000000000
56592  42.220  -22.973  14.951 0.0000000000
56593  41.525  -23.120  14.625 0.0000000000
124657  23.224  -37.219  22.379 0.0000000000
45064  23.093  -36.724  20.582 0.0000000000
44109  22.337  -37.282  21.065 0.0000000000
43116  21.976  -38.002  19.899 0.0000000000
42145  22.511  -39.437  19.316 0.0000000000
61140  40.247  -18.249  15.543 0.0000000000
61141  39.674  -18.774  15.022 0.0000000000
60274  39.988  -19.020  14.136 0.0000000000
60278  40.999  -18.930  13.007 0.0000000000
60285  41.337  -19.489  12.571 0.0000000000
59423  40.644  -19.821  12.947 0.0000000000
58569  40.645  -21.213  13.118 0.0000000000
24211  12.354  -59.092  36.509 0.0000000000
122081  36.683  -23.680  16.753 0.0000000000
131510  36.777  -23.587  16.174 0.0000000000
55660  36.389  -24.087  16.026 0.0000000000
116022  35.199  -25.196  15.860 0.0000000000
54799  34.829  -25.808  15.505 0.0000000000
52146  31.939  -28.218  16.800 0.0000000000
53043  32.749  -27.975  15.643 0.0000000000
125209  32.198  -29.932  15.244 0.0000000000
50516  33.524  -30.956  15.076 0.0000000000
48774  32.394  -32.343  15.207 0.0000000000
47902  32.734  -33.161  15.548 0.0000000000
37397  19.358  -44.347  22.231 0.0000000000
28955  11.948  -53.288  25.886 0.0000000000
28049  12.700  -54.472  26.018 0.0000000000
27189  11.784  -54.682  25.878 0.0000000000
26258  12.457  -56.484  26.157 0.0000000000
25269  13.327  -57.408  26.703 0.0000000000
25255  10.988  -57.987  27.301 0.0000000000
114585  10.065  -57.260  28.559 0.0000000000
27982  9.493  -55.005  32.466 0.0000000000
27972  9.481  -54.872  33.905 0.0000000000
27100  10.034  -55.830  34.309 0.0000000000
26175  10.519  -56.325  34.626 0.0000000000
129166  10.551  -55.910  35.424 0.0000000000
27952  10.323  -55.656  36.210 0.0000000000
27940  9.716  -55.502  37.418 0.0000000000
40223  19.650  -41.514  25.305 0.0000000000
40224  18.847  -41.822  24.959 0.0000000000
39315  18.260  -42.170  25.574 0.0000000000
39332  17.072  -42.691  24.605 0.0000000000
39333  16.554  -43.076  24.680 0.0000000000
112427  14.551  -47.051  24.435 0.0000000000
35554  15.076  -46.359  24.412 0.0000000000
33638  15.430  -48.351  23.710 0.0000000000
53040  38.159  -28.112  15.202 0.0000000000
49625  26.850  -31.821  20.089 0.0000000000
44181  24.970  -36.785  16.877 0.0000000000
46012  25.508  -35.571  16.582 0.0000000000
45095  26.036  -36.171  16.501 0.0000000000
45094  26.903  -36.056  16.678 0.0000000000
62041  48.131  -17.681  12.365 0.0000000000
118378  7.282  -58.881  36.785 0.0000000000
53905  34.212  -26.541  18.768 0.0000000000
53906  33.531  -26.899  18.331 0.0000000000
53013  32.543  -27.847  18.326 0.0000000000
52137  31.408  -28.572  17.313 0.0000000000
51287  30.886  -29.076  16.823 0.0000000000
51299  30.220  -29.464  16.489 0.0000000000
30813  15.507  -51.696  24.473 0.0000000000
29901  15.876  -52.316  24.794 0.0000000000
30814  14.819  -51.816  24.644 0.0000000000
30794  14.156  -51.971  25.197 0.0000000000
30796  12.864  -51.616  25.751 0.0000000000
31621  12.506  -50.368  26.456 0.0000000000
30768  12.253  -51.160  26.158 0.0000000000
30797  12.069  -51.876  25.996 0.0000000000
29866  11.022  -52.566  26.614 0.0000000000
28934  10.589  -53.099  26.998 0.0000000000
29838  10.156  -52.752  28.290 0.0000000000
38314  16.511  -43.112  26.799 0.0000000000
38315  15.687  -43.541  27.239 0.0000000000
37344  14.943  -43.847  26.646 0.0000000000
36392  14.030  -45.262  26.289 0.0000000000
36376  14.041  -45.270  27.437 0.0000000000
127160  13.700  -46.117  26.130 0.0000000000
35555  14.274  -46.457  24.821 0.0000000000
132278  14.221  -48.277  24.052 0.0000000000
31688  14.461  -49.604  23.847 0.0000000000
46848  26.731  -34.829  22.261 0.0000000000
46892  25.816  -34.017  21.013 0.0000000000
46871  25.676  -34.849  21.307 0.0000000000
46894  24.783  -34.930  20.029 0.0000000000
45994  24.282  -35.623  18.591 0.0000000000
45063  23.576  -36.372  19.826 0.0000000000
45995  23.885  -36.260  18.684 0.0000000000
45089  24.516  -36.583  17.353 0.0000000000
44171  25.210  -37.549  17.046 0.0000000000
43169  25.638  -38.367  17.472 0.0000000000
62045  44.889  -17.503  12.406 0.0000000000
61165  44.469  -17.958  11.929 0.0000000000
60291  44.257  -19.349  11.416 0.0000000000
111597  41.986  -19.731  12.222 0.0000000000
59421  42.827  -19.993  11.873 0.0000000000
57620  38.271  -21.978  14.426 0.0000000000
56596  38.969  -23.679  14.305 0.0000000000
116378  37.993  -23.685  14.533 0.0000000000
117647  38.047  -24.965  14.324 0.0000000000
54806  37.665  -25.683  14.287 0.0000000000
55679  36.202  -24.920  14.758 0.0000000000
54807  36.791  -25.302  14.415 0.0000000000
53938  37.617  -26.653  14.442 0.0000000000
53050  37.484  -27.493  14.729 0.0000000000
120277  36.835  -28.869  15.269 0.0000000000
54786  34.263  -25.658  17.157 0.0000000000
53922  34.250  -26.100  15.825 0.0000000000
53931  34.521  -26.525  15.339 0.0000000000
53042  33.479  -27.532  15.461 0.0000000000
53054  34.068  -27.938  15.015 0.0000000000
53053  34.641  -27.662  14.872 0.0000000000
51322  35.141  -29.082  14.712 0.0000000000
41140  20.266  -40.264  21.754 0.0000000000
41165  20.529  -40.212  20.856 0.0000000000
40313  20.209  -41.644  20.701 0.0000000000
39390  21.119  -42.570  20.417 0.0000000000
59405  38.025  -20.181  15.530 0.0000000000
59406  37.729  -20.869  15.056 0.0000000000
29827  9.483  -52.236  29.253 0.0000000000
115903  9.165  -52.979  29.830 0.0000000000
28899  9.742  -53.911  29.103 0.0000000000
27140  9.749  -55.158  29.274 0.0000000000
26224  9.707  -56.603  29.117 0.0000000000
25231  9.875  -57.845  29.948 0.0000000000
116377  9.575  -55.340  32.068 0.0000000000
25212  9.586  -57.150  31.025 0.0000000000
132688  10.198  -58.479  30.119 0.0000000000
119357  10.818  -59.836  30.671 0.0000000000
23357  10.886  -59.804  31.493 0.0000000000
24223  11.866  -58.965  35.317 0.0000000000
127543  11.050  -56.731  35.396 0.0000000000
25172  11.322  -57.116  35.638 0.0000000000
25171  11.589  -57.755  35.850 0.0000000000
25157  11.610  -57.804  36.524 0.0000000000
24206  10.504  -57.870  37.639 0.0000000000
24208  8.737  -58.063  37.206 0.0000000000
25138  9.062  -56.410  38.590 0.0000000000
112524  8.361  -57.743  38.137 0.0000000000
112217  7.837  -58.274  37.418 0.0000000000
42097  21.096  -39.090  22.796 0.0000000000
42088  21.328  -39.308  23.655 0.0000000000
42089  20.735  -39.804  23.198 0.0000000000
41126  19.786  -41.047  22.059 0.0000000000
110896  19.345  -41.692  21.887 0.0000000000
123574  19.112  -42.888  21.759 0.0000000000
118772  18.050  -42.194  23.700 0.0000000000
39365  18.496  -42.783  22.466 0.0000000000
38386  18.847  -43.526  22.234 0.0000000000
38328  16.270  -43.186  25.847 0.0000000000
38355  15.758  -43.798  24.881 0.0000000000
119082  16.445  -44.376  23.949 0.0000000000
35553  16.009  -45.920  24.275 0.0000000000
115278  16.215  -45.124  24.049 0.0000000000
36441  17.006  -45.033  23.807 0.0000000000
55675  39.420  -24.540  14.424 0.0000000000
51275  29.451  -29.503  18.416 0.0000000000
50491  28.964  -30.003  16.743 0.0000000000
50502  29.140  -30.342  16.085 0.0000000000
47844  26.080  -33.105  20.590 0.0000000000
47858  26.182  -32.410  19.679 0.0000000000
48733  26.098  -32.242  18.621 0.0000000000
46957  25.620  -34.188  16.914 0.0000000000
48756  26.395  -32.734  17.029 0.0000000000
49654  26.558  -32.030  17.329 0.0000000000
49666  27.498  -31.719  16.515 0.0000000000
48765  28.550  -31.964  15.770 0.0000000000
49677  29.617  -31.266  15.392 0.0000000000
47905  30.089  -32.894  15.436 0.0000000000
41164  21.235  -40.189  20.048 0.0000000000
41187  22.221  -40.193  19.612 0.0000000000
41186  23.134  -40.328  19.354 0.0000000000
41161  24.675  -40.867  19.946 0.0000000000
41184  25.134  -40.410  19.389 0.0000000000
62055  49.429  -17.252  9.108 0.0000000000
61162  47.136  -18.302  11.931 0.0000000000
61170  47.457  -18.802  11.469 0.0000000000
59426  46.563  -20.410  11.005 0.0000000000
60288  47.349  -20.059  10.859 0.0000000000
61169  48.111  -18.578  11.277 0.0000000000
131975  48.962  -19.063  10.487 0.0000000000
60293  49.396  -19.495  10.266 0.0000000000
57619  39.224  -22.875  14.050 0.0000000000
43086  20.954  -38.932  21.929 0.0000000000
58571  38.873  -21.623  14.000 0.0000000000
24213  9.187  -58.755  36.507 0.0000000000
49675  31.160  -31.458  14.991 0.0000000000
49676  30.356  -31.391  15.140 0.0000000000
28035  10.425  -54.553  27.206 0.0000000000
28023  10.291  -54.490  27.983 0.0000000000
30812  16.260  -51.660  24.631 0.0000000000
31641  16.735  -50.712  24.826 0.0000000000
32633  13.291  -49.160  26.451 0.0000000000
34613  13.477  -47.628  26.180 0.0000000000
45045  24.462  -36.267  21.540 0.0000000000
128127  23.758  -39.154  18.368 0.0000000000
132712  24.104  -39.716  18.647 0.0000000000
62039  41.742  -17.561  14.095 0.0000000000
62038  42.389  -17.566  13.662 0.0000000000
23324  12.360  -59.410  35.675 0.0000000000
53930  35.303  -26.302  14.868 0.0000000000
126255  35.519  -27.051  14.690 0.0000000000
53051  36.062  -27.513  14.663 0.0000000000
53052  35.256  -27.677  14.724 0.0000000000
122612  33.357  -26.615  16.547 0.0000000000
39378  19.814  -42.951  21.052 0.0000000000
58537  37.637  -21.867  17.146 0.0000000000
57580  37.381  -22.254  16.184 0.0000000000
28932  13.201  -53.797  26.003 0.0000000000
23404  10.998  -59.463  28.521 0.0000000000
23403  11.939  -60.150  28.018 0.0000000000
22478  11.439  -60.095  28.576 0.0000000000
22467  11.353  -60.409  29.312 0.0000000000
23386  11.035  -59.868  29.053 0.0000000000
126008  9.254  -54.247  31.251 0.0000000000
117922  10.139  -56.265  33.874 0.0000000000
27066  10.608  -55.698  37.361 0.0000000000
27065  11.092  -55.875  36.909 0.0000000000
26149  10.821  -55.916  37.489 0.0000000000
27061  10.288  -55.734  37.894 0.0000000000
40222  20.282  -41.289  25.559 0.0000000000
41098  20.493  -40.591  24.484 0.0000000000
40241  19.401  -41.399  24.461 0.0000000000
38371  16.701  -43.779  23.829 0.0000000000
38370  17.225  -43.494  23.478 0.0000000000
129538  17.539  -44.902  23.625 0.0000000000
36407  14.416  -45.162  25.423 0.0000000000
53048  39.262  -27.056  14.687 0.0000000000
49633  27.243  -31.169  19.669 0.0000000000
50472  27.708  -30.586  19.285 0.0000000000
50482  27.604  -30.536  18.429 0.0000000000
119311  27.116  -30.983  18.030 0.0000000000
46929  24.670  -34.862  18.017 0.0000000000
46928  24.884  -34.090  18.581 0.0000000000
46004  25.016  -34.985  16.996 0.0000000000
46955  27.540  -34.370  16.536 0.0000000000
46954  28.427  -34.175  16.535 0.0000000000
46953  29.269  -34.183  16.541 0.0000000000
62911  48.673  -17.123  10.882 0.0000000000
60290  45.158  -19.442  11.095 0.0000000000
34584  13.471  -47.824  28.250 0.0000000000
33583  13.021  -48.434  28.801 0.0000000000
57617  41.108  -22.424  14.067 0.0000000000
124056  40.343  -23.766  14.442 0.0000000000
55667  41.053  -23.863  14.695 0.0000000000
44098  22.306  -37.452  22.008 0.0000000000
44110  21.745  -37.748  21.404 0.0000000000
43117  21.379  -38.435  20.276 0.0000000000
43132  21.886  -38.791  19.707 0.0000000000
60267  38.993  -19.160  15.505 0.0000000000
60275  39.156  -19.518  14.540 0.0000000000
60279  40.391  -19.203  13.458 0.0000000000
59415  40.154  -20.551  13.225 0.0000000000
24204  11.975  -58.754  36.773 0.0000000000
56538  37.128  -23.289  17.479 0.0000000000
55649  35.609  -24.743  17.251 0.0000000000
55661  35.677  -24.664  16.338 0.0000000000
54792  34.528  -25.629  16.220 0.0000000000
52157  32.182  -28.332  15.977 0.0000000000
50517  31.606  -30.561  15.146 0.0000000000
110283  32.638  -30.659  15.122 0.0000000000
112278  32.930  -31.588  15.212 0.0000000000
47903  31.848  -33.073  15.418 0.0000000000
47890  31.296  -33.712  15.925 0.0000000000
28933  11.162  -53.261  26.372 0.0000000000
28063  12.040  -54.021  25.818 0.0000000000
26260  10.902  -55.857  26.567 0.0000000000
26259  11.553  -56.172  26.231 0.0000000000
25270  12.471  -57.285  26.417 0.0000000000
111409  10.470  -56.997  27.586 0.0000000000
25256  10.467  -58.024  28.104 0.0000000000
27971  9.805  -55.386  34.315 0.0000000000
27961  10.202  -55.662  34.917 0.0000000000
27945  10.314  -55.574  37.113 0.0000000000
39300  19.445  -41.900  26.711 0.0000000000
40210  19.990  -41.603  26.066 0.0000000000
40211  19.134  -41.834  25.855 0.0000000000
39316  17.397  -42.500  25.361 0.0000000000
34652  14.784  -48.063  23.805 0.0000000000
34637  15.108  -47.443  24.023 0.0000000000
49624  27.511  -31.412  20.530 0.0000000000
44180  25.677  -36.897  16.735 0.0000000000
45096  25.409  -36.278  16.667 0.0000000000
44179  26.507  -36.879  16.823 0.0000000000
44169  27.615  -37.458  17.592 0.0000000000
117996  27.402  -36.831  17.163 0.0000000000
23313  6.600  -59.445  37.460 0.0000000000
52136  31.981  -28.199  17.862 0.0000000000
51273  30.866  -28.875  17.857 0.0000000000
120450  14.997  -51.102  24.130 0.0000000000
30815  14.335  -51.246  24.759 0.0000000000
30795  13.583  -51.422  25.439 0.0000000000
29888  13.338  -52.333  25.585 0.0000000000
32634  12.712  -49.614  26.844 0.0000000000
31622  11.745  -50.771  26.751 0.0000000000
29890  11.630  -52.525  26.153 0.0000000000
29867  10.715  -52.219  27.160 0.0000000000
29853  10.438  -52.605  27.637 0.0000000000
38298  16.577  -43.336  27.883 0.0000000000
121979  16.351  -43.612  28.625 0.0000000000
35540  13.700  -46.777  25.518 0.0000000000
34639  13.937  -47.259  24.780 0.0000000000
123275  13.716  -48.122  24.665 0.0000000000
32660  13.773  -49.772  24.669 0.0000000000
31664  15.270  -50.130  23.724 0.0000000000
45957  26.111  -35.277  21.919 0.0000000000
45975  24.540  -35.516  20.400 0.0000000000
45974  25.104  -35.155  20.890 0.0000000000
45987  24.334  -35.454  19.537 0.0000000000
45077  22.950  -36.948  19.601 0.0000000000
44162  23.506  -37.546  18.275 0.0000000000
45083  23.654  -36.810  18.455 0.0000000000
45082  24.135  -36.331  18.068 0.0000000000
44173  24.023  -37.097  17.804 0.0000000000
44172  24.533  -37.371  17.286 0.0000000000
43148  25.648  -39.048  17.911 0.0000000000
62014  41.428  -17.346  15.639 0.0000000000
62036  44.899  -17.022  13.147 0.0000000000
111317  43.618  -18.208  12.092 0.0000000000
61173  44.092  -18.612  11.678 0.0000000000
126934  42.837  -20.674  12.270 0.0000000000
59420  43.574  -20.528  11.986 0.0000000000
118421  38.324  -22.846  14.397 0.0000000000
56598  37.256  -23.903  14.821 0.0000000000
55677  37.644  -24.394  14.492 0.0000000000
122974  37.383  -24.968  14.357 0.0000000000
55668  36.576  -24.257  15.137 0.0000000000
53939  36.806  -26.155  14.394 0.0000000000
52167  36.423  -28.246  14.855 0.0000000000
52154  37.227  -28.190  15.065 0.0000000000
54785  35.052  -25.275  17.679 0.0000000000
54787  33.891  -26.069  16.393 0.0000000000
53041  34.215  -27.233  15.221 0.0000000000
52156  33.354  -28.358  15.153 0.0000000000
52169  34.038  -28.587  14.820 0.0000000000
52168  34.761  -28.339  14.714 0.0000000000
40294  20.134  -40.925  21.154 0.0000000000
38409  20.767  -43.232  20.651 0.0000000000
60253  38.390  -19.575  15.989 0.0000000000
58563  37.729  -21.666  14.830 0.0000000000
29886  15.354  -52.798  25.204 0.0000000000
28951  15.464  -53.391  25.858 0.0000000000
23422  13.236  -59.444  27.334 0.0000000000
121201  8.697  -52.817  30.720 0.0000000000
29817  8.489  -51.989  30.476 0.0000000000
28900  9.415  -53.780  29.751 0.0000000000
28014  9.616  -54.496  29.602 0.0000000000
124472  9.565  -55.494  30.647 0.0000000000
26225  9.606  -55.860  29.826 0.0000000000
25232  9.625  -56.819  29.987 0.0000000000
125664  9.792  -57.328  29.284 0.0000000000
26194  9.687  -55.923  32.316 0.0000000000
26204  9.654  -56.252  31.539 0.0000000000
24270  10.078  -58.336  30.831 0.0000000000
23371  10.510  -59.083  30.189 0.0000000000
23358  10.488  -59.172  31.128 0.0000000000
24217  11.524  -58.025  35.497 0.0000000000
26174  10.816  -56.369  35.319 0.0000000000
25165  11.391  -56.891  36.023 0.0000000000
126694  11.587  -57.493  36.098 0.0000000000
25159  11.013  -57.500  37.523 0.0000000000
24199  9.985  -57.481  38.043 0.0000000000
26134  8.495  -56.259  38.733 0.0000000000
26135  7.643  -56.387  39.206 0.0000000000
25151  7.926  -57.391  38.831 0.0000000000
24201  7.565  -58.143  38.468 0.0000000000
24202  6.820  -58.692  38.948 0.0000000000
43074  21.648  -38.545  23.211 0.0000000000
42073  20.875  -39.970  24.088 0.0000000000
41125  20.230  -40.377  22.671 0.0000000000
40275  19.313  -41.607  22.617 0.0000000000
39364  18.922  -42.189  22.121 0.0000000000
40242  18.602  -41.707  24.023 0.0000000000
39349  17.901  -42.634  23.120 0.0000000000
37398  18.706  -44.146  22.586 0.0000000000
37383  18.365  -44.604  23.002 0.0000000000
38354  16.255  -43.671  24.384 0.0000000000
34636  15.839  -46.861  24.280 0.0000000000
120645  17.071  -45.828  24.173 0.0000000000
51265  30.032  -29.230  19.141 0.0000000000
50492  28.312  -30.347  17.211 0.0000000000
51290  28.955  -29.780  17.629 0.0000000000
47832  26.529  -33.639  21.410 0.0000000000
47870  25.344  -33.386  18.265 0.0000000000
48734  25.669  -32.855  18.938 0.0000000000
122345  25.649  -34.840  16.592 0.0000000000
46956  26.181  -34.381  16.579 0.0000000000
47895  26.260  -33.567  16.805 0.0000000000
48767  26.910  -32.193  16.751 0.0000000000
49653  27.083  -31.403  17.277 0.0000000000
129184  27.939  -32.053  16.078 0.0000000000
48778  29.191  -31.831  15.519 0.0000000000
48777  29.828  -32.066  15.303 0.0000000000
124052  30.462  -33.655  15.871 0.0000000000
113587  20.638  -40.966  20.386 0.0000000000
41163  22.835  -40.958  19.669 0.0000000000
41162  23.758  -40.977  19.734 0.0000000000
61179  49.457  -18.147  9.299 0.0000000000
62044  45.703  -17.359  12.679 0.0000000000
62050  47.811  -18.235  11.921 0.0000000000
60295  47.864  -19.361  10.986 0.0000000000
61177  48.536  -18.823  10.737 0.0000000000
60294  48.625  -19.520  10.620 0.0000000000
57618  40.073  -22.701  13.884 0.0000000000
43097  21.316  -38.284  21.636 0.0000000000
42125  21.094  -39.192  20.170 0.0000000000
59412  38.434  -20.293  14.625 0.0000000000
122001  39.470  -20.519  13.583 0.0000000000
55632  36.212  -24.431  17.792 0.0000000000
51312  30.862  -29.457  15.964 0.0000000000
28051  10.724  -54.076  26.659 0.0000000000
119123  11.081  -54.647  26.226 0.0000000000
27178  10.642  -55.109  26.708 0.0000000000
26246  10.926  -56.586  26.742 0.0000000000
26247  10.536  -55.989  27.148 0.0000000000
26236  10.236  -55.975  28.003 0.0000000000
27954  8.903  -54.925  35.651 0.0000000000
39303  16.935  -42.763  26.041 0.0000000000
32659  15.879  -49.205  23.726 0.0000000000
123593  16.214  -50.014  24.084 0.0000000000
48714  26.828  -32.795  21.196 0.0000000000
43168  26.572  -38.213  17.538 0.0000000000
43167  27.314  -38.061  17.795 0.0000000000
52116  31.756  -28.650  19.172 0.0000000000
51274  30.213  -29.181  18.246 0.0000000000
127493  13.474  -50.144  25.483 0.0000000000
32616  11.563  -49.648  27.659 0.0000000000
31608  11.330  -50.402  27.331 0.0000000000
30747  11.202  -51.062  27.136 0.0000000000
37317  14.431  -44.631  28.007 0.0000000000
35501  13.689  -46.975  27.635 0.0000000000
112769  13.557  -48.941  24.915 0.0000000000
45958  25.522  -35.548  21.590 0.0000000000
43151  22.877  -37.972  18.701 0.0000000000
43149  24.202  -38.695  17.845 0.0000000000
42158  25.262  -39.506  18.226 0.0000000000
117851  42.391  -17.166  14.553 0.0000000000
62046  43.990  -17.515  12.625 0.0000000000
62047  43.172  -17.536  13.189 0.0000000000
61166  42.837  -18.545  12.322 0.0000000000
58576  41.461  -20.958  12.740 0.0000000000
58575  42.347  -21.118  12.638 0.0000000000
57605  37.481  -22.281  15.237 0.0000000000
53913  33.823  -26.196  17.851 0.0000000000
51311  32.827  -29.825  15.089 0.0000000000
51323  34.478  -29.520  14.773 0.0000000000
39392  19.848  -42.177  20.953 0.0000000000
57557  37.962  -22.016  18.032 0.0000000000
58551  37.880  -20.991  16.810 0.0000000000
59392  37.654  -20.822  15.936 0.0000000000
121753  14.046  -52.619  25.446 0.0000000000
28952  14.559  -53.228  25.661 0.0000000000
23424  11.776  -59.439  27.536 0.0000000000
23423  12.538  -59.867  27.557 0.0000000000
22490  12.742  -60.657  28.072 0.0000000000
22452  11.260  -60.448  30.239 0.0000000000
28003  9.430  -54.478  30.549 0.0000000000
27131  9.553  -55.073  30.898 0.0000000000
27111  9.775  -55.877  33.312 0.0000000000
24252  10.373  -58.574  31.586 0.0000000000
24238  10.530  -58.318  32.345 0.0000000000
24237  10.947  -58.940  32.839 0.0000000000
27072  10.985  -56.084  36.296 0.0000000000
26156  11.235  -56.302  36.426 0.0000000000
132883  10.129  -56.438  38.329 0.0000000000
119830  6.254  -58.404  39.731 0.0000000000
39350  17.418  -42.692  23.796 0.0000000000
117738  15.178  -43.860  25.920 0.0000000000
36424  15.421  -45.345  24.515 0.0000000000
34626  16.553  -47.416  24.580 0.0000000000
117510  38.757  -24.965  14.349 0.0000000000
118855  28.495  -30.297  19.749 0.0000000000
51276  28.781  -29.846  18.434 0.0000000000
50504  27.805  -30.986  16.842 0.0000000000
46913  25.001  -34.236  19.575 0.0000000000
127296  26.785  -34.616  16.500 0.0000000000
48766  27.503  -32.496  16.352 0.0000000000
39389  21.945  -42.225  20.262 0.0000000000
39388  23.054  -42.214  20.431 0.0000000000
62052  49.084  -17.174  10.026 0.0000000000
116132  45.800  -18.657  11.286 0.0000000000
58590  48.278  -20.783  10.665 0.0000000000
57616  41.991  -22.556  14.510 0.0000000000
45046  23.676  -36.490  21.256 0.0000000000
44108  23.030  -36.906  21.555 0.0000000000
44129  22.397  -37.365  20.173 0.0000000000
44130  21.802  -37.786  20.630 0.0000000000
43131  22.377  -38.439  19.284 0.0000000000
61156  40.382  -18.329  14.615 0.0000000000
61160  40.657  -18.505  13.742 0.0000000000
61167  41.893  -18.828  12.531 0.0000000000
58577  40.848  -20.596  12.848 0.0000000000
130872  41.210  -21.366  13.008 0.0000000000
23316  12.562  -59.319  36.038 0.0000000000
53032  32.464  -27.735  16.377 0.0000000000
48773  33.250  -32.396  15.415 0.0000000000
37409  20.136  -44.552  21.765 0.0000000000
124236  12.539  -53.714  25.867 0.0000000000
27176  12.390  -55.500  25.982 0.0000000000
27164  13.388  -55.929  26.500 0.0000000000
24315  11.676  -58.610  27.110 0.0000000000
24302  11.017  -58.921  27.797 0.0000000000
24303  10.534  -58.748  28.645 0.0000000000
116680  9.295  -54.641  33.061 0.0000000000
27101  9.606  -55.301  33.456 0.0000000000
27091  10.540  -56.005  35.103 0.0000000000
27953  9.696  -55.289  35.507 0.0000000000
112383  10.275  -55.656  35.418 0.0000000000
27082  10.693  -55.932  35.955 0.0000000000
33637  16.237  -48.289  24.084 0.0000000000
53049  38.376  -27.270  14.671 0.0000000000
49634  26.564  -31.623  19.168 0.0000000000
46013  24.927  -35.979  16.910 0.0000000000
46003  27.965  -35.918  17.128 0.0000000000
59427  45.527  -20.358  11.172 0.0000000000
53012  32.906  -27.262  17.857 0.0000000000
53022  32.371  -27.692  17.344 0.0000000000
51313  30.178  -29.837  15.809 0.0000000000
29902  15.262  -52.245  24.763 0.0000000000
29889  12.419  -52.455  25.825 0.0000000000
124274  10.352  -53.185  27.741 0.0000000000
38313  17.263  -42.890  27.424 0.0000000000
38299  15.710  -43.768  28.139 0.0000000000
36377  13.792  -46.076  27.015 0.0000000000
35539  14.078  -45.864  25.424 0.0000000000
34638  14.339  -47.666  24.205 0.0000000000
33652  14.648  -48.726  23.745 0.0000000000
47820  26.874  -34.114  21.937 0.0000000000
46870  26.313  -34.487  21.636 0.0000000000
46893  25.299  -34.475  20.529 0.0000000000
45076  23.462  -36.593  19.077 0.0000000000
45988  23.931  -36.033  19.244 0.0000000000
43170  24.701  -38.170  17.410 0.0000000000
60284  42.565  -19.251  12.107 0.0000000000
59429  43.683  -19.902  11.595 0.0000000000
51309  35.640  -29.527  15.070 0.0000000000
120757  20.891  -41.828  20.283 0.0000000000
29839  9.920  -52.266  28.707 0.0000000000
29816  8.928  -52.171  29.890 0.0000000000
28909  9.697  -53.078  29.031 0.0000000000
28013  9.912  -54.489  28.791 0.0000000000
118529  9.816  -55.877  28.824 0.0000000000
120584  10.069  -58.014  28.954 0.0000000000
24287  10.306  -58.586  29.505 0.0000000000
118310  9.171  -54.346  32.104 0.0000000000
27122  9.580  -55.531  31.425 0.0000000000
22439  11.240  -60.409  31.113 0.0000000000
23338  11.503  -59.678  33.343 0.0000000000
24216  11.996  -58.697  35.795 0.0000000000
26185  10.857  -56.814  34.836 0.0000000000
25183  11.157  -57.370  35.144 0.0000000000
24212  11.954  -58.431  36.139 0.0000000000
24205  11.520  -58.290  37.142 0.0000000000
25158  11.383  -57.143  37.059 0.0000000000
130962  11.075  -58.356  37.469 0.0000000000
24207  9.738  -58.175  37.354 0.0000000000
27062  9.767  -55.662  38.138 0.0000000000
26141  9.869  -56.069  38.398 0.0000000000
25149  9.707  -56.811  38.442 0.0000000000
25139  8.236  -56.701  38.914 0.0000000000
25150  8.777  -57.069  38.552 0.0000000000
24200  9.233  -57.555  38.032 0.0000000000
45943  26.524  -35.655  22.505 0.0000000000
42098  20.617  -39.652  22.299 0.0000000000
38342  15.690  -43.617  25.535 0.0000000000
38341  16.140  -43.307  25.070 0.0000000000
123576  39.780  -23.954  14.410 0.0000000000
54803  40.231  -25.022  14.619 0.0000000000
123484  30.785  -29.258  19.743 0.0000000000
121107  29.693  -29.453  17.723 0.0000000000
51289  29.573  -29.562  16.998 0.0000000000
51300  29.590  -29.829  16.277 0.0000000000
51314  29.669  -30.175  15.800 0.0000000000
50520  29.464  -30.654  15.655 0.0000000000
127408  25.667  -33.069  19.723 0.0000000000
49643  26.551  -31.587  18.108 0.0000000000
47879  25.771  -33.285  17.396 0.0000000000
48745  26.148  -32.418  17.723 0.0000000000
49665  28.160  -31.400  16.197 0.0000000000
50521  28.906  -31.135  15.810 0.0000000000
42126  20.767  -39.554  20.627 0.0000000000
41188  21.728  -39.467  19.756 0.0000000000
112817  22.031  -40.848  19.748 0.0000000000
40309  24.288  -41.481  20.347 0.0000000000
41185  24.138  -40.319  19.199 0.0000000000
42143  24.787  -39.921  18.713 0.0000000000
42142  25.640  -40.004  18.797 0.0000000000
62042  47.451  -17.839  12.499 0.0000000000
110651  47.044  -19.492  11.180 0.0000000000
61176  49.136  -18.566  10.158 0.0000000000
22489  13.869  -59.834  27.640 0.0000000000
125880  13.194  -60.154  27.604 0.0000000000
132389  13.214  -51.272  25.643 0.0000000000
