#!ascii label  , from subject sub-036 vox2ras=TkReg
992
126643  -0.339  -45.928  41.324 0.0000000000
27113  5.986  -55.381  32.535 0.0000000000
27920  -0.080  -54.691  42.202 0.0000000000
25188  -2.677  -57.805  34.362 0.0000000000
28994  -2.303  -53.027  23.170 0.0000000000
31479  -2.143  -50.099  41.952 0.0000000000
29752  -3.673  -52.108  38.105 0.0000000000
35321  3.715  -45.498  42.625 0.0000000000
32475  0.749  -48.624  40.579 0.0000000000
29738  2.635  -53.300  40.362 0.0000000000
28893  -4.044  -53.595  29.830 0.0000000000
25247  -1.762  -57.531  28.468 0.0000000000
31627  -2.270  -51.154  27.433 0.0000000000
24193  2.333  -58.012  40.961 0.0000000000
26143  1.808  -56.012  38.974 0.0000000000
26146  -1.275  -56.337  38.875 0.0000000000
27978  -3.419  -54.948  34.227 0.0000000000
27977  1.900  -54.835  33.652 0.0000000000
28902  1.772  -53.763  29.424 0.0000000000
30817  1.864  -52.058  24.062 0.0000000000
119027  -2.884  -47.045  21.238 0.0000000000
34412  -2.749  -47.340  42.041 0.0000000000
33437  -2.766  -48.773  39.911 0.0000000000
37136  0.963  -44.747  43.988 0.0000000000
35350  1.608  -46.633  41.770 0.0000000000
35340  -0.889  -46.757  43.135 0.0000000000
32448  -0.684  -49.342  42.267 0.0000000000
29846  -3.958  -51.942  28.633 0.0000000000
126571  0.768  -56.554  41.169 0.0000000000
25136  -0.008  -56.933  40.711 0.0000000000
27056  -1.495  -55.831  40.713 0.0000000000
29761  -1.686  -52.664  36.448 0.0000000000
28834  -3.690  -53.746  35.813 0.0000000000
28805  2.181  -53.602  42.068 0.0000000000
27051  4.696  -55.877  41.065 0.0000000000
27044  3.040  -55.971  41.646 0.0000000000
25127  3.866  -57.741  41.552 0.0000000000
26160  -0.534  -57.129  36.680 0.0000000000
116299  1.897  -55.150  36.868 0.0000000000
132534  -0.550  -56.906  34.045 0.0000000000
27193  -2.541  -55.456  25.510 0.0000000000
27155  0.317  -55.629  28.584 0.0000000000
28055  -0.029  -55.171  25.887 0.0000000000
29870  1.768  -53.021  25.931 0.0000000000
28979  -0.274  -53.089  23.287 0.0000000000
29737  -0.955  -52.809  42.077 0.0000000000
28815  -0.770  -53.729  40.335 0.0000000000
30639  -2.674  -50.707  39.579 0.0000000000
31521  -1.704  -51.078  38.184 0.0000000000
34409  5.738  -46.809  41.711 0.0000000000
35378  6.418  -46.541  38.574 0.0000000000
110766  4.218  -46.172  40.404 0.0000000000
33434  1.998  -48.371  39.025 0.0000000000
31491  1.817  -50.989  41.066 0.0000000000
30626  0.679  -51.652  42.299 0.0000000000
25216  -3.986  -57.520  31.952 0.0000000000
24241  -2.574  -58.661  31.917 0.0000000000
26229  -4.060  -56.578  29.429 0.0000000000
27182  -3.193  -55.433  27.161 0.0000000000
30802  -2.460  -52.019  25.458 0.0000000000
37171  1.801  -44.843  41.009 0.0000000000
32496  10.282  -48.687  39.311 0.0000000000
33400  10.047  -47.960  41.698 0.0000000000
35307  6.444  -45.981  43.694 0.0000000000
39093  3.136  -42.893  43.438 0.0000000000
116175  2.173  -59.966  39.682 0.0000000000
131631  2.664  -58.290  38.968 0.0000000000
25143  1.328  -56.965  40.089 0.0000000000
26145  -0.210  -57.063  38.654 0.0000000000
25170  -1.495  -56.863  36.404 0.0000000000
27939  -2.071  -54.083  38.181 0.0000000000
27078  -3.137  -54.872  36.297 0.0000000000
26180  -3.732  -56.594  34.229 0.0000000000
27988  -3.520  -55.520  32.420 0.0000000000
25160  3.725  -57.158  37.767 0.0000000000
26157  4.133  -55.861  36.254 0.0000000000
27104  4.209  -54.911  34.043 0.0000000000
26216  0.168  -56.225  31.210 0.0000000000
27996  1.669  -54.681  31.594 0.0000000000
28877  3.653  -53.439  31.614 0.0000000000
29830  3.612  -52.129  29.376 0.0000000000
30773  3.409  -51.345  26.536 0.0000000000
33613  -1.388  -48.536  26.551 0.0000000000
32665  -3.032  -49.209  23.742 0.0000000000
36428  -2.919  -45.915  23.575 0.0000000000
32728  -2.682  -49.833  22.165 0.0000000000
32706  0.028  -49.966  22.258 0.0000000000
35352  -1.881  -46.561  41.946 0.0000000000
34424  -1.780  -47.408  40.665 0.0000000000
124880  -0.364  -47.017  39.976 0.0000000000
37165  -0.022  -45.338  42.744 0.0000000000
36212  0.301  -45.543  43.584 0.0000000000
36214  -1.125  -45.924  43.273 0.0000000000
34400  -1.827  -47.418  42.675 0.0000000000
25203  6.330  -56.569  31.903 0.0000000000
27993  5.706  -54.426  31.432 0.0000000000
26123  0.093  -56.119  41.618 0.0000000000
26128  -0.555  -56.416  41.244 0.0000000000
27048  -0.820  -55.222  41.791 0.0000000000
34442  8.011  -46.770  37.916 0.0000000000
115071  1.020  -54.608  42.359 0.0000000000
131484  2.652  -54.697  42.081 0.0000000000
27045  1.568  -55.317  42.209 0.0000000000
114466  2.157  -56.034  41.788 0.0000000000
25175  -1.365  -57.454  35.166 0.0000000000
26166  -0.600  -56.921  35.691 0.0000000000
25186  -1.166  -57.526  34.078 0.0000000000
28085  -2.445  -54.241  24.494 0.0000000000
27191  -0.873  -55.623  25.520 0.0000000000
28073  -0.794  -54.573  24.387 0.0000000000
114564  0.092  -54.052  24.537 0.0000000000
28992  -1.016  -53.002  22.912 0.0000000000
30628  -1.478  -51.663  42.098 0.0000000000
30637  -1.412  -51.635  40.987 0.0000000000
112040  -1.929  -50.881  41.210 0.0000000000
32499  -2.786  -49.871  38.886 0.0000000000
31531  -0.863  -51.602  37.620 0.0000000000
35335  4.483  -45.983  42.196 0.0000000000
111060  5.260  -46.161  40.916 0.0000000000
35336  3.446  -45.849  41.734 0.0000000000
34410  1.344  -47.234  40.920 0.0000000000
34422  2.041  -47.358  40.281 0.0000000000
33435  1.677  -48.104  39.686 0.0000000000
32459  1.111  -49.531  40.373 0.0000000000
128628  -1.350  -49.440  42.376 0.0000000000
31476  0.695  -50.919  42.124 0.0000000000
119266  -0.869  -51.208  42.239 0.0000000000
30627  -0.190  -51.859  42.369 0.0000000000
27127  -4.183  -55.963  31.300 0.0000000000
25225  -4.084  -58.377  31.162 0.0000000000
120793  -4.265  -55.280  29.645 0.0000000000
29858  -3.444  -52.204  28.237 0.0000000000
28923  -3.559  -53.792  28.099 0.0000000000
29873  -2.871  -52.486  27.682 0.0000000000
28939  -2.673  -53.685  26.325 0.0000000000
30775  -2.186  -51.901  26.252 0.0000000000
34387  6.935  -47.051  43.261 0.0000000000
23297  2.581  -59.809  40.235 0.0000000000
122928  2.066  -58.869  39.997 0.0000000000
24195  2.235  -58.128  40.418 0.0000000000
26138  -1.103  -56.616  39.628 0.0000000000
25145  -0.490  -57.003  39.492 0.0000000000
25155  -1.023  -56.793  38.814 0.0000000000
25163  -1.173  -57.010  37.236 0.0000000000
25164  -1.398  -56.689  37.308 0.0000000000
29747  -2.152  -52.423  39.283 0.0000000000
28816  -1.468  -53.932  39.523 0.0000000000
28824  -3.439  -52.768  37.736 0.0000000000
28838  -3.988  -54.085  35.155 0.0000000000
27950  -3.705  -54.083  36.170 0.0000000000
27958  -4.068  -54.497  35.041 0.0000000000
27087  -3.797  -55.465  35.164 0.0000000000
128311  -3.615  -55.786  34.073 0.0000000000
27107  -3.725  -56.192  33.535 0.0000000000
127886  -3.386  -55.511  33.473 0.0000000000
34443  4.912  -47.243  37.927 0.0000000000
34469  5.893  -46.907  36.200 0.0000000000
29741  3.592  -53.369  39.589 0.0000000000
28817  4.773  -54.550  38.887 0.0000000000
28814  4.147  -53.787  39.771 0.0000000000
26126  5.000  -56.516  41.022 0.0000000000
27049  5.678  -55.946  40.392 0.0000000000
24190  3.402  -58.224  41.349 0.0000000000
22375  3.061  -59.630  40.284 0.0000000000
26142  2.373  -56.585  39.171 0.0000000000
25161  3.308  -57.503  38.393 0.0000000000
126756  2.532  -56.068  38.722 0.0000000000
27957  1.799  -54.792  35.276 0.0000000000
27084  3.348  -55.283  36.013 0.0000000000
27956  2.730  -54.745  35.347 0.0000000000
27093  3.910  -54.987  34.749 0.0000000000
114776  2.769  -54.677  33.927 0.0000000000
24272  -2.433  -58.321  29.956 0.0000000000
25214  -0.938  -57.405  31.209 0.0000000000
25234  -0.918  -57.148  29.992 0.0000000000
28027  0.783  -54.943  28.282 0.0000000000
28006  0.834  -55.204  30.041 0.0000000000
28892  1.937  -53.989  30.312 0.0000000000
28878  2.834  -53.740  31.490 0.0000000000
28891  2.610  -53.505  30.763 0.0000000000
29820  3.255  -52.852  30.398 0.0000000000
28911  2.235  -53.058  29.008 0.0000000000
29904  2.186  -52.446  24.673 0.0000000000
29869  2.358  -52.487  26.487 0.0000000000
30801  2.650  -51.874  25.151 0.0000000000
111785  -0.867  -47.143  26.229 0.0000000000
33628  -1.877  -48.755  25.245 0.0000000000
34640  -1.889  -47.371  24.704 0.0000000000
37414  -3.199  -44.880  21.958 0.0000000000
35584  -3.659  -46.501  22.166 0.0000000000
34654  -3.474  -47.637  22.823 0.0000000000
33691  -2.751  -48.600  21.641 0.0000000000
119130  -2.079  -49.881  21.795 0.0000000000
33689  -1.600  -48.495  21.465 0.0000000000
32451  -2.877  -48.715  42.087 0.0000000000
32462  -2.979  -48.983  41.423 0.0000000000
34426  -2.876  -48.311  40.735 0.0000000000
36210  2.131  -44.934  43.799 0.0000000000
114116  2.852  -45.603  42.370 0.0000000000
35323  1.258  -45.867  43.262 0.0000000000
35338  0.900  -46.502  42.615 0.0000000000
124342  0.109  -47.735  41.740 0.0000000000
32460  0.603  -49.379  41.138 0.0000000000
33405  -0.596  -48.307  42.124 0.0000000000
33407  -1.968  -48.171  42.392 0.0000000000
29821  -3.807  -52.658  29.744 0.0000000000
28903  -4.216  -53.590  29.256 0.0000000000
30715  -3.908  -51.357  28.858 0.0000000000
31597  -3.540  -50.684  28.727 0.0000000000
33588  -2.649  -49.585  28.447 0.0000000000
25130  1.658  -57.206  41.095 0.0000000000
117593  1.715  -57.378  40.836 0.0000000000
25131  -0.058  -56.812  41.053 0.0000000000
26132  -1.155  -56.485  40.390 0.0000000000
26139  -1.456  -56.114  39.935 0.0000000000
30655  -3.064  -51.876  36.669 0.0000000000
29763  -3.812  -52.333  36.806 0.0000000000
30662  -3.173  -52.457  36.323 0.0000000000
29781  -3.018  -53.850  35.112 0.0000000000
28847  -3.060  -54.541  34.296 0.0000000000
28857  -3.071  -54.945  33.201 0.0000000000
28804  2.145  -53.770  40.834 0.0000000000
27924  3.723  -54.502  40.655 0.0000000000
27925  2.937  -54.553  40.942 0.0000000000
27043  3.822  -56.009  41.541 0.0000000000
26120  4.343  -56.612  41.523 0.0000000000
131911  4.544  -57.863  41.171 0.0000000000
128124  3.678  -57.198  41.670 0.0000000000
126486  3.052  -57.517  41.515 0.0000000000
26153  0.467  -56.706  38.040 0.0000000000
27070  1.581  -55.600  37.609 0.0000000000
27077  0.893  -55.668  36.808 0.0000000000
27086  0.653  -55.556  35.902 0.0000000000
27095  0.730  -55.512  34.309 0.0000000000
26250  -1.853  -57.243  27.005 0.0000000000
26237  -0.801  -56.795  28.418 0.0000000000
26249  -1.175  -56.707  26.836 0.0000000000
27179  0.095  -55.360  26.803 0.0000000000
28026  1.240  -54.260  27.947 0.0000000000
28922  1.683  -53.697  27.688 0.0000000000
28053  0.977  -54.012  26.081 0.0000000000
28957  1.027  -53.444  24.635 0.0000000000
29916  1.207  -52.334  23.778 0.0000000000
37432  -2.264  -44.681  20.832 0.0000000000
35599  -1.308  -46.709  20.836 0.0000000000
36488  -0.597  -45.265  20.420 0.0000000000
28807  -0.330  -53.759  42.246 0.0000000000
27922  -0.920  -54.566  41.607 0.0000000000
29740  -0.722  -53.135  41.487 0.0000000000
29744  -1.531  -51.983  40.023 0.0000000000
30643  -3.173  -51.399  38.602 0.0000000000
32487  -3.027  -49.472  39.611 0.0000000000
32500  -2.874  -50.613  38.674 0.0000000000
31522  -2.943  -51.225  37.865 0.0000000000
122249  -1.817  -51.620  37.411 0.0000000000
34419  6.648  -46.882  40.156 0.0000000000
35377  7.583  -46.756  38.832 0.0000000000
35358  5.761  -46.576  40.051 0.0000000000
35360  2.774  -46.715  40.570 0.0000000000
34433  3.135  -47.103  39.282 0.0000000000
33445  2.992  -48.326  38.066 0.0000000000
30635  2.512  -51.954  39.656 0.0000000000
30630  2.274  -52.288  40.179 0.0000000000
31481  0.638  -50.178  41.743 0.0000000000
30632  1.647  -51.478  41.458 0.0000000000
30624  1.702  -52.100  41.570 0.0000000000
129364  1.628  -53.120  42.137 0.0000000000
131193  0.171  -53.187  42.403 0.0000000000
112079  -3.445  -57.869  33.569 0.0000000000
24231  -2.623  -58.567  32.829 0.0000000000
24256  -3.724  -58.761  31.409 0.0000000000
24274  -3.720  -58.738  30.680 0.0000000000
25248  -3.143  -57.907  28.644 0.0000000000
126176  -4.124  -55.213  29.066 0.0000000000
26252  -3.582  -56.180  28.015 0.0000000000
25260  -2.914  -56.934  27.678 0.0000000000
27194  -2.717  -55.381  25.894 0.0000000000
28970  -2.607  -54.547  25.200 0.0000000000
29906  -2.857  -52.559  23.996 0.0000000000
37172  1.038  -45.205  41.443 0.0000000000
113633  8.990  -48.118  39.224 0.0000000000
32456  12.346  -48.410  40.474 0.0000000000
33399  11.072  -47.818  41.571 0.0000000000
32471  11.256  -49.062  40.698 0.0000000000
112044  10.220  -48.860  40.860 0.0000000000
33423  8.863  -48.354  40.620 0.0000000000
33424  8.020  -48.049  40.820 0.0000000000
34397  6.214  -46.718  42.869 0.0000000000
35313  5.101  -45.695  42.881 0.0000000000
38064  4.438  -43.805  43.593 0.0000000000
37133  3.132  -44.108  44.260 0.0000000000
38081  2.334  -43.321  43.886 0.0000000000
37163  1.541  -44.677  41.959 0.0000000000
128023  2.448  -58.159  39.468 0.0000000000
26136  1.510  -56.562  39.559 0.0000000000
25144  0.167  -56.889  40.182 0.0000000000
26137  0.422  -56.780  39.579 0.0000000000
26144  0.859  -56.390  38.961 0.0000000000
26154  -0.379  -57.228  37.585 0.0000000000
25169  -1.254  -57.074  36.331 0.0000000000
110728  -1.744  -57.216  35.649 0.0000000000
27930  -1.483  -54.668  40.266 0.0000000000
27931  -1.758  -54.983  39.963 0.0000000000
129427  -1.909  -54.976  38.252 0.0000000000
27944  -3.499  -53.363  36.788 0.0000000000
27943  -2.931  -54.213  36.919 0.0000000000
26155  -1.713  -56.126  37.315 0.0000000000
26161  -1.907  -56.367  36.477 0.0000000000
26167  -2.363  -56.812  35.566 0.0000000000
125998  -3.495  -57.364  34.131 0.0000000000
26189  -3.996  -56.660  33.300 0.0000000000
27116  -3.972  -56.095  32.277 0.0000000000
27997  -3.819  -55.388  31.371 0.0000000000
28868  -3.179  -54.699  31.745 0.0000000000
28869  -3.602  -54.580  30.946 0.0000000000
28882  -3.723  -53.664  30.251 0.0000000000
27942  7.049  -55.075  37.894 0.0000000000
27927  5.620  -55.276  39.995 0.0000000000
27068  3.297  -55.768  37.433 0.0000000000
26158  3.831  -56.363  37.025 0.0000000000
27973  5.374  -54.831  33.059 0.0000000000
25195  -1.033  -57.653  33.057 0.0000000000
26197  0.112  -56.254  33.000 0.0000000000
27115  0.700  -55.644  32.559 0.0000000000
26227  0.076  -56.183  30.272 0.0000000000
27126  0.723  -55.649  31.707 0.0000000000
27987  1.926  -54.609  32.700 0.0000000000
27986  2.811  -54.230  32.734 0.0000000000
27985  3.826  -54.068  32.816 0.0000000000
27983  5.528  -54.632  32.217 0.0000000000
28875  5.421  -53.547  31.140 0.0000000000
29856  2.511  -52.463  27.521 0.0000000000
30732  3.049  -51.825  27.949 0.0000000000
115362  -2.415  -48.421  28.402 0.0000000000
34598  -2.033  -47.980  27.968 0.0000000000
32618  -1.711  -49.265  27.444 0.0000000000
31625  -1.852  -50.187  25.975 0.0000000000
31648  -2.677  -50.523  24.835 0.0000000000
120792  -3.384  -50.897  23.282 0.0000000000
34642  -3.254  -47.603  23.471 0.0000000000
32685  -3.328  -49.399  22.995 0.0000000000
30843  -2.675  -51.983  22.398 0.0000000000
30842  -1.298  -51.930  22.143 0.0000000000
30841  0.038  -51.445  22.676 0.0000000000
30840  0.658  -51.191  22.951 0.0000000000
32705  1.026  -49.747  22.465 0.0000000000
35351  -1.173  -46.268  41.579 0.0000000000
117300  -1.007  -46.765  40.747 0.0000000000
35361  -0.024  -46.425  40.587 0.0000000000
36229  0.243  -45.543  41.876 0.0000000000
36223  -0.717  -45.732  43.010 0.0000000000
36230  -0.631  -45.784  42.213 0.0000000000
36224  -1.418  -46.156  42.556 0.0000000000
26196  6.192  -56.593  32.764 0.0000000000
26195  6.272  -56.044  32.404 0.0000000000
27123  6.269  -55.682  31.806 0.0000000000
111322  5.993  -55.041  31.825 0.0000000000
27047  -0.244  -55.544  41.968 0.0000000000
26124  -0.619  -55.894  41.662 0.0000000000
34441  8.504  -47.407  38.620 0.0000000000
34453  8.870  -47.425  37.786 0.0000000000
27046  0.586  -55.470  42.163 0.0000000000
25176  -1.937  -57.641  35.082 0.0000000000
25187  -1.973  -58.035  34.393 0.0000000000
28982  -2.439  -53.485  23.926 0.0000000000
28074  -1.576  -54.808  24.440 0.0000000000
28981  -1.983  -53.810  23.714 0.0000000000
28980  -1.119  -53.611  23.358 0.0000000000
28993  -1.709  -53.104  22.943 0.0000000000
30629  -1.690  -50.906  42.106 0.0000000000
30634  -1.790  -51.443  41.902 0.0000000000
129220  -1.991  -50.762  41.841 0.0000000000
34411  0.640  -47.828  40.961 0.0000000000
34423  1.215  -47.943  40.313 0.0000000000
33425  1.180  -48.763  39.885 0.0000000000
31478  -1.673  -49.939  42.288 0.0000000000
120627  -0.764  -50.245  42.317 0.0000000000
131414  -1.226  -50.604  42.255 0.0000000000
28007  -4.081  -55.212  30.676 0.0000000000
120600  -4.257  -55.517  30.359 0.0000000000
28018  -4.171  -54.583  29.961 0.0000000000
30777  -2.688  -51.603  27.913 0.0000000000
30776  -2.391  -51.760  27.052 0.0000000000
118601  2.491  -58.854  40.505 0.0000000000
25156  -1.237  -56.799  38.056 0.0000000000
129423  -1.425  -56.507  38.004 0.0000000000
29748  -2.983  -52.127  38.708 0.0000000000
29751  -2.649  -52.856  38.621 0.0000000000
131960  -3.279  -52.453  38.312 0.0000000000
124571  -3.678  -54.238  34.870 0.0000000000
27966  -3.739  -54.694  34.800 0.0000000000
27096  -3.740  -55.149  34.649 0.0000000000
119653  -3.518  -55.523  34.060 0.0000000000
28809  3.416  -53.325  40.005 0.0000000000
26118  5.066  -56.902  40.963 0.0000000000
26125  5.558  -56.534  40.679 0.0000000000
23294  3.011  -58.673  40.857 0.0000000000
131294  2.776  -59.205  40.434 0.0000000000
27094  1.480  -55.006  34.451 0.0000000000
27965  2.280  -54.717  34.552 0.0000000000
27964  3.112  -54.624  34.698 0.0000000000
25236  -2.463  -58.068  29.065 0.0000000000
25223  -1.524  -57.843  30.523 0.0000000000
25235  -1.678  -57.750  29.469 0.0000000000
28016  1.243  -54.340  28.876 0.0000000000
115347  1.333  -54.515  29.778 0.0000000000
28901  2.442  -53.252  29.911 0.0000000000
116592  2.379  -51.630  24.429 0.0000000000
35522  -0.369  -46.249  26.315 0.0000000000
121805  -1.243  -47.011  25.145 0.0000000000
35541  -0.873  -46.384  25.222 0.0000000000
35601  -2.955  -46.173  21.297 0.0000000000
114222  -3.350  -45.851  21.801 0.0000000000
35602  -3.412  -46.813  21.672 0.0000000000
34687  -3.233  -47.745  21.552 0.0000000000
33690  -2.287  -48.800  21.574 0.0000000000
34686  -2.379  -47.940  21.336 0.0000000000
33417  -2.867  -47.954  42.195 0.0000000000
33418  -3.052  -48.405  41.744 0.0000000000
34413  -3.041  -47.928  41.589 0.0000000000
131661  -1.019  -47.398  40.218 0.0000000000
36202  1.723  -44.555  44.182 0.0000000000
129702  1.833  -45.453  43.407 0.0000000000
36211  1.163  -45.243  43.802 0.0000000000
35324  -0.385  -46.108  43.457 0.0000000000
109920  0.572  -46.002  43.321 0.0000000000
35339  -0.054  -46.612  42.965 0.0000000000
129120  0.241  -47.112  42.299 0.0000000000
34399  -0.509  -47.333  42.489 0.0000000000
34401  -2.151  -47.258  42.485 0.0000000000
33408  -2.247  -47.889  42.331 0.0000000000
112738  -2.428  -48.468  42.298 0.0000000000
30704  -3.917  -51.689  29.268 0.0000000000
32591  -3.550  -50.166  28.813 0.0000000000
32603  -3.133  -50.100  28.536 0.0000000000
31611  -3.177  -50.656  28.490 0.0000000000
114189  -1.139  -55.898  41.329 0.0000000000
26129  -1.090  -56.378  40.941 0.0000000000
127508  -1.644  -55.554  40.243 0.0000000000
30654  -2.252  -51.944  36.794 0.0000000000
29762  -2.593  -52.622  36.279 0.0000000000
29780  -2.146  -53.721  35.126 0.0000000000
124582  -2.492  -54.111  34.475 0.0000000000
28856  -2.333  -54.274  33.554 0.0000000000
111285  2.696  -54.220  41.782 0.0000000000
118677  2.458  -55.240  42.080 0.0000000000
27919  3.139  -55.113  41.661 0.0000000000
118316  3.758  -56.683  41.673 0.0000000000
119597  4.055  -57.120  41.643 0.0000000000
26127  2.004  -56.800  41.384 0.0000000000
25129  2.370  -57.570  41.288 0.0000000000
26159  0.244  -56.718  37.155 0.0000000000
26165  0.099  -56.342  36.229 0.0000000000
26179  -0.571  -56.911  34.689 0.0000000000
26178  0.198  -56.088  35.134 0.0000000000
26187  0.022  -56.302  33.992 0.0000000000
119418  -2.010  -56.934  26.433 0.0000000000
26263  -1.476  -56.312  25.992 0.0000000000
28039  0.682  -54.783  27.350 0.0000000000
28054  0.608  -54.638  26.392 0.0000000000
28038  1.230  -54.056  26.949 0.0000000000
28065  0.548  -54.265  25.408 0.0000000000
28968  0.431  -53.410  23.912 0.0000000000
28967  1.101  -53.017  23.984 0.0000000000
29917  0.538  -52.674  23.519 0.0000000000
37431  -1.482  -44.259  20.470 0.0000000000
36489  -1.465  -45.223  20.476 0.0000000000
114498  -0.978  -44.658  20.306 0.0000000000
28808  -0.744  -53.665  42.079 0.0000000000
30638  -2.074  -51.172  40.306 0.0000000000
30641  -2.469  -51.602  39.395 0.0000000000
33438  -3.033  -48.887  40.110 0.0000000000
32476  -3.033  -49.179  40.477 0.0000000000
33452  -2.890  -49.312  39.435 0.0000000000
32515  -2.595  -50.855  38.432 0.0000000000
31532  -2.665  -51.442  37.425 0.0000000000
34420  6.173  -46.612  40.966 0.0000000000
111841  4.876  -46.426  39.770 0.0000000000
35370  3.964  -46.538  39.498 0.0000000000
35337  2.490  -46.089  41.753 0.0000000000
35349  2.193  -46.733  41.059 0.0000000000
34434  2.347  -47.627  39.488 0.0000000000
34421  2.708  -47.059  39.938 0.0000000000
34445  2.639  -47.929  38.759 0.0000000000
33446  2.238  -48.724  38.261 0.0000000000
32497  2.054  -49.642  37.970 0.0000000000
115956  1.702  -50.487  40.235 0.0000000000
30636  2.036  -51.428  40.311 0.0000000000
30631  1.830  -51.858  40.819 0.0000000000
32447  0.085  -49.263  41.960 0.0000000000
30625  1.354  -51.522  42.050 0.0000000000
29734  1.773  -53.028  41.372 0.0000000000
29735  1.357  -52.364  42.208 0.0000000000
113430  -0.448  -52.828  42.279 0.0000000000
29736  0.419  -52.470  42.408 0.0000000000
25207  -3.806  -57.820  32.480 0.0000000000
24232  -3.269  -58.417  32.888 0.0000000000
24257  -3.811  -58.466  31.636 0.0000000000
121140  -3.999  -57.880  30.532 0.0000000000
128082  -3.896  -58.718  30.778 0.0000000000
25224  -3.567  -58.248  30.138 0.0000000000
24289  -3.365  -58.235  29.663 0.0000000000
25249  -3.516  -57.820  28.979 0.0000000000
115245  -4.353  -52.770  28.801 0.0000000000
28028  -4.145  -54.503  29.186 0.0000000000
28913  -4.059  -53.728  28.656 0.0000000000
28057  -3.397  -54.752  27.746 0.0000000000
27170  -3.563  -55.477  27.877 0.0000000000
26265  -3.363  -55.905  27.435 0.0000000000
26251  -3.158  -56.415  27.490 0.0000000000
26264  -3.059  -55.913  26.879 0.0000000000
127753  -2.782  -56.451  26.815 0.0000000000
27181  -2.875  -55.386  26.418 0.0000000000
29871  -2.419  -52.822  25.848 0.0000000000
28938  -2.620  -53.814  25.369 0.0000000000
122461  -2.575  -53.564  24.594 0.0000000000
29894  -2.619  -52.862  24.839 0.0000000000
36234  1.366  -45.523  40.593 0.0000000000
37180  1.957  -44.947  40.074 0.0000000000
32495  11.016  -48.912  39.158 0.0000000000
33443  10.473  -48.538  38.561 0.0000000000
122100  9.640  -48.506  39.419 0.0000000000
33392  10.133  -47.665  41.667 0.0000000000
34383  10.329  -47.191  41.643 0.0000000000
116632  10.779  -48.166  41.571 0.0000000000
120826  11.221  -48.639  41.193 0.0000000000
32444  10.515  -48.387  41.512 0.0000000000
32457  10.688  -48.915  41.117 0.0000000000
32458  10.073  -48.513  41.453 0.0000000000
110665  8.501  -48.194  41.241 0.0000000000
33415  7.907  -47.965  41.726 0.0000000000
34380  6.488  -46.375  43.502 0.0000000000
35319  5.706  -46.157  43.057 0.0000000000
36198  5.746  -45.578  43.283 0.0000000000
38079  4.692  -43.464  43.296 0.0000000000
38080  3.995  -42.939  43.835 0.0000000000
37128  3.849  -44.043  43.934 0.0000000000
39086  3.399  -42.967  44.133 0.0000000000
38066  2.796  -43.456  44.261 0.0000000000
37162  2.282  -44.304  41.463 0.0000000000
38110  1.955  -43.955  42.382 0.0000000000
22386  2.014  -60.225  38.868 0.0000000000
23301  2.007  -59.648  39.657 0.0000000000
119200  2.158  -57.872  40.151 0.0000000000
25142  2.180  -57.222  39.698 0.0000000000
25135  1.283  -57.040  40.578 0.0000000000
110222  -0.800  -56.996  38.876 0.0000000000
25162  -0.920  -57.204  37.031 0.0000000000
27926  -1.191  -54.698  40.851 0.0000000000
114021  -1.935  -53.631  38.730 0.0000000000
27935  -1.715  -54.536  38.965 0.0000000000
27060  -1.605  -55.573  39.273 0.0000000000
29772  -3.445  -52.948  36.307 0.0000000000
128399  -3.827  -52.643  37.046 0.0000000000
28829  -3.569  -53.086  36.464 0.0000000000
123547  -3.947  -54.564  35.715 0.0000000000
27071  -2.216  -55.149  37.297 0.0000000000
117782  -2.301  -55.655  36.613 0.0000000000
26162  -2.919  -55.781  35.804 0.0000000000
26169  -3.747  -55.692  34.479 0.0000000000
26168  -3.414  -56.268  34.993 0.0000000000
25178  -3.067  -57.142  34.732 0.0000000000
25189  -3.917  -57.016  33.702 0.0000000000
26181  -3.794  -56.288  33.783 0.0000000000
110878  -3.685  -56.042  33.144 0.0000000000
116233  -4.005  -56.452  32.925 0.0000000000
120282  7.225  -46.468  38.012 0.0000000000
35386  6.524  -46.519  37.486 0.0000000000
27934  5.248  -54.849  39.525 0.0000000000
27938  5.654  -54.949  38.814 0.0000000000
110163  4.429  -54.962  40.555 0.0000000000
27923  5.124  -55.472  40.510 0.0000000000
126621  2.298  -60.374  39.358 0.0000000000
122715  1.995  -60.724  38.882 0.0000000000
24210  3.450  -58.049  37.896 0.0000000000
27069  2.497  -55.474  37.579 0.0000000000
27074  3.565  -55.675  36.757 0.0000000000
25166  4.400  -56.651  36.197 0.0000000000
26164  4.692  -56.129  35.548 0.0000000000
27092  4.756  -55.575  34.699 0.0000000000
27103  5.034  -55.254  33.778 0.0000000000
27974  4.499  -54.535  33.367 0.0000000000
25196  -1.840  -58.242  33.499 0.0000000000
25206  -1.715  -58.259  32.542 0.0000000000
26207  -0.373  -56.856  31.658 0.0000000000
26198  -0.421  -56.891  32.556 0.0000000000
26206  0.219  -56.296  32.105 0.0000000000
27144  -0.143  -56.183  28.791 0.0000000000
26228  -0.425  -56.545  29.444 0.0000000000
27143  0.305  -55.801  29.492 0.0000000000
28005  1.376  -54.726  30.741 0.0000000000
27134  0.693  -55.526  30.800 0.0000000000
27133  1.174  -55.139  31.411 0.0000000000
27125  1.330  -55.075  32.151 0.0000000000
131572  1.804  -54.674  32.093 0.0000000000
115726  2.350  -54.351  31.964 0.0000000000
28864  3.244  -53.901  32.160 0.0000000000
28863  4.182  -53.779  32.138 0.0000000000
27984  4.773  -54.223  32.621 0.0000000000
27994  5.045  -53.977  31.850 0.0000000000
28876  4.553  -53.323  31.505 0.0000000000
118627  3.626  -52.411  29.875 0.0000000000
29829  4.308  -52.255  29.647 0.0000000000
29857  1.934  -53.254  26.982 0.0000000000
28921  2.174  -53.130  28.042 0.0000000000
30752  2.875  -51.809  27.025 0.0000000000
30751  3.585  -51.406  27.415 0.0000000000
122106  -1.777  -47.176  28.087 0.0000000000
34615  -1.532  -48.177  27.263 0.0000000000
33600  -1.659  -48.693  27.426 0.0000000000
32636  -1.740  -49.967  26.928 0.0000000000
32635  -1.530  -49.308  26.547 0.0000000000
32664  -2.437  -49.095  24.667 0.0000000000
114266  -2.264  -49.838  25.097 0.0000000000
31672  -2.758  -49.796  24.374 0.0000000000
120227  -3.065  -51.084  24.029 0.0000000000
31673  -3.134  -50.200  23.649 0.0000000000
36443  -3.176  -45.261  23.038 0.0000000000
36442  -2.769  -45.000  23.649 0.0000000000
35557  -2.496  -46.607  24.129 0.0000000000
35558  -3.141  -46.822  23.552 0.0000000000
121763  -3.032  -49.175  22.384 0.0000000000
33669  -3.325  -48.408  22.557 0.0000000000
32707  -3.137  -49.888  22.624 0.0000000000
31708  -3.136  -50.482  22.568 0.0000000000
31722  -2.673  -50.520  22.217 0.0000000000
29940  -2.005  -52.060  22.068 0.0000000000
31721  -2.214  -50.531  22.053 0.0000000000
32726  -1.142  -49.681  22.027 0.0000000000
120943  -0.809  -51.236  22.369 0.0000000000
31707  -0.120  -50.766  22.447 0.0000000000
31706  0.505  -50.647  22.598 0.0000000000
34684  -0.462  -47.226  21.114 0.0000000000
35353  -2.433  -46.928  41.826 0.0000000000
34425  -2.602  -47.534  41.309 0.0000000000
35362  -1.923  -46.822  41.332 0.0000000000
37157  0.545  -44.726  43.198 0.0000000000
37158  -0.056  -45.247  43.262 0.0000000000
36213  -0.555  -45.854  43.353 0.0000000000
35325  -1.046  -46.327  43.406 0.0000000000
34388  -1.407  -47.034  42.968 0.0000000000
35327  -1.575  -46.499  42.882 0.0000000000
35341  -2.100  -46.794  42.334 0.0000000000
27124  6.075  -55.090  31.145 0.0000000000
131100  -0.031  -56.523  41.262 0.0000000000
113112  1.425  -53.778  42.265 0.0000000000
114452  2.029  -54.467  42.242 0.0000000000
26122  1.146  -56.113  41.784 0.0000000000
25168  -1.117  -57.228  36.138 0.0000000000
27205  -2.551  -54.845  24.967 0.0000000000
27192  -1.828  -55.736  25.380 0.0000000000
27204  -2.090  -55.172  24.834 0.0000000000
27203  -1.281  -55.217  24.840 0.0000000000
117641  -0.356  -54.832  25.080 0.0000000000
28969  -0.448  -53.899  23.834 0.0000000000
110744  -0.974  -52.134  42.162 0.0000000000
30633  -1.413  -52.279  41.933 0.0000000000
31492  -2.480  -50.374  40.621 0.0000000000
33451  -2.461  -49.200  39.310 0.0000000000
32514  -1.282  -50.204  38.569 0.0000000000
31520  -0.485  -50.700  37.927 0.0000000000
35346  5.125  -46.551  41.896 0.0000000000
35347  4.319  -46.044  41.346 0.0000000000
35348  3.508  -46.271  40.892 0.0000000000
130613  1.209  -50.238  41.066 0.0000000000
31477  0.023  -50.160  42.205 0.0000000000
119891  0.007  -50.996  42.313 0.0000000000
117154  -4.111  -56.586  32.216 0.0000000000
26208  -4.149  -57.004  31.204 0.0000000000
26218  -4.108  -56.787  30.247 0.0000000000
118356  -4.334  -55.943  29.931 0.0000000000
29845  -4.076  -52.883  28.386 0.0000000000
116506  -3.508  -53.002  28.044 0.0000000000
28940  -2.972  -53.553  27.400 0.0000000000
129684  -2.918  -54.381  26.754 0.0000000000
29872  -2.538  -52.684  26.740 0.0000000000
32483  10.779  -49.079  39.902 0.0000000000
33393  9.115  -47.369  41.921 0.0000000000
33396  7.424  -47.522  42.921 0.0000000000
34379  7.075  -46.588  43.792 0.0000000000
36192  6.791  -45.721  43.969 0.0000000000
39103  3.185  -43.177  42.411 0.0000000000
23299  2.167  -59.269  40.109 0.0000000000
25137  -0.754  -56.956  40.155 0.0000000000
25146  -0.892  -56.893  39.421 0.0000000000
25154  -0.892  -57.152  38.027 0.0000000000
28819  -1.289  -52.905  39.727 0.0000000000
28820  -1.823  -53.121  39.132 0.0000000000
28823  -2.580  -53.406  38.178 0.0000000000
29782  -3.521  -53.780  35.571 0.0000000000
28833  -3.752  -53.710  36.100 0.0000000000
27951  -4.068  -54.160  35.521 0.0000000000
27079  -3.726  -55.104  35.633 0.0000000000
27080  -4.098  -54.872  35.115 0.0000000000
35387  5.715  -46.718  37.764 0.0000000000
113869  5.282  -47.093  37.216 0.0000000000
120308  4.081  -53.687  39.577 0.0000000000
28813  4.499  -54.196  39.586 0.0000000000
27050  5.159  -56.196  40.897 0.0000000000
24189  3.889  -58.356  41.265 0.0000000000
23293  3.586  -58.854  40.843 0.0000000000
25153  2.816  -57.508  39.032 0.0000000000
25152  3.145  -56.652  38.540 0.0000000000
27076  1.365  -55.089  36.024 0.0000000000
27949  2.316  -54.948  36.076 0.0000000000
129239  3.477  -54.971  35.277 0.0000000000
27083  4.136  -55.448  35.471 0.0000000000
126071  3.491  -54.709  34.146 0.0000000000
27975  3.418  -54.434  33.502 0.0000000000
24254  -2.487  -58.563  30.942 0.0000000000
25215  -1.621  -58.115  31.554 0.0000000000
127489  -0.927  -57.296  30.623 0.0000000000
26217  -0.466  -56.805  30.735 0.0000000000
28017  0.814  -55.072  29.186 0.0000000000
27995  2.122  -54.172  31.156 0.0000000000
28890  3.252  -53.268  31.086 0.0000000000
29807  3.942  -52.923  31.049 0.0000000000
29831  2.967  -52.505  29.438 0.0000000000
29893  1.833  -53.080  24.960 0.0000000000
29892  2.302  -52.532  25.466 0.0000000000
30774  2.815  -51.923  26.016 0.0000000000
35502  -0.738  -46.813  27.266 0.0000000000
34614  -1.250  -47.906  26.475 0.0000000000
33627  -1.476  -48.863  25.892 0.0000000000
33640  -1.554  -48.189  25.497 0.0000000000
33641  -2.269  -48.209  24.649 0.0000000000
36458  -3.383  -45.553  22.372 0.0000000000
35568  -3.404  -46.293  22.897 0.0000000000
125725  -3.475  -47.059  23.090 0.0000000000
122333  -3.639  -47.506  22.080 0.0000000000
33692  -3.217  -48.443  21.934 0.0000000000
122560  -2.659  -49.058  22.024 0.0000000000
123761  -2.395  -49.979  21.941 0.0000000000
32727  -2.365  -49.400  21.800 0.0000000000
116712  -1.885  -49.250  21.683 0.0000000000
123187  -1.092  -48.950  21.722 0.0000000000
32450  -2.343  -49.219  42.198 0.0000000000
32461  -2.622  -49.432  41.773 0.0000000000
33426  -3.025  -48.570  41.008 0.0000000000
33436  -2.005  -48.671  39.703 0.0000000000
35322  2.704  -45.192  43.118 0.0000000000
114314  1.941  -45.929  42.664 0.0000000000
34398  0.767  -47.179  41.655 0.0000000000
33416  0.270  -48.448  41.348 0.0000000000
112884  -1.388  -47.612  42.616 0.0000000000
33406  -1.459  -48.663  42.408 0.0000000000
32449  -1.947  -48.982  42.418 0.0000000000
29832  -4.220  -52.673  29.270 0.0000000000
29833  -4.251  -52.022  28.912 0.0000000000
31589  -3.817  -50.918  29.102 0.0000000000
30733  -3.610  -51.150  28.648 0.0000000000
30753  -3.285  -51.352  28.382 0.0000000000
31610  -2.564  -50.782  28.119 0.0000000000
32620  -2.336  -49.918  28.198 0.0000000000
121104  0.836  -56.906  40.907 0.0000000000
25132  -0.654  -56.736  40.781 0.0000000000
30647  -3.885  -51.761  37.084 0.0000000000
29756  -4.013  -52.152  37.394 0.0000000000
30656  -3.594  -52.031  36.629 0.0000000000
29770  -1.927  -53.185  35.822 0.0000000000
120102  -2.573  -53.315  35.725 0.0000000000
28810  3.178  -53.829  40.491 0.0000000000
127241  3.850  -55.362  41.127 0.0000000000
27042  4.454  -56.100  41.447 0.0000000000
26119  4.687  -56.743  41.251 0.0000000000
117697  4.372  -57.034  41.425 0.0000000000
26121  2.967  -56.723  41.612 0.0000000000
24192  2.815  -58.060  41.303 0.0000000000
26152  1.307  -55.973  38.318 0.0000000000
128320  0.894  -56.111  37.605 0.0000000000
27085  0.982  -55.201  35.185 0.0000000000
27105  1.217  -55.220  33.752 0.0000000000
25258  -2.192  -57.415  27.661 0.0000000000
26238  -1.432  -57.125  27.609 0.0000000000
121269  -0.743  -56.621  27.608 0.0000000000
27156  -0.201  -56.165  28.050 0.0000000000
27180  -0.598  -55.927  26.345 0.0000000000
27169  -0.360  -56.073  27.221 0.0000000000
27168  0.246  -55.512  27.713 0.0000000000
28912  1.703  -53.680  28.519 0.0000000000
28936  1.404  -53.567  26.282 0.0000000000
28937  1.243  -53.554  25.506 0.0000000000
29905  1.629  -52.802  24.331 0.0000000000
37433  -2.863  -45.231  21.403 0.0000000000
36490  -2.278  -45.635  20.892 0.0000000000
35600  -2.236  -46.452  20.966 0.0000000000
35618  -1.639  -46.013  20.662 0.0000000000
37430  -0.302  -44.597  20.443 0.0000000000
110699  6.070  -56.003  32.916 0.0000000000
27921  -0.666  -54.365  42.064 0.0000000000
28812  -0.494  -53.891  41.123 0.0000000000
28811  -0.509  -53.337  40.831 0.0000000000
29743  -0.795  -52.619  40.674 0.0000000000
31483  -2.730  -49.630  41.004 0.0000000000
31493  -2.785  -49.935  40.108 0.0000000000
132107  -3.041  -49.830  39.074 0.0000000000
31502  -3.086  -50.389  39.079 0.0000000000
31511  -3.124  -51.225  38.209 0.0000000000
31512  -3.508  -51.464  37.497 0.0000000000
31523  -3.400  -51.470  36.997 0.0000000000
34431  7.411  -47.159  39.742 0.0000000000
35367  6.863  -46.710  39.357 0.0000000000
131698  6.221  -46.646  39.458 0.0000000000
35368  5.534  -46.613  39.179 0.0000000000
35369  4.646  -46.788  38.854 0.0000000000
119073  4.119  -47.410  38.308 0.0000000000
35359  3.360  -46.600  40.093 0.0000000000
34444  3.381  -47.602  38.546 0.0000000000
34456  3.668  -47.970  37.990 0.0000000000
29742  2.876  -52.839  39.711 0.0000000000
113377  2.611  -52.903  40.118 0.0000000000
117354  1.280  -50.897  41.654 0.0000000000
29739  1.976  -52.812  40.657 0.0000000000
129129  0.933  -53.110  42.315 0.0000000000
28806  0.512  -53.844  42.349 0.0000000000
25197  -2.689  -58.292  33.644 0.0000000000
24242  -3.338  -58.667  32.082 0.0000000000
115627  -3.884  -59.008  30.982 0.0000000000
24255  -3.452  -58.875  31.311 0.0000000000
24273  -3.388  -58.683  30.437 0.0000000000
24305  -3.036  -58.409  29.555 0.0000000000
124374  -2.632  -57.793  28.396 0.0000000000
27145  -4.183  -55.814  29.270 0.0000000000
129888  -3.722  -54.236  28.336 0.0000000000
27157  -3.900  -55.645  28.580 0.0000000000
26239  -3.874  -56.428  28.717 0.0000000000
25261  -3.393  -57.008  28.275 0.0000000000
112698  -3.133  -57.459  28.298 0.0000000000
25259  -2.706  -57.334  27.878 0.0000000000
25274  -2.635  -56.940  27.162 0.0000000000
119970  -2.507  -56.712  26.534 0.0000000000
26273  -2.655  -56.057  26.123 0.0000000000
114323  -2.749  -54.599  25.944 0.0000000000
28066  -2.735  -55.048  25.811 0.0000000000
27206  -2.658  -54.970  25.420 0.0000000000
28075  -2.591  -54.577  25.045 0.0000000000
28086  -2.527  -53.961  24.584 0.0000000000
28983  -2.626  -53.111  23.993 0.0000000000
36235  0.521  -45.772  40.959 0.0000000000
36242  0.831  -46.024  40.116 0.0000000000
36241  1.650  -45.754  39.762 0.0000000000
32443  11.389  -48.236  41.327 0.0000000000
32472  10.860  -49.137  40.492 0.0000000000
114802  10.395  -48.952  40.372 0.0000000000
32446  9.358  -47.999  41.755 0.0000000000
32473  9.713  -48.675  40.489 0.0000000000
33431  9.289  -48.457  39.928 0.0000000000
33432  8.540  -48.124  40.018 0.0000000000
33433  7.886  -47.734  40.128 0.0000000000
34418  7.343  -47.443  40.546 0.0000000000
34396  6.739  -47.313  42.595 0.0000000000
113337  5.925  -46.951  42.227 0.0000000000
35334  5.378  -46.402  42.498 0.0000000000
35320  4.750  -45.787  42.743 0.0000000000
36208  3.831  -45.124  43.083 0.0000000000
37126  6.730  -45.017  43.815 0.0000000000
120264  5.799  -44.935  43.407 0.0000000000
36194  5.178  -45.059  43.261 0.0000000000
36199  4.495  -45.068  43.179 0.0000000000
36200  3.345  -44.634  43.690 0.0000000000
36209  2.877  -44.821  43.658 0.0000000000
36201  2.542  -44.509  44.141 0.0000000000
38067  1.880  -43.870  44.288 0.0000000000
38068  1.156  -44.141  44.142 0.0000000000
38094  2.517  -43.503  42.907 0.0000000000
38095  1.706  -43.815  43.311 0.0000000000
37156  1.132  -44.238  42.873 0.0000000000
37164  0.707  -44.916  42.372 0.0000000000
24197  2.184  -58.889  39.558 0.0000000000
124386  -1.502  -57.265  35.659 0.0000000000
27052  -1.383  -55.296  41.191 0.0000000000
27053  -1.694  -55.242  40.610 0.0000000000
114969  -1.647  -55.885  38.195 0.0000000000
28828  -2.763  -53.675  37.554 0.0000000000
132199  -2.306  -54.407  37.623 0.0000000000
25177  -2.305  -57.444  35.069 0.0000000000
25198  -3.907  -57.391  33.165 0.0000000000
26199  -4.148  -56.988  32.793 0.0000000000
121213  -3.929  -54.520  30.484 0.0000000000
132662  -3.521  -55.121  31.629 0.0000000000
35372  0.505  -46.744  39.755 0.0000000000
35385  7.335  -46.588  37.204 0.0000000000
35392  7.401  -46.640  36.425 0.0000000000
35393  6.579  -46.603  36.490 0.0000000000
27929  4.091  -53.998  40.248 0.0000000000
27928  4.863  -54.509  40.064 0.0000000000
27933  6.135  -55.351  39.332 0.0000000000
114551  2.912  -58.414  38.404 0.0000000000
27064  2.136  -55.679  38.330 0.0000000000
26151  2.949  -55.903  38.168 0.0000000000
26150  3.472  -56.323  37.859 0.0000000000
27075  2.871  -55.286  36.832 0.0000000000
25167  4.068  -57.361  36.772 0.0000000000
27102  5.679  -55.628  33.325 0.0000000000
26188  -0.503  -56.901  33.445 0.0000000000
25205  -0.952  -57.565  32.106 0.0000000000
27106  0.651  -55.640  33.424 0.0000000000
25246  -1.129  -57.153  29.126 0.0000000000
132343  -0.437  -56.644  30.102 0.0000000000
130886  0.494  -55.675  30.156 0.0000000000
27114  1.251  -55.109  33.030 0.0000000000
27976  2.497  -54.510  33.289 0.0000000000
29844  2.686  -52.428  28.493 0.0000000000
29843  3.316  -51.972  28.778 0.0000000000
30714  4.056  -51.798  29.001 0.0000000000
33587  -2.561  -48.796  28.513 0.0000000000
33602  -2.276  -49.105  28.340 0.0000000000
32619  -1.929  -49.548  27.883 0.0000000000
33601  -1.871  -48.724  27.915 0.0000000000
32637  -2.051  -50.432  27.584 0.0000000000
31626  -1.936  -50.970  26.628 0.0000000000
119650  -2.172  -51.167  25.820 0.0000000000
32650  -1.777  -49.375  25.605 0.0000000000
128557  -2.772  -51.324  24.952 0.0000000000
30818  -2.931  -51.914  24.372 0.0000000000
30831  -3.216  -51.666  23.454 0.0000000000
29918  -2.909  -52.376  23.389 0.0000000000
34641  -2.768  -47.485  24.092 0.0000000000
33642  -2.958  -48.333  23.967 0.0000000000
33657  -3.269  -48.411  23.244 0.0000000000
31694  -3.438  -50.359  22.958 0.0000000000
30844  -3.176  -51.839  22.857 0.0000000000
29931  -2.699  -52.453  22.878 0.0000000000
29930  -2.196  -52.576  22.478 0.0000000000
29929  -1.397  -52.473  22.406 0.0000000000
29928  -0.686  -52.523  22.804 0.0000000000
30856  -1.732  -51.308  22.146 0.0000000000
116525  -0.649  -52.020  22.461 0.0000000000
29927  -0.117  -52.211  23.028 0.0000000000
30830  0.565  -51.860  23.246 0.0000000000
30829  1.301  -51.390  23.510 0.0000000000
34685  -1.369  -47.633  21.194 0.0000000000
118204  -0.511  -48.235  21.495 0.0000000000
33668  0.494  -49.262  22.146 0.0000000000
30828  2.042  -51.204  23.893 0.0000000000
24233  -3.602  -58.082  32.905 0.0000000000
24243  -3.527  -58.442  32.183 0.0000000000
24275  -3.931  -58.935  31.054 0.0000000000
25126  4.272  -57.517  41.404 0.0000000000
25237  -3.803  -57.482  29.652 0.0000000000
25273  -2.383  -57.158  27.045 0.0000000000
26272  -2.295  -56.302  25.931 0.0000000000
26274  -2.804  -55.840  26.340 0.0000000000
27041  4.773  -56.352  41.289 0.0000000000
27135  -4.295  -56.145  30.624 0.0000000000
28040  -3.864  -54.770  28.510 0.0000000000
28056  -2.956  -54.950  26.716 0.0000000000
28083  -1.354  -54.304  23.933 0.0000000000
28084  -2.088  -54.580  24.382 0.0000000000
28995  -2.597  -52.841  23.457 0.0000000000
29771  -3.102  -53.120  35.920 0.0000000000
30644  -3.758  -51.696  37.771 0.0000000000
30857  -2.451  -51.294  22.199 0.0000000000
30858  -3.051  -51.211  22.494 0.0000000000
31482  -2.336  -50.171  41.479 0.0000000000
31719  -0.678  -50.423  22.308 0.0000000000
31720  -1.488  -50.496  22.139 0.0000000000
32442  11.881  -48.351  40.873 0.0000000000
32484  10.037  -48.751  39.920 0.0000000000
32621  -2.631  -50.116  28.325 0.0000000000
34389  -1.523  -46.739  42.993 0.0000000000
34628  -1.296  -47.570  25.529 0.0000000000
35311  6.681  -46.033  43.910 0.0000000000
35312  6.021  -46.187  43.329 0.0000000000
35314  -0.462  -45.961  43.437 0.0000000000
35315  -1.014  -46.000  43.543 0.0000000000
35326  -1.235  -46.257  43.287 0.0000000000
35379  5.454  -46.718  38.461 0.0000000000
35394  5.834  -46.724  36.903 0.0000000000
36193  6.287  -45.486  43.568 0.0000000000
36195  3.982  -44.524  43.576 0.0000000000
37127  4.726  -44.545  43.396 0.0000000000
37131  6.267  -44.884  43.437 0.0000000000
37132  5.553  -44.633  43.322 0.0000000000
37134  2.211  -44.103  44.422 0.0000000000
37135  1.540  -44.220  44.290 0.0000000000
37137  0.262  -45.489  43.490 0.0000000000
37147  0.714  -44.725  43.687 0.0000000000
38065  3.592  -43.456  44.153 0.0000000000
38082  1.521  -43.841  43.957 0.0000000000
38096  0.961  -44.057  43.665 0.0000000000
39092  3.590  -42.881  43.650 0.0000000000
111398  -3.161  -54.367  27.399 0.0000000000
116624  -0.587  -47.774  39.649 0.0000000000
121447  -3.773  -57.187  28.918 0.0000000000
121525  -3.434  -51.082  22.910 0.0000000000
125912  -3.634  -46.993  22.569 0.0000000000
127109  -2.059  -47.151  21.102 0.0000000000
129180  2.897  -46.319  41.177 0.0000000000
129736  2.974  -42.808  44.005 0.0000000000
130433  -0.650  -46.299  41.041 0.0000000000
132392  -3.017  -58.221  28.968 0.0000000000
