#!ascii label  , from subject sub-049 vox2ras=TkReg
1522
105067  -35.300  -87.331  -22.372 0.1000000015
7302  -35.805  -87.400  -23.428 0.1000000015
6712  -33.517  -88.701  -24.448 0.1000000015
7332  -35.159  -87.608  -24.707 0.1000000015
6731  -34.290  -88.043  -25.032 0.1000000015
7333  -36.385  -87.039  -25.220 0.1000000015
101978  -34.586  -87.598  -26.144 0.1000000015
7350  -36.315  -86.673  -25.955 0.1000000015
7969  -36.933  -86.140  -25.738 0.1000000015
7366  -35.727  -86.606  -26.822 0.1000000015
7383  -35.559  -86.752  -27.610 0.1000000015
8613  -36.625  -85.924  -26.050 0.1000000015
8633  -35.918  -85.999  -26.812 0.1000000015
8000  -35.586  -86.435  -27.965 0.1000000015
8611  -34.944  -85.578  -25.691 0.1000000015
8632  -35.626  -85.986  -27.809 0.1000000015
107207  -35.383  -85.694  -27.676 0.1000000015
105427  -35.653  -85.860  -27.139 0.1000000015
8522  -38.064  -85.479  -22.049 0.1000000015
7942  -36.487  -86.861  -22.917 0.1000000015
7937  -36.954  -86.178  -22.206 0.1000000015
7938  -38.080  -85.714  -23.131 0.1000000015
7943  -37.623  -86.175  -23.603 0.1000000015
7303  -36.973  -86.645  -24.068 0.1000000015
7944  -38.528  -85.311  -24.230 0.1000000015
7315  -37.205  -86.370  -24.908 0.1000000015
7949  -38.422  -85.231  -24.492 0.1000000015
110627  -37.335  -86.034  -25.271 0.1000000015
105311  -36.773  -85.728  -25.849 0.1000000015
117025  -34.133  -83.317  -19.377 0.1000000015
9143  -34.213  -84.343  -20.613 0.1000000015
9159  -34.554  -84.516  -21.428 0.1000000015
8557  -34.927  -85.290  -23.858 0.1000000015
108835  -34.974  -85.480  -24.811 0.1000000015
108697  -36.176  -85.520  -25.698 0.1000000015
8612  -36.059  -85.786  -26.426 0.1000000015
8506  -38.194  -84.816  -19.238 0.1000000015
9130  -40.032  -83.727  -19.935 0.2000000030
9129  -39.420  -84.268  -20.341 0.2000000030
8513  -37.684  -85.402  -20.720 0.1000000015
9781  -40.738  -83.161  -20.800 0.1000000015
9145  -39.807  -84.263  -21.834 0.1000000015
8514  -38.531  -84.844  -20.533 0.1000000015
9146  -40.541  -83.589  -21.327 0.1000000015
8523  -39.159  -84.633  -22.613 0.1000000015
12893  -39.759  -78.113  -22.058 0.1000000015
12878  -37.920  -78.239  -20.970 0.1000000015
9162  -39.683  -83.984  -22.836 0.1000000015
106762  -39.191  -84.391  -23.472 0.1000000015
12877  -36.887  -78.372  -20.257 0.1000000015
12868  -37.309  -78.214  -19.281 0.1000000015
12221  -36.128  -79.366  -18.341 0.1000000015
11581  -36.544  -80.007  -18.064 0.1000000015
10954  -35.813  -81.373  -18.380 0.1000000015
9182  -39.419  -84.056  -23.402 0.1000000015
8560  -38.773  -84.868  -24.361 0.1000000015
101967  -37.245  -85.775  -25.335 0.1000000015
12848  -35.718  -78.876  -18.712 0.1000000015
104170  -35.686  -80.024  -18.209 0.1000000015
10363  -35.504  -82.634  -19.104 0.1000000015
9798  -36.897  -83.254  -21.058 0.1000000015
9816  -36.243  -83.832  -21.441 0.1000000015
9222  -38.542  -84.960  -24.555 0.1000000015
8587  -37.153  -85.493  -25.380 0.1000000015
11580  -35.136  -80.797  -18.289 0.1000000015
10362  -34.681  -82.800  -19.126 0.1000000015
106133  -35.116  -83.215  -19.692 0.1000000015
9797  -35.705  -83.640  -20.488 0.1000000015
9179  -36.102  -84.459  -22.821 0.1000000015
8558  -36.117  -85.049  -24.127 0.1000000015
9777  -34.677  -83.883  -20.112 0.1000000015
9144  -35.156  -84.184  -20.928 0.1000000015
9160  -35.598  -84.342  -21.837 0.1000000015
8534  -35.484  -84.940  -23.238 0.1000000015
9204  -36.736  -84.554  -23.883 0.1000000015
9761  -40.527  -83.349  -19.401 0.1000000015
9120  -38.942  -84.384  -18.875 0.1000000015
9116  -38.794  -84.650  -17.582 0.2000000030
9782  -41.005  -82.778  -19.800 0.1000000015
13532  -39.717  -77.729  -23.061 0.1000000015
12894  -39.976  -77.939  -22.449 0.1000000015
9801  -40.760  -83.073  -21.613 0.1000000015
9163  -40.362  -83.330  -22.147 0.1000000015
9834  -39.663  -83.673  -22.862 0.1000000015
13502  -38.264  -78.136  -20.249 0.1000000015
12849  -36.711  -78.731  -18.594 0.1000000015
11567  -36.824  -79.325  -18.183 0.1000000015
10364  -36.651  -82.677  -19.370 0.1000000015
10365  -37.822  -82.607  -19.760 0.1000000015
9817  -37.566  -83.368  -22.174 0.1000000015
9833  -38.088  -83.547  -23.245 0.1000000015
9206  -38.872  -84.451  -24.272 0.1000000015
8559  -37.424  -84.908  -24.852 0.1000000015
10317  -42.385  -81.446  -16.858 0.1000000015
10311  -42.025  -81.888  -16.139 0.1000000015
10326  -42.352  -81.763  -17.693 0.1000000015
10316  -42.038  -82.138  -17.086 0.1000000015
9756  -41.568  -82.711  -17.346 0.1000000015
9755  -40.984  -83.177  -17.650 0.2000000030
9750  -40.104  -83.614  -16.948 0.2000000030
9117  -39.484  -84.143  -17.238 0.2000000030
9112  -39.388  -84.092  -16.476 0.2000000030
9783  -41.408  -82.346  -19.347 0.1000000015
10346  -41.951  -82.000  -18.754 0.1000000015
10969  -41.466  -81.924  -19.354 0.1000000015
106494  -40.742  -82.759  -20.690 0.1000000015
13533  -40.012  -77.722  -22.346 0.1000000015
13516  -40.191  -77.650  -21.322 0.1000000015
13503  -39.552  -77.803  -20.418 0.1000000015
13490  -39.584  -77.521  -19.540 0.1000000015
9802  -40.786  -82.889  -21.021 0.1000000015
10380  -40.748  -82.953  -21.454 0.1000000015
14149  -38.888  -77.270  -23.147 0.1000000015
12879  -39.156  -78.122  -21.140 0.1000000015
12850  -37.801  -78.286  -18.567 0.1000000015
12838  -38.064  -78.773  -17.903 0.1000000015
11568  -37.597  -79.794  -17.853 0.1000000015
10957  -38.971  -81.735  -18.662 0.1000000015
10366  -39.052  -82.429  -20.252 0.1000000015
9800  -40.078  -82.967  -22.413 0.1000000015
13543  -39.093  -77.824  -24.208 0.1000000015
11582  -37.082  -80.783  -18.079 0.1000000015
10956  -37.656  -81.595  -18.462 0.1000000015
9780  -38.705  -82.718  -20.942 0.1000000015
9818  -39.051  -83.277  -22.886 0.1000000015
118439  -38.678  -77.930  -25.054 0.1000000015
105060  -39.154  -78.436  -25.171 0.1000000015
13558  -38.196  -77.965  -25.864 0.1000000015
12206  -43.340  -79.145  -15.767 0.1000000015
10931  -42.643  -80.499  -16.526 0.1000000015
110494  -43.272  -78.479  -16.037 0.1000000015
11561  -42.496  -80.136  -16.835 0.1000000015
10911  -42.547  -80.528  -15.024 0.1000000015
9752  -41.421  -82.557  -16.398 0.1000000015
9751  -40.719  -83.183  -16.556 0.2000000030
12204  -42.659  -79.138  -16.389 0.1000000015
11573  -42.413  -80.777  -17.481 0.1000000015
10943  -42.410  -81.223  -17.629 0.1000000015
115853  -39.889  -83.566  -16.311 0.2000000030
12203  -41.859  -78.743  -16.568 0.1000000015
11572  -42.102  -80.646  -17.714 0.1000000015
108894  -35.983  -76.417  -23.922 0.1000000015
14159  -37.833  -77.125  -23.871 0.1000000015
116251  -37.813  -76.792  -23.080 0.1000000015
14140  -38.460  -76.645  -22.416 0.1000000015
14141  -39.664  -77.208  -22.411 0.1000000015
14122  -40.153  -77.238  -21.794 0.1000000015
104521  -40.511  -77.264  -21.274 0.1000000015
12841  -41.009  -78.300  -16.841 0.1000000015
12214  -40.848  -79.340  -16.846 0.1000000015
11583  -41.971  -81.167  -18.412 0.1000000015
13474  -39.547  -77.532  -18.515 0.1000000015
12851  -38.552  -78.097  -18.252 0.1000000015
10958  -40.283  -81.483  -18.881 0.1000000015
10367  -40.916  -82.068  -19.883 0.1000000015
14157  -35.829  -76.298  -24.690 0.1000000015
13473  -38.723  -77.835  -18.832 0.1000000015
12212  -38.512  -79.411  -17.632 0.1000000015
11569  -38.717  -80.271  -17.576 0.1000000015
10939  -39.343  -81.029  -17.958 0.1000000015
10345  -40.048  -81.934  -19.622 0.1000000015
100536  -40.038  -82.469  -20.714 0.1000000015
14158  -36.714  -76.784  -24.381 0.1000000015
13550  -37.671  -77.401  -25.004 0.1000000015
13557  -37.160  -77.292  -25.821 0.1000000015
13566  -37.580  -77.410  -26.431 0.1000000015
112285  -38.629  -78.079  -26.627 0.1000000015
11553  -43.049  -80.249  -15.485 0.1000000015
12833  -42.861  -78.059  -16.341 0.1000000015
13445  -42.906  -77.175  -15.927 0.1000000015
12827  -43.276  -78.458  -15.426 0.1000000015
10921  -41.847  -81.366  -15.408 0.1000000015
12832  -42.155  -77.827  -16.626 0.1000000015
13466  -41.870  -76.498  -16.816 0.1000000015
107829  -42.815  -79.985  -14.636 0.1000000015
110818  -41.297  -82.188  -15.675 0.1000000015
13465  -41.382  -76.611  -17.561 0.1000000015
13451  -41.821  -77.180  -16.939 0.1000000015
10310  -40.442  -82.402  -15.470 0.2000000030
14148  -36.855  -76.578  -23.480 0.1000000015
14121  -39.519  -76.617  -21.841 0.1000000015
12840  -40.133  -78.205  -17.316 0.1000000015
109585  -40.094  -79.797  -17.173 0.1000000015
10920  -40.964  -81.660  -15.091 0.1000000015
10919  -39.993  -81.795  -15.047 0.2000000030
14139  -37.088  -76.393  -22.637 0.1000000015
13504  -40.370  -77.245  -20.507 0.1000000015
13491  -40.423  -77.076  -19.422 0.1000000015
12839  -39.167  -78.502  -17.620 0.1000000015
11570  -39.747  -80.383  -17.494 0.1000000015
14168  -36.535  -76.770  -25.310 0.1000000015
14167  -35.816  -76.127  -25.562 0.1000000015
14174  -35.995  -75.750  -26.246 0.1000000015
14175  -36.606  -76.656  -26.130 0.1000000015
14819  -36.668  -76.092  -26.637 0.1000000015
14176  -37.347  -76.756  -26.883 0.1000000015
14707  -41.171  -75.538  -17.159 0.1000000015
14069  -41.656  -75.951  -16.729 0.1000000015
14690  -41.658  -75.978  -16.150 0.1000000015
14715  -40.956  -75.813  -18.067 0.1000000015
13452  -42.637  -77.144  -16.366 0.1000000015
14059  -42.234  -76.474  -15.784 0.1000000015
12192  -43.132  -79.454  -14.740 0.1000000015
14080  -41.296  -76.075  -17.685 0.1000000015
13440  -42.495  -77.273  -15.344 0.1000000015
11544  -42.047  -80.250  -14.590 0.1000000015
13492  -40.912  -76.512  -19.145 0.1000000015
12191  -42.352  -79.365  -14.552 0.1000000015
14147  -35.825  -76.212  -23.048 0.1000000015
14779  -36.256  -76.108  -22.033 0.1000000015
14764  -38.966  -76.110  -21.232 0.1000000015
14107  -40.478  -76.800  -20.605 0.1000000015
13505  -40.504  -76.726  -19.865 0.1000000015
14093  -40.371  -76.410  -19.909 0.1000000015
13476  -41.149  -76.420  -18.383 0.1000000015
104069  -41.469  -79.854  -14.464 0.1000000015
10910  -41.548  -80.935  -14.770 0.1000000015
14789  -35.026  -76.007  -24.045 0.1000000015
14106  -40.166  -76.551  -21.161 0.1000000015
13464  -40.083  -77.599  -17.805 0.1000000015
14798  -34.472  -75.138  -24.683 0.1000000015
14799  -35.160  -75.678  -25.022 0.1000000015
14809  -35.368  -75.312  -25.760 0.1000000015
118108  -36.367  -74.185  -26.443 0.1000000015
15478  -36.629  -75.067  -26.759 0.1000000015
105899  -37.170  -74.005  -26.759 0.1000000015
14706  -40.546  -75.302  -17.327 0.1000000015
15375  -40.532  -75.151  -16.575 0.1000000015
14702  -41.104  -75.511  -16.445 0.1000000015
14705  -39.801  -75.066  -17.334 0.1000000015
104442  -41.363  -76.098  -15.697 0.1000000015
14714  -40.413  -75.604  -18.267 0.1000000015
14713  -39.530  -75.478  -18.432 0.1000000015
14049  -41.790  -76.576  -15.409 0.1000000015
12819  -41.924  -78.171  -14.803 0.1000000015
14094  -40.763  -76.178  -19.331 0.1000000015
14729  -40.355  -75.918  -19.333 0.1000000015
13439  -41.460  -77.129  -15.005 0.1000000015
102519  -34.771  -75.836  -23.150 0.1000000015
108439  -38.488  -76.276  -21.732 0.1000000015
14746  -39.230  -75.912  -20.506 0.1000000015
14747  -40.086  -76.282  -20.242 0.1000000015
14728  -39.360  -75.736  -19.566 0.1000000015
12818  -40.783  -77.959  -14.681 0.1000000015
11543  -41.034  -80.468  -14.500 0.1000000015
14760  -35.091  -75.759  -22.236 0.1000000015
14120  -37.454  -76.184  -21.879 0.1000000015
14763  -37.763  -75.987  -21.210 0.1000000015
12190  -40.488  -79.753  -14.475 0.1000000015
16919  -34.806  -73.096  -25.130 0.1000000015
15469  -34.590  -74.134  -25.146 0.1000000015
114462  -35.181  -73.609  -25.548 0.1000000015
15470  -35.226  -74.405  -25.710 0.1000000015
16192  -35.806  -73.720  -26.058 0.1000000015
16198  -36.632  -73.405  -26.387 0.1000000015
16193  -36.255  -72.954  -26.003 0.1000000015
14711  -37.394  -75.248  -18.711 0.1000000015
14712  -38.463  -75.336  -18.561 0.1000000015
15388  -38.908  -74.809  -17.398 0.1000000015
15374  -39.884  -74.692  -16.113 0.1000000015
14726  -37.095  -75.428  -19.698 0.1000000015
14689  -40.845  -75.561  -15.969 0.1000000015
14762  -36.672  -75.797  -21.297 0.1000000015
14744  -37.025  -75.603  -20.521 0.1000000015
117813  -37.570  -75.573  -20.173 0.1000000015
14058  -40.349  -75.858  -15.599 0.1000000015
14788  -34.129  -75.243  -23.714 0.1000000015
14777  -33.649  -74.896  -23.144 0.1000000015
14745  -38.082  -75.822  -20.580 0.1000000015
13438  -40.380  -77.096  -14.960 0.1000000015
15459  -34.039  -74.271  -24.412 0.1000000015
104237  -41.177  -79.009  -14.541 0.1000000015
11542  -39.950  -80.500  -14.465 0.1000000015
16188  -34.286  -73.450  -24.694 0.1000000015
16913  -35.137  -72.213  -25.024 0.1000000015
16920  -35.608  -72.828  -25.572 0.1000000015
17669  -35.646  -71.326  -24.994 0.1000000015
18420  -35.987  -70.295  -24.848 0.1000000015
16921  -36.907  -72.646  -26.216 0.1000000015
115519  -40.023  -74.850  -16.626 0.1000000015
15380  -39.279  -74.312  -16.316 0.1000000015
15362  -39.113  -74.174  -15.885 0.1000000015
15434  -33.564  -74.902  -22.437 0.1000000015
14761  -35.646  -75.688  -21.408 0.1000000015
14725  -36.182  -75.377  -19.811 0.1000000015
15458  -33.810  -73.398  -24.181 0.1000000015
16183  -33.300  -73.463  -23.526 0.1000000015
15433  -33.217  -74.298  -22.999 0.1000000015
14778  -34.157  -75.422  -22.762 0.1000000015
14048  -40.942  -76.469  -15.308 0.1000000015
16908  -33.953  -71.747  -24.085 0.1000000015
16912  -34.298  -72.540  -24.540 0.1000000015
17665  -34.351  -71.002  -23.909 0.1000000015
17668  -34.689  -71.558  -24.533 0.1000000015
18411  -34.608  -70.236  -23.785 0.1000000015
18419  -35.053  -70.697  -24.405 0.1000000015
18412  -35.312  -69.865  -24.177 0.1000000015
15400  -36.446  -75.185  -18.878 0.1000000015
15387  -37.849  -74.572  -17.480 0.1000000015
102843  -38.442  -74.107  -16.534 0.1000000015
99730  -37.215  -73.927  -16.947 0.1000000015
14743  -35.968  -75.524  -20.646 0.1000000015
16911  -33.574  -72.584  -23.932 0.1000000015
16907  -33.386  -71.874  -23.564 0.1000000015
19126  -34.188  -69.793  -23.420 0.1000000015
19128  -35.465  -69.051  -24.005 0.1000000015
117931  -35.987  -68.687  -24.414 0.1000000015
14724  -35.254  -75.318  -19.966 0.1000000015
16182  -32.998  -72.695  -23.302 0.1000000015
16172  -32.824  -73.566  -22.780 0.1000000015
15435  -34.236  -75.303  -21.917 0.1000000015
119148  -34.862  -75.495  -21.479 0.1000000015
14742  -35.062  -75.437  -20.796 0.1000000015
118131  -33.805  -71.256  -23.601 0.1000000015
18410  -33.849  -70.538  -23.397 0.1000000015
19127  -34.775  -69.437  -23.667 0.1000000015
19913  -34.931  -68.617  -23.582 0.1000000015
19914  -35.633  -68.168  -24.083 0.1000000015
15399  -35.507  -74.896  -18.998 0.1000000015
15406  -33.716  -74.641  -20.703 0.1000000015
15407  -34.450  -75.028  -20.288 0.1000000015
15398  -34.685  -74.698  -19.494 0.1000000015
17664  -32.775  -71.980  -22.991 0.1000000015
15419  -32.987  -74.322  -22.174 0.1000000015
15420  -33.600  -74.804  -21.583 0.1000000015
15421  -34.307  -75.167  -21.110 0.1000000015
17658  -33.247  -71.228  -23.214 0.1000000015
19900  -34.451  -68.043  -23.210 0.1000000015
111314  -35.087  -67.885  -23.610 0.1000000015
22161  -35.087  -65.751  -23.226 0.1000000015
20682  -35.558  -67.319  -23.938 0.1000000015
16900  -32.492  -72.773  -22.519 0.1000000015
16163  -32.535  -73.580  -21.855 0.1000000015
16164  -32.996  -74.227  -21.221 0.1000000015
18405  -32.928  -70.475  -22.860 0.1000000015
19912  -34.112  -68.970  -23.229 0.1000000015
21402  -34.603  -66.412  -23.075 0.1000000015
19121  -33.526  -69.719  -23.078 0.1000000015
19899  -33.723  -68.180  -22.773 0.1000000015
22149  -34.414  -65.591  -22.726 0.1000000015
21401  -33.816  -66.244  -22.518 0.1000000015
110971  -33.247  -68.910  -22.786 0.1000000015
20666  -33.365  -67.591  -22.401 0.1000000015
20667  -34.041  -67.255  -22.744 0.1000000015
22148  -33.630  -65.383  -22.241 0.1000000015
7313  -34.890  -87.816  -23.858 0.1000000015
7314  -36.196  -87.290  -24.424 0.1000000015
7349  -35.392  -87.376  -25.570 0.1000000015
100906  -35.546  -87.142  -26.375 0.1000000015
7334  -36.946  -86.373  -25.412 0.1000000015
8535  -38.761  -85.031  -23.377 0.1000000015
7948  -37.863  -85.764  -24.508 0.1000000015
8521  -33.817  -84.818  -21.889 0.1000000015
9178  -34.945  -84.738  -22.298 0.1000000015
8533  -34.334  -85.089  -22.832 0.1000000015
103143  -38.732  -84.987  -21.561 0.1000000015
9121  -39.592  -83.920  -18.456 0.2000000030
13517  -40.105  -77.612  -21.854 0.1000000015
10342  -36.022  -82.060  -18.698 0.1000000015
112020  -35.220  -81.696  -18.475 0.1000000015
9778  -36.204  -83.128  -19.974 0.1000000015
10343  -37.130  -82.168  -18.876 0.1000000015
9779  -37.429  -82.927  -20.465 0.1000000015
9161  -36.773  -83.898  -22.489 0.1000000015
9205  -37.778  -84.197  -24.498 0.1000000015
9180  -37.341  -83.979  -23.559 0.1000000015
9762  -41.132  -83.013  -18.839 0.1000000015
9754  -40.259  -83.508  -18.036 0.2000000030
10325  -42.230  -82.225  -18.013 0.1000000015
9819  -40.738  -82.974  -21.956 0.1000000015
9207  -39.181  -83.848  -23.700 0.1000000015
10344  -38.259  -82.212  -19.146 0.1000000015
9799  -38.495  -82.914  -21.768 0.1000000015
9181  -38.400  -83.821  -24.042 0.1000000015
10960  -41.919  -81.566  -18.651 0.1000000015
13489  -38.517  -77.946  -19.452 0.1000000015
10379  -40.113  -82.660  -21.558 0.1000000015
10938  -38.170  -80.940  -17.954 0.1000000015
117920  -39.441  -82.708  -21.759 0.1000000015
12937  -39.430  -78.690  -24.536 0.1000000015
12826  -43.067  -77.820  -15.564 0.1000000015
11554  -43.337  -79.650  -15.318 0.1000000015
12205  -43.032  -79.521  -16.205 0.1000000015
11560  -41.854  -79.737  -16.876 0.1000000015
9746  -40.008  -83.185  -15.856 0.2000000030
10941  -41.555  -80.913  -18.188 0.1000000015
108711  -40.880  -77.491  -17.393 0.1000000015
11571  -40.904  -80.287  -17.339 0.1000000015
10959  -41.422  -81.438  -18.889 0.1000000015
13475  -40.642  -77.087  -18.564 0.1000000015
12213  -39.313  -79.635  -17.372 0.1000000015
110337  -40.023  -79.018  -17.170 0.1000000015
10909  -40.518  -81.125  -14.630 0.1000000015
15477  -35.777  -74.764  -26.264 0.1000000015
14820  -37.405  -75.851  -27.210 0.1000000015
14730  -40.931  -75.875  -18.877 0.1000000015
14808  -34.843  -74.963  -25.344 0.1000000015
14727  -38.163  -75.537  -19.758 0.1000000015
118784  -35.819  -72.040  -25.391 0.1000000015
18429  -36.445  -70.940  -25.299 0.1000000015
13380  -37.405  -78.201  -7.212 0.5000000000
9053  -38.380  -84.057  -8.930 0.5000000000
109569  -38.664  -83.370  -8.549 0.5000000000
13370  -36.977  -77.487  -6.647 0.5000000000
13397  -37.030  -78.476  -7.953 0.5000000000
13398  -38.011  -78.696  -7.711 0.5000000000
9697  -38.850  -83.383  -9.257 0.5000000000
13986  -35.593  -76.663  -6.325 0.5000000000
13369  -36.266  -77.126  -6.828 0.5000000000
13379  -36.444  -77.876  -7.489 0.5000000000
10283  -39.259  -82.529  -9.293 0.5000000000
13378  -35.629  -77.280  -7.272 0.5000000000
13395  -35.636  -78.034  -8.161 0.4000000060
9721  -37.554  -84.037  -11.050 0.5000000000
9720  -36.585  -83.789  -11.459 0.5000000000
10293  -35.267  -82.492  -11.700 0.5000000000
9719  -35.634  -83.401  -11.987 0.5000000000
10896  -34.484  -81.608  -12.524 0.4000000060
10899  -34.470  -81.349  -13.306 0.4000000060
10248  -38.648  -83.594  -5.138 0.1000000015
13371  -37.757  -77.765  -6.401 0.5000000000
12778  -38.628  -79.185  -8.092 0.4000000060
9698  -39.225  -82.858  -8.922 0.5000000000
13978  -35.071  -76.144  -5.561 0.5000000000
13987  -36.619  -76.702  -6.167 0.5000000000
14614  -35.056  -74.770  -4.680 0.5000000000
14622  -34.535  -75.483  -5.109 0.5000000000
111352  -34.650  -76.510  -6.057 0.5000000000
14613  -34.032  -74.703  -4.825 0.4000000060
13977  -34.142  -76.087  -5.604 0.3000000119
13994  -34.759  -76.897  -6.791 0.4000000060
12783  -36.152  -78.919  -8.909 0.6999999881
115317  -36.952  -79.105  -8.806 0.5000000000
14621  -33.667  -75.390  -5.266 0.3000000119
13976  -33.326  -75.914  -5.823 0.3000000119
13985  -33.849  -76.527  -6.380 0.3000000119
13377  -34.813  -77.449  -7.644 0.4000000060
13403  -35.932  -78.563  -8.666 0.5000000000
12167  -37.140  -80.099  -9.628 0.6000000238
11508  -39.137  -80.605  -9.415 0.6000000238
9709  -38.715  -83.315  -9.822 0.5000000000
9074  -38.092  -84.349  -10.665 0.3000000119
13993  -34.105  -76.962  -7.190 0.3000000119
13394  -34.731  -77.933  -8.409 0.4000000060
12791  -35.739  -79.104  -9.394 0.5000000000
11513  -36.903  -80.935  -9.951 0.6000000238
105801  -37.991  -82.514  -10.442 0.5000000000
10287  -37.396  -83.205  -10.902 0.5000000000
13992  -33.183  -76.728  -7.248 0.4000000060
13393  -33.826  -77.795  -8.529 0.4000000060
12782  -35.234  -78.769  -9.359 0.5000000000
12165  -35.431  -79.568  -10.033 0.5000000000
116891  -36.209  -80.827  -10.304 0.5000000000
109962  -36.454  -81.514  -10.423 0.5000000000
115839  -32.265  -76.356  -7.802 0.4000000060
14011  -32.876  -77.484  -8.789 0.4000000060
13400  -33.659  -78.199  -9.065 0.5000000000
12790  -35.153  -79.052  -9.749 0.5000000000
11511  -34.922  -80.299  -10.743 0.4000000060
10885  -35.897  -82.051  -10.915 0.5000000000
13407  -33.903  -78.631  -9.609 0.5000000000
12164  -34.655  -79.470  -10.285 0.5000000000
10892  -35.234  -81.725  -11.296 0.4000000060
12787  -32.707  -78.495  -10.595 0.5000000000
120472  -33.355  -79.592  -11.353 0.4000000060
104755  -34.390  -81.233  -11.904 0.4000000060
12795  -32.863  -78.998  -11.175 0.3000000119
11518  -33.550  -80.126  -11.968 0.3000000119
11524  -33.421  -79.890  -13.036 0.3000000119
107960  -39.309  -83.364  -3.893 0.1000000015
9658  -38.983  -83.780  -4.173 0.1000000015
10242  -39.680  -83.167  -4.018 0.1000000015
10853  -39.682  -81.875  -5.992 0.4000000060
10257  -39.089  -82.600  -6.154 0.4000000060
10266  -38.570  -83.249  -6.296 0.4000000060
9685  -38.326  -83.397  -7.256 0.5000000000
9686  -39.054  -82.527  -7.289 0.4000000060
109684  -39.759  -81.931  -8.118 0.5000000000
118600  -39.128  -82.648  -8.299 0.5000000000
13988  -37.415  -76.954  -5.922 0.5000000000
13381  -38.328  -78.427  -7.040 0.5000000000
12767  -39.029  -78.932  -7.596 0.4000000060
10875  -40.050  -81.450  -8.561 0.5000000000
10277  -39.610  -82.173  -8.758 0.5000000000
14623  -35.615  -75.498  -5.093 0.5000000000
13979  -36.140  -76.119  -5.615 0.5000000000
10881  -40.191  -80.708  -8.817 0.6000000238
15293  -34.591  -74.037  -4.499 0.4000000060
15292  -33.754  -74.021  -4.784 0.2000000030
113818  -34.426  -72.686  -5.219 0.2000000030
15297  -33.323  -74.641  -5.158 0.3000000119
14620  -33.039  -75.268  -5.550 0.3000000119
14628  -32.672  -75.574  -6.256 0.4000000060
16024  -33.807  -73.523  -5.004 0.3000000119
109471  -32.736  -74.647  -5.850 0.3000000119
16038  -33.685  -73.391  -5.837 0.3000000119
15312  -32.509  -74.308  -6.625 0.4000000060
14638  -32.159  -75.527  -7.132 0.4000000060
116191  -32.373  -76.846  -8.545 0.4000000060
13399  -32.517  -77.753  -9.461 0.4000000060
15311  -32.085  -74.517  -7.358 0.3000000119
14649  -31.783  -75.350  -8.136 0.3000000119
14014  -31.904  -77.072  -9.915 0.3000000119
13406  -32.987  -78.427  -9.812 0.4000000060
14013  -31.651  -76.344  -10.329 0.3000000119
12794  -32.346  -78.193  -11.364 0.3000000119
12177  -32.958  -79.433  -12.187 0.3000000119
14653  -31.513  -75.648  -10.803 0.2000000030
14020  -31.637  -76.477  -11.175 0.2000000030
109746  -32.123  -77.874  -12.126 0.3000000119
12176  -32.792  -79.084  -13.091 0.3000000119
15332  -31.374  -74.842  -11.279 0.1000000015
13410  -31.757  -77.312  -12.566 0.2000000030
13418  -32.141  -77.912  -12.916 0.4000000060
17574  -31.693  -72.010  -11.858 0.1000000015
10832  -40.251  -82.535  -3.991 0.1000000015
10249  -39.328  -82.954  -4.939 0.1000000015
10843  -39.918  -82.136  -4.876 0.2000000030
10854  -40.446  -81.304  -5.876 0.5000000000
10865  -39.755  -81.834  -7.142 0.4000000060
10866  -40.399  -81.173  -7.854 0.4000000060
13981  -38.115  -77.104  -5.648 0.5000000000
13372  -38.497  -78.081  -6.222 0.4000000060
13382  -39.216  -78.637  -6.890 0.4000000060
12768  -39.859  -79.253  -7.421 0.4000000060
11500  -40.744  -80.367  -7.940 0.5000000000
14624  -36.672  -75.630  -5.041 0.5000000000
13980  -37.175  -76.242  -5.460 0.5000000000
118772  -37.728  -76.546  -5.503 0.4000000060
10876  -40.397  -80.848  -8.466 0.4000000060
16013  -35.311  -73.338  -4.279 0.4000000060
15294  -35.782  -74.169  -4.282 0.4000000060
16721  -35.268  -72.104  -4.631 0.3000000119
118246  -34.956  -72.756  -4.522 0.3000000119
16733  -35.132  -71.860  -5.409 0.2000000030
17485  -35.715  -71.417  -5.654 0.1000000015
16749  -34.713  -72.148  -6.130 0.3000000119
17499  -35.338  -71.765  -6.399 0.1000000015
16748  -34.257  -72.761  -6.546 0.3000000119
16054  -33.573  -73.111  -7.039 0.3000000119
17513  -35.052  -72.384  -7.257 0.2000000030
16758  -34.592  -72.552  -7.510 0.2000000030
16052  -32.307  -73.740  -7.853 0.2000000030
15320  -31.699  -74.805  -8.855 0.2000000030
16065  -32.930  -72.993  -7.899 0.2000000030
15324  -31.869  -74.068  -9.100 0.2000000030
15323  -31.535  -74.742  -9.663 0.2000000030
16064  -32.204  -73.439  -8.520 0.2000000030
16072  -31.922  -73.150  -9.399 0.1000000015
117578  -31.407  -75.010  -10.422 0.2000000030
16790  -32.187  -72.208  -9.421 0.1000000015
16078  -31.655  -73.446  -10.316 0.1000000015
16086  -31.428  -73.730  -11.276 0.1000000015
106547  -31.412  -75.183  -12.259 0.1000000015
117538  -31.867  -71.876  -10.093 0.1000000015
16821  -31.804  -72.179  -10.943 0.1000000015
102540  -31.970  -70.914  -11.188 0.1000000015
19034  -32.384  -69.590  -11.821 0.1000000015
10844  -40.658  -81.563  -4.557 0.3000000119
11480  -41.097  -80.810  -5.731 0.3000000119
12116  -41.112  -80.007  -3.117 0.3000000119
12126  -41.160  -79.805  -4.247 0.3000000119
12134  -41.354  -80.253  -5.548 0.3000000119
11490  -40.694  -80.703  -6.933 0.3000000119
105792  -40.266  -81.294  -6.860 0.4000000060
12753  -40.029  -78.539  -4.596 0.3000000119
12133  -41.284  -79.694  -5.367 0.3000000119
114742  -41.054  -80.326  -6.436 0.5000000000
107852  -38.687  -76.860  -5.183 0.4000000060
13367  -39.310  -77.758  -5.127 0.5000000000
12762  -39.989  -78.961  -6.595 0.4000000060
12146  -40.747  -79.917  -7.789 0.5000000000
15295  -36.611  -74.743  -4.214 0.4000000060
14616  -37.022  -75.334  -4.633 0.4000000060
14625  -37.316  -75.832  -4.947 0.5000000000
13974  -38.007  -76.213  -5.134 0.5000000000
100304  -36.433  -72.284  -3.497 0.4000000060
104015  -35.731  -72.544  -4.039 0.4000000060
116976  -36.976  -71.447  -3.711 0.4000000060
16722  -36.018  -71.695  -4.160 0.3000000119
17469  -36.452  -71.051  -4.497 0.3000000119
17468  -35.738  -71.445  -4.862 0.3000000119
18226  -36.950  -70.646  -4.995 0.3000000119
18241  -36.909  -70.698  -5.899 0.1000000015
17500  -36.235  -71.343  -6.466 0.1000000015
17514  -35.948  -72.438  -7.458 0.1000000015
16760  -36.569  -72.796  -8.202 0.1000000015
16759  -35.954  -72.875  -7.959 0.1000000015
16066  -34.071  -72.514  -7.844 0.2000000030
119735  -35.332  -72.600  -7.797 0.2000000030
16775  -33.465  -72.341  -8.330 0.1000000015
17529  -33.821  -71.797  -8.482 0.1000000015
16791  -32.917  -71.856  -8.806 0.1000000015
17545  -33.394  -71.043  -8.807 0.1000000015
17544  -32.400  -71.339  -9.597 0.1000000015
17560  -31.948  -71.410  -10.583 0.1000000015
18286  -32.748  -70.590  -9.572 0.1000000015
18302  -32.306  -70.728  -10.369 0.1000000015
19035  -32.680  -69.127  -10.876 0.1000000015
19785  -33.390  -68.466  -10.370 0.1000000015
20522  -33.673  -67.677  -10.725 0.1000000015
20536  -33.408  -67.449  -11.548 0.1000000015
21273  -33.714  -66.699  -11.934 0.1000000015
22015  -34.806  -65.515  -12.375 0.1000000015
12106  -41.339  -80.173  -2.007 0.3000000119
12107  -41.480  -80.493  -2.422 0.2000000030
12750  -39.985  -78.704  -3.499 0.3000000119
13364  -39.337  -77.876  -4.167 0.4000000060
13357  -38.633  -77.304  -3.805 0.3000000119
15286  -36.688  -74.697  -3.791 0.3000000119
15287  -37.210  -75.262  -4.177 0.4000000060
14609  -38.108  -76.097  -4.414 0.4000000060
16006  -36.522  -72.933  -3.077 0.3000000119
16014  -36.198  -73.645  -3.667 0.3000000119
14608  -37.677  -75.743  -4.000 0.4000000060
13969  -38.032  -76.418  -3.798 0.4000000060
13356  -37.979  -77.271  -3.343 0.3000000119
16712  -37.519  -71.617  -2.925 0.3000000119
16711  -36.948  -72.103  -2.961 0.3000000119
114781  -38.055  -71.317  -2.873 0.3000000119
17457  -37.728  -71.098  -3.517 0.3000000119
17470  -37.286  -70.816  -4.221 0.3000000119
18255  -37.690  -70.598  -6.231 0.1000000015
18256  -38.568  -70.651  -6.366 0.1000000015
17501  -37.169  -71.095  -6.814 0.1000000015
17516  -38.122  -71.876  -8.047 0.1000000015
17515  -36.784  -72.154  -7.513 0.1000000015
16761  -37.430  -72.444  -8.190 0.1000000015
16777  -36.647  -72.689  -8.499 0.1000000015
16776  -36.160  -72.715  -8.381 0.2000000030
16792  -36.505  -72.501  -8.650 0.2000000030
17546  -34.802  -71.606  -8.515 0.1000000015
17548  -36.403  -71.680  -8.918 0.1000000015
18289  -35.504  -71.133  -8.716 0.1000000015
105395  -35.161  -70.128  -8.749 0.1000000015
18288  -34.379  -70.529  -8.713 0.1000000015
19009  -34.165  -69.436  -9.083 0.1000000015
116195  -33.831  -68.694  -9.646 0.1000000015
19786  -34.098  -68.048  -9.954 0.1000000015
20537  -33.993  -66.874  -11.086 0.1000000015
21263  -34.829  -66.545  -10.734 0.1000000015
21274  -34.532  -66.143  -11.632 0.1000000015
21275  -35.441  -65.983  -11.143 0.1000000015
22001  -35.286  -65.587  -11.807 0.1000000015
22016  -35.678  -64.989  -12.411 0.1000000015
22748  -35.665  -64.683  -13.258 0.1000000015
11427  -41.640  -80.903  -0.267 0.2000000030
11443  -41.659  -80.779  -1.463 0.2000000030
12092  -40.747  -79.837  0.069 0.2000000030
12738  -40.037  -79.087  -2.421 0.3000000119
12725  -39.433  -79.277  -0.452 0.2000000030
12737  -39.322  -78.798  -2.062 0.3000000119
14607  -37.099  -75.422  -3.688 0.3000000119
13968  -37.454  -75.994  -3.581 0.3000000119
16701  -37.361  -72.132  -2.258 0.3000000119
16700  -36.825  -72.606  -2.378 0.3000000119
13343  -37.384  -76.801  -3.227 0.2000000030
17440  -37.941  -71.646  -2.188 0.2000000030
114381  -38.462  -71.015  -3.329 0.3000000119
18217  -38.113  -70.693  -4.037 0.3000000119
18228  -38.620  -70.521  -4.676 0.2000000030
18243  -38.222  -70.458  -5.497 0.1000000015
18244  -39.232  -70.562  -5.513 0.1000000015
120636  -39.352  -70.815  -6.436 0.1000000015
17503  -39.857  -71.201  -7.050 0.1000000015
17519  -41.274  -71.681  -7.624 0.1000000015
16763  -41.806  -72.223  -8.453 0.1000000015
17502  -38.921  -71.276  -7.378 0.1000000015
17517  -39.590  -71.716  -7.975 0.1000000015
17534  -40.824  -72.169  -8.686 0.1000000015
16781  -41.441  -72.399  -9.235 0.1000000015
16782  -42.435  -72.678  -9.127 0.1000000015
105078  -43.702  -73.140  -10.120 0.1000000015
17532  -38.879  -72.210  -8.495 0.1000000015
16795  -39.667  -72.349  -9.075 0.1000000015
16780  -40.441  -72.296  -9.105 0.1000000015
16797  -41.810  -72.432  -9.672 0.1000000015
16809  -43.230  -72.625  -10.301 0.1000000015
16778  -37.345  -72.616  -8.770 0.1000000015
16794  -38.181  -72.622  -8.928 0.1000000015
112516  -36.930  -72.285  -9.105 0.2000000030
120281  -35.960  -70.705  -8.811 0.1000000015
115181  -35.831  -69.841  -8.836 0.1000000015
19010  -35.025  -69.271  -8.867 0.1000000015
19774  -35.607  -68.696  -8.959 0.1000000015
20509  -34.931  -67.769  -9.493 0.1000000015
20524  -35.274  -66.914  -9.902 0.1000000015
20523  -34.415  -67.261  -10.286 0.1000000015
21264  -35.605  -66.354  -10.432 0.1000000015
22002  -36.092  -65.425  -11.556 0.1000000015
13332  -36.264  -77.914  -0.261 0.2000000030
12723  -38.200  -78.673  -0.428 0.2000000030
13358  -39.332  -78.211  -3.163 0.3000000119
13336  -35.538  -77.225  -1.205 0.2000000030
13333  -37.199  -78.248  -0.380 0.2000000030
13338  -37.379  -78.034  -1.557 0.2000000030
12724  -38.357  -78.465  -1.759 0.3000000119
13344  -38.514  -77.976  -2.893 0.3000000119
15998  -36.384  -73.276  -2.561 0.3000000119
15277  -36.090  -74.124  -2.600 0.3000000119
14600  -36.357  -74.960  -3.168 0.3000000119
14599  -35.681  -74.877  -2.443 0.3000000119
13957  -36.670  -76.109  -3.051 0.3000000119
16690  -38.357  -72.342  -0.866 0.2000000030
16689  -37.691  -72.209  -1.445 0.3000000119
108103  -37.653  -77.671  -2.634 0.2000000030
17441  -38.473  -71.830  -1.550 0.2000000030
17449  -38.735  -71.336  -2.410 0.2000000030
17442  -39.339  -71.767  -1.648 0.2000000030
17450  -39.785  -71.477  -2.428 0.3000000119
17458  -39.288  -71.092  -3.209 0.3000000119
18218  -38.933  -70.701  -3.905 0.2000000030
17459  -40.231  -71.373  -3.383 0.2000000030
17471  -40.204  -71.103  -4.299 0.2000000030
17487  -40.875  -71.133  -5.809 0.1000000015
116662  -38.782  -72.596  -9.066 0.1000000015
17553  -41.320  -72.162  -9.797 0.1000000015
17551  -39.353  -72.095  -9.410 0.1000000015
17561  -40.145  -71.401  -9.932 0.1000000015
17549  -37.552  -72.555  -9.057 0.1000000015
17550  -38.367  -72.441  -9.226 0.1000000015
18292  -38.709  -71.442  -9.515 0.1000000015
18293  -39.512  -70.999  -9.811 0.1000000015
18304  -40.032  -70.595  -10.204 0.1000000015
18291  -37.823  -71.720  -9.375 0.1000000015
19012  -38.124  -70.415  -9.400 0.1000000015
19777  -38.461  -69.300  -9.571 0.1000000015
104347  -37.250  -70.604  -9.241 0.1000000015
18290  -36.536  -70.725  -9.026 0.1000000015
19776  -37.460  -69.235  -9.220 0.1000000015
19011  -36.546  -69.620  -8.961 0.1000000015
14581  -33.449  -75.502  -0.003 0.3000000119
13950  -34.489  -75.993  -1.373 0.3000000119
13337  -36.479  -77.595  -1.383 0.2000000030
13951  -35.085  -76.339  -1.796 0.3000000119
13952  -35.951  -76.727  -2.179 0.3000000119
15989  -36.456  -72.866  -1.653 0.3000000119
102055  -35.839  -73.214  -1.247 0.3000000119
14591  -34.952  -75.263  -1.857 0.3000000119
13956  -35.744  -75.704  -2.460 0.3000000119
13342  -36.833  -77.204  -2.445 0.2000000030
16681  -37.667  -72.575  -0.616 0.2000000030
16680  -37.002  -72.574  -1.033 0.3000000119
15976  -36.303  -72.934  -0.743 0.3000000119
119143  -39.001  -72.214  -1.097 0.2000000030
17451  -40.790  -71.920  -2.520 0.3000000119
110277  -40.739  -71.621  -4.059 0.2000000030
111445  -38.849  -68.463  -9.875 0.1000000015
20511  -37.113  -67.975  -9.346 0.1000000015
20510  -36.043  -67.607  -9.363 0.1000000015
14573  -33.024  -75.790  0.653 0.1000000015
14572  -32.768  -75.053  1.002 0.2000000030
15256  -33.505  -74.446  -0.173 0.3000000119
15257  -34.099  -74.358  -0.674 0.3000000119
15987  -35.269  -73.683  -1.276 0.3000000119
15974  -34.672  -73.679  -0.508 0.3000000119
15977  -37.017  -72.874  -0.254 0.3000000119
15975  -35.519  -73.262  -0.586 0.3000000119
16673  -37.867  -72.932  0.080 0.2000000030
16683  -39.128  -72.700  -0.463 0.2000000030
15980  -40.144  -72.935  -0.429 0.1000000015
17443  -40.234  -72.003  -1.693 0.2000000030
15990  -41.081  -73.063  -0.743 0.1000000015
16692  -40.605  -72.595  -1.165 0.2000000030
16702  -40.944  -72.354  -1.769 0.2000000030
16703  -41.536  -72.477  -2.186 0.3000000119
15961  -33.582  -73.873  0.587 0.3000000119
114666  -33.968  -73.861  -0.129 0.3000000119
15962  -34.383  -73.476  0.403 0.3000000119
15965  -37.239  -73.025  0.557 0.3000000119
15964  -36.202  -73.063  0.167 0.3000000119
15963  -35.184  -73.189  0.233 0.3000000119
15966  -38.153  -73.200  0.769 0.2000000030
15967  -39.439  -73.427  0.608 0.1000000015
100700  -40.794  -73.362  0.000 0.1000000015
16693  -41.395  -72.779  -1.432 0.1000000015
15945  -34.128  -73.419  1.156 0.3000000119
15929  -34.227  -73.175  2.011 0.2000000030
15946  -34.904  -73.123  1.211 0.3000000119
114554  -35.728  -73.085  0.899 0.3000000119
15947  -37.521  -73.258  1.455 0.2000000030
100686  -36.552  -73.066  1.122 0.3000000119
15948  -38.530  -73.475  1.451 0.2000000030
100064  -39.938  -73.717  2.147 0.1000000015
15919  -40.540  -73.874  2.688 0.1000000015
15950  -40.308  -73.757  1.414 0.1000000015
15968  -40.592  -73.645  0.743 0.1000000015
15951  -41.067  -73.902  1.266 0.1000000015
15969  -41.344  -73.688  0.506 0.1000000015
15970  -42.187  -73.836  0.233 0.1000000015
111210  -35.040  -73.058  2.063 0.2000000030
101425  -35.859  -73.065  1.791 0.2000000030
101424  -37.300  -73.334  2.230 0.2000000030
114727  -36.758  -73.203  1.863 0.2000000030
101674  -39.010  -73.621  2.125 0.1000000015
15932  -38.094  -73.496  2.189 0.2000000030
119458  -39.922  -73.692  2.860 0.1000000015
15223  -40.793  -73.940  1.976 0.1000000015
15231  -41.551  -74.175  1.763 0.1000000015
15246  -41.834  -74.154  1.006 0.1000000015
15224  -41.362  -74.189  2.584 0.1000000015
105318  -42.091  -74.359  2.232 0.1000000015
15232  -42.417  -74.354  1.585 0.1000000015
15215  -42.325  -74.401  2.966 0.1000000015
15216  -43.514  -74.404  3.344 0.1000000015
15225  -43.165  -74.513  2.388 0.1000000015
12784  -37.974  -79.380  -8.533 0.4000000060
13396  -36.322  -78.360  -8.254 0.5000000000
105493  -37.557  -78.894  -8.211 0.4000000060
12777  -36.642  -78.701  -8.488 0.5000000000
119292  -37.213  -78.979  -8.502 0.6000000238
11503  -39.868  -80.228  -8.962 0.5000000000
12779  -39.673  -79.422  -8.020 0.4000000060
9067  -38.561  -84.043  -9.678 0.5000000000
116056  -37.584  -79.684  -9.069 0.5000000000
106523  -39.781  -81.677  -9.015 0.5000000000
12160  -38.820  -79.897  -9.072 0.6000000238
10288  -38.840  -82.430  -9.959 0.5000000000
111680  -38.458  -84.015  -10.195 0.3000000119
10880  -39.806  -81.064  -9.242 0.5000000000
10289  -39.471  -81.839  -9.475 0.5000000000
117504  -38.265  -83.410  -10.505 0.4000000060
104597  -36.258  -82.934  -11.194 0.5000000000
10292  -34.765  -82.228  -12.385 0.4000000060
10296  -35.000  -82.939  -12.757 0.4000000060
11525  -34.042  -80.794  -12.573 0.4000000060
12154  -39.308  -79.631  -8.568 0.4000000060
105683  -35.652  -78.755  -9.034 0.4000000060
12159  -36.554  -79.365  -9.257 0.6000000238
13984  -33.064  -76.224  -6.464 0.4000000060
14005  -33.930  -77.383  -7.917 0.4000000060
13402  -35.286  -78.408  -8.886 0.5000000000
12166  -36.187  -79.719  -9.752 0.6000000238
11514  -38.067  -81.009  -9.711 0.6000000238
117515  -38.173  -80.271  -9.336 0.6000000238
10887  -39.080  -81.460  -9.704 0.5000000000
107464  -34.545  -78.211  -8.826 0.4000000060
120095  -36.435  -80.322  -10.000 0.6000000238
10886  -37.450  -81.735  -10.161 0.5000000000
104001  -38.378  -81.858  -10.063 0.5000000000
10286  -36.891  -82.361  -10.603 0.5000000000
14004  -33.033  -77.123  -8.207 0.4000000060
13983  -32.578  -76.150  -6.926 0.4000000060
13401  -34.663  -78.533  -9.271 0.5000000000
11512  -35.602  -81.112  -10.774 0.4000000060
103450  -35.802  -80.279  -10.270 0.5000000000
12789  -34.496  -78.916  -9.837 0.5000000000
11520  -34.806  -81.147  -11.328 0.4000000060
12788  -33.422  -78.836  -10.241 0.5000000000
12170  -33.973  -79.985  -10.990 0.4000000060
11519  -34.210  -80.634  -11.541 0.4000000060
13405  -32.178  -77.850  -10.448 0.4000000060
12163  -33.719  -79.346  -10.557 0.4000000060
13366  -38.749  -77.606  -5.595 0.5000000000
103124  -40.115  -81.134  -8.843 0.5000000000
14615  -36.274  -74.919  -4.701 0.5000000000
11504  -40.420  -80.303  -8.476 0.5000000000
16720  -34.385  -73.398  -4.668 0.3000000119
16023  -33.233  -73.987  -5.267 0.3000000119
102101  -32.333  -74.933  -6.598 0.4000000060
16037  -32.964  -73.824  -6.235 0.3000000119
16053  -32.652  -73.688  -7.158 0.3000000119
14010  -32.132  -76.962  -9.148 0.3000000119
14003  -31.869  -76.239  -8.680 0.3000000119
14648  -31.628  -75.491  -9.116 0.3000000119
15321  -31.934  -74.319  -8.297 0.2000000030
14009  -31.722  -76.277  -9.510 0.3000000119
14021  -31.769  -77.058  -10.668 0.3000000119
14651  -31.500  -75.570  -9.960 0.2000000030
13411  -31.847  -77.378  -11.495 0.3000000119
12801  -32.477  -78.569  -12.288 0.4000000060
14660  -31.516  -75.765  -11.664 0.2000000030
14028  -31.610  -76.589  -12.069 0.3000000119
14665  -31.526  -75.939  -12.451 0.2000000030
16825  -31.528  -72.599  -12.508 0.1000000015
13373  -39.239  -78.368  -5.995 0.5000000000
12769  -40.505  -79.643  -7.129 0.4000000060
12145  -40.424  -79.669  -7.903 0.5000000000
17486  -36.267  -70.976  -5.351 0.1000000015
17530  -34.579  -72.199  -8.257 0.2000000030
16774  -32.578  -72.653  -8.710 0.1000000015
114315  -31.712  -73.942  -9.794 0.2000000030
15326  -31.499  -74.298  -10.461 0.2000000030
16079  -31.756  -72.588  -10.131 0.1000000015
16807  -31.697  -72.968  -10.866 0.1000000015
101728  -31.307  -74.308  -12.137 0.1000000015
16820  -31.563  -72.807  -11.618 0.1000000015
16091  -31.363  -73.423  -12.253 0.1000000015
19020  -32.265  -70.112  -11.046 0.1000000015
19795  -33.066  -68.211  -11.227 0.1000000015
10834  -41.062  -81.485  -3.477 0.3000000119
11481  -41.253  -80.818  -4.532 0.3000000119
12739  -40.637  -79.526  -2.779 0.3000000119
12117  -41.311  -80.437  -3.320 0.3000000119
12751  -40.573  -79.334  -3.912 0.3000000119
12754  -40.857  -79.120  -5.054 0.3000000119
12127  -41.339  -80.284  -4.434 0.3000000119
12138  -41.083  -79.851  -6.385 0.3000000119
12757  -40.082  -78.642  -5.613 0.3000000119
12758  -40.752  -79.292  -6.090 0.3000000119
115279  -38.433  -76.475  -4.763 0.4000000060
13970  -38.420  -76.588  -4.289 0.4000000060
13363  -38.860  -77.017  -4.608 0.4000000060
14617  -37.584  -75.732  -4.570 0.4000000060
104533  -35.343  -72.563  -8.075 0.2000000030
17531  -35.696  -72.359  -8.455 0.1000000015
18287  -33.373  -70.079  -9.268 0.1000000015
19021  -33.268  -69.234  -9.839 0.1000000015
18303  -32.709  -69.966  -10.160 0.1000000015
105666  -41.502  -80.385  -0.896 0.2000000030
12105  -40.885  -79.739  -1.656 0.2000000030
10812  -41.614  -81.216  -1.758 0.2000000030
18227  -37.753  -70.547  -4.781 0.1000000015
111930  -37.977  -71.001  -7.127 0.1000000015
116503  -37.502  -71.744  -7.561 0.1000000015
17547  -35.912  -71.815  -8.722 0.1000000015
19773  -34.559  -68.605  -9.288 0.1000000015
120264  -41.183  -79.934  -0.647 0.2000000030
105352  -40.344  -79.421  -1.209 0.3000000119
15278  -36.457  -73.945  -3.218 0.3000000119
118767  -37.094  -72.488  -1.741 0.3000000119
18229  -39.474  -70.699  -4.542 0.2000000030
18245  -40.148  -70.880  -5.168 0.1000000015
18257  -40.053  -70.889  -6.073 0.1000000015
17504  -40.700  -71.211  -6.797 0.1000000015
17518  -40.373  -71.680  -7.861 0.1000000015
17533  -39.747  -72.344  -8.832 0.1000000015
117141  -42.317  -72.680  -9.598 0.1000000015
16798  -42.734  -72.839  -9.948 0.1000000015
16783  -43.238  -73.064  -9.617 0.1000000015
16762  -38.101  -72.661  -8.840 0.1000000015
16779  -38.814  -72.676  -8.977 0.1000000015
16796  -40.827  -72.177  -9.299 0.1000000015
16808  -42.197  -72.432  -10.104 0.1000000015
16793  -37.055  -72.611  -8.764 0.1000000015
103921  -37.081  -71.744  -9.212 0.1000000015
13331  -35.399  -77.555  -0.119 0.2000000030
13947  -34.759  -76.779  -0.911 0.3000000119
15988  -35.837  -73.498  -1.936 0.3000000119
113576  -39.628  -70.934  -3.850 0.2000000030
17472  -40.949  -71.428  -4.857 0.2000000030
17552  -40.378  -72.012  -9.491 0.1000000015
17563  -41.716  -71.908  -10.209 0.1000000015
19775  -36.548  -68.600  -9.055 0.1000000015
13946  -34.070  -76.115  -0.562 0.3000000119
14582  -33.767  -75.099  -0.607 0.3000000119
14590  -34.243  -75.200  -1.147 0.3000000119
15268  -35.384  -74.283  -1.941 0.3000000119
15267  -34.693  -74.355  -1.286 0.3000000119
16682  -38.345  -72.729  -0.294 0.2000000030
16691  -39.742  -72.403  -1.078 0.2000000030
17460  -41.050  -71.952  -3.468 0.2000000030
13941  -33.149  -76.726  1.090 0.1000000015
15230  -33.039  -74.296  1.194 0.2000000030
15245  -33.072  -74.759  0.465 0.3000000119
15978  -38.768  -73.103  0.235 0.2000000030
15979  -39.516  -73.120  0.053 0.2000000030
15944  -33.512  -73.642  1.550 0.3000000119
114259  -38.874  -73.436  0.862 0.2000000030
109590  -40.073  -73.375  0.306 0.1000000015
114145  -39.964  -73.640  0.885 0.1000000015
15949  -39.446  -73.622  1.355 0.1000000015
15981  -41.604  -73.469  -0.311 0.1000000015
15933  -39.396  -73.634  2.683 0.1000000015
15931  -36.558  -73.147  2.696 0.2000000030
103066  -37.827  -85.000  -10.687 0.3000000119
7827  -37.026  -86.529  -10.670 0.3000000119
7828  -37.577  -86.106  -10.929 0.3000000119
6580  -33.597  -89.024  -13.363 0.2000000030
6586  -32.654  -88.536  -14.497 0.2000000030
7178  -36.561  -87.065  -11.122 0.4000000060
7177  -35.827  -87.710  -11.576 0.3000000119
8435  -37.613  -85.585  -11.251 0.4000000060
6555  -34.846  -88.639  -11.538 0.3000000119
9079  -37.551  -84.838  -11.164 0.4000000060
7190  -36.662  -86.981  -11.987 0.4000000060
119110  -34.679  -88.716  -12.322 0.3000000119
101608  -33.370  -88.799  -14.313 0.2000000030
7850  -37.197  -85.924  -12.160 0.4000000060
7839  -37.417  -86.113  -11.547 0.4000000060
118909  -36.198  -87.416  -12.533 0.4000000060
9083  -37.112  -85.309  -11.954 0.4000000060
9078  -36.858  -84.569  -11.727 0.4000000060
108683  -34.857  -88.329  -13.291 0.3000000119
6581  -34.209  -88.527  -14.214 0.3000000119
7849  -37.020  -86.417  -12.209 0.4000000060
7201  -35.985  -87.554  -13.509 0.3000000119
9727  -35.984  -84.149  -12.282 0.4000000060
7860  -36.632  -86.872  -13.144 0.4000000060
7200  -35.229  -87.844  -14.312 0.3000000119
109089  -36.615  -85.557  -12.984 0.4000000060
8441  -36.778  -86.220  -13.142 0.4000000060
100799  -36.610  -87.026  -14.263 0.4000000060
9086  -36.216  -84.853  -13.694 0.4000000060
105041  -36.836  -86.437  -14.206 0.4000000060
9081  -35.779  -84.162  -13.250 0.4000000060
8448  -36.624  -85.674  -13.941 0.4000000060
7866  -36.855  -86.585  -14.911 0.3000000119
115905  -35.449  -83.644  -12.780 0.4000000060
9093  -36.451  -84.888  -14.536 0.4000000060
8455  -36.935  -85.761  -14.739 0.4000000060
7215  -36.074  -87.112  -15.817 0.2000000030
9731  -35.381  -83.414  -13.492 0.4000000060
9732  -35.889  -83.953  -14.156 0.4000000060
7867  -37.158  -86.224  -15.357 0.2000000030
7885  -36.683  -86.630  -15.979 0.3000000119
10300  -34.710  -82.152  -13.111 0.3000000119
10301  -35.129  -82.662  -13.608 0.3000000119
9739  -35.574  -83.116  -14.028 0.3000000119
9094  -37.032  -84.982  -15.263 0.3000000119
7886  -37.239  -86.239  -15.772 0.2000000030
8456  -37.263  -85.815  -15.329 0.2000000030
7229  -35.071  -87.477  -17.144 0.2000000030
9740  -36.533  -84.063  -14.902 0.4000000060
10304  -35.633  -82.354  -14.236 0.3000000119
110093  -36.119  -83.182  -14.553 0.2000000030
9744  -37.202  -84.136  -15.370 0.2000000030
7904  -37.187  -86.249  -16.215 0.1000000015
110903  -36.015  -86.652  -17.171 0.2000000030
10907  -36.273  -81.649  -14.697 0.2000000030
10305  -36.402  -82.447  -14.733 0.2000000030
9103  -37.610  -85.281  -15.753 0.1000000015
8480  -37.569  -85.804  -16.161 0.1000000015
111772  -36.931  -86.172  -16.838 0.1000000015
11531  -34.127  -80.517  -13.519 0.2000000030
10900  -34.951  -81.846  -13.766 0.3000000119
10906  -35.396  -81.393  -14.337 0.3000000119
12181  -33.217  -79.281  -13.770 0.2000000030
11530  -33.856  -79.759  -13.861 0.1000000015
10905  -34.688  -81.005  -13.988 0.3000000119
10306  -37.133  -83.048  -15.192 0.1000000015
120414  -38.085  -84.762  -15.980 0.1000000015
8493  -37.458  -85.854  -16.571 0.1000000015
11537  -34.474  -80.157  -14.217 0.2000000030
11538  -35.206  -80.496  -14.523 0.2000000030
117516  -36.982  -81.990  -15.005 0.1000000015
9745  -38.059  -83.758  -15.544 0.1000000015
116297  -38.554  -84.199  -15.834 0.1000000015
8468  -37.936  -85.157  -16.221 0.1000000015
112290  -37.436  -85.679  -17.315 0.1000000015
8499  -36.622  -85.837  -18.754 0.1000000015
12186  -35.097  -79.594  -14.748 0.1000000015
11539  -36.155  -80.727  -14.676 0.2000000030
11540  -37.319  -81.006  -14.861 0.1000000015
110035  -37.848  -81.946  -15.189 0.1000000015
110238  -39.069  -83.465  -15.671 0.1000000015
9104  -38.671  -84.464  -16.199 0.1000000015
9111  -38.742  -84.713  -16.673 0.1000000015
8500  -37.374  -85.449  -18.378 0.1000000015
7930  -35.866  -86.298  -20.157 0.1000000015
10309  -39.518  -82.603  -15.426 0.1000000015
9105  -39.313  -83.855  -16.007 0.1000000015
8505  -37.428  -85.309  -19.541 0.1000000015
108944  -41.509  -72.243  -2.897 0.2000000030
12805  -32.473  -78.425  -13.181 0.2000000030
12185  -34.405  -79.309  -14.416 0.1000000015
102576  -36.953  -79.995  -14.810 0.1000000015
102121  -38.436  -81.155  -14.819 0.1000000015
8501  -38.083  -85.068  -17.971 0.1000000015
8494  -38.011  -85.322  -16.834 0.1000000015
10918  -38.955  -81.888  -15.139 0.1000000015
7838  -37.163  -86.536  -11.386 0.3000000119
6571  -34.094  -89.068  -12.725 0.3000000119
7189  -35.472  -88.062  -12.452 0.3000000119
118569  -34.170  -88.777  -13.399 0.3000000119
105062  -36.071  -87.402  -14.465 0.3000000119
9082  -36.374  -84.833  -12.688 0.4000000060
116813  -37.057  -86.230  -14.938 0.2000000030
7874  -36.805  -86.616  -15.466 0.2000000030
7903  -36.556  -86.540  -16.467 0.2000000030
8467  -37.465  -85.810  -15.773 0.1000000015
107118  -37.740  -84.585  -15.677 0.1000000015
8492  -36.712  -86.024  -17.716 0.1000000015
115008  -33.876  -79.122  -14.190 0.1000000015
12187  -35.990  -79.825  -14.826 0.1000000015
10308  -38.463  -82.809  -15.403 0.1000000015
8504  -36.622  -85.741  -19.849 0.1000000015
117656  -38.138  -80.693  -14.689 0.1000000015
8398  -36.495  -86.271  -6.620 0.3000000119
112252  -36.289  -86.729  -7.576 0.2000000030
7126  -35.404  -87.834  -7.279 0.3000000119
119887  -35.806  -87.508  -7.467 0.2000000030
109126  -37.115  -85.540  -7.007 0.2000000030
9044  -37.886  -84.053  -7.787 0.4000000060
8408  -36.883  -85.687  -7.973 0.3000000119
7141  -35.545  -87.910  -7.982 0.2000000030
7153  -35.722  -87.453  -9.111 0.2000000030
6514  -34.514  -88.231  -8.325 0.1000000015
6528  -34.755  -88.435  -8.819 0.2000000030
6527  -34.298  -88.376  -9.252 0.1000000015
8407  -36.706  -86.081  -8.932 0.3000000119
6513  -34.149  -88.184  -8.763 0.1000000015
108707  -35.222  -88.052  -9.682 0.2000000030
6526  -33.919  -88.372  -9.681 0.1000000015
6540  -33.423  -88.895  -10.528 0.1000000015
6541  -33.859  -88.738  -10.270 0.1000000015
5983  -33.381  -89.378  -10.893 0.1000000015
6552  -32.721  -88.758  -11.758 0.1000000015
7176  -33.020  -88.631  -10.821 0.1000000015
6553  -32.946  -89.352  -11.088 0.1000000015
7188  -32.470  -88.334  -12.901 0.1000000015
9066  -37.601  -85.312  -9.432 0.3000000119
105315  -35.010  -88.395  -10.664 0.2000000030
6542  -34.439  -88.510  -9.900 0.2000000030
6554  -34.108  -89.210  -10.793 0.2000000030
6568  -32.790  -89.231  -12.504 0.1000000015
120361  -31.748  -87.412  -13.778 0.1000000015
9073  -38.212  -84.728  -10.127 0.2000000030
8421  -37.325  -85.980  -10.145 0.3000000119
7166  -36.083  -87.096  -10.210 0.2000000030
6570  -33.941  -89.358  -11.697 0.2000000030
7865  -31.568  -87.226  -14.297 0.1000000015
7199  -32.199  -88.033  -13.881 0.1000000015
105190  -35.739  -87.611  -10.684 0.3000000119
6010  -33.380  -89.421  -12.396 0.1000000015
6585  -32.142  -87.990  -14.784 0.1000000015
6578  -32.757  -88.818  -13.529 0.1000000015
6579  -33.028  -88.810  -14.308 0.1000000015
7873  -31.703  -87.243  -15.883 0.1000000015
8428  -37.726  -85.455  -10.465 0.2000000030
119708  -32.946  -88.679  -15.102 0.1000000015
7213  -32.263  -87.888  -15.606 0.1000000015
6587  -33.199  -88.710  -15.261 0.1000000015
100664  -33.032  -88.579  -15.869 0.1000000015
6595  -33.392  -88.585  -16.111 0.1000000015
7901  -30.613  -86.330  -17.382 0.1000000015
7219  -32.373  -87.896  -16.418 0.1000000015
6594  -32.797  -88.369  -16.164 0.1000000015
7227  -32.459  -88.150  -17.227 0.1000000015
118093  -38.157  -84.583  -9.381 0.3000000119
9052  -37.563  -84.799  -8.238 0.3000000119
7802  -36.076  -87.026  -8.441 0.2000000030
7815  -36.478  -86.577  -9.657 0.3000000119
5988  -33.188  -89.561  -11.490 0.1000000015
7883  -30.835  -86.397  -16.612 0.1000000015
7884  -31.628  -87.153  -16.844 0.1000000015
7220  -32.879  -88.497  -16.872 0.1000000015
7882  -30.030  -85.946  -16.786 0.1000000015
114009  -33.756  -88.594  -15.292 0.2000000030
6612  -32.930  -88.829  -17.803 0.1000000015
6619  -32.710  -88.965  -18.497 0.1000000015
6613  -33.169  -88.785  -17.651 0.2000000030
6044  -32.376  -89.148  -19.310 0.1000000015
6604  -34.107  -88.446  -16.114 0.2000000030
6602  -33.306  -88.643  -17.112 0.2000000030
6620  -32.925  -88.965  -18.280 0.2000000030
6614  -33.567  -88.654  -17.313 0.1000000015
6051  -32.502  -89.249  -19.598 0.1000000015
6621  -33.701  -88.712  -17.825 0.2000000030
7228  -34.253  -88.345  -17.311 0.1000000015
6588  -34.669  -88.132  -15.169 0.2000000030
6603  -33.953  -88.554  -16.825 0.1000000015
6052  -32.882  -89.202  -18.987 0.1000000015
6630  -33.767  -88.608  -18.609 0.1000000015
7208  -35.522  -87.562  -15.001 0.2000000030
7214  -35.215  -87.691  -15.730 0.2000000030
7221  -34.739  -87.899  -16.704 0.1000000015
7239  -34.289  -88.265  -18.065 0.1000000015
118884  -34.593  -88.102  -16.354 0.1000000015
110232  -35.254  -87.575  -16.225 0.1000000015
7209  -36.306  -87.132  -15.111 0.2000000030
7230  -35.763  -87.105  -16.467 0.1000000015
116988  -34.688  -87.761  -17.675 0.1000000015
120384  -33.496  -88.592  -16.674 0.1000000015
9676  -37.781  -84.370  -6.580 0.2000000030
7792  -35.850  -87.241  -6.885 0.1000000015
11467  -41.382  -80.879  -3.408 0.2000000030
10823  -40.711  -82.025  -2.709 0.1000000015
12080  -40.844  -80.313  1.009 0.1000000015
11414  -41.364  -80.968  0.692 0.1000000015
12093  -41.392  -80.493  0.076 0.1000000015
13326  -35.323  -77.936  0.844 0.2000000030
13327  -36.113  -78.248  0.768 0.1000000015
12057  -40.020  -79.964  2.518 0.1000000015
13330  -34.641  -77.141  0.122 0.2000000030
12711  -37.160  -78.480  0.860 0.1000000015
103187  -39.258  -79.025  1.222 0.1000000015
12069  -40.034  -79.514  2.137 0.1000000015
10833  -40.524  -82.142  -3.540 0.1000000015
12079  -40.258  -79.581  1.247 0.1000000015
13943  -33.854  -76.691  0.507 0.2000000030
10824  -41.431  -81.409  -2.503 0.1000000015
11413  -41.005  -81.220  0.985 0.1000000015
11385  -40.240  -80.399  2.157 0.1000000015
12712  -37.979  -78.732  0.562 0.1000000015
9035  -37.465  -85.037  -5.687 0.1000000015
8399  -37.109  -85.679  -6.089 0.1000000015
15930  -34.765  -73.038  2.629 0.1000000015
15913  -34.097  -73.123  3.061 0.1000000015
15928  -33.377  -73.492  2.418 0.1000000015
15943  -32.816  -73.998  1.952 0.1000000015
111533  -32.347  -75.531  1.947 0.1000000015
108127  -34.534  -73.126  3.843 0.1000000015
15895  -33.828  -73.383  3.945 0.1000000015
15894  -33.099  -73.789  4.139 0.1000000015
14559  -32.025  -74.944  3.593 0.1000000015
15914  -35.009  -72.977  3.333 0.1000000015
15927  -32.663  -73.948  2.734 0.1000000015
15214  -32.222  -74.522  2.969 0.1000000015
13937  -32.040  -76.368  2.083 0.1000000015
15186  -32.540  -74.914  5.234 0.1000000015
15896  -34.512  -73.454  4.667 0.1000000015
115327  -33.690  -73.698  4.606 0.1000000015
15210  -32.531  -74.433  4.350 0.1000000015
15897  -35.276  -73.066  4.183 0.1000000015
15911  -32.555  -74.126  3.513 0.1000000015
14558  -31.662  -75.801  3.924 0.1000000015
15915  -35.920  -73.013  3.541 0.1000000015
15916  -36.909  -73.223  3.750 0.1000000015
111179  -34.357  -74.418  5.808 0.1000000015
15212  -34.021  -74.034  5.243 0.1000000015
15211  -33.189  -74.167  4.949 0.1000000015
15873  -35.491  -73.440  5.034 0.1000000015
106419  -37.576  -73.303  2.970 0.1000000015
17473  -41.395  -71.932  -4.189 0.1000000015
110172  -41.739  -71.808  -4.831 0.1000000015
15898  -37.262  -73.325  4.785 0.1000000015
16704  -42.305  -72.646  -2.748 0.1000000015
105458  -43.171  -72.553  -5.753 0.1000000015
17489  -42.348  -72.081  -5.237 0.1000000015
15188  -34.851  -73.965  5.499 0.1000000015
15187  -33.529  -74.642  5.770 0.1000000015
17488  -41.628  -71.596  -5.565 0.1000000015
15229  -32.615  -74.842  1.621 0.1000000015
14564  -32.648  -75.735  1.266 0.1000000015
106206  -35.524  -73.039  2.684 0.1000000015
15912  -33.217  -73.554  3.300 0.1000000015
15222  -32.415  -74.638  2.348 0.1000000015
14562  -31.932  -75.361  2.722 0.1000000015
117291  -36.211  -73.163  4.478 0.1000000015
16723  -42.325  -72.281  -4.321 0.1000000015
13424  -32.445  -77.881  -13.829 0.1000000015
13423  -31.853  -77.256  -13.444 0.1000000015
9021  -36.495  -85.212  -5.615 0.1000000015
9034  -35.926  -85.741  -6.119 0.1000000015
8384  -35.939  -86.436  -6.313 0.1000000015
9675  -35.443  -84.606  -6.174 0.1000000015
9033  -35.157  -85.301  -6.581 0.1000000015
9042  -34.591  -85.584  -7.003 0.1000000015
8374  -36.521  -85.824  -5.957 0.1000000015
10256  -35.229  -83.593  -6.031 0.1000000015
9666  -36.183  -84.292  -5.452 0.1000000015
114837  -34.602  -83.810  -6.453 0.1000000015
10255  -34.333  -83.099  -6.378 0.1000000015
10245  -34.936  -82.621  -5.999 0.1000000015
10246  -35.867  -83.196  -5.563 0.1000000015
9628  -30.909  -83.895  -1.497 0.1000000015
10216  -30.996  -82.991  -1.371 0.1000000015
10819  -28.719  -81.557  -3.244 0.1000000015
11447  -28.757  -80.819  -3.982 0.1000000015
103004  -28.961  -80.368  -4.834 0.1000000015
11473  -29.203  -80.264  -5.715 0.1000000015
11486  -28.493  -80.450  -6.397 0.1000000015
118996  -29.973  -80.151  -5.593 0.1000000015
10254  -33.549  -82.782  -6.579 0.1000000015
7791  -35.393  -87.459  -6.873 0.1000000015
11498  -28.792  -80.573  -7.213 0.1000000015
11499  -29.759  -80.705  -7.162 0.1000000015
10849  -31.281  -81.048  -6.987 0.1000000015
10253  -32.908  -82.476  -6.685 0.1000000015
10851  -33.265  -81.930  -6.343 0.1000000015
10852  -34.067  -82.199  -6.251 0.1000000015
7125  -34.930  -87.972  -7.251 0.1000000015
10860  -28.316  -80.857  -7.995 0.1000000015
10874  -30.475  -81.694  -8.056 0.1000000015
10850  -32.558  -81.640  -6.456 0.1000000015
10839  -33.777  -81.257  -5.881 0.1000000015
101955  -30.322  -82.436  -1.722 0.1000000015
11434  -29.855  -80.871  -2.832 0.1000000015
9667  -37.181  -84.743  -5.158 0.1000000015
9023  -37.343  -84.898  -5.368 0.1000000015
9022  -37.020  -85.300  -5.484 0.1000000015
11448  -29.343  -80.832  -3.373 0.1000000015
11460  -29.538  -80.322  -4.156 0.1000000015
11449  -30.153  -80.319  -3.485 0.1000000015
7778  -35.987  -86.638  -6.435 0.1000000015
105476  -31.302  -80.644  -6.377 0.1000000015
108526  -31.877  -81.342  -6.660 0.1000000015
10840  -34.629  -81.563  -5.765 0.1000000015
106447  -31.886  -79.992  -5.317 0.1000000015
11489  -32.094  -80.666  -6.026 0.1000000015
10838  -32.964  -81.002  -5.952 0.1000000015
11478  -34.319  -80.624  -5.264 0.1000000015
9629  -31.833  -83.647  -1.252 0.1000000015
108566  -32.766  -83.445  -0.987 0.1000000015
9619  -33.610  -84.146  -0.735 0.1000000015
9668  -37.786  -84.412  -4.936 0.1000000015
10796  -31.128  -81.895  -1.463 0.1000000015
10247  -36.851  -83.841  -5.016 0.1000000015
9669  -38.173  -84.143  -4.697 0.1000000015
10808  -31.058  -80.856  -1.961 0.1000000015
9024  -37.668  -84.605  -5.144 0.1000000015
11435  -30.539  -80.576  -2.684 0.1000000015
11461  -30.204  -80.048  -4.216 0.1000000015
12121  -30.685  -79.929  -4.542 0.1000000015
11475  -31.282  -80.134  -5.664 0.1000000015
12131  -30.576  -79.994  -5.241 0.1000000015
12132  -31.318  -79.853  -4.898 0.1000000015
11477  -33.457  -80.416  -5.305 0.1000000015
11476  -32.621  -80.193  -5.337 0.1000000015
9620  -34.287  -83.929  -0.339 0.1000000015
9656  -37.828  -84.158  -4.693 0.1000000015
10217  -31.924  -82.744  -1.147 0.1000000015
10208  -33.596  -83.193  -0.740 0.1000000015
8954  -34.500  -84.190  0.799 0.1000000015
10842  -36.526  -82.543  -5.179 0.1000000015
10239  -37.535  -83.258  -4.666 0.1000000015
9657  -38.393  -83.896  -4.481 0.1000000015
108070  -31.972  -81.947  -1.044 0.1000000015
10218  -32.690  -82.545  -0.965 0.1000000015
8375  -37.063  -85.452  -5.676 0.1000000015
10841  -35.578  -81.982  -5.615 0.1000000015
11450  -30.850  -80.110  -3.205 0.1000000015
11463  -33.963  -79.959  -4.630 0.1000000015
12111  -30.800  -79.934  -3.838 0.1000000015
12122  -31.427  -79.762  -4.145 0.1000000015
12123  -32.166  -79.751  -4.561 0.1000000015
10830  -37.093  -81.903  -4.668 0.1000000015
9677  -38.049  -84.201  -5.651 0.1000000015
109751  -35.805  -80.376  -4.562 0.1000000015
12112  -32.166  -79.660  -3.712 0.1000000015
11436  -31.251  -80.201  -2.608 0.1000000015
12098  -31.500  -79.818  -3.312 0.1000000015
12099  -32.188  -79.700  -3.022 0.1000000015
11465  -36.667  -80.784  -4.383 0.1000000015
10820  -38.581  -81.960  -3.692 0.1000000015
10798  -32.536  -81.541  -1.008 0.1000000015
12125  -34.478  -79.698  -3.895 0.1000000015
11464  -34.879  -80.130  -4.610 0.1000000015
11452  -36.361  -80.055  -3.853 0.1000000015
99993  -32.779  -79.638  -4.013 0.1000000015
12124  -33.543  -79.620  -3.947 0.1000000015
11420  -31.820  -80.370  -2.018 0.1000000015
12113  -32.960  -79.638  -3.247 0.1000000015
112146  -31.846  -79.920  -2.629 0.1000000015
11466  -37.543  -81.353  -4.047 0.1000000015
11454  -38.871  -81.327  -2.846 0.1000000015
12115  -36.025  -79.762  -3.073 0.1000000015
10788  -33.319  -82.149  -0.798 0.1000000015
108908  -35.052  -79.644  -2.223 0.1000000015
104721  -35.017  -79.609  -3.014 0.1000000015
12114  -33.980  -79.572  -3.178 0.1000000015
11439  -37.028  -80.059  -3.003 0.1000000015
12102  -35.738  -79.664  -2.287 0.1000000015
10209  -34.368  -83.300  -0.279 0.1000000015
12100  -33.481  -79.752  -2.424 0.1000000015
11421  -32.601  -80.631  -1.422 0.1000000015
11441  -39.263  -80.929  -1.788 0.1000000015
10799  -33.176  -81.287  -0.968 0.1000000015
8977  -34.243  -84.824  -0.227 0.1000000015
9600  -32.619  -83.769  1.515 0.1000000015
9601  -33.836  -83.834  1.348 0.1000000015
9602  -34.529  -83.770  1.196 0.1000000015
8953  -34.176  -84.422  0.962 0.1000000015
110574  -29.357  -81.566  -2.719 0.1000000015
12120  -29.859  -80.088  -4.902 0.1000000015
11487  -29.849  -80.332  -6.281 0.1000000015
11474  -30.578  -80.262  -5.984 0.1000000015
10864  -32.260  -82.117  -6.886 0.1000000015
10264  -32.623  -82.793  -7.103 0.1000000015
10807  -30.169  -81.468  -2.128 0.1000000015
11479  -35.223  -80.910  -5.196 0.1000000015
11462  -33.083  -79.856  -4.626 0.1000000015
10829  -36.165  -81.313  -5.035 0.1000000015
112294  -37.060  -80.477  -3.762 0.1000000015
11451  -35.438  -79.835  -3.875 0.1000000015
12101  -34.353  -79.662  -2.387 0.1000000015
11453  -37.809  -80.838  -3.300 0.1000000015
8952  -33.411  -84.571  1.138 0.1000000015
5123  -23.237  -91.242  -22.791 0.1000000015
5169  -27.611  -92.173  -26.038 0.1000000015
4535  -26.799  -92.344  -25.367 0.1000000015
5168  -26.040  -91.474  -25.286 0.1000000015
5153  -25.581  -91.715  -24.722 0.1000000015
105961  -24.374  -91.835  -23.709 0.1000000015
5183  -27.665  -91.434  -26.451 0.1000000015
5197  -29.092  -91.362  -27.166 0.1000000015
114760  -29.298  -90.728  -27.865 0.1000000015
5594  -23.308  -90.307  -23.196 0.1000000015
5579  -22.736  -90.459  -22.518 0.1000000015
5578  -22.343  -89.849  -22.214 0.1000000015
5595  -23.777  -90.273  -24.002 0.1000000015
5152  -24.924  -91.555  -24.297 0.1000000015
5139  -24.265  -91.108  -23.966 0.1000000015
5138  -23.789  -91.172  -23.440 0.1000000015
5122  -22.559  -91.296  -22.203 0.1000000015
106550  -26.761  -91.268  -26.044 0.1000000015
116544  -24.874  -92.351  -24.018 0.1000000015
4525  -25.522  -92.461  -24.439 0.1000000015
5626  -27.207  -90.610  -26.752 0.1000000015
5641  -28.542  -90.443  -27.590 0.1000000015
5652  -28.946  -89.963  -28.262 0.1000000015
6164  -29.505  -89.685  -28.989 0.1000000015
7895  -23.636  -86.639  -17.851 0.1000000015
7249  -22.455  -87.280  -19.314 0.1000000015
7911  -24.130  -86.500  -18.431 0.1000000015
6080  -22.829  -89.414  -22.848 0.1000000015
6079  -22.259  -89.022  -22.193 0.1000000015
6069  -22.013  -88.791  -21.475 0.1000000015
6635  -22.243  -88.044  -21.050 0.1000000015
6634  -21.820  -88.048  -20.272 0.1000000015
7267  -22.507  -87.446  -20.327 0.1000000015
6093  -23.521  -89.285  -23.736 0.1000000015
117218  -21.728  -89.179  -21.263 0.1000000015
6704  -24.062  -88.843  -24.150 0.1000000015
6068  -21.895  -89.672  -21.585 0.1000000015
6108  -24.841  -89.654  -24.948 0.1000000015
5603  -24.450  -90.439  -24.513 0.1000000015
5640  -27.638  -90.088  -27.372 0.1000000015
7912  -24.904  -86.176  -17.986 0.1000000015
7236  -23.110  -86.854  -18.588 0.1000000015
7897  -25.029  -85.997  -17.257 0.1000000015
6648  -22.444  -88.177  -21.899 0.1000000015
7284  -22.892  -87.532  -21.392 0.1000000015
113411  -22.996  -87.891  -22.177 0.1000000015
7296  -23.531  -88.044  -22.797 0.1000000015
6120  -25.396  -89.763  -25.450 0.1000000015
5613  -25.890  -90.422  -25.754 0.1000000015
5625  -26.440  -90.059  -26.402 0.1000000015
6135  -26.924  -89.643  -27.017 0.1000000015
6150  -27.479  -89.226  -27.497 0.1000000015
6107  -24.147  -89.480  -24.413 0.1000000015
7250  -23.106  -86.965  -19.723 0.1000000015
7235  -22.357  -87.331  -18.533 0.1000000015
6684  -23.819  -88.487  -23.587 0.1000000015
6685  -24.490  -88.449  -23.940 0.1000000015
104836  -22.623  -87.241  -17.818 0.1000000015
7326  -25.768  -88.173  -23.963 0.1000000015
7310  -26.480  -88.043  -23.385 0.1000000015
7311  -27.281  -88.085  -23.486 0.1000000015
115192  -23.855  -87.080  -19.993 0.1000000015
7285  -23.580  -87.648  -21.948 0.1000000015
7297  -24.298  -87.753  -22.401 0.1000000015
7309  -25.073  -88.167  -23.571 0.1000000015
101254  -25.841  -87.941  -22.289 0.1000000015
105726  -25.760  -88.009  -23.138 0.1000000015
7287  -25.082  -87.693  -21.948 0.1000000015
7269  -24.275  -87.127  -20.785 0.1000000015
7286  -24.303  -87.458  -21.613 0.1000000015
7288  -25.942  -87.785  -21.375 0.1000000015
7308  -24.341  -88.066  -23.230 0.1000000015
7327  -26.539  -87.945  -24.378 0.1000000015
7298  -25.050  -87.865  -22.797 0.1000000015
5604  -25.257  -90.718  -25.033 0.1000000015
5999  -33.061  -89.253  -13.172 0.1000000015
6000  -33.030  -89.485  -12.187 0.1000000015
6045  -32.732  -89.113  -18.874 0.1000000015
6057  -21.768  -88.703  -20.862 0.1000000015
6569  -32.914  -89.447  -11.724 0.1000000015
6667  -22.810  -88.463  -22.589 0.1000000015
6683  -23.239  -88.675  -23.179 0.1000000015
6713  -34.146  -88.373  -24.204 0.1000000015
7140  -35.007  -88.316  -7.868 0.1000000015
7152  -35.204  -88.220  -8.568 0.2000000030
7225  -23.132  -87.306  -17.102 0.1000000015
7268  -23.310  -87.119  -20.641 0.1000000015
7365  -35.300  -87.159  -27.177 0.1000000015
7859  -31.969  -87.360  -13.261 0.1000000015
7960  -37.719  -85.660  -24.798 0.1000000015
7982  -35.696  -86.278  -27.306 0.1000000015
7983  -36.234  -86.180  -26.388 0.1000000015
7999  -35.307  -86.559  -28.457 0.1000000015
8383  -35.394  -86.264  -6.530 0.1000000015
8536  -39.072  -84.431  -23.987 0.1000000015
8588  -37.873  -85.410  -24.712 0.1000000015
8970  -34.528  -84.209  0.291 0.1000000015
9043  -37.464  -84.981  -6.807 0.2000000030
9763  -41.661  -82.559  -18.382 0.1000000015
10347  -42.296  -81.666  -18.250 0.1000000015
10368  -40.807  -82.438  -20.074 0.1000000015
10797  -31.772  -81.090  -1.342 0.1000000015
10862  -30.745  -81.227  -7.498 0.1000000015
10891  -34.758  -81.773  -11.806 0.4000000060
10922  -42.555  -81.047  -15.852 0.1000000015
10940  -40.542  -80.954  -18.040 0.1000000015
10942  -42.262  -81.179  -18.143 0.1000000015
10955  -36.613  -81.472  -18.420 0.1000000015
11403  -40.646  -80.682  1.478 0.1000000015
11455  -41.621  -80.905  -2.430 0.2000000030
11488  -30.582  -80.648  -6.736 0.1000000015
11545  -43.193  -79.954  -14.875 0.1000000015
11546  -43.332  -79.485  -14.943 0.1000000015
11562  -43.186  -79.802  -15.827 0.1000000015
12070  -40.421  -80.008  2.012 0.1000000015
12155  -40.216  -79.813  -8.408 0.5000000000
12156  -40.662  -79.951  -8.174 0.5000000000
12197  -43.394  -79.062  -15.346 0.1000000015
12211  -37.337  -78.898  -18.158 0.1000000015
12820  -42.985  -78.466  -14.932 0.1000000015
12821  -43.305  -79.016  -14.965 0.1000000015
12834  -43.390  -78.565  -15.755 0.1000000015
13446  -43.302  -77.944  -15.875 0.1000000015
13453  -43.134  -77.687  -16.081 0.1000000015
14047  -40.055  -76.497  -15.271 0.1000000015
14070  -42.259  -76.486  -16.227 0.1000000015
14083  -41.131  -76.041  -18.727 0.1000000015
15363  -40.445  -75.162  -16.144 0.1000000015
15447  -33.631  -74.273  -23.696 0.1000000015
15479  -37.782  -74.726  -27.241 0.1000000015
17678  -36.362  -72.323  -25.751 0.1000000015
18242  -37.477  -70.528  -5.472 0.1000000015
20681  -34.866  -67.224  -23.378 0.1000000015
100585  -34.061  -82.688  -0.488 0.1000000015
100853  -40.833  -80.098  -7.203 0.5000000000
102716  -23.618  -87.271  -21.313 0.1000000015
103152  -33.250  -88.938  -18.371 0.1000000015
103465  -36.125  -80.745  -18.202 0.1000000015
105664  -33.782  -84.591  -21.113 0.1000000015
107556  -36.158  -85.271  -24.856 0.1000000015
110033  -40.855  -77.037  -17.934 0.1000000015
111545  -25.546  -86.201  -18.424 0.1000000015
112408  -40.786  -82.768  -15.949 0.2000000030
113933  -32.668  -88.412  -15.355 0.1000000015
117003  -29.181  -80.388  -6.548 0.1000000015
117221  -23.177  -86.844  -17.720 0.1000000015
117254  -31.841  -71.566  -11.306 0.1000000015
117633  -39.285  -82.136  -19.622 0.1000000015
119421  -39.065  -84.827  -23.980 0.1000000015
119841  -35.349  -82.169  -18.699 0.1000000015
120097  -33.566  -89.521  -11.154 0.1000000015
120191  -31.117  -86.594  -17.136 0.1000000015
120504  -25.021  -87.511  -21.236 0.1000000015
