#!ascii label  , from subject sub-049 vox2ras=TkReg
810
54992  15.997  -16.178  -31.855 0.2500000000
54991  16.370  -16.474  -31.978 0.2500000000
54099  16.446  -16.948  -32.020 0.7500000000
57373  15.772  -12.679  -31.491 0.2500000000
56587  15.691  -13.523  -31.840 0.1250000000
57393  15.717  -13.154  -32.282 0.3750000000
56613  16.672  -14.439  -32.842 0.2500000000
55794  14.916  -14.961  -31.230 0.2500000000
55005  17.030  -16.211  -32.437 0.7500000000
55805  16.497  -15.568  -32.133 0.3750000000
54990  17.144  -17.089  -32.630 0.8750000000
54111  16.816  -17.706  -34.055 0.8750000000
57392  16.244  -13.690  -33.499 0.3750000000
55814  17.020  -15.075  -32.769 0.8750000000
55018  17.998  -16.510  -33.567 1.0000000000
55813  17.453  -15.833  -33.107 1.0000000000
114285  16.679  -17.724  -34.043 1.0000000000
55004  17.480  -16.985  -32.976 0.8750000000
107540  17.798  -17.576  -34.304 1.0000000000
58159  15.526  -12.252  -32.242 0.2500000000
57407  16.048  -13.597  -34.104 0.7500000000
55830  17.260  -14.824  -33.487 0.8750000000
56629  16.729  -14.217  -33.468 0.7500000000
55828  18.539  -15.659  -34.145 1.0000000000
55829  17.765  -15.192  -33.851 1.0000000000
55016  19.646  -17.039  -34.502 1.0000000000
55017  18.898  -16.815  -34.090 1.0000000000
54123  18.128  -17.901  -34.529 1.0000000000
101278  17.779  -17.386  -34.030 1.0000000000
58158  15.539  -11.802  -31.058 0.1250000000
57408  15.292  -13.222  -34.050 0.6250000000
57426  16.383  -13.316  -34.590 1.0000000000
56645  17.061  -14.173  -34.181 1.0000000000
101950  19.481  -16.025  -34.431 1.0000000000
113987  19.125  -15.094  -34.588 1.0000000000
56643  18.144  -14.510  -34.542 1.0000000000
55827  20.271  -16.258  -34.781 1.0000000000
102494  21.082  -16.565  -34.942 1.0000000000
60727  15.589  -8.847  -33.989 0.2500000000
58931  15.175  -11.331  -32.238 0.2500000000
58946  14.482  -11.149  -33.048 0.3750000000
58173  14.954  -12.809  -34.114 0.5000000000
57448  15.650  -12.606  -34.545 1.0000000000
58200  15.355  -12.073  -34.410 0.6250000000
57446  18.186  -13.773  -35.069 1.0000000000
57447  17.248  -13.233  -35.131 1.0000000000
55842  20.131  -15.243  -35.017 1.0000000000
101005  19.151  -13.708  -35.239 1.0000000000
56656  20.583  -14.704  -35.331 1.0000000000
55826  20.850  -16.070  -35.145 1.0000000000
107320  21.135  -14.633  -35.418 1.0000000000
55825  21.387  -15.872  -35.201 1.0000000000
60738  16.052  -9.018  -35.094 0.5000000000
59823  15.258  -9.408  -33.346 0.3750000000
59824  15.767  -11.191  -34.327 0.5000000000
59835  16.592  -10.643  -34.843 0.5000000000
58969  17.152  -11.662  -35.242 0.8750000000
58199  16.145  -12.051  -34.871 1.0000000000
59834  17.132  -10.813  -35.403 1.0000000000
58197  18.263  -13.014  -35.385 1.0000000000
58198  17.141  -12.512  -35.308 1.0000000000
57463  20.117  -13.333  -35.725 1.0000000000
58196  19.340  -13.177  -35.521 1.0000000000
57443  21.305  -13.933  -35.645 1.0000000000
55840  21.568  -15.159  -35.244 0.8750000000
61633  15.742  -8.223  -34.623 0.5000000000
60758  17.003  -9.857  -36.097 0.6250000000
59854  17.542  -10.348  -36.131 1.0000000000
58990  17.902  -11.137  -35.895 1.0000000000
58986  21.100  -11.623  -36.915 1.0000000000
58987  20.218  -11.964  -36.596 1.0000000000
58213  19.724  -12.598  -35.905 1.0000000000
58988  19.309  -11.812  -36.190 1.0000000000
99636  20.990  -12.533  -36.419 1.0000000000
58212  20.394  -12.793  -36.130 1.0000000000
108140  21.781  -12.132  -36.533 0.8750000000
58195  21.672  -13.159  -36.124 1.0000000000
118728  21.902  -13.795  -35.657 0.8750000000
101966  16.833  -8.724  -36.405 0.8750000000
60756  18.659  -9.531  -36.855 1.0000000000
59853  18.304  -10.310  -36.422 1.0000000000
59851  20.456  -11.058  -37.191 1.0000000000
115928  19.921  -10.511  -37.264 1.0000000000
58989  18.800  -11.083  -36.386 1.0000000000
59864  21.647  -9.966  -37.728 1.0000000000
58985  22.577  -11.678  -36.575 1.0000000000
59850  21.303  -10.787  -37.408 1.0000000000
106199  21.947  -11.264  -37.057 1.0000000000
61654  16.640  -8.112  -36.431 0.5000000000
61653  16.812  -8.011  -36.674 0.8750000000
60757  17.229  -8.843  -36.630 1.0000000000
61676  18.783  -7.884  -38.178 1.0000000000
60772  18.891  -8.889  -37.428 1.0000000000
60773  18.040  -8.808  -36.960 1.0000000000
61673  21.289  -8.139  -38.367 1.0000000000
61665  20.632  -8.681  -38.235 1.0000000000
61663  22.839  -8.564  -37.335 1.0000000000
107624  21.423  -8.715  -38.127 1.0000000000
60770  21.104  -9.386  -38.062 1.0000000000
59863  22.735  -9.579  -37.303 1.0000000000
60769  22.000  -9.055  -37.768 1.0000000000
59849  22.807  -10.691  -36.926 0.8750000000
98916  17.699  -4.357  -38.781 1.0000000000
65024  16.862  -4.626  -38.024 0.3750000000
64283  17.306  -5.073  -38.252 0.8750000000
62589  18.512  -7.187  -38.399 1.0000000000
62587  21.002  -7.534  -38.660 1.0000000000
109635  20.301  -7.588  -38.609 1.0000000000
106427  17.675  -4.163  -39.785 0.8750000000
65745  18.378  -4.472  -39.971 1.0000000000
65023  18.904  -4.486  -39.010 1.0000000000
64282  18.429  -4.979  -38.671 1.0000000000
99129  19.829  -4.480  -39.565 1.0000000000
63492  19.341  -6.585  -38.682 1.0000000000
63490  21.348  -6.888  -38.715 1.0000000000
110295  21.089  -6.131  -39.123 1.0000000000
63489  22.061  -6.907  -38.309 1.0000000000
99175  17.926  -3.458  -40.786 0.7500000000
99089  19.660  -4.462  -40.233 1.0000000000
99193  20.875  -4.653  -39.783 1.0000000000
99356  21.304  -5.407  -39.028 1.0000000000
64280  20.975  -5.304  -39.247 1.0000000000
99160  20.091  -4.602  -41.367 1.0000000000
113369  20.638  -4.717  -40.580 1.0000000000
70441  18.645  2.852  -38.505 0.1250000000
71268  18.962  3.522  -37.851 0.1250000000
70459  18.783  2.646  -40.352 0.2500000000
106452  18.695  3.524  -40.025 0.1250000000
100570  18.943  3.244  -40.980 0.3750000000
70465  19.285  2.937  -41.657 0.5000000000
71304  19.408  3.398  -42.040 0.3750000000
104675  18.760  4.449  -39.653 0.2500000000
71289  18.806  4.168  -40.766 0.2500000000
72110  18.757  5.121  -40.429 0.2500000000
72889  18.751  5.792  -41.147 0.2500000000
71298  19.027  3.808  -41.637 0.2500000000
72897  19.106  5.059  -42.400 0.2500000000
72129  19.283  4.137  -42.201 0.3750000000
72121  18.771  4.845  -41.629 0.2500000000
72128  20.140  4.216  -42.657 0.3750000000
55795  14.781  -15.407  -30.874 0.1250000000
56586  15.684  -14.225  -31.734 0.1250000000
54121  19.539  -17.737  -34.741 1.0000000000
107533  20.358  -9.361  -37.922 1.0000000000
55737  15.325  -15.755  -29.982 0.1250000000
54087  16.221  -17.540  -31.535 0.6250000000
53198  17.824  -17.846  -32.956 0.7500000000
57372  16.148  -13.195  -31.512 0.1250000000
52375  18.362  -18.360  -33.562 1.0000000000
53221  18.176  -18.088  -34.676 1.0000000000
53225  19.046  -18.365  -35.053 1.0000000000
54120  20.526  -17.425  -34.600 1.0000000000
59789  14.738  -10.590  -32.544 0.3750000000
59807  14.793  -9.828  -32.827 0.2500000000
55824  21.987  -15.601  -35.011 0.8750000000
58194  22.471  -13.299  -35.829 0.8750000000
55839  22.193  -14.761  -35.122 0.8750000000
58210  23.107  -12.095  -36.242 0.8750000000
65737  16.804  -4.381  -37.811 0.1250000000
64995  16.149  -4.208  -36.174 0.1250000000
61634  15.695  -7.582  -35.106 0.3750000000
62566  16.521  -7.100  -36.721 0.6250000000
99585  23.282  -11.361  -36.384 0.8750000000
64284  16.616  -5.227  -37.814 0.3750000000
64270  16.863  -5.736  -37.817 0.8750000000
62586  21.882  -7.583  -38.211 1.0000000000
63478  22.643  -6.882  -38.001 1.0000000000
64278  22.236  -6.217  -38.254 1.0000000000
98910  18.868  -4.537  -41.065 1.0000000000
64279  21.611  -6.195  -38.789 1.0000000000
99243  18.294  -3.163  -41.597 0.8750000000
99136  20.940  -3.114  -42.380 1.0000000000
99280  21.138  -4.310  -41.019 1.0000000000
99137  21.160  -4.735  -39.561 1.0000000000
70442  18.546  2.195  -38.973 0.1250000000
68834  18.787  0.736  -41.133 0.6250000000
112201  19.161  2.377  -41.086 0.6250000000
70472  19.682  2.637  -42.178 0.5000000000
71279  18.686  3.732  -38.887 0.2500000000
71303  20.113  3.289  -42.536 0.5000000000
72101  18.970  5.366  -39.262 0.2500000000
72879  18.961  6.005  -39.972 0.1250000000
116736  18.722  5.658  -42.018 0.2500000000
72906  20.009  5.188  -42.819 0.2500000000
55771  14.873  -15.562  -30.631 0.1250000000
54980  15.929  -16.859  -31.734 0.3750000000
112462  15.869  -17.470  -31.349 0.5000000000
54098  17.079  -17.217  -32.519 0.7500000000
53226  18.421  -18.200  -34.821 1.0000000000
54122  19.099  -17.847  -34.963 1.0000000000
57427  15.197  -12.999  -34.168 0.8750000000
56644  17.370  -13.785  -34.773 1.0000000000
55015  20.459  -16.918  -34.699 1.0000000000
59808  14.327  -10.467  -32.909 0.3750000000
58957  15.259  -11.792  -34.235 0.5000000000
115837  16.477  -12.763  -34.948 1.0000000000
55841  20.994  -15.328  -35.332 1.0000000000
56657  19.943  -14.267  -35.233 1.0000000000
56658  19.172  -14.342  -34.894 1.0000000000
57445  19.835  -13.729  -35.432 1.0000000000
57444  20.546  -14.015  -35.509 1.0000000000
56655  21.734  -14.418  -35.387 1.0000000000
58970  16.388  -11.212  -34.732 0.6250000000
58214  18.885  -12.397  -35.660 1.0000000000
58968  17.977  -12.084  -35.566 1.0000000000
57462  20.833  -13.361  -36.000 1.0000000000
99735  17.786  -9.584  -36.506 1.0000000000
99469  19.641  -11.168  -36.838 1.0000000000
58211  22.476  -12.558  -36.231 0.8750000000
61666  19.740  -8.843  -37.884 1.0000000000
60771  19.629  -9.663  -37.455 1.0000000000
59852  19.172  -10.349  -36.846 1.0000000000
59865  20.631  -10.173  -37.715 1.0000000000
109881  22.093  -10.487  -37.379 1.0000000000
61655  16.482  -7.474  -36.468 0.6250000000
61668  17.478  -8.179  -37.173 1.0000000000
61667  18.263  -8.311  -37.643 1.0000000000
62577  17.765  -7.647  -37.859 1.0000000000
110172  19.079  -8.411  -37.902 1.0000000000
62588  19.534  -7.388  -38.546 1.0000000000
61675  19.817  -8.114  -38.277 1.0000000000
61664  22.152  -8.254  -37.881 1.0000000000
61674  20.629  -8.014  -38.485 1.0000000000
115731  17.847  -5.703  -38.339 1.0000000000
62590  17.659  -6.888  -38.063 1.0000000000
63493  18.275  -6.425  -38.428 1.0000000000
63491  20.445  -6.879  -38.860 1.0000000000
99843  18.449  -3.913  -41.272 0.8750000000
109452  19.018  -5.694  -38.632 1.0000000000
64281  19.870  -4.893  -38.983 1.0000000000
108141  20.204  -5.859  -38.936 1.0000000000
98897  21.110  -4.627  -40.264 1.0000000000
98908  20.752  -3.850  -41.705 1.0000000000
98909  19.453  -4.309  -41.649 1.0000000000
105158  18.832  2.728  -37.745 0.1250000000
70453  18.578  2.823  -39.439 0.1250000000
72091  19.044  4.683  -38.521 0.2500000000
70454  18.658  1.906  -39.821 0.3750000000
112372  18.973  1.952  -40.575 0.5000000000
69623  19.490  1.917  -41.741 0.7500000000
73510  19.104  5.931  -42.427 0.2500000000
54902  15.884  -16.807  -28.890 0.1250000000
54079  15.636  -17.269  -29.315 0.1250000000
53184  17.311  -18.077  -31.787 0.7500000000
53209  17.797  -17.911  -33.985 1.0000000000
64996  16.039  -5.571  -37.028 0.5000000000
62578  17.044  -7.493  -37.199 0.8750000000
62579  16.660  -6.740  -37.182 0.7500000000
114411  17.207  -7.069  -37.582 0.8750000000
64271  16.265  -5.565  -37.360 0.7500000000
63480  16.316  -6.062  -37.314 0.8750000000
63479  16.989  -6.450  -37.646 1.0000000000
117280  17.496  -6.252  -38.050 1.0000000000
98918  19.423  -3.526  -42.266 1.0000000000
98904  21.460  -3.189  -41.501 1.0000000000
113376  21.330  -4.084  -40.181 1.0000000000
69608  18.521  1.323  -38.910 0.3750000000
111004  19.194  0.977  -41.698 0.7500000000
69618  19.184  1.516  -41.108 0.7500000000
69619  18.870  1.264  -40.495 0.5000000000
72127  20.799  4.250  -43.513 0.2500000000
49779  19.071  -22.295  -29.927 0.7500000000
49777  21.157  -22.750  -30.314 0.7500000000
50639  18.454  -21.362  -30.306 0.7500000000
51502  18.272  -20.698  -30.671 0.7500000000
50648  20.428  -21.277  -30.890 0.7500000000
50638  19.450  -21.468  -30.605 0.7500000000
50650  18.978  -20.774  -31.059 0.7500000000
110067  21.286  -20.986  -31.227 0.7500000000
50649  19.690  -20.798  -31.226 0.7500000000
52343  17.867  -19.123  -31.420 0.7500000000
51516  19.539  -20.112  -31.917 0.7500000000
51534  19.234  -19.604  -32.443 0.8750000000
52342  18.569  -19.464  -31.997 0.8750000000
51515  20.453  -20.455  -31.714 0.7500000000
51532  20.092  -19.770  -32.574 0.7500000000
52363  19.481  -19.148  -33.263 0.8750000000
52374  18.962  -18.787  -33.798 0.8750000000
110050  20.820  -19.926  -32.344 0.7500000000
52362  19.916  -19.221  -33.313 0.7500000000
52381  18.448  -18.379  -33.949 0.8750000000
119940  20.574  -19.099  -33.419 0.7500000000
52379  20.037  -19.078  -33.802 0.8750000000
52380  19.415  -18.670  -34.487 0.8750000000
53207  21.520  -18.176  -33.671 0.8750000000
53218  20.603  -18.192  -34.281 0.8750000000
117565  21.163  -17.663  -34.291 0.8750000000
54119  21.346  -16.982  -34.527 0.8750000000
54108  23.603  -17.222  -32.981 0.3750000000
55002  23.116  -16.422  -33.695 0.6250000000
114043  22.346  -16.370  -34.235 0.7500000000
55014  21.704  -16.284  -34.824 0.7500000000
55001  23.997  -16.488  -33.391 0.5000000000
55013  22.677  -15.769  -34.463 0.7500000000
56628  24.699  -15.251  -33.976 0.1250000000
55823  23.208  -15.241  -34.504 0.6250000000
56642  22.684  -15.042  -34.821 0.6250000000
56654  23.060  -14.198  -35.054 0.6250000000
55811  25.888  -14.992  -33.274 0.1250000000
56627  25.361  -14.740  -33.918 0.1250000000
57424  24.688  -13.844  -34.986 0.1250000000
57423  25.287  -13.093  -34.871 0.1250000000
57441  23.981  -13.598  -35.362 0.6250000000
102100  23.977  -12.899  -35.772 0.6250000000
58193  23.219  -12.735  -35.959 0.7500000000
101639  25.494  -13.892  -34.334 0.1250000000
58182  25.835  -12.340  -34.678 0.1250000000
58191  25.160  -12.383  -35.272 0.1250000000
58192  24.533  -12.279  -35.704 0.5000000000
58967  23.816  -12.040  -36.037 0.6250000000
58984  23.822  -11.146  -36.078 0.7500000000
113765  26.217  -13.567  -33.718 0.1250000000
58965  25.126  -11.547  -35.518 0.5000000000
59833  24.815  -10.732  -35.789 0.5000000000
59847  24.152  -10.488  -36.052 0.6250000000
59848  23.555  -10.518  -36.517 0.7500000000
113745  17.743  -2.920  -40.283 0.6250000000
99225  17.825  -1.595  -40.932 0.5000000000
99315  18.265  -2.164  -41.767 0.7500000000
103170  23.964  -9.217  -36.561 0.6250000000
109269  23.487  -8.936  -36.889 0.6250000000
61652  23.308  -8.509  -36.920 0.6250000000
61662  23.382  -8.329  -37.194 0.7500000000
113395  18.122  -1.261  -41.458 0.7500000000
105150  22.919  -8.034  -37.495 0.8750000000
64269  21.844  -5.475  -38.580 0.8750000000
62575  23.357  -7.883  -37.722 0.7500000000
99827  22.884  -6.294  -37.756 0.8750000000
64268  22.500  -5.455  -37.919 0.8750000000
113329  22.087  -4.559  -38.238 0.8750000000
61650  25.248  -8.120  -35.534 0.3750000000
61651  24.241  -8.383  -36.214 0.5000000000
62564  23.838  -7.685  -36.645 0.5000000000
63461  23.586  -7.193  -37.159 0.6250000000
62562  25.758  -7.134  -35.238 0.2500000000
62563  24.711  -7.382  -35.915 0.3750000000
68067  17.889  -0.740  -40.988 0.6250000000
67330  18.786  -1.340  -42.077 0.7500000000
98922  18.907  -3.011  -42.372 0.8750000000
98920  20.036  -3.010  -42.528 0.8750000000
113363  21.297  -4.519  -39.760 0.8750000000
99028  21.587  -3.471  -39.315 0.7500000000
99035  22.175  -3.384  -38.208 0.8750000000
110366  23.555  -6.376  -37.380 0.6250000000
64267  23.331  -5.492  -37.461 0.7500000000
105719  24.449  -6.597  -36.446 0.3750000000
99090  22.929  -4.635  -37.514 0.7500000000
63459  25.314  -6.373  -35.655 0.2500000000
68840  18.209  0.022  -41.138 0.6250000000
99191  19.459  -2.151  -42.359 0.8750000000
99813  21.255  -2.495  -42.185 0.8750000000
113285  21.742  -2.602  -40.684 0.8750000000
67329  21.314  -1.699  -42.141 0.7500000000
113287  21.874  -2.501  -39.750 0.8750000000
108935  23.910  -4.521  -37.142 0.5000000000
65010  25.320  -4.501  -36.510 0.2500000000
102651  24.467  -4.740  -36.676 0.5000000000
64265  24.669  -5.486  -36.457 0.5000000000
63433  26.089  -5.611  -35.859 0.2500000000
68835  18.555  0.494  -40.414 0.5000000000
68839  18.696  0.232  -41.793 0.5000000000
68845  19.419  0.410  -42.248 0.6250000000
68076  21.043  -0.176  -42.573 0.7500000000
67339  21.172  -0.963  -42.414 0.7500000000
68075  21.543  -0.026  -42.246 0.7500000000
68070  21.534  -0.693  -41.656 0.7500000000
68063  22.117  -0.765  -39.628 0.7500000000
108284  21.529  -1.406  -41.207 0.7500000000
110786  21.916  0.150  -41.801 0.7500000000
98912  22.266  -1.590  -39.218 0.7500000000
107658  22.639  -1.521  -38.261 0.7500000000
68062  22.601  -0.695  -38.741 0.7500000000
98893  24.126  -2.901  -37.243 0.5000000000
100547  23.483  -2.169  -37.383 0.3750000000
99150  22.685  -2.311  -37.813 0.6250000000
65724  25.864  -3.546  -36.673 0.2500000000
99159  24.302  -3.622  -37.082 0.3750000000
111834  19.706  1.148  -42.204 0.6250000000
68844  20.330  0.516  -42.527 0.7500000000
68838  21.964  0.679  -42.130 0.7500000000
111061  21.876  0.014  -40.887 0.7500000000
68828  22.392  0.169  -39.218 0.7500000000
68821  22.924  0.112  -38.424 0.6250000000
67284  24.878  -1.284  -37.475 0.3750000000
68041  23.771  -0.589  -37.755 0.3750000000
66527  26.435  -2.240  -37.440 0.1250000000
99393  25.364  -1.756  -37.276 0.2500000000
115372  20.376  1.158  -42.553 0.6250000000
69627  21.755  1.394  -42.362 0.7500000000
68833  22.125  0.740  -41.365 0.6250000000
68829  21.883  0.845  -40.172 0.7500000000
68808  23.500  -0.110  -38.171 0.3750000000
68039  25.240  -0.813  -37.923 0.2500000000
68040  24.483  -0.659  -37.755 0.3750000000
68042  23.120  -0.719  -38.015 0.6250000000
66541  26.878  -2.050  -38.037 0.1250000000
66526  26.941  -2.651  -37.441 0.1250000000
69629  19.926  1.814  -42.440 0.6250000000
69628  20.821  1.601  -42.640 0.6250000000
69617  22.171  1.581  -40.857 0.3750000000
69622  22.198  1.378  -41.818 0.3750000000
69614  22.029  1.788  -39.899 0.3750000000
68827  25.039  1.066  -39.048 0.2500000000
68820  23.552  0.713  -38.544 0.3750000000
112078  22.206  1.010  -39.490 0.3750000000
68052  25.982  -1.162  -38.727 0.1250000000
68054  24.883  -0.141  -38.296 0.3750000000
68807  24.111  -0.016  -38.155 0.3750000000
66550  27.626  -2.965  -39.036 0.1250000000
67300  25.829  -1.199  -38.160 0.1250000000
104304  21.708  2.657  -42.635 0.3750000000
70471  20.363  2.371  -42.616 0.3750000000
70464  22.078  2.032  -42.162 0.3750000000
70452  22.256  2.577  -40.500 0.3750000000
70458  22.253  2.069  -41.473 0.3750000000
70450  23.521  3.028  -39.383 0.3750000000
70451  22.495  2.642  -39.686 0.3750000000
69604  24.523  1.455  -39.071 0.3750000000
69605  23.912  1.577  -38.919 0.3750000000
70440  22.956  2.370  -39.205 0.3750000000
67318  25.975  -1.470  -40.640 0.1250000000
68061  25.760  0.026  -39.299 0.1250000000
68818  25.311  0.410  -38.832 0.2500000000
66557  26.423  -2.144  -40.059 0.1250000000
71287  22.555  3.730  -42.047 0.2500000000
71286  23.381  4.023  -40.440 0.2500000000
107402  22.489  3.367  -40.680 0.3750000000
71288  22.363  2.774  -41.869 0.3750000000
70456  25.004  2.494  -40.498 0.1250000000
71277  23.134  3.615  -39.765 0.3750000000
71278  22.694  3.386  -39.927 0.3750000000
69611  25.370  1.682  -40.042 0.1250000000
70438  24.199  2.309  -39.278 0.2500000000
110974  25.741  0.049  -41.668 0.1250000000
68826  25.575  0.938  -39.497 0.1250000000
71296  21.693  3.669  -43.370 0.3750000000
71297  22.003  3.147  -42.796 0.3750000000
72109  23.169  4.483  -41.260 0.2500000000
70457  24.590  3.354  -41.120 0.1250000000
71285  23.867  4.214  -41.018 0.1250000000
70462  25.218  2.443  -41.519 0.1250000000
68069  25.663  -0.825  -42.011 0.1250000000
112576  25.743  0.738  -42.242 0.1250000000
72124  23.715  4.390  -42.839 0.1250000000
69626  25.511  1.320  -43.020 0.1250000000
70463  24.749  3.164  -42.214 0.1250000000
68074  25.502  -0.958  -42.898 0.1250000000
54110  21.863  -17.457  -33.841 0.6250000000
60754  24.433  -9.934  -36.088 0.6250000000
63477  23.189  -7.132  -37.660 0.8750000000
64266  24.015  -5.492  -37.085 0.5000000000
63460  25.224  -5.830  -36.104 0.3750000000
68072  18.378  -0.576  -41.661 0.6250000000
117674  19.862  -1.419  -42.429 0.8750000000
99107  20.866  -2.054  -42.671 0.8750000000
67320  21.579  -2.214  -41.387 0.8750000000
99157  21.798  -1.699  -40.312 0.7500000000
113299  22.175  -2.428  -38.682 0.7500000000
113318  23.444  -3.791  -37.237 0.5000000000
99278  24.794  -3.916  -36.784 0.5000000000
110944  25.803  0.205  -40.751 0.1250000000
70468  25.199  2.235  -42.597 0.1250000000
111371  25.645  -0.095  -42.581 0.1250000000
57425  23.908  -14.269  -34.896 0.5000000000
57442  22.388  -13.980  -35.384 0.7500000000
60737  25.185  -10.137  -35.540 0.3750000000
99058  22.627  -3.882  -37.597 0.7500000000
68832  25.844  1.024  -40.363 0.1250000000
61649  26.228  -7.872  -34.872 0.1250000000
48937  19.884  -23.016  -29.860 0.7500000000
49764  19.313  -23.235  -29.362 0.7500000000
49765  17.940  -21.810  -29.537 0.7500000000
51503  17.498  -21.151  -29.901 0.7500000000
48936  20.591  -23.269  -29.990 0.7500000000
49778  20.298  -22.265  -30.305 0.7500000000
51517  18.850  -20.125  -31.512 0.7500000000
113619  21.754  -20.309  -31.799 0.7500000000
51531  21.610  -19.620  -32.403 0.6250000000
52361  21.329  -19.148  -32.979 0.6250000000
53206  22.612  -18.070  -32.731 0.5000000000
54097  23.379  -17.856  -32.646 0.3750000000
54107  24.268  -17.430  -32.879 0.1250000000
55804  25.298  -16.286  -33.147 0.1250000000
114280  25.264  -15.502  -33.512 0.1250000000
56609  26.617  -15.358  -32.716 0.1250000000
57406  26.810  -13.930  -33.319 0.1250000000
58168  27.011  -13.090  -33.627 0.1250000000
58181  26.817  -12.256  -34.191 0.1250000000
98914  17.882  -2.017  -40.115 0.3750000000
58955  26.324  -11.703  -34.652 0.1250000000
58956  25.641  -11.844  -35.044 0.1250000000
116076  25.394  -10.827  -35.418 0.1250000000
60753  24.861  -9.180  -35.727 0.2500000000
108838  18.173  -0.275  -40.283 0.5000000000
63432  26.382  -6.244  -35.293 0.1250000000
64246  26.782  -4.914  -36.164 0.1250000000
65723  26.947  -3.351  -36.817 0.1250000000
65735  27.525  -3.198  -37.466 0.1250000000
65744  27.863  -3.368  -38.291 0.1250000000
65753  27.582  -3.539  -39.691 0.1250000000
65752  28.053  -3.841  -39.138 0.1250000000
66564  26.133  -2.293  -41.044 0.1250000000
65776  26.118  -3.659  -42.520 0.1250000000
116842  19.536  5.010  -37.749 0.1250000000
72120  22.470  4.128  -43.059 0.2500000000
72119  22.939  4.670  -42.308 0.1250000000
72125  23.104  4.644  -43.024 0.1250000000
71301  24.240  3.753  -43.047 0.1250000000
68842  25.625  0.524  -43.013 0.1250000000
105889  25.536  -2.775  -43.207 0.1250000000
68848  25.398  -0.167  -43.674 0.1250000000
60755  23.481  -9.242  -36.909 0.7500000000
114677  23.357  -9.943  -36.953 0.7500000000
99093  17.485  -3.643  -39.101 0.3750000000
113286  21.334  -4.871  -39.112 0.8750000000
102649  19.984  -17.910  -34.697 0.8750000000
52365  18.175  -18.617  -32.502 0.7500000000
52364  18.842  -19.024  -32.980 0.8750000000
53220  18.943  -18.428  -34.818 0.8750000000
120483  22.129  -16.001  -34.743 0.7500000000
102728  23.195  -13.433  -35.549 0.6250000000
62576  22.740  -7.543  -37.878 0.8750000000
113392  21.567  -3.373  -40.368 0.8750000000
115111  21.544  -4.148  -38.891 0.8750000000
111150  20.885  2.750  -42.745 0.3750000000
71302  21.053  3.377  -43.047 0.3750000000
72126  21.513  4.371  -43.939 0.1250000000
49787  21.480  -21.858  -30.716 0.7500000000
108031  17.753  -20.539  -30.304 0.7500000000
53175  17.251  -18.629  -30.802 0.6250000000
51533  19.694  -19.512  -32.733 0.8750000000
52373  19.526  -18.948  -33.825 0.8750000000
104673  20.529  -19.354  -33.009 0.7500000000
53208  20.815  -18.786  -33.671 0.7500000000
113499  19.897  -18.691  -34.421 0.8750000000
53197  22.027  -18.742  -32.891 0.6250000000
55003  21.960  -16.808  -34.207 0.7500000000
54096  24.136  -18.155  -32.660 0.2500000000
54109  22.682  -17.128  -33.359 0.6250000000
55812  23.519  -15.764  -34.101 0.5000000000
55000  24.656  -16.036  -33.476 0.2500000000
54989  24.730  -17.038  -33.037 0.1250000000
56639  24.802  -14.514  -34.452 0.2500000000
118715  24.354  -14.377  -34.706 0.3750000000
56641  23.342  -14.711  -34.717 0.6250000000
108787  25.997  -14.240  -33.563 0.1250000000
56626  26.522  -14.572  -33.078 0.1250000000
57440  24.634  -13.063  -35.448 0.5000000000
57422  26.018  -12.955  -34.114 0.1250000000
58966  24.398  -11.391  -35.843 0.6250000000
104678  23.830  -9.665  -36.643 0.6250000000
62565  23.868  -7.976  -37.720 0.6250000000
63476  24.049  -6.248  -36.967 0.5000000000
68071  19.362  -0.532  -42.285 0.6250000000
113292  22.901  -3.042  -37.339 0.6250000000
64994  26.409  -4.290  -36.503 0.1250000000
64247  25.788  -5.122  -36.296 0.2500000000
68843  21.280  0.706  -42.545 0.7500000000
111910  21.888  0.014  -39.953 0.7500000000
98905  23.159  -1.469  -37.665 0.6250000000
99705  24.466  -1.970  -37.213 0.3750000000
100467  23.939  -1.268  -37.425 0.3750000000
99192  25.163  -2.952  -36.800 0.1250000000
114498  25.546  -1.339  -37.699 0.3750000000
65736  26.249  -2.712  -36.894 0.1250000000
67283  26.144  -1.702  -37.702 0.1250000000
68819  24.484  0.725  -38.688 0.3750000000
69606  23.234  1.646  -38.991 0.3750000000
68053  25.614  -0.477  -38.566 0.2500000000
66551  27.129  -2.081  -39.012 0.1250000000
65754  27.143  -2.892  -39.831 0.1250000000
66540  27.401  -2.647  -38.232 0.1250000000
67299  26.445  -1.585  -38.455 0.1250000000
70470  21.305  2.133  -42.592 0.3750000000
67309  26.318  -1.516  -39.239 0.1250000000
107832  26.005  -1.351  -39.883 0.1250000000
68060  25.899  -0.844  -39.292 0.1250000000
71276  24.080  3.288  -39.996 0.3750000000
68065  25.833  -0.554  -40.140 0.1250000000
67319  25.816  -0.699  -41.133 0.1250000000
67328  25.823  -1.563  -41.495 0.1250000000
119184  25.773  0.346  -39.969 0.1250000000
115411  26.542  -3.097  -40.790 0.1250000000
100187  22.887  4.422  -41.754 0.2500000000
69616  25.541  1.685  -40.922 0.1250000000
72118  23.486  4.561  -41.915 0.1250000000
71295  24.225  4.140  -41.921 0.1250000000
69621  25.621  1.572  -41.926 0.1250000000
66573  25.667  -2.490  -42.535 0.1250000000
68837  25.852  0.924  -41.289 0.1250000000
48927  20.064  -23.795  -29.637 0.7500000000
100732  18.410  -22.597  -29.104 0.7500000000
52326  17.688  -19.741  -30.397 0.5000000000
51518  18.201  -20.002  -31.038 0.6250000000
51530  22.637  -19.887  -32.091 0.6250000000
53196  23.043  -18.847  -32.307 0.5000000000
59818  26.640  -11.010  -34.570 0.1250000000
58954  27.225  -11.542  -34.255 0.1250000000
59832  25.831  -11.230  -35.005 0.1250000000
64993  27.421  -4.229  -36.452 0.1250000000
119054  26.175  -2.875  -41.493 0.1250000000
66572  25.984  -3.011  -42.117 0.1250000000
48054  20.399  -24.386  -29.175 0.6250000000
48925  21.731  -23.916  -29.558 0.3750000000
48935  21.427  -23.385  -30.010 0.6250000000
48933  22.918  -23.348  -30.096 0.2500000000
49776  22.027  -22.751  -30.471 0.3750000000
53195  23.825  -18.811  -32.475 0.3750000000
99596  17.841  -1.054  -40.201 0.3750000000
68830  18.396  0.291  -39.418 0.2500000000
49786  22.705  -21.996  -30.989 0.5000000000
48052  22.059  -24.346  -29.089 0.5000000000
52360  22.658  -19.318  -32.293 0.5000000000
47177  20.301  -25.317  -28.226 0.6250000000
51487  16.926  -21.219  -29.277 0.3750000000
49766  17.473  -22.031  -28.778 0.3750000000
48043  19.942  -24.887  -28.678 0.6250000000
48055  19.514  -24.170  -28.926 0.6250000000
48928  18.712  -23.472  -28.675 0.6250000000
47175  21.817  -24.959  -28.115 0.3750000000
102744  21.579  -24.701  -28.588 0.5000000000
48042  20.782  -24.803  -28.648 0.6250000000
114800  16.899  -20.968  -29.443 0.2500000000
48915  22.789  -24.126  -29.029 0.3750000000
49775  23.000  -22.788  -30.737 0.2500000000
116682  16.468  -18.162  -31.037 0.3750000000
50657  23.044  -20.492  -31.830 0.3750000000
50656  23.869  -20.759  -32.036 0.2500000000
52359  23.804  -19.480  -32.366 0.2500000000
64248  15.983  -5.811  -36.908 0.3750000000
62567  16.192  -6.658  -36.534 0.2500000000
69615  18.682  1.040  -39.820 0.2500000000
104718  15.300  -9.345  -33.197 0.1250000000
63462  16.159  -6.321  -36.822 0.3750000000
50647  22.335  -21.110  -31.277 0.5000000000
50627  17.099  -21.535  -29.221 0.5000000000
48926  20.872  -23.937  -29.650 0.6250000000
101557  17.302  -20.686  -29.708 0.3750000000
51529  23.695  -19.983  -32.220 0.2500000000
48053  21.256  -24.400  -29.143 0.5000000000
48934  22.269  -23.374  -30.054 0.2500000000
48924  22.514  -23.806  -29.529 0.2500000000
48041  22.266  -24.548  -28.548 0.3750000000
47176  21.119  -25.167  -28.184 0.5000000000
110691  23.364  -21.240  -31.510 0.2500000000
59788  15.487  -10.456  -32.306 0.1250000000
47179  18.822  -25.156  -27.927 0.5000000000
47164  21.402  -25.486  -27.728 0.2500000000
47165  20.635  -25.652  -27.752 0.3750000000
47178  19.491  -25.349  -28.115 0.5000000000
47168  18.321  -25.418  -27.172 0.3750000000
48032  18.285  -24.550  -27.503 0.5000000000
48045  18.781  -24.385  -28.321 0.5000000000
48916  18.220  -23.602  -27.870 0.3750000000
46269  17.142  -25.921  -26.163 0.1250000000
100846  17.807  -22.768  -27.581 0.2500000000
45476  17.600  -27.576  -25.428 0.1250000000
46268  17.570  -26.463  -26.579 0.2500000000
46280  18.688  -26.527  -27.070 0.3750000000
46277  20.942  -26.000  -27.349 0.2500000000
46279  19.322  -26.394  -27.302 0.3750000000
46254  17.016  -26.263  -25.344 0.1250000000
46281  18.213  -26.211  -26.946 0.3750000000
48019  17.775  -24.600  -26.470 0.1250000000
49729  17.806  -22.958  -27.163 0.1250000000
60752  25.672  -8.659  -35.097 0.1250000000
48929  18.010  -22.701  -28.290 0.3750000000
48044  19.272  -24.875  -28.488 0.5000000000
49751  17.434  -22.131  -28.114 0.2500000000
50602  17.028  -21.611  -28.548 0.2500000000
47167  18.942  -25.867  -27.462 0.5000000000
47166  19.800  -25.794  -27.705 0.3750000000
46278  20.163  -26.216  -27.391 0.3750000000
108113  17.873  -24.980  -26.776 0.2500000000
48897  17.814  -23.815  -27.085 0.1250000000
47155  17.613  -25.783  -26.672 0.2500000000
47156  17.457  -25.331  -26.419 0.1250000000
48020  17.413  -25.220  -26.044 0.1250000000
46253  17.204  -26.693  -25.677 0.1250000000
45490  17.753  -27.079  -26.388 0.1250000000
46267  18.186  -26.815  -26.898 0.3750000000
46265  20.608  -26.656  -27.040 0.2500000000
45489  18.478  -27.297  -26.650 0.2500000000
45488  19.361  -27.461  -26.571 0.2500000000
45496  18.878  -26.891  -27.031 0.2500000000
106804  17.775  -19.263  -29.431 0.1250000000
99065  17.550  -2.743  -39.561 0.1250000000
113311  17.478  -3.706  -40.085 0.1250000000
98903  17.789  -1.214  -39.375 0.1250000000
99256  17.936  -0.591  -38.626 0.1250000000
68055  18.053  -0.303  -38.816 0.1250000000
98900  18.112  -1.013  -36.937 0.1250000000
99235  17.214  -3.245  -38.678 0.1250000000
107573  18.062  0.035  -38.227 0.1250000000
68822  18.255  0.541  -38.401 0.1250000000
68796  18.355  0.454  -36.227 0.1250000000
99154  17.118  -3.781  -38.208 0.1250000000
62547  15.382  -6.525  -34.736 0.1250000000
52307  17.977  -19.502  -28.936 0.1250000000
64232  14.712  -4.823  -34.478 0.1250000000
99182  16.996  -3.868  -38.002 0.1250000000
98917  17.090  -3.407  -38.247 0.1250000000
99221  17.374  -1.966  -38.232 0.1250000000
68029  18.236  -0.100  -35.671 0.1250000000
69574  18.708  1.016  -36.015 0.1250000000
69583  18.548  1.574  -37.225 0.1250000000
115486  15.981  -18.053  -31.034 0.1250000000
53177  15.743  -18.046  -29.548 0.1250000000
98907  18.039  -0.549  -39.565 0.1250000000
52308  17.281  -20.446  -29.752 0.1250000000
52287  17.647  -20.225  -28.545 0.1250000000
63463  15.904  -6.037  -36.625 0.1250000000
53176  16.561  -18.397  -30.609 0.1250000000
53165  17.212  -18.831  -30.393 0.1250000000
53164  17.858  -18.774  -29.412 0.1250000000
98899  17.716  -1.762  -37.296 0.1250000000
67266  18.291  -0.915  -35.818 0.1250000000
68809  18.237  0.816  -37.777 0.1250000000
118892  18.735  -1.349  -35.670 0.1250000000
69573  19.212  1.331  -35.473 0.1250000000
48031  22.367  -24.725  -28.070 0.1250000000
48040  22.980  -24.316  -28.367 0.1250000000
48923  23.328  -23.497  -29.636 0.1250000000
49763  23.516  -22.969  -30.362 0.1250000000
49785  23.605  -21.927  -31.258 0.1250000000
49784  24.205  -21.796  -31.489 0.1250000000
50646  24.080  -21.340  -31.764 0.1250000000
106242  25.102  -21.460  -32.002 0.1250000000
50655  24.359  -21.019  -32.157 0.1250000000
117141  24.875  -20.316  -32.488 0.1250000000
111414  24.296  -19.953  -32.415 0.1250000000
51527  25.126  -20.011  -32.588 0.1250000000
107288  24.714  -19.973  -32.529 0.1250000000
53194  24.559  -19.027  -32.589 0.1250000000
45486  21.247  -27.052  -26.459 0.1250000000
46266  19.745  -26.863  -27.109 0.1250000000
46264  21.279  -26.357  -26.946 0.1250000000
47154  21.650  -25.842  -27.203 0.1250000000
47153  22.280  -25.722  -26.952 0.1250000000
106514  23.491  -24.348  -27.761 0.1250000000
48030  22.878  -24.740  -27.660 0.1250000000
48914  23.567  -23.802  -28.968 0.1250000000
48922  24.196  -23.185  -29.569 0.1250000000
49762  24.295  -22.625  -30.426 0.1250000000
49773  25.479  -21.928  -31.227 0.1250000000
51513  25.315  -20.697  -32.372 0.1250000000
53193  25.098  -19.004  -32.632 0.1250000000
52356  25.357  -19.727  -32.563 0.1250000000
54095  24.727  -18.163  -32.758 0.1250000000
47163  22.167  -25.269  -27.609 0.1250000000
52358  24.442  -19.574  -32.496 0.1250000000
118384  23.825  -23.050  -29.985 0.1250000000
51528  24.460  -20.351  -32.365 0.1250000000
45487  20.324  -27.301  -26.594 0.1250000000
104046  23.894  -22.367  -31.001 0.1250000000
51514  24.793  -20.853  -32.322 0.1250000000
49774  24.667  -22.022  -31.353 0.1250000000
52357  24.854  -19.652  -32.593 0.1250000000
51526  25.677  -20.178  -32.477 0.1250000000
114187  21.508  -27.580  -25.770 0.1250000000
46263  21.980  -26.362  -26.528 0.1250000000
48039  23.860  -23.941  -28.265 0.1250000000
53192  25.845  -19.075  -32.371 0.1250000000
50645  24.572  -21.430  -31.946 0.1250000000
53219  19.393  -18.525  -34.846 1.0000000000
54088  15.700  -17.346  -29.994 0.1250000000
54934  15.672  -16.663  -29.220 0.1250000000
54968  15.547  -16.394  -30.155 0.2500000000
54981  14.830  -15.958  -30.937 0.1250000000
55770  14.773  -15.009  -30.439 0.1250000000
56640  23.976  -14.942  -34.382 0.6250000000
58183  15.105  -12.521  -34.252 0.6250000000
58971  15.594  -11.587  -34.417 0.5000000000
60768  23.350  -8.740  -36.956 0.7500000000
63440  14.917  -5.734  -34.349 0.1250000000
64249  15.898  -5.721  -36.674 0.1250000000
65011  16.415  -5.127  -37.555 0.3750000000
65770  26.435  -3.414  -41.729 0.1250000000
66528  25.782  -2.202  -37.078 0.1250000000
66565  25.871  -2.348  -41.822 0.1250000000
67338  25.620  -1.684  -42.313 0.1250000000
67349  25.464  -1.862  -43.211 0.1250000000
68066  21.655  -0.745  -40.530 0.7500000000
68077  20.182  -0.144  -42.500 0.7500000000
69612  24.979  1.652  -39.388 0.3750000000
69613  22.606  1.737  -39.307 0.3750000000
70439  23.458  2.388  -39.170 0.3750000000
70449  24.785  2.323  -39.753 0.2500000000
71267  22.998  3.060  -39.337 0.3750000000
72099  22.858  3.978  -40.704 0.2500000000
98911  18.959  -4.149  -41.599 1.0000000000
98915  19.328  -3.961  -41.982 1.0000000000
98919  17.998  -4.174  -40.522 0.8750000000
98921  18.834  -3.646  -41.952 1.0000000000
98923  17.874  -2.562  -40.936 0.6250000000
99215  24.963  -2.313  -36.916 0.2500000000
99277  20.060  -3.890  -42.132 1.0000000000
107972  22.783  0.936  -38.861 0.3750000000
113371  20.642  -0.919  -42.587 0.7500000000
113941  24.160  -15.712  -33.914 0.2500000000
116925  18.928  -18.737  -34.343 0.8750000000
117969  18.575  -11.688  -35.901 1.0000000000
118269  19.092  2.599  -35.978 0.1250000000
119134  22.539  -7.869  -37.885 1.0000000000
119357  18.941  4.092  -38.243 0.2500000000
119500  22.039  0.511  -39.671 0.7500000000
119507  22.423  3.080  -40.100 0.3750000000
119570  23.489  -0.997  -37.665 0.3750000000
119862  25.792  -15.669  -33.055 0.1250000000
121058  18.608  -18.348  -34.719 0.8750000000
