#!ascii label  , from subject sub-049 vox2ras=TkReg
1262
111329  44.969  -62.604  -26.440 0.6000000238
18828  46.368  -62.955  -26.114 0.5000000000
20381  44.190  -60.617  -26.444 0.6999999881
21166  43.927  -59.526  -26.529 0.6000000238
20382  42.889  -60.099  -26.473 0.6000000238
21167  42.624  -59.064  -26.395 0.6000000238
108449  45.570  -61.337  -26.598 0.6999999881
19598  44.607  -61.675  -26.472 0.6000000238
115800  43.349  -61.062  -26.461 0.5000000000
118643  42.606  -60.698  -26.400 0.5000000000
114257  41.996  -59.558  -26.215 0.6000000238
19597  46.038  -62.421  -26.392 0.5000000000
19599  43.698  -62.163  -26.442 0.6000000238
112530  41.571  -58.826  -26.145 0.6000000238
18822  46.000  -63.520  -25.486 0.5000000000
18815  45.788  -63.225  -24.989 0.5000000000
101571  43.993  -57.917  -26.758 0.6000000238
23421  43.739  -56.916  -26.628 0.6999999881
21165  45.449  -59.632  -26.698 0.6000000238
21956  43.308  -58.454  -26.536 0.6000000238
22670  43.024  -57.488  -26.450 0.6000000238
108494  46.362  -60.853  -26.721 0.6000000238
108493  45.062  -60.344  -26.528 0.6999999881
21957  42.124  -58.018  -26.274 0.6000000238
19596  46.790  -62.440  -26.076 0.5000000000
107334  46.784  -61.726  -26.425 0.5000000000
22672  41.359  -57.211  -25.862 0.6000000238
18821  46.497  -62.932  -25.815 0.5000000000
18814  46.437  -62.947  -25.438 0.5000000000
22673  40.504  -57.540  -25.686 0.6000000238
22660  40.004  -57.056  -25.561 0.6999999881
23414  39.670  -56.595  -25.367 0.6999999881
22661  39.372  -57.317  -25.505 0.6000000238
23416  38.421  -57.141  -25.244 0.6000000238
22662  38.748  -57.555  -25.436 0.6000000238
23389  35.847  -57.030  -23.036 0.5000000000
23382  34.205  -56.607  -22.269 0.6999999881
23390  34.847  -57.197  -22.794 0.6000000238
119481  33.603  -55.935  -22.135 0.8000000119
108389  43.474  -55.990  -26.573 0.6999999881
21955  45.098  -58.501  -26.920 0.6999999881
22669  44.726  -57.453  -26.930 0.6000000238
100362  42.818  -56.586  -26.370 0.6999999881
21164  46.950  -60.291  -26.751 0.6000000238
21954  46.526  -59.285  -27.049 0.6000000238
23423  41.888  -56.385  -25.906 0.8000000119
20380  47.510  -60.984  -26.264 0.5000000000
108341  47.310  -61.088  -26.460 0.5000000000
19591  47.254  -61.647  -26.077 0.5000000000
23412  41.117  -56.043  -25.499 0.8000000119
118472  41.239  -56.592  -25.661 0.6000000238
19584  46.330  -62.589  -25.191 0.5000000000
24161  40.615  -55.582  -25.267 0.8000000119
23413  40.310  -56.314  -25.382 0.8000000119
22659  40.710  -56.784  -25.571 0.6999999881
23396  39.430  -56.208  -25.086 0.6999999881
24162  40.006  -55.910  -25.138 0.6999999881
24148  38.520  -56.195  -24.368 0.6999999881
24147  39.178  -55.855  -24.603 0.6999999881
23415  39.064  -56.848  -25.369 0.6999999881
23397  38.801  -56.479  -25.004 0.6000000238
24139  37.456  -56.135  -23.192 0.6999999881
23399  37.178  -57.032  -24.378 0.6999999881
23398  38.082  -56.797  -24.714 0.6000000238
23380  36.397  -56.297  -22.530 0.6999999881
23388  36.773  -56.682  -23.578 0.6000000238
23381  35.239  -56.557  -22.253 0.8000000119
24131  34.430  -55.829  -21.724 0.8999999762
23383  32.876  -55.525  -22.624 0.6999999881
24132  33.552  -55.131  -21.985 0.8000000119
106317  33.213  -56.550  -22.553 0.6999999881
102873  43.974  -55.378  -26.738 0.6000000238
24168  43.251  -55.345  -26.442 0.6999999881
24876  43.522  -54.784  -26.496 0.6999999881
23420  44.498  -56.301  -26.874 0.6000000238
24159  42.610  -54.968  -26.088 0.6000000238
22676  46.646  -57.581  -27.428 0.4000000060
22668  45.900  -58.138  -27.225 0.6000000238
23419  45.399  -57.117  -27.142 0.6000000238
23422  42.658  -55.766  -26.191 0.6999999881
22667  47.363  -58.912  -27.358 0.6000000238
23411  41.890  -55.519  -25.786 0.8000000119
21155  48.141  -59.788  -26.732 0.4000000060
21953  47.841  -59.894  -27.022 0.5000000000
20375  47.608  -61.101  -26.025 0.5000000000
24160  41.254  -55.217  -25.491 0.8000000119
20376  47.130  -61.581  -25.632 0.4000000060
24145  40.296  -55.213  -24.939 0.8000000119
20362  46.410  -61.873  -25.110 0.5000000000
24146  39.753  -55.524  -24.740 0.8000000119
24137  39.067  -54.860  -23.444 0.8000000119
113464  38.817  -55.561  -23.893 0.6999999881
24129  37.202  -55.745  -22.463 0.8999999762
24138  38.204  -55.987  -23.667 0.6999999881
23387  37.704  -56.460  -24.029 0.6999999881
24130  35.532  -55.859  -21.748 0.8999999762
24835  32.989  -54.504  -22.672 0.8000000119
24836  32.406  -54.809  -23.353 0.8000000119
24868  43.004  -54.234  -26.115 0.6000000238
24875  44.353  -54.745  -26.820 0.5000000000
107028  46.717  -56.540  -27.442 0.4000000060
23427  45.556  -56.336  -27.254 0.5000000000
24167  44.838  -55.413  -27.037 0.6000000238
101945  42.135  -54.359  -25.724 0.6999999881
22675  48.108  -58.499  -27.479 0.5000000000
24869  41.404  -54.572  -25.463 0.6999999881
21951  48.878  -58.842  -27.217 0.5000000000
21942  48.827  -59.173  -26.851 0.4000000060
21952  48.819  -59.296  -27.004 0.4000000060
25620  40.531  -54.051  -24.396 0.8000000119
24854  40.819  -54.892  -25.221 0.8000000119
21943  48.109  -59.587  -26.324 0.4000000060
24855  39.986  -54.713  -24.383 0.8000000119
113140  40.518  -54.627  -24.840 0.8000000119
103428  46.349  -61.039  -25.083 0.3000000119
24832  38.679  -54.448  -22.772 0.8000000119
24845  39.286  -54.156  -23.183 0.8000000119
24136  39.435  -55.168  -24.155 0.8000000119
24833  38.045  -54.713  -22.248 0.8000000119
24834  37.368  -55.162  -22.021 0.8999999762
24128  38.191  -55.375  -22.915 0.8999999762
24821  36.562  -54.818  -21.418 0.8999999762
24117  36.483  -55.560  -21.858 0.8999999762
24118  35.685  -55.156  -21.324 0.8999999762
118774  34.935  -55.344  -21.333 0.8999999762
118691  32.182  -54.365  -24.089 0.8000000119
24119  34.269  -54.896  -21.442 0.8999999762
25640  43.925  -54.210  -26.506 0.6000000238
25631  43.502  -53.612  -25.951 0.6000000238
99820  44.755  -54.218  -26.825 0.6000000238
24172  47.056  -55.754  -27.426 0.4000000060
24173  45.835  -55.514  -27.269 0.4000000060
120307  47.784  -56.659  -27.632 0.4000000060
25633  41.606  -53.921  -25.353 0.6999999881
23425  48.872  -57.260  -27.565 0.5000000000
23426  47.862  -57.486  -27.622 0.4000000060
24853  40.971  -54.265  -25.089 0.6999999881
22665  49.218  -58.084  -27.155 0.5000000000
102865  40.353  -53.591  -23.776 0.8000000119
117687  38.895  -53.766  -22.602 0.8000000119
25611  39.863  -53.990  -23.661 0.8000000119
25602  38.254  -54.049  -22.085 0.8000000119
25586  36.605  -53.980  -20.979 0.8999999762
24822  35.742  -54.447  -20.950 0.8999999762
107622  34.949  -54.729  -20.978 0.8999999762
24823  34.361  -54.059  -21.220 1.0000000000
25613  32.701  -53.899  -23.625 0.8000000119
116912  33.613  -54.100  -21.966 1.0000000000
119584  33.172  -53.742  -22.805 0.8000000119
26375  43.132  -52.991  -25.325 0.6000000238
26376  42.402  -52.998  -25.027 0.6999999881
24880  46.305  -54.769  -27.159 0.4000000060
24166  45.163  -54.724  -27.090 0.4000000060
25618  41.833  -53.317  -24.980 0.6999999881
23424  49.574  -56.975  -27.333 0.5000000000
104142  49.178  -55.570  -27.605 0.4000000060
25619  41.211  -53.692  -24.761 0.8000000119
26351  40.602  -53.037  -23.540 0.8000000119
115080  39.077  -53.292  -22.476 0.8000000119
25601  39.425  -53.560  -22.983 0.8000000119
25585  37.609  -53.645  -21.397 0.8000000119
24820  37.442  -54.420  -21.637 0.8999999762
116068  35.710  -53.807  -20.688 0.8999999762
24814  35.034  -53.982  -20.746 1.0000000000
25588  33.886  -53.277  -21.489 1.0000000000
25612  33.153  -53.114  -23.332 0.8000000119
101915  33.442  -53.182  -22.368 0.8000000119
115516  45.039  -53.189  -26.007 0.6000000238
25630  44.458  -53.669  -26.281 0.6000000238
26374  44.248  -52.975  -25.577 0.6000000238
100593  42.047  -52.754  -24.367 0.6999999881
26349  42.513  -52.183  -23.953 0.6999999881
24873  47.219  -54.381  -27.072 0.4000000060
100503  46.246  -54.011  -26.950 0.5000000000
25639  45.396  -53.686  -26.599 0.5000000000
25609  41.506  -53.210  -24.377 0.8000000119
109651  41.960  -52.336  -23.742 0.8000000119
24879  47.744  -55.112  -27.405 0.4000000060
26350  41.392  -52.775  -23.789 0.8000000119
24878  49.808  -54.826  -27.616 0.4000000060
24872  48.535  -54.369  -27.484 0.4000000060
25600  39.919  -53.292  -23.289 0.8000000119
25584  38.497  -53.318  -21.889 0.8000000119
25574  36.963  -53.185  -20.749 0.8000000119
25576  35.228  -53.272  -20.523 1.0000000000
25587  34.538  -53.295  -20.849 1.0000000000
27135  33.655  -51.812  -22.374 1.0000000000
25621  32.828  -53.081  -24.302 0.8000000119
26346  33.449  -52.418  -22.865 1.0000000000
26352  33.304  -52.391  -23.904 1.0000000000
27874  33.716  -51.077  -22.411 1.0000000000
27884  33.732  -50.370  -22.469 1.0000000000
27885  33.775  -50.658  -23.300 1.0000000000
27894  34.102  -50.174  -23.998 1.0000000000
27893  33.779  -49.941  -23.049 1.0000000000
26359  43.744  -52.446  -24.800 0.6999999881
26360  42.795  -52.526  -24.645 0.6999999881
27159  43.304  -51.980  -24.127 0.6999999881
26373  45.251  -52.567  -25.554 0.6000000238
26358  44.759  -52.264  -24.912 0.6000000238
101426  46.307  -53.435  -26.528 0.5000000000
26342  41.619  -52.146  -23.269 0.8000000119
25637  48.888  -53.528  -27.253 0.4000000060
101676  40.231  -52.700  -22.961 0.8000000119
26344  39.512  -52.912  -22.619 0.8000000119
26345  39.007  -52.908  -22.064 0.8000000119
26332  37.780  -52.881  -21.144 0.6999999881
25575  36.065  -53.259  -20.528 0.8999999762
26324  36.446  -52.602  -20.317 0.8000000119
26325  35.574  -52.603  -20.246 0.8999999762
27125  36.055  -51.957  -19.908 1.0000000000
26326  34.798  -52.584  -20.419 1.0000000000
27126  35.201  -51.910  -19.977 1.0000000000
27862  34.879  -51.105  -19.837 1.0000000000
26333  34.124  -52.515  -20.988 1.0000000000
27863  34.167  -50.861  -20.527 1.0000000000
27134  33.833  -51.573  -21.393 1.0000000000
27873  33.791  -50.566  -21.570 1.0000000000
27151  33.450  -51.672  -24.440 1.0000000000
26361  32.975  -52.382  -24.812 1.0000000000
27144  33.606  -51.554  -23.376 1.0000000000
108619  33.877  -50.882  -24.228 1.0000000000
27904  34.029  -50.222  -24.837 1.0000000000
28612  33.981  -49.580  -23.643 1.0000000000
27158  44.283  -51.783  -24.274 0.6999999881
27149  42.943  -51.604  -23.523 0.6999999881
26357  45.623  -51.906  -25.104 0.5000000000
27150  42.246  -51.859  -23.371 0.6999999881
105745  45.916  -52.187  -25.585 0.6000000238
26382  46.900  -52.894  -26.255 0.5000000000
25629  45.862  -52.839  -26.088 0.5000000000
27142  41.199  -51.907  -22.673 0.8000000119
116393  40.611  -52.240  -22.619 0.8000000119
27143  40.044  -52.316  -22.245 0.6999999881
102246  39.902  -51.784  -21.560 0.8000000119
26331  38.577  -52.587  -21.415 0.8000000119
26330  39.353  -52.344  -21.707 0.8000000119
26323  37.216  -52.567  -20.550 0.6999999881
26322  37.939  -52.102  -20.636 0.6999999881
27124  36.989  -51.990  -20.114 0.8999999762
27846  37.442  -50.702  -19.551 0.8000000119
116132  36.779  -50.553  -19.325 0.8000000119
28561  37.012  -49.326  -18.750 0.8000000119
27112  36.674  -51.240  -19.632 0.8000000119
27847  36.172  -50.727  -19.373 0.8000000119
27113  35.705  -51.264  -19.610 0.8999999762
27848  35.478  -50.507  -19.432 0.8999999762
28577  36.309  -50.013  -19.073 0.8000000119
27849  34.556  -50.142  -19.784 1.0000000000
28600  33.743  -49.703  -21.935 1.0000000000
28621  33.979  -49.349  -25.121 1.0000000000
29232  33.665  -48.808  -21.869 1.0000000000
28607  33.758  -49.223  -22.856 1.0000000000
28613  34.138  -49.549  -24.371 1.0000000000
29239  33.606  -48.335  -22.841 1.0000000000
29246  33.770  -48.254  -23.970 1.0000000000
27157  45.198  -51.541  -24.450 0.6999999881
27903  44.799  -51.118  -23.828 0.6999999881
27148  43.866  -51.265  -23.619 0.6999999881
27156  46.031  -51.184  -24.692 0.6000000238
27892  42.673  -51.283  -22.924 0.6999999881
27141  41.922  -51.587  -22.772 0.6999999881
26372  46.548  -52.243  -25.711 0.5000000000
27132  41.460  -51.367  -22.038 0.8000000119
101109  40.606  -51.714  -21.986 0.6999999881
27121  40.245  -51.376  -21.293 0.6999999881
114870  39.409  -51.727  -21.156 0.6999999881
27123  38.456  -51.425  -20.377 0.6999999881
116779  38.670  -49.796  -19.302 0.8000000119
28560  38.025  -49.452  -18.912 0.8000000119
28576  37.277  -50.061  -19.126 0.8000000119
29194  37.658  -48.637  -18.597 0.8000000119
28578  35.330  -49.680  -19.221 1.0000000000
28562  36.022  -49.032  -18.810 0.8000000119
110389  35.144  -49.001  -19.074 1.0000000000
28590  33.959  -49.961  -20.771 1.0000000000
103065  33.876  -49.179  -20.939 1.0000000000
29233  33.484  -47.958  -21.735 1.0000000000
111453  33.389  -47.533  -22.469 1.0000000000
103009  34.011  -48.821  -24.585 1.0000000000
29895  33.433  -47.568  -23.392 1.0000000000
110445  44.473  -50.637  -23.472 0.6999999881
27882  43.352  -50.566  -22.572 0.6000000238
27883  42.401  -50.918  -22.101 0.6000000238
27871  41.714  -50.706  -21.339 0.6999999881
27860  40.242  -50.884  -20.588 0.6999999881
27872  40.891  -51.117  -21.293 0.6999999881
27122  39.716  -51.342  -20.923 0.6999999881
100983  39.140  -51.388  -20.631 0.6999999881
28574  39.407  -49.712  -19.394 0.8000000119
114185  38.847  -51.002  -20.157 0.6999999881
27110  38.230  -50.834  -19.877 0.8000000119
113201  38.241  -47.880  -18.560 0.8000000119
29196  36.083  -48.220  -18.534 0.8000000119
29208  34.610  -48.566  -19.411 0.8000000119
29207  35.325  -48.262  -18.827 0.8000000119
29221  34.097  -48.862  -20.083 1.0000000000
29863  34.590  -47.761  -19.263 0.6999999881
29878  33.929  -48.103  -19.917 1.0000000000
29222  33.718  -48.438  -20.865 1.0000000000
30536  33.282  -46.659  -20.946 1.0000000000
28628  33.605  -48.864  -25.783 1.0000000000
29887  33.326  -47.109  -21.729 1.0000000000
29902  33.623  -47.557  -24.464 1.0000000000
108810  33.832  -48.153  -24.792 1.0000000000
29253  33.801  -48.491  -25.351 1.0000000000
27891  43.338  -51.065  -23.153 0.6999999881
27859  41.127  -50.468  -20.571 0.6999999881
27845  39.838  -50.333  -19.850 0.6999999881
114594  40.592  -50.240  -20.010 0.6999999881
108745  38.918  -50.391  -19.763 0.6999999881
29206  38.933  -49.207  -19.011 0.6999999881
29192  39.007  -47.922  -18.754 0.6999999881
29847  37.407  -47.801  -18.431 0.6999999881
29848  36.583  -47.658  -18.410 0.6999999881
29849  35.806  -47.542  -18.494 0.6999999881
110283  34.666  -46.900  -19.035 0.8000000119
30494  35.454  -46.777  -18.601 0.6999999881
29864  33.858  -47.114  -19.744 0.8999999762
29879  33.490  -47.492  -20.727 1.0000000000
30512  33.485  -46.266  -20.138 1.0000000000
108044  33.606  -47.990  -26.023 1.0000000000
30557  33.578  -46.924  -25.089 1.0000000000
30552  33.283  -46.903  -24.001 1.0000000000
118083  44.096  -50.089  -22.761 0.6000000238
27870  43.081  -50.089  -21.790 0.6000000238
28599  42.814  -49.544  -21.088 0.6000000238
100646  42.408  -50.248  -21.390 0.6000000238
28588  41.938  -49.808  -20.685 0.6000000238
28589  41.164  -49.675  -20.023 0.6000000238
28573  40.362  -49.520  -19.537 0.6000000238
29205  39.805  -48.011  -19.083 0.6999999881
29862  38.716  -47.300  -18.720 0.6999999881
30509  38.117  -46.252  -18.780 0.6999999881
30492  37.360  -46.436  -18.509 0.6999999881
30493  36.405  -46.754  -18.393 0.6999999881
34623  38.555  -41.860  -27.131 0.3000000119
31144  35.860  -45.969  -18.576 0.6999999881
34624  38.356  -41.171  -27.316 0.3000000119
30510  34.970  -46.051  -18.835 0.8000000119
103453  30.923  -49.249  -25.445 0.8999999762
101079  31.788  -49.067  -25.750 1.0000000000
29267  33.307  -48.083  -26.283 1.0000000000
29261  32.843  -48.762  -26.063 1.0000000000
31199  33.153  -46.333  -21.777 1.0000000000
30547  33.005  -46.228  -23.560 1.0000000000
30546  33.190  -46.813  -22.762 1.0000000000
29911  33.721  -47.602  -25.492 1.0000000000
30553  33.309  -46.328  -24.737 1.0000000000
115536  43.802  -49.757  -22.229 0.6000000238
28598  43.497  -49.309  -21.525 0.6000000238
29230  43.601  -48.465  -21.415 0.6000000238
29231  43.189  -48.886  -20.930 0.6000000238
29219  42.969  -48.065  -20.741 0.6000000238
29220  42.134  -48.060  -20.214 0.6999999881
29859  41.269  -48.074  -19.703 0.6999999881
28572  41.685  -48.882  -20.113 0.6000000238
31888  42.321  -44.855  -24.935 0.3000000119
31881  41.878  -44.834  -23.970 0.3000000119
29204  40.491  -48.552  -19.356 0.6999999881
29861  39.355  -47.230  -19.068 0.6999999881
30508  38.815  -46.544  -19.031 0.6999999881
33200  39.409  -43.036  -25.142 0.3000000119
33887  39.317  -42.167  -25.415 0.4000000060
105478  39.011  -41.511  -25.661 0.4000000060
100048  39.525  -41.386  -24.378 0.4000000060
28622  30.380  -49.741  -25.164 0.6999999881
29254  30.254  -48.932  -25.117 0.6999999881
109220  38.433  -37.998  -25.700 0.3000000119
109075  38.696  -40.811  -25.893 0.3000000119
31158  35.419  -45.245  -18.839 0.6999999881
29263  31.083  -48.501  -25.522 0.8999999762
119850  38.296  -38.436  -26.320 0.3000000119
30511  34.196  -46.206  -19.410 0.8000000119
29262  32.155  -48.108  -26.126 0.8999999762
36141  38.961  -38.673  -25.163 0.3000000119
35384  39.233  -39.671  -24.909 0.3000000119
111296  33.845  -45.661  -19.728 0.8000000119
110123  33.137  -45.920  -20.932 1.0000000000
114180  33.228  -47.526  -26.542 1.0000000000
31185  32.887  -45.454  -21.787 1.0000000000
30568  33.616  -46.942  -25.873 1.0000000000
29921  33.476  -47.302  -26.290 1.0000000000
116942  33.014  -46.075  -22.548 1.0000000000
31211  32.858  -45.588  -24.389 1.0000000000
29875  42.412  -47.415  -20.495 0.6999999881
29876  41.724  -47.201  -20.126 0.6999999881
31880  43.199  -44.643  -24.122 0.3000000119
31873  42.892  -44.730  -23.028 0.4000000060
29877  40.916  -47.177  -19.697 0.6999999881
112679  40.112  -47.178  -19.444 0.6999999881
31208  40.926  -45.241  -23.339 0.4000000060
30507  39.565  -46.557  -19.595 0.6999999881
31219  39.960  -45.691  -24.984 0.3000000119
30524  39.117  -46.017  -19.689 0.6999999881
31155  38.509  -45.691  -19.328 0.6999999881
31209  40.104  -45.441  -23.864 0.5000000000
32536  39.437  -44.015  -24.275 0.4000000060
32529  39.408  -43.956  -23.024 0.6000000238
33196  39.503  -42.999  -23.689 0.5000000000
31156  37.693  -45.707  -18.822 0.6999999881
31143  36.788  -45.843  -18.558 0.6999999881
118451  40.260  -37.789  -22.227 0.4000000060
112022  39.558  -42.205  -23.158 0.4000000060
31157  36.287  -45.197  -18.703 0.6999999881
29255  29.489  -48.651  -24.623 0.6999999881
119517  39.748  -37.622  -23.624 0.4000000060
33876  39.706  -41.488  -23.313 0.4000000060
36921  38.555  -37.200  -25.240 0.3000000119
102816  39.377  -37.941  -24.314 0.3000000119
109518  39.467  -40.524  -24.525 0.4000000060
106406  39.899  -40.758  -23.542 0.4000000060
31840  35.887  -44.625  -18.880 0.6999999881
35369  40.309  -39.027  -23.277 0.4000000060
34598  40.033  -40.137  -23.642 0.4000000060
34583  40.076  -40.880  -22.614 0.4000000060
110697  34.488  -45.294  -19.243 0.8000000119
35370  39.905  -39.598  -23.979 0.3000000119
118220  40.296  -39.692  -23.296 0.4000000060
31159  33.805  -45.057  -19.758 0.8000000119
29268  32.928  -47.972  -26.488 1.0000000000
106025  33.407  -44.920  -20.252 0.8999999762
31184  33.040  -45.158  -20.804 1.0000000000
109525  33.264  -45.950  -25.465 1.0000000000
31875  32.543  -44.741  -23.441 1.0000000000
31200  32.765  -45.483  -22.981 1.0000000000
31865  32.624  -44.599  -22.332 1.0000000000
107975  33.049  -45.373  -25.785 1.0000000000
31221  33.211  -45.922  -26.270 1.0000000000
31883  32.549  -44.577  -24.591 1.0000000000
31890  32.781  -44.578  -26.051 1.0000000000
29886  42.909  -47.133  -20.921 0.6000000238
30533  42.742  -46.308  -21.233 0.6000000238
30521  42.262  -46.718  -20.627 0.6000000238
30522  41.663  -46.507  -20.443 0.6999999881
31195  42.490  -45.257  -22.237 0.5000000000
31180  42.209  -45.671  -21.506 0.6000000238
104747  41.181  -46.630  -20.126 0.6999999881
31207  41.897  -44.956  -22.905 0.5000000000
31196  41.344  -45.414  -22.190 0.4000000060
30506  40.371  -46.432  -20.055 0.6999999881
31181  41.454  -45.716  -21.312 0.6000000238
31197  40.339  -45.353  -22.738 0.6000000238
30523  39.611  -45.942  -20.264 0.6999999881
31198  39.828  -45.204  -23.155 0.6000000238
31171  39.031  -45.402  -20.222 0.6999999881
103932  38.506  -44.972  -19.752 0.6999999881
105593  39.554  -44.824  -23.714 0.5000000000
104546  39.369  -44.425  -22.299 0.6000000238
31862  39.257  -44.469  -21.506 0.6000000238
105322  37.993  -45.062  -19.207 0.6000000238
36086  39.231  -38.150  -20.627 0.4000000060
33183  39.418  -42.791  -22.577 0.4000000060
32517  39.221  -43.555  -21.845 0.5000000000
32518  39.029  -43.765  -21.023 0.6000000238
36885  40.150  -37.891  -21.571 0.4000000060
104791  37.190  -45.105  -18.867 0.6999999881
36111  40.015  -38.113  -23.231 0.4000000060
36099  39.926  -38.385  -21.127 0.5000000000
33860  39.660  -41.726  -22.277 0.4000000060
31839  36.698  -44.480  -18.973 0.6999999881
102860  30.330  -47.912  -24.945 0.8999999762
36122  39.736  -38.794  -24.194 0.4000000060
34570  40.374  -40.209  -22.126 0.4000000060
31842  34.235  -44.541  -19.441 0.6999999881
31841  35.056  -44.354  -19.087 0.6999999881
35350  40.444  -39.551  -22.589 0.4000000060
29922  31.939  -47.217  -26.352 0.8999999762
31855  33.155  -44.364  -20.516 0.8999999762
29929  32.803  -47.395  -26.617 0.8999999762
30569  33.342  -46.574  -26.348 1.0000000000
29928  33.199  -46.898  -26.660 1.0000000000
31864  32.717  -44.482  -21.308 1.0000000000
30574  33.075  -45.982  -26.680 1.0000000000
115442  32.457  -44.197  -23.660 1.0000000000
33201  32.482  -41.876  -24.541 0.8999999762
108693  32.462  -42.728  -24.210 1.0000000000
32541  32.484  -43.683  -25.045 1.0000000000
31238  33.101  -45.208  -26.831 1.0000000000
32548  32.543  -43.741  -26.244 1.0000000000
108425  32.500  -42.764  -25.393 1.0000000000
110514  32.417  -42.868  -26.505 0.8999999762
30535  41.058  -46.043  -20.704 0.6999999881
31182  40.553  -45.579  -21.634 0.6999999881
31170  39.602  -45.381  -20.886 0.6999999881
119962  39.981  -45.342  -22.272 0.6000000238
31183  39.884  -45.387  -21.567 0.6000000238
113134  39.504  -45.084  -21.443 0.6999999881
31853  39.220  -44.896  -20.878 0.6000000238
120358  38.804  -44.810  -20.354 0.6000000238
31854  38.539  -44.311  -19.942 0.6000000238
118364  39.111  -37.600  -20.616 0.3000000119
105128  39.628  -45.044  -22.184 0.6000000238
120655  38.196  -44.502  -19.459 0.6000000238
110742  38.372  -37.808  -20.501 0.4000000060
32508  38.625  -43.514  -20.189 0.6000000238
33172  39.036  -42.977  -20.879 0.5000000000
102000  38.104  -43.861  -19.445 0.6000000238
33847  39.535  -41.528  -21.216 0.4000000060
32489  37.161  -43.658  -19.249 0.6000000238
35337  38.836  -39.527  -20.369 0.5000000000
34571  39.997  -40.868  -21.672 0.4000000060
35336  39.596  -39.789  -20.716 0.5000000000
102351  40.125  -40.071  -21.334 0.4000000060
32491  35.244  -43.345  -19.259 0.6000000238
34558  39.564  -40.675  -20.802 0.4000000060
29923  31.254  -47.741  -25.662 0.8999999762
32510  33.482  -43.584  -20.125 0.8999999762
32492  34.242  -43.656  -19.499 0.8000000119
30570  31.876  -46.319  -26.445 0.8999999762
30575  32.622  -45.839  -26.766 0.8999999762
103384  32.725  -46.617  -26.677 0.8999999762
32537  32.417  -43.628  -23.880 1.0000000000
31905  32.777  -44.608  -26.967 0.8999999762
101017  32.532  -41.850  -25.784 1.0000000000
101806  32.428  -42.068  -26.907 1.0000000000
32563  32.359  -43.854  -27.042 0.8999999762
33901  32.522  -41.294  -26.437 1.0000000000
33919  32.283  -41.464  -27.118 0.8999999762
31169  40.166  -45.774  -20.854 0.6999999881
38617  39.483  -35.878  -21.526 0.3000000119
37640  38.963  -36.975  -20.622 0.3000000119
115704  37.299  -37.666  -20.451 0.3000000119
35338  37.907  -39.384  -20.166 0.5000000000
36088  37.393  -38.552  -20.341 0.4000000060
33160  38.550  -42.539  -20.143 0.5000000000
33159  39.106  -42.083  -20.689 0.5000000000
32488  37.980  -42.951  -19.442 0.5000000000
36087  38.526  -38.735  -20.463 0.5000000000
33831  39.186  -41.356  -20.546 0.5000000000
33141  38.051  -42.171  -19.662 0.5000000000
34560  37.442  -40.069  -19.720 0.5000000000
33832  38.500  -41.613  -20.050 0.5000000000
110629  36.057  -43.917  -19.120 0.6000000238
34559  38.378  -40.118  -20.005 0.5000000000
116716  39.090  -40.187  -20.354 0.5000000000
34552  37.064  -40.816  -19.548 0.5000000000
33145  34.548  -42.687  -19.599 0.6000000238
32520  32.592  -43.620  -21.837 0.8999999762
33197  32.498  -41.861  -23.469 0.8999999762
109103  32.435  -42.761  -23.149 0.8999999762
32530  32.511  -43.772  -22.906 1.0000000000
31920  32.524  -44.550  -27.196 0.8999999762
31249  32.829  -45.109  -27.105 0.8999999762
107619  32.519  -41.061  -25.614 0.6999999881
33217  32.145  -42.912  -27.183 0.8999999762
32564  32.060  -43.736  -27.285 0.8999999762
37654  39.117  -36.212  -20.887 0.3000000119
110447  37.973  -36.937  -20.404 0.3000000119
37642  37.565  -36.158  -20.450 0.4000000060
36876  36.439  -37.560  -20.426 0.4000000060
35340  36.274  -38.762  -20.327 0.4000000060
35339  36.861  -39.365  -20.012 0.5000000000
111364  35.854  -39.499  -20.329 0.4000000060
33142  37.385  -42.238  -19.465 0.5000000000
105316  37.110  -42.864  -19.376 0.5000000000
34561  36.450  -40.143  -19.828 0.5000000000
33833  37.983  -40.804  -19.731 0.5000000000
32490  36.271  -43.112  -19.356 0.5000000000
33820  36.761  -41.583  -19.504 0.5000000000
33144  35.514  -42.472  -19.483 0.5000000000
33821  35.835  -41.680  -19.614 0.5000000000
33835  35.347  -41.069  -19.896 0.5000000000
33162  33.997  -42.186  -20.211 0.6000000238
32509  33.852  -42.935  -19.863 0.6000000238
108246  33.575  -41.899  -21.092 0.6999999881
32519  32.906  -43.552  -20.909 0.6999999881
33173  32.893  -42.571  -21.537 0.6999999881
33184  33.092  -41.619  -21.734 0.8000000119
118466  32.322  -44.803  -27.189 0.8999999762
109011  32.534  -42.895  -22.327 0.8999999762
33888  32.431  -41.179  -24.763 0.6999999881
32565  31.443  -43.434  -27.064 0.8999999762
33218  31.767  -42.836  -27.274 0.8999999762
34643  32.351  -40.827  -26.751 1.0000000000
109058  36.656  -36.179  -20.439 0.3000000119
110909  36.154  -36.914  -20.471 0.4000000060
37643  35.724  -36.263  -20.566 0.3000000119
36089  36.627  -38.150  -20.392 0.4000000060
111959  35.310  -37.054  -20.635 0.3000000119
36090  35.853  -38.144  -20.448 0.4000000060
36878  35.050  -37.944  -20.774 0.4000000060
34562  35.400  -40.304  -20.275 0.4000000060
111533  35.312  -38.834  -20.746 0.4000000060
112287  34.600  -39.092  -21.103 0.4000000060
34563  34.370  -40.098  -20.731 0.4000000060
33836  34.618  -40.844  -20.356 0.5000000000
33185  32.642  -41.917  -22.433 0.8000000119
33226  32.042  -42.123  -27.379 0.8999999762
33219  31.160  -42.694  -27.084 0.8999999762
34644  31.908  -40.407  -26.942 0.8999999762
34662  31.531  -40.712  -27.409 0.8000000119
33227  31.335  -41.974  -27.305 0.8000000119
35439  31.309  -39.870  -27.254 0.6999999881
115790  30.722  -39.674  -27.419 0.8000000119
38604  35.229  -35.570  -20.682 0.3000000119
37644  34.755  -36.405  -20.821 0.3000000119
112375  34.548  -37.235  -20.915 0.3000000119
120402  34.296  -36.793  -21.014 0.4000000060
36091  34.614  -38.637  -21.078 0.4000000060
36887  34.110  -38.003  -21.219 0.4000000060
36100  33.893  -38.930  -21.341 0.5000000000
35352  34.092  -39.513  -21.073 0.5000000000
35353  33.318  -39.618  -21.399 0.5000000000
35354  32.925  -39.102  -21.612 0.5000000000
34572  33.621  -40.119  -21.121 0.5000000000
34573  33.070  -40.301  -21.670 0.5000000000
33861  32.956  -41.013  -22.120 0.6000000238
33862  32.537  -41.117  -22.872 0.6999999881
34585  32.337  -40.567  -23.238 0.6999999881
34599  32.316  -40.691  -24.083 0.6999999881
34610  32.239  -40.504  -24.942 0.6999999881
120709  32.234  -40.177  -25.481 0.6999999881
35385  31.950  -39.753  -24.991 0.6999999881
35418  32.218  -40.266  -26.413 0.8000000119
35400  31.833  -39.254  -25.695 0.6999999881
39575  36.580  -34.688  -20.442 0.3000000119
39577  34.838  -34.939  -20.758 0.3000000119
38618  34.265  -35.533  -20.909 0.4000000060
37655  33.991  -36.399  -21.128 0.4000000060
112256  33.924  -37.135  -21.223 0.4000000060
36101  33.261  -38.383  -21.556 0.4000000060
112917  32.856  -37.896  -21.843 0.3000000119
35360  32.673  -39.791  -21.893 0.6000000238
36102  32.546  -38.511  -21.955 0.3000000119
35361  32.315  -39.227  -22.237 0.5000000000
36112  31.953  -38.567  -22.658 0.4000000060
34584  32.616  -40.453  -22.381 0.6999999881
109023  32.274  -39.930  -22.737 0.6999999881
35371  31.883  -39.315  -23.144 0.6000000238
33877  32.431  -41.174  -23.796 0.6999999881
109558  32.063  -40.031  -23.871 0.6999999881
36143  31.687  -39.250  -24.164 0.6000000238
38619  33.536  -35.804  -21.422 0.3000000119
37656  33.331  -36.701  -21.641 0.3000000119
36889  32.906  -37.293  -21.971 0.3000000119
38620  33.026  -35.993  -21.923 0.3000000119
111279  32.560  -36.645  -22.317 0.3000000119
38626  32.549  -35.648  -22.427 0.3000000119
36895  32.295  -37.687  -22.362 0.3000000119
36896  31.655  -37.016  -22.910 0.4000000060
36903  31.551  -37.889  -23.142 0.5000000000
36123  31.537  -38.614  -23.578 0.6000000238
36144  31.457  -38.558  -24.533 0.6000000238
40585  35.290  -33.295  -21.104 0.4000000060
40586  34.261  -33.750  -21.280 0.3000000119
39598  34.177  -34.607  -20.956 0.3000000119
39599  33.557  -34.351  -21.523 0.3000000119
38625  33.082  -35.131  -21.833 0.3000000119
102926  32.648  -34.875  -22.517 0.3000000119
37661  31.841  -36.063  -22.909 0.3000000119
37679  31.317  -36.402  -23.756 0.4000000060
36124  31.218  -37.941  -24.025 0.6000000238
119779  31.285  -37.318  -23.625 0.4000000060
36904  31.117  -37.180  -24.452 0.4000000060
36922  31.315  -37.885  -25.009 0.6000000238
36182  30.693  -38.519  -27.376 0.6999999881
34663  30.188  -39.851  -27.292 0.8000000119
41395  35.165  -32.446  -21.626 0.4000000060
111357  34.354  -32.870  -21.677 0.3000000119
40587  33.496  -33.399  -22.013 0.3000000119
39608  33.002  -34.255  -22.243 0.3000000119
39609  32.535  -34.262  -23.046 0.3000000119
113162  31.857  -35.005  -23.782 0.4000000060
38647  31.386  -35.379  -24.326 0.4000000060
37695  30.996  -36.315  -24.817 0.4000000060
104811  30.981  -37.168  -25.373 0.4000000060
37696  30.639  -36.387  -25.794 0.4000000060
36153  31.542  -38.561  -25.443 0.6000000238
36164  31.174  -38.386  -26.749 0.6999999881
36936  30.723  -37.158  -26.300 0.4000000060
105812  30.476  -37.189  -27.132 0.4000000060
36949  30.763  -37.789  -26.883 0.6000000238
36963  30.243  -37.580  -27.636 0.5000000000
35440  30.360  -39.123  -27.453 0.6999999881
36183  29.943  -38.304  -27.587 0.6999999881
117578  35.540  -31.322  -21.974 0.3000000119
41413  33.710  -32.316  -22.340 0.3000000119
116116  32.882  -33.623  -22.649 0.3000000119
39618  32.138  -34.569  -23.605 0.3000000119
39619  31.773  -34.487  -24.223 0.4000000060
39632  31.289  -34.715  -24.832 0.3000000119
38666  30.826  -35.393  -25.346 0.3000000119
39644  30.909  -34.384  -25.519 0.3000000119
38667  30.397  -35.710  -26.456 0.3000000119
37706  30.436  -36.532  -26.837 0.3000000119
103652  30.253  -35.916  -27.594 0.3000000119
37714  30.215  -36.682  -27.719 0.3000000119
36184  29.300  -37.785  -27.506 0.5000000000
42190  34.299  -31.603  -22.412 0.3000000119
41437  33.098  -32.064  -22.942 0.3000000119
40606  32.539  -33.393  -23.296 0.3000000119
40616  32.180  -33.228  -24.052 0.3000000119
113045  30.495  -34.960  -26.158 0.3000000119
38686  30.226  -35.035  -27.243 0.3000000119
37715  29.964  -36.657  -28.053 0.4000000060
36964  29.752  -37.351  -27.823 0.5000000000
37716  29.481  -36.612  -28.189 0.5000000000
36965  28.988  -37.193  -27.792 0.5000000000
42997  34.167  -30.851  -22.762 0.3000000119
42191  33.554  -31.452  -22.831 0.3000000119
42207  32.922  -31.488  -23.473 0.3000000119
41438  32.568  -32.442  -23.589 0.3000000119
41453  32.063  -32.519  -24.374 0.3000000119
41454  31.559  -33.117  -24.814 0.3000000119
116880  30.708  -33.803  -26.046 0.3000000119
39645  30.422  -34.337  -26.487 0.3000000119
37729  30.071  -35.964  -28.226 0.4000000060
37730  29.796  -35.926  -28.422 0.4000000060
110014  28.628  -36.529  -28.087 0.4000000060
37717  28.207  -35.874  -28.331 0.4000000060
113690  27.718  -36.287  -27.795 0.4000000060
43843  35.460  -29.958  -22.616 0.3000000119
42996  34.914  -30.403  -22.778 0.3000000119
42232  32.796  -30.915  -23.993 0.3000000119
42208  32.339  -31.646  -24.381 0.3000000119
40642  31.071  -33.550  -25.487 0.3000000119
40654  30.696  -33.113  -26.298 0.3000000119
39659  30.272  -34.272  -27.376 0.3000000119
40670  30.307  -33.688  -27.976 0.3000000119
38695  30.201  -35.341  -28.290 0.3000000119
38709  30.038  -35.403  -28.706 0.4000000060
38710  29.640  -35.407  -28.854 0.3000000119
43844  34.855  -29.568  -22.994 0.3000000119
43005  34.061  -30.082  -22.982 0.3000000119
43853  33.976  -29.381  -23.325 0.3000000119
43006  33.419  -30.667  -23.362 0.3000000119
43029  32.471  -30.802  -24.808 0.3000000119
42243  31.881  -31.340  -25.413 0.3000000119
41467  31.627  -32.141  -25.100 0.3000000119
41468  31.135  -32.657  -25.716 0.3000000119
42244  31.285  -31.800  -26.067 0.3000000119
40655  30.393  -33.654  -26.882 0.3000000119
44674  34.524  -28.738  -23.262 0.3000000119
110586  33.594  -29.948  -23.559 0.3000000119
44675  33.893  -28.671  -23.809 0.3000000119
43028  33.030  -30.168  -24.213 0.3000000119
41480  30.829  -32.287  -26.685 0.3000000119
41481  30.490  -32.877  -27.303 0.3000000119
45445  34.315  -27.899  -23.572 0.3000000119
45453  34.236  -27.059  -23.938 0.3000000119
43871  33.063  -29.432  -24.867 0.3000000119
44686  33.511  -28.721  -24.568 0.4000000060
43050  32.560  -30.099  -25.250 0.3000000119
43051  32.122  -30.682  -25.794 0.3000000119
42253  31.606  -31.120  -26.459 0.3000000119
44702  33.206  -28.722  -25.412 0.4000000060
106911  33.465  -28.096  -25.015 0.4000000060
43895  32.661  -29.421  -25.969 0.4000000060
103562  33.783  -26.917  -24.488 0.3000000119
45467  33.534  -27.263  -25.152 0.4000000060
26334  33.683  -52.469  -21.871 1.0000000000
34625  32.449  -40.549  -25.970 0.6999999881
35419  31.804  -39.630  -26.517 0.8000000119
36181  31.308  -39.044  -27.018 0.8000000119
36163  31.574  -38.762  -26.275 0.6999999881
113194  44.297  -58.771  -26.741 0.6000000238
22671  42.226  -57.125  -26.206 0.6000000238
105216  46.845  -62.405  -25.674 0.5000000000
21156  47.797  -60.397  -26.068 0.4000000060
21960  48.501  -59.354  -27.166 0.5000000000
25632  42.473  -53.605  -25.547 0.6999999881
22674  48.739  -58.151  -27.454 0.5000000000
120900  49.042  -58.889  -27.006 0.5000000000
25610  40.954  -53.434  -24.077 0.8000000119
21157  47.000  -60.569  -25.394 0.4000000060
24844  39.550  -54.542  -23.762 0.8000000119
26343  40.939  -52.449  -23.180 0.8000000119
25638  47.414  -53.660  -26.802 0.5000000000
27127  34.446  -51.784  -20.416 1.0000000000
29245  33.943  -48.974  -23.733 1.0000000000
27111  37.624  -51.370  -20.016 0.8000000119
29195  36.777  -48.468  -18.535 0.8000000119
28579  34.629  -49.284  -19.570 1.0000000000
117016  34.159  -49.469  -20.156 1.0000000000
100146  39.741  -48.943  -19.101 0.6999999881
31172  33.420  -45.506  -20.257 1.0000000000
28587  42.515  -48.879  -20.529 0.6000000238
116714  41.062  -48.965  -19.628 0.6999999881
31882  39.464  -44.897  -24.803 0.4000000060
31210  39.782  -45.323  -24.329 0.4000000060
35351  40.061  -39.228  -21.256 0.4000000060
116520  40.410  -39.547  -21.847 0.4000000060
33171  39.356  -42.436  -21.560 0.5000000000
33927  31.768  -41.427  -27.432 0.8000000119
33161  34.786  -41.723  -19.892 0.5000000000
33163  33.417  -42.767  -20.571 0.6999999881
33837  34.020  -41.331  -20.583 0.6000000238
33848  33.944  -40.597  -20.796 0.5000000000
33849  33.491  -40.949  -21.355 0.5000000000
35399  32.189  -39.916  -25.866 0.6999999881
36948  31.251  -37.934  -26.018 0.6000000238
117858  31.867  -33.788  -24.348 0.3000000119
22647  37.648  -57.447  -24.992 0.5000000000
21948  37.720  -58.564  -25.400 0.5000000000
22664  37.252  -58.165  -25.227 0.5000000000
107717  38.721  -58.796  -25.507 0.5000000000
21947  38.427  -58.269  -25.466 0.5000000000
22663  38.056  -57.842  -25.358 0.5000000000
117829  39.367  -58.715  -25.557 0.5000000000
21158  40.011  -58.734  -25.661 0.4000000060
21945  39.792  -57.935  -25.599 0.5000000000
21959  40.702  -58.783  -25.875 0.4000000060
116404  40.370  -58.203  -25.724 0.5000000000
26364  30.732  -52.515  -24.879 0.6999999881
26365  29.768  -52.657  -24.653 0.6999999881
26363  31.649  -52.702  -25.275 0.8000000119
106252  32.504  -52.957  -25.037 0.8000000119
115089  31.984  -53.180  -25.234 0.8000000119
115117  30.737  -51.694  -24.955 0.6999999881
26362  32.375  -52.259  -25.405 0.8999999762
27172  32.066  -51.470  -25.584 0.8999999762
27160  33.093  -51.722  -25.080 0.8999999762
27161  30.278  -51.053  -24.814 0.6000000238
27171  32.907  -51.157  -25.415 0.8999999762
27170  33.575  -50.506  -25.243 0.8999999762
29237  45.216  -48.221  -23.038 0.5000000000
28611  44.997  -49.104  -23.067 0.5000000000
28605  44.426  -49.416  -22.704 0.5000000000
101959  45.062  -50.243  -23.708 0.6000000238
27890  44.608  -49.911  -23.254 0.5000000000
27902  45.573  -50.747  -24.109 0.6000000238
27906  29.835  -50.315  -24.767 0.6000000238
27918  31.255  -51.050  -25.297 0.8999999762
27917  32.178  -50.627  -25.591 0.8999999762
27916  33.067  -50.238  -25.566 0.8999999762
27915  33.731  -49.803  -25.427 0.8999999762
29229  44.202  -47.934  -22.066 0.5000000000
107362  43.499  -47.575  -21.388 0.5000000000
107766  44.735  -47.827  -22.684 0.5000000000
29238  44.646  -48.586  -22.650 0.5000000000
28606  44.125  -48.942  -22.053 0.5000000000
29901  45.046  -47.242  -23.041 0.5000000000
28631  31.337  -49.987  -25.481 0.8999999762
27905  30.598  -50.432  -25.127 0.6999999881
28630  32.413  -49.700  -25.693 0.8999999762
28629  33.217  -49.480  -25.721 0.8999999762
29894  43.886  -46.990  -21.909 0.5000000000
29893  44.505  -47.087  -22.489 0.5000000000
29885  43.321  -46.842  -21.424 0.5000000000
31194  43.525  -45.421  -22.381 0.5000000000
30532  43.442  -46.243  -21.820 0.5000000000
31193  44.334  -45.551  -22.860 0.5000000000
30559  29.852  -47.016  -24.645 0.6000000238
107380  28.999  -47.039  -24.355 0.6000000238
109846  29.204  -46.214  -24.437 0.6999999881
31222  28.831  -45.271  -24.280 0.6999999881
31893  28.192  -44.464  -24.355 0.6999999881
113948  30.189  -46.290  -25.012 0.8000000119
30571  30.884  -46.924  -25.553 0.8000000119
101180  30.060  -45.398  -24.865 0.6999999881
31892  29.439  -44.510  -24.606 0.6999999881
32542  28.872  -43.591  -24.664 0.6999999881
31239  30.908  -45.169  -25.768 0.8000000119
31891  30.430  -44.576  -25.333 0.8000000119
32550  29.922  -43.231  -25.343 0.6999999881
31908  29.987  -43.912  -25.033 0.6999999881
31907  30.800  -43.875  -26.127 0.8000000119
114352  31.893  -45.290  -26.778 0.8000000119
32549  30.643  -42.950  -26.313 0.8000000119
33902  29.478  -41.654  -25.709 0.6000000238
31906  31.807  -44.373  -27.114 0.8000000119
107115  30.476  -42.038  -26.499 0.6000000238
34626  29.163  -40.783  -25.798 0.6000000238
33921  30.067  -41.115  -26.376 0.6000000238
34646  29.725  -40.327  -26.609 0.6000000238
34647  28.970  -39.910  -25.956 0.6000000238
33920  30.695  -41.406  -27.122 0.6999999881
34645  30.469  -40.691  -27.134 0.6000000238
113225  29.665  -39.096  -27.228 0.6999999881
117592  29.464  -39.663  -26.791 0.6000000238
36165  29.040  -38.404  -27.064 0.6000000238
107163  30.885  -40.338  -27.407 0.6999999881
20383  41.861  -60.348  -26.172 0.4000000060
21168  41.183  -59.526  -26.014 0.5000000000
21958  41.050  -58.082  -25.934 0.5000000000
21946  39.076  -58.076  -25.524 0.5000000000
107432  33.595  -51.037  -24.923 0.8999999762
31206  43.974  -44.890  -23.245 0.3000000119
109111  30.962  -45.920  -25.801 0.8000000119
112251  38.133  -58.890  -25.478 0.5000000000
26377  31.515  -51.993  -25.347 0.8000000119
28610  45.285  -49.459  -23.490 0.5000000000
117616  31.209  -44.662  -26.223 0.8000000119
33204  29.784  -42.443  -25.560 0.6999999881
26381  48.109  -52.895  -26.624 0.4000000060
26370  48.688  -52.176  -26.333 0.4000000060
26371  47.553  -52.315  -25.897 0.4000000060
27155  47.110  -50.982  -24.733 0.5000000000
27167  49.082  -51.546  -26.211 0.4000000060
27166  50.668  -51.474  -27.306 0.4000000060
27901  46.386  -50.399  -24.365 0.5000000000
27900  47.980  -50.470  -24.990 0.5000000000
27914  48.115  -51.173  -25.355 0.4000000060
27168  47.261  -51.703  -25.318 0.4000000060
27913  49.255  -50.768  -26.105 0.4000000060
112347  48.113  -51.760  -25.691 0.4000000060
27912  51.266  -50.598  -27.554 0.4000000060
27889  45.815  -49.855  -23.893 0.5000000000
27899  48.494  -50.067  -25.458 0.4000000060
28627  49.483  -50.038  -26.539 0.4000000060
29269  52.041  -47.540  -29.179 0.4000000060
29265  51.788  -48.654  -28.547 0.4000000060
28626  50.779  -49.522  -27.673 0.4000000060
30576  52.016  -46.563  -28.826 0.4000000060
106852  47.193  -50.215  -24.564 0.5000000000
28619  47.717  -49.747  -24.825 0.4000000060
33228  47.694  -42.766  -28.712 0.3000000119
33221  47.843  -42.806  -28.362 0.3000000119
106827  49.315  -49.224  -26.873 0.4000000060
32566  48.874  -43.989  -27.985 0.3000000119
31250  49.696  -44.901  -28.080 0.3000000119
30577  51.242  -46.017  -28.416 0.3000000119
29930  51.322  -46.754  -28.867 0.4000000060
29925  50.848  -47.658  -28.532 0.4000000060
29266  50.049  -48.567  -27.663 0.4000000060
116597  50.462  -45.490  -28.041 0.3000000119
29243  46.046  -48.908  -23.633 0.4000000060
28620  46.772  -49.493  -24.277 0.4000000060
119620  47.907  -48.703  -25.474 0.4000000060
29251  47.476  -48.956  -24.906 0.4000000060
32577  47.651  -43.138  -28.950 0.3000000119
31929  47.452  -44.579  -28.957 0.3000000119
32573  48.067  -43.469  -28.587 0.3000000119
31255  48.964  -44.924  -28.330 0.3000000119
30582  48.814  -45.562  -28.404 0.3000000119
29926  49.461  -46.876  -27.884 0.4000000060
31927  48.986  -44.417  -28.206 0.3000000119
30581  49.902  -45.537  -28.204 0.3000000119
30578  50.095  -46.151  -28.295 0.3000000119
31243  46.610  -45.842  -27.305 0.3000000119
30573  47.293  -46.380  -26.726 0.3000000119
30565  47.441  -46.901  -26.120 0.4000000060
29920  47.171  -47.168  -25.381 0.4000000060
29908  47.546  -48.100  -25.197 0.4000000060
31257  47.319  -45.264  -28.737 0.3000000119
31252  46.894  -45.645  -28.233 0.3000000119
29927  48.136  -47.038  -26.869 0.4000000060
29919  47.882  -47.598  -26.184 0.4000000060
31251  47.844  -45.692  -28.446 0.3000000119
107713  48.144  -46.620  -27.467 0.3000000119
29918  49.083  -47.707  -27.253 0.4000000060
29260  48.497  -48.482  -26.340 0.4000000060
31256  48.124  -45.068  -28.718 0.3000000119
30579  48.711  -46.195  -28.163 0.3000000119
30551  45.341  -46.518  -23.596 0.4000000060
29910  46.048  -46.960  -24.062 0.4000000060
29900  45.590  -47.523  -23.461 0.4000000060
106201  45.674  -48.286  -23.400 0.4000000060
30567  46.126  -45.900  -25.457 0.3000000119
29909  46.458  -46.620  -24.894 0.4000000060
112720  46.750  -47.521  -24.530 0.4000000060
29899  46.214  -47.936  -23.776 0.4000000060
30566  46.859  -46.414  -25.742 0.4000000060
29252  46.829  -48.473  -24.298 0.4000000060
32551  29.088  -42.806  -24.959 0.6000000238
32552  28.067  -42.812  -24.738 0.6000000238
33205  28.751  -42.161  -25.092 0.5000000000
33903  28.372  -41.432  -25.347 0.5000000000
35420  28.726  -39.174  -26.502 0.5000000000
42264  30.983  -31.267  -28.018 0.3000000119
101461  31.047  -31.072  -28.820 0.3000000119
108996  30.486  -31.722  -29.180 0.3000000119
43061  31.938  -30.552  -26.776 0.3000000119
43062  31.435  -30.882  -27.436 0.3000000119
43073  31.416  -30.650  -28.324 0.3000000119
43081  31.454  -30.351  -29.191 0.3000000119
42271  30.806  -30.925  -29.379 0.3000000119
43088  31.020  -30.137  -29.829 0.3000000119
44717  33.085  -28.595  -26.361 0.3000000119
43910  32.347  -29.958  -26.938 0.3000000119
43072  31.823  -30.311  -27.690 0.3000000119
43080  31.870  -30.079  -28.534 0.3000000119
43925  32.014  -29.682  -29.213 0.3000000119
43934  31.065  -29.577  -30.148 0.3000000119
114279  30.639  -29.131  -30.422 0.3000000119
106758  33.375  -27.974  -25.770 0.3000000119
43909  32.763  -29.236  -27.110 0.3000000119
43918  32.314  -29.757  -27.859 0.3000000119
44727  32.873  -29.206  -28.134 0.3000000119
106264  32.360  -29.636  -28.624 0.3000000119
44735  32.677  -29.187  -29.030 0.3000000119
43926  31.553  -29.670  -29.762 0.3000000119
108734  31.400  -29.167  -30.191 0.3000000119
103990  33.453  -27.230  -26.126 0.3000000119
46260  33.626  -26.467  -26.472 0.3000000119
103654  33.610  -27.340  -27.166 0.3000000119
117334  33.663  -27.888  -28.019 0.3000000119
45500  33.549  -27.812  -28.827 0.3000000119
45501  32.952  -28.468  -29.420 0.3000000119
45507  33.138  -27.623  -29.638 0.3000000119
109224  33.933  -26.409  -27.480 0.3000000119
47160  34.153  -25.598  -27.852 0.3000000119
46285  33.781  -27.007  -29.104 0.3000000119
47146  33.902  -25.566  -26.769 0.3000000119
48026  34.218  -24.969  -27.360 0.3000000119
48025  34.327  -24.835  -28.230 0.3000000119
48011  34.343  -24.168  -27.472 0.3000000119
48871  34.179  -23.267  -27.098 0.3000000119
28632  52.137  -49.763  -27.933 0.4000000060
26380  49.527  -52.821  -27.009 0.4000000060
27175  50.126  -52.128  -27.063 0.4000000060
30564  52.120  -46.649  -27.988 0.4000000060
29264  52.140  -48.392  -28.430 0.4000000060
33924  47.427  -41.290  -28.084 0.3000000119
33211  47.546  -42.679  -27.432 0.3000000119
32567  48.335  -43.364  -27.972 0.3000000119
31913  49.177  -44.442  -27.441 0.3000000119
31241  50.837  -45.720  -27.938 0.3000000119
30572  51.789  -45.921  -28.117 0.3000000119
105464  47.633  -42.126  -28.603 0.3000000119
32574  47.596  -43.768  -28.950 0.3000000119
31930  46.411  -44.935  -28.620 0.3000000119
32578  46.822  -43.206  -29.264 0.3000000119
31205  44.765  -45.496  -23.678 0.4000000060
30556  45.607  -45.952  -24.520 0.4000000060
112351  45.740  -45.515  -26.137 0.3000000119
31231  46.428  -45.864  -26.329 0.3000000119
30544  44.767  -46.271  -22.955 0.4000000060
46246  33.536  -26.602  -25.668 0.3000000119
47135  33.626  -25.798  -25.689 0.3000000119
106825  33.633  -25.079  -26.003 0.3000000119
48850  33.880  -23.890  -26.387 0.3000000119
49678  33.667  -23.088  -26.078 0.3000000119
33929  47.635  -42.013  -28.945 0.3000000119
27169  46.369  -51.700  -25.195 0.5000000000
29250  48.360  -49.320  -25.652 0.4000000060
31928  48.320  -44.252  -28.611 0.3000000119
117428  33.370  -27.897  -26.564 0.3000000119
44742  32.133  -29.066  -29.802 0.3000000119
100265  34.086  -26.329  -28.495 0.3000000119
47172  34.213  -25.504  -28.851 0.3000000119
49704  33.784  -22.272  -26.740 0.3000000119
25643  49.589  -54.029  -27.590 0.3000000119
25636  50.214  -53.499  -27.426 0.3000000119
118430  32.646  -56.132  -22.866 0.6000000238
24140  32.189  -55.741  -23.375 0.6999999881
23392  31.767  -56.366  -23.634 0.6999999881
26379  51.016  -52.812  -27.425 0.3000000119
21944  47.122  -59.579  -25.486 0.3000000119
112063  48.198  -58.755  -26.221 0.3000000119
24857  31.204  -55.087  -24.386 0.6999999881
106492  50.040  -55.732  -27.663 0.3000000119
24149  31.465  -55.746  -23.995 0.6999999881
25642  50.473  -54.226  -27.448 0.3000000119
25635  51.192  -53.529  -27.263 0.3000000119
27911  52.578  -50.949  -27.046 0.3000000119
27173  52.119  -51.772  -26.993 0.3000000119
27174  51.630  -52.033  -27.321 0.3000000119
28617  52.552  -50.205  -26.616 0.3000000119
28625  52.509  -49.923  -27.451 0.3000000119
27919  52.155  -51.302  -27.510 0.3000000119
22657  48.590  -58.152  -26.421 0.3000000119
23418  49.561  -57.291  -27.130 0.4000000060
25623  31.543  -53.797  -24.813 0.6999999881
24169  50.254  -55.737  -27.514 0.3000000119
24170  49.961  -56.245  -27.597 0.3000000119
24856  31.683  -54.381  -24.471 0.6999999881
24846  31.833  -54.999  -23.967 0.6999999881
25641  50.993  -54.351  -27.145 0.3000000119
99534  51.723  -53.051  -26.771 0.3000000119
26369  51.886  -52.350  -26.685 0.3000000119
28618  51.777  -49.775  -25.821 0.3000000119
22666  49.227  -58.333  -26.964 0.4000000060
25624  30.900  -53.838  -24.693 0.6999999881
24165  50.172  -56.495  -26.983 0.3000000119
23417  50.010  -56.408  -27.401 0.3000000119
24864  51.449  -53.786  -26.697 0.3000000119
24871  50.846  -54.897  -26.911 0.3000000119
25628  51.295  -53.096  -26.152 0.3000000119
29259  52.383  -48.912  -27.495 0.3000000119
105228  52.431  -50.581  -27.670 0.3000000119
107627  51.449  -48.732  -25.885 0.3000000119
29906  52.200  -48.334  -26.785 0.3000000119
24156  50.311  -55.422  -26.522 0.3000000119
25615  50.135  -53.502  -24.975 0.3000000119
101741  50.712  -54.013  -25.886 0.3000000119
25622  32.222  -53.678  -24.631 0.6999999881
104494  50.206  -54.662  -25.912 0.3000000119
29917  52.025  -47.427  -27.279 0.3000000119
31217  44.818  -45.154  -24.797 0.3000000119
22631  33.907  -57.294  -22.723 0.5000000000
22641  31.693  -57.118  -23.630 0.6999999881
23391  32.396  -56.733  -23.121 0.6000000238
22640  32.347  -57.676  -23.388 0.6000000238
106021  30.440  -55.117  -24.397 0.6999999881
24858  31.036  -54.423  -24.590 0.6999999881
23408  49.086  -57.470  -26.571 0.4000000060
104845  31.245  -53.258  -24.945 0.6999999881
23407  49.564  -56.880  -26.677 0.4000000060
24157  49.478  -56.022  -26.154 0.3000000119
24866  49.465  -55.156  -25.520 0.3000000119
24849  48.466  -54.670  -24.861 0.3000000119
24848  49.583  -54.311  -24.933 0.3000000119
24158  48.640  -56.477  -25.997 0.3000000119
22637  35.363  -57.639  -23.568 0.5000000000
22649  35.880  -58.085  -24.343 0.5000000000
22648  36.763  -57.747  -24.683 0.4000000060
20357  30.874  -60.561  -23.600 0.4000000060
19580  29.429  -61.249  -23.336 0.5000000000
22636  36.266  -57.327  -23.964 0.4000000060
18810  28.775  -61.863  -23.021 0.4000000060
120155  28.012  -61.920  -23.152 0.4000000060
112535  30.016  -60.606  -23.627 0.5000000000
19582  27.441  -61.429  -23.177 0.4000000060
18800  27.597  -62.970  -22.892 0.4000000060
19581  28.524  -61.341  -23.311 0.4000000060
20358  29.121  -60.685  -23.558 0.4000000060
20373  30.538  -59.755  -23.879 0.5000000000
21154  31.202  -59.199  -24.121 0.4000000060
22639  33.080  -57.461  -22.902 0.5000000000
21937  31.714  -58.749  -24.068 0.4000000060
18812  27.160  -62.185  -22.971 0.4000000060
21136  24.316  -60.419  -22.401 0.4000000060
20359  28.074  -60.708  -23.439 0.4000000060
111586  24.422  -59.880  -23.032 0.4000000060
21141  29.611  -59.897  -23.742 0.5000000000
21145  25.246  -59.656  -23.692 0.4000000060
21939  29.907  -59.090  -23.971 0.5000000000
21940  26.796  -58.232  -24.064 0.4000000060
21941  25.533  -58.739  -24.005 0.4000000060
111684  30.532  -58.956  -24.114 0.5000000000
22655  26.927  -57.444  -24.071 0.4000000060
23405  25.822  -56.915  -24.009 0.4000000060
21938  30.892  -58.329  -24.049 0.6000000238
21924  31.619  -57.976  -23.761 0.6000000238
20349  24.925  -60.935  -22.444 0.4000000060
20361  25.141  -60.532  -23.069 0.4000000060
21142  29.117  -59.174  -23.763 0.5000000000
101399  28.672  -59.957  -23.633 0.4000000060
109654  26.300  -60.048  -23.587 0.4000000060
21144  26.812  -59.187  -23.842 0.4000000060
22652  30.250  -57.549  -24.027 0.5000000000
23404  27.224  -56.703  -24.014 0.4000000060
22651  31.014  -57.364  -24.060 0.6000000238
21927  27.846  -58.442  -23.857 0.4000000060
21925  29.347  -58.433  -23.954 0.5000000000
116110  27.687  -57.810  -24.014 0.4000000060
100274  30.073  -58.345  -24.034 0.5000000000
23400  31.185  -56.516  -24.076 0.6000000238
23401  30.452  -56.688  -24.187 0.6000000238
18813  26.361  -61.856  -22.572 0.4000000060
20360  26.752  -60.724  -23.313 0.4000000060
107284  27.535  -59.965  -23.587 0.4000000060
21926  28.670  -58.583  -23.841 0.5000000000
21143  28.173  -59.191  -23.695 0.5000000000
22642  28.600  -57.879  -24.030 0.5000000000
22653  29.475  -57.707  -24.043 0.5000000000
22654  27.992  -57.263  -24.070 0.4000000060
23403  28.322  -56.569  -24.055 0.5000000000
24153  27.587  -55.809  -24.011 0.4000000060
101127  29.685  -56.929  -24.078 0.6000000238
99489  28.891  -57.161  -24.092 0.5000000000
24150  30.764  -55.861  -24.334 0.6000000238
100622  29.105  -53.181  -24.614 0.5000000000
100734  29.284  -54.010  -24.484 0.6000000238
101369  30.232  -54.299  -24.489 0.6000000238
24859  29.377  -54.988  -24.239 0.6000000238
106085  28.370  -55.193  -24.123 0.5000000000
24151  29.848  -56.007  -24.303 0.6000000238
23402  29.152  -56.517  -24.062 0.5000000000
113159  30.203  -53.394  -24.625 0.5000000000
24152  28.823  -55.849  -24.033 0.5000000000
22638  34.440  -57.802  -23.315 0.4000000060
109017  33.670  -57.847  -23.165 0.4000000060
21933  36.403  -58.504  -24.953 0.5000000000
22650  34.948  -58.382  -24.034 0.5000000000
22656  25.772  -57.813  -24.060 0.4000000060
19583  26.056  -61.359  -22.786 0.4000000060
21928  24.531  -59.059  -23.359 0.3000000119
21929  24.781  -58.165  -23.599 0.3000000119
23406  24.875  -57.341  -23.694 0.3000000119
22643  24.291  -57.602  -23.084 0.3000000119
20374  47.623  -60.609  -26.330 0.5000000000
21163  47.639  -60.501  -26.513 0.5000000000
21169  40.357  -59.473  -25.773 0.4000000060
24163  50.684  -55.064  -27.243 0.3000000119
24164  50.473  -55.740  -27.226 0.3000000119
24171  48.376  -56.164  -27.625 0.4000000060
24865  50.844  -54.508  -26.594 0.3000000119
24870  51.175  -54.380  -26.991 0.3000000119
24874  45.455  -54.244  -27.035 0.4000000060
24877  50.466  -55.090  -27.460 0.3000000119
25634  51.541  -53.599  -26.921 0.3000000119
26378  51.719  -52.666  -26.987 0.3000000119
27133  38.848  -51.933  -20.960 0.8000000119
27153  52.080  -51.550  -26.315 0.3000000119
27861  39.442  -50.923  -20.302 0.6999999881
28575  38.096  -50.203  -19.428 0.8000000119
29193  38.528  -48.612  -18.730 0.8000000119
29244  45.432  -48.817  -23.283 0.5000000000
29249  52.428  -49.343  -26.678 0.3000000119
29860  40.535  -47.786  -19.419 0.6999999881
29924  52.225  -47.425  -28.392 0.4000000060
30491  38.020  -47.015  -18.486 0.6999999881
30534  41.968  -46.052  -20.851 0.6000000238
30545  44.140  -46.230  -22.355 0.5000000000
30558  33.463  -46.424  -25.702 1.0000000000
30580  47.508  -46.161  -27.794 0.3000000119
31838  37.593  -44.435  -19.176 0.6000000238
31843  33.670  -44.356  -19.860 0.8999999762
31863  38.892  -44.303  -20.680 0.6000000238
31874  39.538  -44.801  -22.870 0.5000000000
31912  49.988  -45.045  -27.847 0.3000000119
31921  49.260  -44.432  -28.019 0.3000000119
32557  48.525  -43.816  -27.399 0.3000000119
32572  48.670  -43.963  -28.311 0.3000000119
33143  36.488  -42.336  -19.461 0.5000000000
33222  47.304  -42.077  -27.850 0.3000000119
33819  37.634  -41.531  -19.587 0.5000000000
33834  36.140  -40.916  -19.690 0.5000000000
33928  31.120  -41.119  -27.451 0.8000000119
34582  40.329  -40.212  -22.959 0.4000000060
34661  32.074  -40.976  -27.226 0.8000000119
35341  34.933  -39.552  -20.789 0.4000000060
35386  31.652  -39.075  -24.963 0.6999999881
36098  40.421  -38.654  -22.097 0.4000000060
36142  38.829  -37.831  -25.032 0.3000000119
36877  35.736  -37.533  -20.509 0.4000000060
36888  33.375  -37.596  -21.559 0.3000000119
36894  40.131  -37.220  -21.735 0.4000000060
37731  29.172  -35.999  -28.548 0.4000000060
38603  36.176  -35.478  -20.469 0.3000000119
38634  32.188  -35.136  -23.126 0.3000000119
38635  31.697  -35.576  -23.581 0.4000000060
39576  35.613  -34.811  -20.585 0.3000000119
39669  30.275  -34.623  -28.198 0.3000000119
40630  31.423  -34.023  -24.846 0.3000000119
41414  32.968  -32.832  -22.732 0.3000000119
42189  34.979  -31.134  -22.472 0.3000000119
43854  33.537  -29.420  -24.051 0.3000000119
43896  32.294  -30.150  -26.125 0.4000000060
44663  35.192  -28.838  -22.959 0.3000000119
44726  33.287  -28.406  -27.404 0.3000000119
44734  33.273  -28.550  -28.504 0.3000000119
44743  31.723  -28.730  -30.256 0.3000000119
45454  33.736  -27.786  -24.301 0.3000000119
46274  33.962  -27.178  -28.193 0.3000000119
48012  33.994  -24.687  -26.606 0.3000000119
101783  38.843  -40.806  -20.190 0.5000000000
102344  35.649  -29.312  -22.659 0.3000000119
103252  43.967  -50.601  -23.133 0.6999999881
103614  32.196  -33.964  -23.776 0.3000000119
103736  52.011  -49.150  -27.887 0.4000000060
105244  39.564  -37.233  -23.955 0.4000000060
107471  39.403  -38.959  -20.674 0.5000000000
109825  30.921  -39.230  -27.427 0.8000000119
110430  37.031  -36.901  -20.419 0.4000000060
111336  37.153  -47.120  -18.368 0.6999999881
111838  33.647  -35.065  -21.238 0.3000000119
112545  52.345  -48.088  -27.633 0.3000000119
114188  41.838  -54.904  -25.717 0.8000000119
114456  39.218  -48.542  -18.885 0.6999999881
114460  39.523  -42.160  -24.136 0.4000000060
117558  42.924  -45.728  -21.771 0.5000000000
117946  49.402  -56.551  -27.560 0.5000000000
118771  30.786  -31.399  -29.042 0.3000000119
119222  35.160  -47.463  -18.777 0.6999999881
120072  33.430  -47.687  -26.360 1.0000000000
120304  33.430  -46.882  -20.352 1.0000000000
120397  49.392  -45.884  -28.347 0.3000000119
120998  32.902  -44.869  -27.088 0.8999999762
