#!ascii label  , from subject sub-049 vox2ras=TkReg
610
10420  32.914  -74.492  -18.077 0.3000000119
14963  33.335  -68.006  -22.903 0.6000000238
17195  32.395  -64.698  -22.182 0.6999999881
10407  32.612  -73.715  -17.995 0.4000000060
11015  32.196  -73.110  -23.183 0.4000000060
105827  33.412  -72.594  -18.128 0.5000000000
11556  34.192  -72.223  -18.343 0.5000000000
14955  32.856  -67.201  -22.497 0.6999999881
16449  33.715  -65.598  -22.409 0.6000000238
111748  32.749  -65.445  -22.340 0.6000000238
17194  33.443  -64.865  -22.272 0.6999999881
18795  32.751  -62.911  -21.927 0.6999999881
116405  32.137  -72.642  -19.286 0.5000000000
11596  32.869  -72.815  -22.760 0.4000000060
11557  32.505  -72.977  -18.264 0.6000000238
102925  33.112  -71.743  -23.851 0.4000000060
12869  33.244  -70.697  -23.739 0.5000000000
11565  32.963  -72.094  -19.815 0.6000000238
110818  32.690  -70.042  -23.524 0.6000000238
13535  33.350  -69.588  -23.548 0.6000000238
12173  33.732  -71.879  -19.076 0.6000000238
14230  33.843  -68.716  -23.384 0.6000000238
15672  33.547  -66.730  -22.475 0.6000000238
18005  34.845  -63.341  -22.690 0.6999999881
17993  34.206  -64.156  -22.361 0.6999999881
18794  33.844  -63.167  -22.089 0.6999999881
114740  34.428  -62.509  -22.527 0.6999999881
19564  33.540  -62.122  -22.305 0.6999999881
110711  34.498  -61.547  -22.942 0.6999999881
11566  31.365  -73.223  -19.370 0.5000000000
11587  32.678  -72.785  -21.807 0.5000000000
11002  32.127  -73.257  -22.470 0.5000000000
11574  33.162  -72.220  -21.057 0.5000000000
12868  34.080  -70.403  -23.925 0.5000000000
12197  33.759  -71.747  -20.246 0.6000000238
12207  33.917  -71.942  -21.411 0.5000000000
12215  34.984  -72.205  -22.586 0.5000000000
15681  34.702  -67.341  -23.240 0.6999999881
102948  34.459  -66.749  -22.856 0.6000000238
14954  33.914  -67.387  -22.742 0.6999999881
119685  34.502  -65.652  -22.688 0.6000000238
17206  35.344  -64.289  -23.039 0.6000000238
17193  34.451  -65.023  -22.582 0.6000000238
18004  35.790  -63.345  -23.372 0.6000000238
19565  32.419  -61.896  -22.392 0.6999999881
18809  35.229  -62.489  -23.144 0.6000000238
19576  33.205  -61.044  -22.882 0.6999999881
12222  33.735  -72.119  -23.924 0.4000000060
11575  32.381  -72.540  -20.651 0.5000000000
12231  33.896  -71.443  -24.042 0.5000000000
13534  34.380  -69.439  -23.757 0.6000000238
11586  33.444  -72.524  -22.139 0.4000000060
11585  34.226  -72.364  -22.393 0.4000000060
11595  33.710  -72.609  -23.025 0.4000000060
11594  34.478  -72.461  -23.203 0.4000000060
109264  35.207  -72.019  -23.944 0.4000000060
14962  34.331  -68.002  -23.308 0.6999999881
16459  34.963  -66.024  -23.073 0.6000000238
111331  36.269  -64.004  -23.576 0.6000000238
103046  35.264  -65.227  -23.116 0.6000000238
20353  34.184  -60.623  -23.492 0.6999999881
114616  35.030  -60.957  -23.550 0.6000000238
11598  34.028  -72.409  -23.695 0.4000000060
12881  34.671  -71.145  -24.178 0.4000000060
14229  34.767  -68.640  -23.684 0.6999999881
12221  34.486  -72.012  -24.077 0.4000000060
14961  35.297  -67.833  -23.682 0.8000000119
11593  35.159  -72.233  -23.372 0.5000000000
17205  36.188  -64.697  -23.617 0.6000000238
20355  32.503  -60.584  -23.425 0.6999999881
19574  36.381  -61.708  -23.937 0.6000000238
18808  36.177  -62.503  -23.662 0.6000000238
20354  33.213  -60.343  -23.808 0.8000000119
19575  35.570  -61.645  -23.517 0.6000000238
13548  34.922  -70.166  -24.116 0.5000000000
13547  35.734  -70.017  -24.467 0.5000000000
13546  36.743  -69.937  -24.833 0.6999999881
12880  35.477  -70.936  -24.348 0.4000000060
116127  35.470  -66.703  -23.477 0.6999999881
16458  36.064  -65.591  -23.614 0.6999999881
18003  36.903  -64.139  -24.059 0.6000000238
18010  37.122  -63.341  -24.209 0.6000000238
20371  32.426  -60.035  -23.940 0.6000000238
18807  36.790  -62.541  -24.091 0.6000000238
20369  33.925  -60.070  -24.254 0.6999999881
20352  35.784  -60.880  -23.896 0.6999999881
107152  34.896  -60.313  -24.071 0.6999999881
105456  35.933  -69.104  -24.443 0.5000000000
14243  35.207  -69.295  -24.060 0.6000000238
14242  35.453  -68.611  -23.998 0.6000000238
14241  36.689  -68.752  -24.705 0.6999999881
14240  37.584  -69.298  -25.007 0.6999999881
110679  37.238  -70.839  -24.679 0.6999999881
15680  36.468  -66.214  -23.968 0.6999999881
17204  36.761  -64.895  -24.168 0.5000000000
20372  31.472  -59.919  -23.868 0.5000000000
18820  37.194  -62.521  -24.395 0.6000000238
21152  32.820  -59.507  -24.283 0.6000000238
21153  32.020  -59.409  -24.106 0.5000000000
115271  36.805  -61.870  -24.263 0.6000000238
21936  33.211  -58.957  -24.184 0.5000000000
107461  36.856  -60.863  -24.554 0.6999999881
19590  36.476  -61.026  -24.279 0.6999999881
20368  35.648  -60.197  -24.467 0.6999999881
105346  34.619  -59.771  -24.512 0.6999999881
21935  34.438  -59.114  -24.491 0.5000000000
21149  36.441  -60.316  -24.628 0.6999999881
21150  35.354  -59.457  -24.748 0.6000000238
14970  36.087  -68.196  -24.181 0.6000000238
14968  37.681  -67.795  -25.180 0.6999999881
15690  36.243  -67.219  -23.955 0.6999999881
119393  36.725  -65.454  -24.204 0.6999999881
17213  37.239  -64.544  -24.478 0.6000000238
21937  31.714  -58.749  -24.068 0.4000000060
116447  37.329  -63.985  -24.355 0.5000000000
21923  32.339  -58.460  -23.832 0.4000000060
19589  37.030  -61.563  -24.468 0.6000000238
21151  33.673  -59.594  -24.459 0.5000000000
120437  36.039  -59.762  -24.755 0.6999999881
21950  36.109  -59.175  -25.034 0.6000000238
21934  35.504  -58.816  -24.733 0.5000000000
104186  37.333  -67.045  -24.962 0.6000000238
14969  36.851  -67.695  -24.601 0.6999999881
15689  36.880  -66.654  -24.499 0.6999999881
15693  38.120  -67.163  -25.425 0.6999999881
108097  37.003  -65.767  -24.559 0.6000000238
16462  37.108  -65.093  -24.586 0.6000000238
18819  37.574  -62.868  -24.618 0.6000000238
18009  37.572  -64.145  -24.588 0.5000000000
107681  37.462  -63.414  -24.468 0.6000000238
20366  37.344  -61.032  -24.790 0.6000000238
19588  37.575  -61.998  -24.782 0.6000000238
21921  33.948  -58.432  -23.784 0.4000000060
109017  33.670  -57.847  -23.165 0.5000000000
21922  33.065  -58.179  -23.476 0.4000000060
20367  37.086  -60.267  -24.871 0.6000000238
21162  36.667  -59.645  -24.996 0.6000000238
21933  36.403  -58.504  -24.953 0.5000000000
15688  37.503  -66.229  -25.052 0.6999999881
16466  38.905  -66.000  -25.600 0.6999999881
16467  37.891  -65.580  -25.197 0.6000000238
114662  37.400  -65.420  -24.839 0.6000000238
119926  40.158  -66.656  -25.972 0.6999999881
17212  37.603  -64.846  -24.811 0.5000000000
104399  38.292  -61.991  -25.226 0.6000000238
18827  37.984  -62.795  -24.966 0.6000000238
19595  37.996  -61.134  -25.180 0.5000000000
20379  37.734  -60.273  -25.254 0.6000000238
21161  37.483  -59.420  -25.322 0.6000000238
21949  36.910  -58.900  -25.279 0.5000000000
108636  39.310  -65.400  -25.589 0.6999999881
102305  38.255  -64.974  -25.199 0.6999999881
17218  37.981  -64.217  -24.937 0.6000000238
18826  38.580  -62.778  -25.350 0.5000000000
19594  38.769  -61.174  -25.384 0.6000000238
109901  38.470  -60.284  -25.448 0.6000000238
21160  38.247  -59.496  -25.478 0.6000000238
21948  37.720  -58.564  -25.400 0.5000000000
12213  36.680  -71.832  -22.980 0.5000000000
12219  36.876  -71.776  -23.794 0.5000000000
12212  37.647  -71.685  -23.301 0.5000000000
12218  37.855  -71.739  -24.053 0.5000000000
13545  38.121  -70.469  -24.889 0.6999999881
13544  39.548  -70.646  -25.040 0.6999999881
12878  38.009  -71.279  -24.491 0.5000000000
12877  39.058  -71.211  -24.647 0.5000000000
14247  38.214  -68.660  -25.246 0.6999999881
14239  38.845  -69.680  -25.189 0.6999999881
10405  33.780  -74.556  -17.904 0.3000000119
105012  33.101  -63.967  -21.912 0.6999999881
15673  33.055  -66.149  -22.363 0.6000000238
12879  36.372  -70.834  -24.531 0.6000000238
104041  36.644  -63.327  -23.836 0.6000000238
20370  33.202  -59.927  -24.264 0.6000000238
118092  32.409  -59.014  -24.178 0.5000000000
115497  38.755  -63.367  -25.456 0.5000000000
14245  40.995  -69.528  -25.647 0.6000000238
16461  41.492  -68.019  -24.659 0.6000000238
101308  42.522  -66.868  -24.728 0.4000000060
14238  41.581  -69.077  -25.348 0.5000000000
103136  31.982  -69.777  -23.455 0.5000000000
17202  40.962  -65.879  -24.262 0.4000000060
13536  32.506  -69.362  -23.438 0.5000000000
108821  31.831  -68.953  -23.403 0.5000000000
15687  41.811  -68.653  -25.000 0.5000000000
17211  41.810  -65.308  -24.271 0.4000000060
14231  32.667  -68.666  -23.225 0.5000000000
14956  31.924  -67.161  -22.625 0.5000000000
110042  42.330  -67.802  -24.931 0.6000000238
14964  32.250  -67.816  -22.788 0.5000000000
104880  41.970  -68.777  -25.686 0.5000000000
14246  39.557  -69.035  -25.468 0.6000000238
18001  41.395  -63.669  -24.016 0.4000000060
18805  40.895  -62.622  -23.558 0.4000000060
117234  30.649  -67.284  -23.136 0.5000000000
15686  42.025  -68.507  -25.445 0.5000000000
14965  31.337  -67.527  -22.943 0.5000000000
15682  30.247  -66.765  -23.145 0.5000000000
14971  41.618  -69.081  -25.691 0.6000000238
15691  41.239  -68.408  -25.973 0.6000000238
14973  38.815  -68.102  -25.613 0.6000000238
15674  32.201  -66.516  -22.509 0.5000000000
17196  31.759  -65.318  -22.481 0.5000000000
107983  30.574  -66.118  -22.861 0.4000000060
15685  42.592  -68.015  -25.553 0.5000000000
115585  41.778  -68.150  -26.054 0.6000000238
15692  39.505  -67.656  -25.837 0.6000000238
109362  40.064  -67.273  -25.971 0.6000000238
18008  42.495  -64.828  -24.318 0.4000000060
18818  42.553  -63.756  -24.209 0.4000000060
118704  31.168  -65.057  -22.493 0.5000000000
114769  30.907  -65.471  -22.625 0.5000000000
16452  30.057  -65.534  -22.716 0.4000000060
108387  43.298  -67.584  -25.405 0.6000000238
16465  42.128  -67.530  -26.138 0.6000000238
115064  40.713  -66.433  -26.038 0.6000000238
19570  42.051  -61.926  -23.936 0.4000000060
114741  31.473  -64.614  -22.279 0.5000000000
17197  30.517  -64.683  -22.435 0.4000000060
105335  28.861  -64.966  -22.626 0.4000000060
17209  44.323  -66.478  -25.070 0.6000000238
17210  43.238  -66.419  -24.821 0.4000000060
16463  43.880  -67.447  -25.695 0.6000000238
16464  43.206  -67.670  -25.741 0.5000000000
17215  42.234  -66.390  -26.170 0.6000000238
16469  43.556  -67.089  -26.167 0.5000000000
19571  41.435  -61.620  -23.603 0.4000000060
17995  31.073  -63.990  -22.088 0.6000000238
17996  30.358  -63.508  -22.297 0.5000000000
17997  29.368  -63.349  -22.616 0.5000000000
101173  28.849  -64.135  -22.636 0.5000000000
18007  44.796  -65.274  -24.901 0.4000000060
102257  43.550  -65.140  -24.602 0.4000000060
17208  44.812  -66.293  -25.327 0.5000000000
17220  44.654  -65.943  -26.276 0.5000000000
17221  43.770  -66.017  -26.454 0.5000000000
17222  42.503  -65.444  -26.343 0.6000000238
103592  41.156  -64.634  -26.210 0.6000000238
17217  39.784  -64.876  -25.623 0.6000000238
19586  43.839  -61.808  -24.438 0.4000000060
18803  42.676  -62.752  -24.194 0.4000000060
19587  42.796  -61.828  -24.193 0.4000000060
106781  42.041  -61.100  -23.734 0.4000000060
102552  44.691  -62.722  -24.651 0.4000000060
100395  43.715  -62.775  -24.474 0.4000000060
18797  30.864  -62.571  -22.377 0.6000000238
18816  44.877  -63.835  -24.683 0.4000000060
17214  44.849  -66.374  -25.709 0.5000000000
18020  42.871  -64.519  -26.461 0.5000000000
117231  41.817  -64.135  -26.347 0.6000000238
108635  40.193  -64.402  -25.708 0.6000000238
18014  40.128  -63.538  -25.642 0.6000000238
20364  44.053  -60.931  -24.406 0.4000000060
19566  31.439  -61.839  -22.639 0.6000000238
18798  29.956  -62.569  -22.558 0.5000000000
18811  28.133  -62.493  -23.022 0.5000000000
18006  45.434  -64.399  -25.171 0.4000000060
17207  45.198  -65.524  -25.392 0.5000000000
112028  44.710  -64.695  -26.383 0.5000000000
20365  42.977  -60.957  -24.123 0.4000000060
19567  30.562  -61.807  -22.796 0.5000000000
19568  29.657  -61.808  -22.867 0.5000000000
17219  45.179  -65.353  -25.915 0.5000000000
18019  43.981  -65.021  -26.546 0.4000000060
18832  42.003  -63.158  -26.385 0.4000000060
18013  40.971  -63.337  -25.893 0.4000000060
21147  44.219  -60.090  -24.357 0.4000000060
19577  32.041  -61.128  -22.958 0.6000000238
19585  45.224  -62.006  -24.735 0.4000000060
20356  31.730  -60.556  -23.488 0.5000000000
19578  31.154  -61.196  -23.191 0.5000000000
19579  30.298  -61.200  -23.298 0.5000000000
19580  29.429  -61.249  -23.336 0.4000000060
18018  45.428  -64.187  -26.086 0.5000000000
18830  44.563  -63.372  -26.426 0.5000000000
120808  43.564  -62.883  -26.487 0.6000000238
18823  40.971  -62.388  -25.754 0.4000000060
110772  39.597  -62.147  -25.590 0.4000000060
19592  41.702  -61.977  -26.112 0.5000000000
20357  30.874  -60.561  -23.600 0.6000000238
115143  40.207  -61.842  -25.682 0.5000000000
107934  39.020  -62.075  -25.496 0.5000000000
115800  43.349  -61.062  -26.461 0.5000000000
100033  42.747  -62.494  -26.481 0.5000000000
117253  40.914  -61.648  -25.753 0.5000000000
20363  45.235  -60.949  -24.738 0.4000000060
21159  38.950  -59.465  -25.540 0.5000000000
19593  39.590  -61.264  -25.567 0.4000000060
109116  41.344  -61.077  -25.988 0.5000000000
102799  42.434  -61.372  -26.365 0.5000000000
21154  31.202  -59.199  -24.121 0.4000000060
103413  39.637  -59.450  -25.617 0.4000000060
20378  39.226  -60.295  -25.547 0.5000000000
114096  40.434  -61.047  -25.759 0.5000000000
20377  39.985  -60.272  -25.694 0.5000000000
20384  40.841  -60.269  -25.875 0.5000000000
21169  40.357  -59.473  -25.773 0.4000000060
16450  32.227  -65.872  -22.470 0.5000000000
17994  31.933  -63.750  -21.937 0.6000000238
18015  39.320  -63.750  -25.569 0.6000000238
18825  39.287  -62.869  -25.557 0.4000000060
14957  31.170  -66.746  -22.829 0.5000000000
16451  31.456  -65.993  -22.649 0.5000000000
17198  29.512  -64.881  -22.581 0.4000000060
16460  44.386  -67.024  -25.541 0.6000000238
102082  29.688  -64.127  -22.464 0.4000000060
18817  43.714  -63.922  -24.457 0.4000000060
18796  31.731  -62.666  -22.132 0.6000000238
106895  31.176  -63.278  -22.073 0.6000000238
101230  28.451  -63.207  -22.825 0.5000000000
17199  28.188  -64.610  -22.574 0.5000000000
18799  29.018  -62.538  -22.820 0.5000000000
18831  43.463  -63.693  -26.496 0.5000000000
18810  28.775  -61.863  -23.021 0.5000000000
18011  45.954  -63.471  -25.883 0.5000000000
18824  40.118  -62.635  -25.635 0.3000000119
7668  41.830  -79.427  -20.591 0.3000000119
7182  41.062  -80.020  -22.761 0.3000000119
7679  41.657  -79.506  -21.888 0.3000000119
7699  42.274  -78.153  -22.913 0.3000000119
7690  41.651  -79.073  -22.959 0.3000000119
8231  43.266  -77.685  -22.793 0.3000000119
8245  41.246  -78.318  -23.261 0.3000000119
8244  42.006  -78.094  -23.015 0.3000000119
9311  44.419  -75.844  -20.918 0.3000000119
8214  43.547  -77.055  -22.626 0.3000000119
8781  42.946  -77.387  -22.771 0.3000000119
102461  42.149  -77.318  -22.665 0.3000000119
9317  43.963  -76.586  -22.290 0.3000000119
9278  43.911  -75.330  -20.409 0.3000000119
9296  43.844  -75.866  -21.238 0.3000000119
112140  43.821  -76.479  -22.055 0.4000000060
8765  42.903  -76.837  -22.314 0.4000000060
103155  40.574  -77.491  -21.539 0.4000000060
9837  41.861  -76.088  -18.711 0.3000000119
113551  42.541  -76.179  -19.976 0.4000000060
108415  41.539  -76.668  -20.113 0.4000000060
8747  41.812  -77.077  -21.918 0.4000000060
106677  42.690  -75.388  -18.577 0.3000000119
8731  40.051  -77.255  -20.337 0.4000000060
10401  41.912  -74.882  -17.250 0.4000000060
9828  41.456  -75.622  -17.789 0.4000000060
8749  39.483  -77.769  -20.873 0.4000000060
8732  39.104  -77.313  -19.976 0.3000000119
9280  41.155  -76.472  -19.195 0.3000000119
9298  39.568  -76.765  -19.573 0.5000000000
9297  40.528  -76.803  -19.761 0.4000000060
113205  34.580  -71.554  -19.491 0.5000000000
10402  40.649  -74.958  -17.179 0.4000000060
10970  34.193  -73.705  -17.678 0.3000000119
10969  34.850  -73.181  -17.776 0.4000000060
9283  37.149  -76.324  -18.852 0.3000000119
12870  32.313  -70.894  -23.570 0.4000000060
12224  31.474  -71.505  -23.608 0.4000000060
12220  35.934  -71.897  -23.543 0.4000000060
12214  35.759  -71.945  -22.764 0.4000000060
12206  34.708  -71.837  -21.659 0.4000000060
9838  40.716  -76.107  -18.346 0.4000000060
12205  35.512  -71.670  -21.834 0.4000000060
12196  34.519  -71.548  -20.620 0.4000000060
11547  34.145  -72.863  -17.813 0.4000000060
12172  35.122  -71.890  -18.616 0.5000000000
9299  38.721  -76.579  -19.409 0.5000000000
10980  35.701  -73.124  -18.154 0.4000000060
10404  35.196  -73.847  -17.826 0.4000000060
9854  37.935  -76.388  -19.215 0.3000000119
10419  35.622  -74.638  -18.083 0.4000000060
13537  31.279  -69.326  -23.453 0.4000000060
12228  37.075  -71.374  -24.297 0.4000000060
9829  40.228  -75.456  -17.817 0.4000000060
12204  36.366  -71.444  -22.008 0.4000000060
107309  35.127  -71.279  -20.049 0.5000000000
114805  39.875  -75.775  -18.411 0.4000000060
9281  39.976  -76.339  -18.979 0.4000000060
12834  35.897  -71.074  -20.116 0.5000000000
10403  39.745  -74.622  -17.535 0.4000000060
10415  39.217  -74.459  -18.386 0.4000000060
113130  39.213  -75.643  -18.850 0.4000000060
9840  38.442  -75.694  -19.070 0.5000000000
12859  36.086  -71.004  -21.024 0.4000000060
12846  36.767  -70.736  -20.324 0.5000000000
10968  39.445  -73.919  -17.808 0.4000000060
9841  37.670  -75.580  -18.931 0.5000000000
108299  35.696  -72.375  -18.456 0.4000000060
10418  36.595  -74.608  -18.472 0.4000000060
118471  35.950  -73.954  -18.169 0.4000000060
12203  37.306  -71.241  -22.247 0.4000000060
12211  38.679  -71.561  -23.641 0.3000000119
103750  38.685  -74.872  -18.815 0.4000000060
12858  36.954  -70.725  -21.217 0.4000000060
11545  39.607  -73.112  -18.087 0.4000000060
100382  37.969  -74.833  -18.982 0.5000000000
12184  36.698  -71.238  -19.575 0.4000000060
12170  39.977  -72.314  -18.652 0.4000000060
114531  37.383  -74.912  -18.822 0.4000000060
12171  36.138  -71.820  -18.878 0.4000000060
10979  36.620  -73.586  -18.622 0.4000000060
11555  36.593  -72.569  -18.792 0.4000000060
12876  39.920  -71.100  -24.752 0.4000000060
12864  38.394  -71.158  -22.587 0.3000000119
10976  39.092  -73.726  -18.695 0.4000000060
10416  38.294  -74.037  -19.075 0.4000000060
12857  37.950  -70.630  -21.447 0.3000000119
11553  39.599  -72.843  -18.975 0.4000000060
10977  38.673  -73.173  -19.316 0.4000000060
10978  37.896  -73.434  -19.358 0.5000000000
118592  40.357  -71.658  -18.917 0.4000000060
11562  40.143  -72.051  -19.164 0.4000000060
11563  37.813  -72.588  -19.482 0.4000000060
11564  36.995  -71.836  -19.248 0.4000000060
13549  40.239  -70.030  -25.428 0.4000000060
100911  39.168  -72.340  -19.571 0.4000000060
8235  36.412  -78.062  -23.509 0.3000000119
9853  44.909  -75.371  -20.221 0.3000000119
9836  43.964  -74.899  -19.619 0.3000000119
9827  42.552  -75.057  -17.910 0.4000000060
10389  40.096  -74.251  -16.700 0.4000000060
10390  39.666  -73.836  -16.941 0.4000000060
12163  39.724  -72.385  -17.873 0.4000000060
12863  39.617  -71.153  -22.990 0.3000000119
12867  39.648  -71.369  -24.093 0.4000000060
12856  39.178  -70.541  -21.696 0.4000000060
12182  39.656  -71.541  -19.848 0.4000000060
12183  37.995  -71.506  -19.836 0.4000000060
107828  38.491  -70.916  -20.273 0.3000000119
12833  37.446  -70.837  -20.018 0.4000000060
12181  40.527  -71.019  -19.372 0.4000000060
119959  34.405  -71.831  -18.821 0.4000000060
13543  40.409  -70.564  -25.045 0.4000000060
7200  40.660  -80.749  -23.214 0.3000000119
7678  42.414  -78.457  -22.641 0.3000000119
103897  41.500  -78.696  -23.151 0.3000000119
8248  36.906  -78.713  -23.783 0.3000000119
8234  37.295  -78.393  -23.416 0.3000000119
118116  43.481  -77.172  -22.842 0.3000000119
9295  44.408  -75.620  -20.789 0.3000000119
8780  43.778  -76.873  -22.530 0.4000000060
118068  41.357  -77.479  -22.446 0.4000000060
9279  42.954  -75.612  -19.405 0.3000000119
103249  42.565  -76.615  -21.205 0.4000000060
8748  41.161  -77.068  -20.736 0.4000000060
9826  43.859  -74.599  -18.723 0.3000000119
10388  41.210  -74.367  -16.650 0.4000000060
9282  39.137  -76.170  -19.203 0.4000000060
9842  36.898  -75.520  -18.614 0.3000000119
115063  39.537  -73.393  -17.248 0.4000000060
11554  37.315  -73.252  -19.133 0.4000000060
108788  40.475  -68.677  -23.661 0.4000000060
14228  40.824  -69.257  -24.306 0.4000000060
16457  39.858  -66.903  -23.836 0.4000000060
117870  40.754  -66.809  -24.318 0.3000000119
14960  40.789  -68.699  -24.268 0.5000000000
14237  41.199  -69.681  -25.005 0.4000000060
14244  41.373  -69.442  -25.523 0.4000000060
16428  37.550  -65.409  -19.203 0.3000000119
118317  37.911  -66.136  -19.227 0.3000000119
17992  38.682  -63.720  -21.956 0.3000000119
17991  39.177  -64.183  -22.684 0.3000000119
18002  40.209  -63.115  -23.275 0.3000000119
16440  38.120  -64.995  -19.763 0.3000000119
17985  38.137  -64.086  -20.675 0.3000000119
17988  38.294  -63.580  -21.119 0.3000000119
15649  37.245  -66.175  -18.716 0.3000000119
17176  37.463  -64.549  -19.438 0.3000000119
107974  39.312  -63.323  -22.618 0.3000000119
107326  40.984  -62.015  -23.508 0.3000000119
17187  37.864  -64.249  -20.034 0.3000000119
18789  38.432  -62.323  -21.591 0.3000000119
18792  39.510  -62.455  -22.647 0.3000000119
18787  37.500  -62.465  -20.450 0.3000000119
17986  37.734  -63.416  -20.400 0.3000000119
19560  38.294  -61.465  -21.673 0.3000000119
18790  37.853  -61.942  -21.083 0.3000000119
20343  38.198  -60.722  -21.634 0.3000000119
17974  37.300  -63.756  -19.642 0.3000000119
19563  39.569  -61.523  -22.651 0.3000000119
19573  40.238  -61.276  -22.918 0.3000000119
108331  41.260  -60.914  -23.347 0.3000000119
19557  37.334  -61.581  -20.469 0.3000000119
18793  38.889  -61.900  -22.188 0.3000000119
20351  40.612  -60.749  -22.995 0.3000000119
19561  37.659  -61.029  -21.129 0.3000000119
117358  38.840  -60.857  -22.264 0.3000000119
21135  39.295  -59.889  -22.257 0.3000000119
104919  42.356  -60.254  -23.699 0.3000000119
114836  41.676  -60.403  -23.439 0.3000000119
21148  43.212  -60.144  -24.113 0.3000000119
21932  44.195  -59.317  -24.389 0.3000000119
21146  45.388  -60.028  -24.784 0.3000000119
15679  40.375  -67.971  -23.982 0.4000000060
105177  40.529  -64.313  -23.867 0.3000000119
19572  40.799  -61.419  -23.245 0.3000000119
14953  39.924  -68.092  -23.226 0.5000000000
112797  38.913  -62.801  -22.043 0.3000000119
17192  38.753  -64.531  -22.105 0.3000000119
117365  39.712  -63.857  -23.245 0.3000000119
17203  39.825  -64.765  -23.452 0.3000000119
17989  38.127  -62.787  -20.976 0.3000000119
18806  40.299  -62.040  -23.131 0.3000000119
20348  38.509  -60.065  -21.765 0.3000000119
21129  39.462  -59.151  -21.979 0.3000000119
20347  39.797  -60.602  -22.663 0.3000000119
110748  37.250  -60.779  -20.458 0.3000000119
120929  39.869  -59.962  -22.540 0.3000000119
12844  38.782  -70.566  -20.825 0.3000000119
12843  40.217  -70.423  -20.894 0.4000000060
13521  42.372  -69.641  -20.500 0.4000000060
12842  41.801  -70.162  -20.844 0.4000000060
12855  40.618  -70.324  -21.930 0.3000000119
14222  42.299  -69.029  -21.080 0.4000000060
14941  41.864  -68.565  -20.666 0.3000000119
13529  42.024  -69.665  -21.281 0.4000000060
14949  41.517  -68.381  -21.214 0.3000000119
12854  40.995  -69.950  -22.159 0.3000000119
112294  41.598  -69.381  -21.731 0.4000000060
116657  41.616  -68.883  -21.636 0.4000000060
14227  40.690  -69.679  -23.734 0.3000000119
14224  40.777  -69.236  -22.454 0.4000000060
14952  40.422  -68.378  -22.198 0.4000000060
12862  40.345  -70.734  -23.301 0.3000000119
12861  40.548  -70.315  -23.551 0.3000000119
13533  40.734  -70.217  -24.672 0.3000000119
10400  43.357  -74.458  -17.713 0.3000000119
11537  45.029  -71.874  -17.057 0.3000000119
10957  44.822  -72.841  -17.222 0.3000000119
10958  43.316  -73.383  -16.708 0.3000000119
12832  39.893  -70.874  -20.281 0.3000000119
102722  42.841  -71.905  -15.832 0.3000000119
10948  42.625  -72.726  -16.108 0.3000000119
10959  41.869  -73.685  -16.272 0.3000000119
10961  39.823  -73.581  -16.248 0.3000000119
12831  41.333  -70.641  -20.032 0.3000000119
12149  42.782  -70.751  -15.473 0.3000000119
11527  41.729  -72.205  -15.447 0.3000000119
12133  41.732  -71.169  -15.147 0.3000000119
10949  41.197  -73.153  -15.690 0.3000000119
10960  40.621  -73.790  -16.118 0.3000000119
12134  40.624  -71.353  -14.726 0.3000000119
11515  40.896  -71.955  -15.047 0.3000000119
10950  40.161  -73.221  -15.694 0.3000000119
11528  40.567  -72.616  -15.309 0.3000000119
11539  39.475  -73.062  -16.478 0.3000000119
11546  39.453  -72.736  -17.170 0.3000000119
12811  39.951  -71.625  -18.202 0.3000000119
12781  41.362  -70.276  -14.710 0.3000000119
120306  39.628  -73.024  -15.883 0.3000000119
114887  39.764  -72.614  -15.412 0.3000000119
11540  39.142  -72.400  -16.499 0.3000000119
119155  42.104  -70.184  -20.061 0.3000000119
12135  39.633  -71.511  -14.652 0.3000000119
103297  40.237  -70.638  -14.407 0.3000000119
11516  40.065  -72.119  -14.931 0.3000000119
12822  40.572  -70.781  -18.887 0.3000000119
12821  41.463  -70.302  -19.603 0.3000000119
13514  42.086  -69.711  -19.764 0.3000000119
12137  38.055  -71.470  -14.973 0.3000000119
11529  39.192  -72.416  -15.780 0.3000000119
12164  39.143  -71.981  -17.159 0.3000000119
11538  43.968  -72.523  -16.709 0.3000000119
8232  42.718  -77.643  -22.796 0.3000000119
8762  44.169  -76.260  -21.711 0.3000000119
8764  43.621  -76.978  -22.675 0.4000000060
8782  42.013  -77.831  -22.987 0.3000000119
9830  34.720  -74.576  -17.882 0.4000000060
9839  39.483  -75.138  -18.327 0.4000000060
10387  42.613  -74.225  -16.872 0.3000000119
10406  33.329  -73.931  -17.762 0.3000000119
10417  37.464  -74.088  -19.032 0.4000000060
10971  33.317  -73.230  -17.780 0.3000000119
11517  39.291  -72.034  -15.110 0.3000000119
11558  31.775  -73.260  -18.747 0.5000000000
11588  31.923  -73.063  -21.439 0.5000000000
11599  33.031  -72.466  -23.472 0.4000000060
12150  42.503  -71.444  -15.546 0.3000000119
12185  35.602  -71.415  -19.350 0.5000000000
12195  35.282  -71.386  -20.860 0.4000000060
12217  38.677  -71.554  -24.249 0.5000000000
12229  36.022  -71.547  -24.134 0.6000000238
12230  35.177  -71.636  -24.142 0.4000000060
12845  37.645  -70.617  -20.620 0.4000000060
12866  40.325  -70.831  -24.367 0.3000000119
13531  40.732  -69.776  -22.617 0.4000000060
13542  41.003  -69.938  -25.352 0.4000000060
14206  42.228  -69.026  -20.224 0.3000000119
14225  40.397  -68.852  -23.273 0.4000000060
14972  40.376  -68.622  -25.782 0.6000000238
16468  44.337  -67.003  -26.035 0.6000000238
17186  38.348  -64.744  -20.478 0.3000000119
17216  40.992  -65.717  -26.124 0.6000000238
18012  45.512  -64.452  -25.618 0.5000000000
18016  38.248  -63.482  -25.151 0.5000000000
18017  37.788  -63.527  -24.740 0.5000000000
18804  41.677  -62.570  -23.851 0.4000000060
18829  45.730  -63.244  -26.229 0.5000000000
20346  40.385  -60.040  -22.781 0.3000000119
100103  32.983  -72.299  -18.714 0.6000000238
101723  44.170  -76.100  -21.587 0.3000000119
102505  38.549  -66.570  -25.565 0.6999999881
107733  34.971  -72.564  -18.049 0.4000000060
111158  38.665  -64.191  -25.415 0.6999999881
111813  37.322  -68.405  -24.951 0.6999999881
114993  34.064  -66.186  -22.526 0.6000000238
116820  43.960  -67.286  -25.398 0.6000000238
116991  33.559  -72.226  -18.522 0.5000000000
117055  38.535  -63.036  -21.504 0.3000000119
117608  41.538  -69.995  -21.540 0.4000000060
118872  37.509  -60.520  -20.830 0.3000000119
119571  32.907  -66.639  -22.409 0.6000000238
120163  34.650  -72.296  -23.737 0.4000000060
120940  38.755  -74.269  -18.763 0.4000000060
