#!ascii label  , from subject sub-014 vox2ras=TkReg
1330
14684  -34.639  -71.606  -46.713 0.5000000000
14690  -34.296  -72.034  -46.946 0.6000000238
12703  -36.514  -73.509  -38.439 0.3000000119
13716  -33.923  -72.526  -47.371 0.5000000000
138283  -34.300  -72.527  -40.355 0.4000000060
13608  -35.096  -72.859  -39.297 0.4000000060
14583  -35.672  -72.162  -38.281 0.4000000060
12702  -35.820  -73.320  -38.837 0.3000000119
15606  -34.433  -71.507  -39.663 0.4000000060
15663  -31.611  -70.426  -45.396 0.5000000000
14666  -32.188  -71.252  -45.785 0.5000000000
14683  -33.446  -71.869  -46.216 0.5000000000
137002  -31.103  -70.775  -46.350 0.6000000238
14682  -31.721  -71.204  -46.284 0.5000000000
13709  -33.215  -72.195  -46.678 0.6000000238
12693  -37.785  -73.399  -37.652 0.3000000119
13708  -32.062  -71.886  -46.868 0.5000000000
14619  -33.909  -71.770  -41.454 0.5000000000
140651  -34.273  -72.221  -41.949 0.5000000000
12692  -36.889  -73.351  -37.761 0.3000000119
13715  -32.855  -72.656  -47.240 0.5000000000
15615  -34.179  -70.804  -40.365 0.5000000000
13621  -34.029  -71.860  -40.489 0.4000000060
14595  -35.528  -71.301  -38.658 0.4000000060
14568  -36.315  -72.183  -37.639 0.3000000119
13585  -36.664  -72.794  -37.451 0.3000000119
16545  -34.638  -69.872  -40.467 0.4000000060
15616  -34.850  -70.526  -39.785 0.4000000060
15607  -34.956  -71.165  -39.154 0.4000000060
18488  -31.699  -67.534  -45.611 0.6999999881
17525  -31.785  -68.140  -45.350 0.6999999881
16589  -31.516  -69.412  -45.174 0.6999999881
14667  -34.047  -71.620  -45.987 0.5000000000
19539  -31.343  -67.017  -45.619 0.6999999881
125036  -30.597  -67.621  -45.850 0.6999999881
123506  -31.139  -68.915  -45.562 0.8000000119
16588  -30.962  -69.732  -45.762 0.5000000000
15671  -30.698  -70.227  -46.311 0.6999999881
15654  -34.226  -71.313  -44.690 0.5000000000
130780  -30.433  -68.302  -46.098 0.6999999881
15642  -33.907  -71.180  -43.766 0.4000000060
14631  -33.971  -71.666  -42.376 0.5000000000
13587  -38.219  -72.925  -36.995 0.3000000119
15670  -29.828  -70.161  -46.721 0.6000000238
15631  -33.273  -70.386  -42.379 0.5000000000
14607  -33.868  -71.000  -41.162 0.5000000000
13586  -37.304  -72.927  -37.104 0.3000000119
124496  -30.450  -70.763  -46.725 0.5000000000
16544  -33.951  -70.079  -40.970 0.5000000000
123433  -34.611  -68.559  -41.335 0.4000000060
17467  -35.059  -69.099  -40.724 0.4000000060
15608  -35.913  -70.294  -39.416 0.4000000060
140113  -36.194  -70.650  -38.697 0.4000000060
15600  -36.105  -71.337  -38.065 0.4000000060
17468  -36.065  -69.118  -40.697 0.3000000119
16546  -35.499  -69.746  -40.182 0.4000000060
21691  -30.971  -64.676  -43.002 0.5000000000
20592  -30.682  -65.401  -43.683 0.6000000238
20593  -31.725  -65.218  -43.894 0.6000000238
19531  -31.973  -66.439  -45.313 0.6000000238
19540  -32.398  -66.975  -45.566 0.6000000238
21661  -29.911  -63.396  -41.475 0.5000000000
21675  -29.340  -64.076  -42.060 0.5000000000
20584  -29.793  -64.817  -42.936 0.6000000238
20606  -31.331  -65.859  -44.561 0.6000000238
19530  -30.791  -66.422  -45.124 0.6999999881
118547  -31.881  -70.188  -44.817 0.6000000238
14572  -41.497  -71.420  -37.664 0.3000000119
20564  -28.275  -65.230  -40.708 0.6999999881
21674  -28.657  -64.504  -41.847 0.6000000238
20583  -28.842  -64.934  -42.622 0.6000000238
131053  -29.793  -65.556  -43.674 0.6000000238
19521  -29.232  -65.994  -44.109 0.6999999881
18487  -30.178  -66.926  -45.628 0.6999999881
16581  -31.963  -69.552  -44.514 0.6000000238
15652  -32.432  -70.256  -44.035 0.6000000238
15653  -33.195  -71.039  -44.294 0.5000000000
19480  -28.591  -65.671  -39.989 0.6999999881
20575  -28.178  -65.184  -41.518 0.6000000238
20582  -28.210  -65.359  -42.282 0.6000000238
20591  -29.004  -65.469  -43.405 0.6000000238
133749  -28.938  -66.669  -44.216 0.6999999881
18486  -29.052  -67.864  -45.595 0.6999999881
139962  -33.182  -70.498  -42.858 0.5000000000
12694  -38.753  -73.254  -37.719 0.3000000119
19461  -28.986  -66.303  -39.447 0.6999999881
19479  -27.930  -65.890  -40.441 0.6000000238
20563  -27.699  -65.809  -41.132 0.6999999881
19520  -28.381  -66.350  -43.260 0.6000000238
18463  -28.638  -67.088  -43.616 0.6000000238
16592  -29.335  -69.440  -46.601 0.6999999881
16563  -32.811  -69.199  -42.697 0.5000000000
16555  -33.131  -68.820  -42.111 0.5000000000
19507  -27.428  -66.543  -41.984 0.6000000238
18449  -28.222  -67.325  -42.660 0.6000000238
17521  -28.507  -68.544  -45.421 0.6000000238
16587  -27.873  -69.924  -46.095 0.6000000238
131107  -28.453  -71.225  -46.626 0.6000000238
17496  -33.257  -68.236  -42.594 0.5000000000
14569  -36.922  -72.181  -37.007 0.3000000119
18424  -26.869  -67.082  -40.851 0.6999999881
18433  -27.054  -67.137  -41.434 0.6000000238
18462  -27.867  -66.788  -42.522 0.6000000238
17505  -28.769  -67.652  -43.405 0.6000000238
17506  -28.982  -68.343  -43.912 0.5000000000
15651  -29.039  -69.359  -44.223 0.5000000000
14665  -27.752  -71.650  -45.987 0.5000000000
14679  -28.969  -72.018  -46.887 0.5000000000
121366  -33.804  -68.657  -41.581 0.5000000000
138021  -37.577  -67.712  -41.938 0.3000000119
17483  -37.356  -68.260  -41.289 0.3000000119
17469  -37.046  -69.075  -40.604 0.3000000119
16534  -36.910  -69.620  -39.824 0.4000000060
15609  -36.765  -70.017  -39.077 0.4000000060
14678  -28.102  -71.875  -46.459 0.5000000000
18436  -36.912  -67.910  -42.001 0.3000000119
17482  -36.539  -68.523  -41.312 0.3000000119
16547  -36.367  -69.559  -40.130 0.4000000060
22701  -30.615  -62.969  -41.086 0.5000000000
22713  -30.756  -63.304  -41.637 0.5000000000
21662  -32.040  -63.332  -41.768 0.5000000000
21678  -32.076  -64.040  -42.411 0.5000000000
20550  -31.369  -64.817  -39.629 0.5000000000
21637  -30.491  -63.870  -40.027 0.5000000000
21649  -29.877  -63.412  -40.758 0.5000000000
21676  -30.254  -63.922  -42.184 0.5000000000
21692  -31.971  -64.606  -43.160 0.5000000000
20608  -33.371  -65.600  -44.710 0.6000000238
19532  -32.958  -66.383  -45.406 0.6000000238
20549  -30.494  -65.120  -39.644 0.5000000000
18490  -33.182  -66.936  -45.408 0.6000000238
18480  -32.631  -67.564  -45.239 0.8000000119
14573  -42.413  -71.223  -37.838 0.3000000119
19462  -30.495  -66.152  -39.214 0.6000000238
20548  -29.548  -65.552  -39.622 0.6000000238
20566  -29.688  -64.355  -40.180 0.6000000238
18491  -33.955  -66.864  -45.208 0.4000000060
15590  -42.008  -71.079  -37.226 0.3000000119
18413  -29.775  -66.599  -39.131 0.6999999881
18464  -32.771  -67.894  -44.429 0.5000000000
17517  -32.055  -68.589  -44.798 0.6000000238
13589  -40.078  -72.444  -37.629 0.3000000119
14570  -39.687  -72.053  -36.875 0.3000000119
18401  -28.951  -67.150  -38.950 0.6999999881
18466  -34.545  -67.455  -43.850 0.4000000060
13576  -38.726  -72.259  -36.538 0.3000000119
19460  -28.088  -66.557  -39.797 0.6000000238
19459  -27.137  -67.140  -40.108 0.6999999881
17497  -33.781  -67.763  -42.866 0.4000000060
15588  -36.710  -71.215  -37.387 0.3000000119
17457  -27.843  -67.479  -39.232 0.6000000238
18412  -26.439  -67.678  -40.380 0.6999999881
18448  -27.495  -67.533  -42.073 0.6000000238
17495  -29.285  -68.355  -42.845 0.5000000000
16561  -29.693  -68.980  -43.107 0.5000000000
14652  -27.960  -71.368  -45.391 0.6000000238
18450  -34.729  -67.746  -42.837 0.4000000060
17480  -34.219  -68.125  -42.047 0.4000000060
18454  -38.957  -67.083  -43.103 0.3000000119
18437  -38.201  -67.403  -42.440 0.3000000119
18438  -39.160  -67.518  -41.975 0.3000000119
17484  -38.133  -67.811  -41.447 0.3000000119
135511  -37.643  -69.173  -40.002 0.4000000060
122709  -37.036  -70.205  -37.607 0.3000000119
17493  -27.130  -68.266  -41.978 0.6000000238
16553  -29.806  -69.078  -42.131 0.5000000000
16562  -30.208  -69.600  -42.508 0.5000000000
133630  -29.900  -69.647  -43.283 0.5000000000
14653  -28.868  -71.521  -44.625 0.5000000000
13690  -28.724  -72.525  -44.815 0.6000000238
13700  -28.433  -72.994  -45.497 0.5000000000
18451  -35.690  -67.756  -42.862 0.3000000119
18453  -37.397  -67.529  -42.801 0.3000000119
17494  -28.022  -68.120  -42.076 0.5000000000
15641  -30.342  -70.241  -42.941 0.5000000000
13673  -29.651  -72.254  -44.099 0.5000000000
118328  -30.529  -72.027  -43.105 0.5000000000
21639  -32.268  -63.333  -39.702 0.5000000000
21638  -31.404  -63.603  -39.894 0.5000000000
22715  -32.046  -62.796  -41.219 0.5000000000
21663  -32.579  -63.314  -41.581 0.5000000000
137535  -33.098  -64.174  -42.080 0.5000000000
21679  -32.633  -64.082  -42.325 0.5000000000
19464  -32.039  -65.553  -39.324 0.5000000000
21650  -30.855  -63.099  -40.489 0.5000000000
21695  -34.502  -65.093  -43.300 0.4000000060
20595  -33.991  -65.205  -44.039 0.4000000060
14574  -43.464  -71.165  -37.921 0.3000000119
15576  -42.826  -70.668  -36.384 0.3000000119
19445  -31.267  -66.714  -38.965 0.6000000238
20609  -34.340  -65.868  -44.640 0.4000000060
19533  -33.761  -66.472  -45.146 0.4000000060
18403  -31.064  -67.600  -38.732 0.6000000238
19444  -30.536  -66.908  -38.927 0.6000000238
14559  -41.218  -71.175  -36.789 0.3000000119
14558  -40.185  -71.415  -36.493 0.3000000119
18402  -30.052  -67.435  -38.801 0.6000000238
18482  -34.438  -67.087  -44.786 0.4000000060
17444  -29.488  -68.013  -38.504 0.6000000238
18483  -35.796  -67.154  -44.392 0.4000000060
18467  -35.383  -67.540  -43.756 0.4000000060
13575  -37.739  -72.153  -36.489 0.3000000119
17443  -28.553  -68.042  -38.593 0.6999999881
18468  -36.256  -67.563  -43.819 0.3000000119
118320  -37.148  -67.418  -43.879 0.3000000119
22691  -32.563  -62.540  -40.008 0.5000000000
123531  -32.304  -62.680  -40.583 0.5000000000
22716  -32.743  -62.654  -40.911 0.5000000000
119276  -33.440  -63.622  -41.271 0.4000000060
20551  -32.257  -64.604  -39.488 0.5000000000
21680  -33.937  -64.662  -42.226 0.4000000060
20535  -32.913  -65.683  -39.025 0.6000000238
21696  -35.667  -65.148  -43.465 0.4000000060
20596  -34.960  -65.404  -44.144 0.4000000060
126816  -41.391  -70.762  -36.186 0.3000000119
15575  -42.059  -70.814  -36.606 0.3000000119
17445  -30.405  -68.186  -38.448 0.6000000238
20610  -35.237  -65.980  -44.576 0.4000000060
19534  -34.623  -66.564  -44.834 0.4000000060
132543  -35.947  -66.078  -44.552 0.4000000060
19537  -37.205  -66.721  -44.452 0.4000000060
18484  -36.578  -67.203  -44.304 0.3000000119
128471  -37.790  -66.825  -44.011 0.3000000119
16525  -28.362  -68.842  -38.229 0.6000000238
133477  -32.847  -62.927  -39.479 0.5000000000
22703  -33.174  -62.206  -40.118 0.5000000000
22704  -34.029  -62.125  -40.162 0.4000000060
21652  -34.471  -63.261  -40.694 0.4000000060
20552  -33.140  -64.193  -39.160 0.5000000000
21626  -33.441  -62.934  -38.973 0.5000000000
21664  -35.339  -64.243  -41.361 0.4000000060
19446  -32.117  -66.381  -39.068 0.6000000238
20536  -33.710  -65.224  -38.497 0.6000000238
21627  -33.909  -64.007  -38.432 0.6000000238
21681  -35.004  -64.821  -42.422 0.4000000060
18404  -32.032  -67.273  -38.814 0.6000000238
121856  -32.935  -66.874  -38.836 0.6000000238
21697  -36.788  -65.037  -43.218 0.4000000060
132192  -36.453  -65.410  -43.945 0.4000000060
17446  -31.921  -68.092  -38.506 0.6000000238
20597  -35.843  -65.632  -44.253 0.4000000060
20598  -37.234  -65.433  -44.066 0.4000000060
20612  -37.604  -65.967  -44.426 0.4000000060
20599  -38.042  -65.542  -44.133 0.4000000060
15573  -39.651  -71.045  -35.800 0.3000000119
15555  -39.936  -70.565  -35.285 0.3000000119
139322  -31.845  -68.953  -38.087 0.6000000238
19523  -38.042  -66.387  -44.192 0.4000000060
15553  -37.863  -70.369  -35.689 0.3000000119
14539  -38.847  -71.104  -35.661 0.3000000119
17432  -30.769  -68.894  -38.052 0.6000000238
17431  -29.833  -68.709  -38.037 0.6000000238
16514  -31.186  -69.671  -37.649 0.6999999881
15571  -32.978  -70.433  -36.762 0.6999999881
16513  -30.175  -69.458  -37.625 0.6000000238
15587  -32.214  -70.641  -36.854 0.6999999881
14554  -32.446  -71.095  -36.171 0.6999999881
15569  -30.794  -70.981  -36.672 0.6000000238
16501  -33.410  -69.970  -35.506 0.6999999881
16492  -33.370  -69.623  -34.698 0.6000000238
14553  -31.750  -71.476  -35.980 0.6999999881
16500  -33.009  -70.459  -34.932 0.6999999881
23706  -33.551  -61.968  -39.550 0.5000000000
23723  -34.568  -61.801  -39.712 0.5000000000
119502  -34.167  -62.806  -38.324 0.5000000000
22675  -33.726  -62.068  -39.009 0.5000000000
126218  -36.091  -62.094  -40.059 0.5000000000
22705  -35.052  -62.284  -40.121 0.4000000060
21653  -35.721  -63.162  -40.560 0.4000000060
20523  -34.135  -65.806  -37.998 0.6000000238
20524  -34.311  -64.771  -37.608 0.6000000238
21613  -34.470  -63.596  -37.552 0.6000000238
120674  -34.781  -62.664  -37.556 0.6000000238
21665  -36.388  -64.120  -41.246 0.4000000060
135575  -32.813  -67.811  -38.659 0.6000000238
22657  -34.756  -63.395  -36.778 0.6000000238
21682  -36.006  -64.782  -42.341 0.4000000060
17447  -32.603  -68.498  -38.346 0.6000000238
18405  -33.585  -67.384  -38.361 0.6000000238
19431  -34.203  -66.676  -37.708 0.6000000238
19416  -34.493  -66.199  -36.665 0.6000000238
20507  -34.364  -64.987  -36.516 0.6000000238
21698  -37.778  -65.088  -43.550 0.4000000060
21686  -40.160  -64.601  -43.088 0.4000000060
17434  -33.571  -68.828  -37.609 0.6000000238
18393  -34.043  -67.921  -37.520 0.6000000238
18384  -34.535  -66.967  -36.352 0.6000000238
20494  -34.436  -65.495  -35.751 0.6000000238
21571  -34.906  -64.876  -34.733 0.6000000238
21699  -38.634  -65.272  -43.683 0.4000000060
21700  -39.603  -65.533  -43.665 0.4000000060
17433  -32.919  -69.139  -38.011 0.6000000238
17423  -33.952  -68.846  -36.639 0.5000000000
18383  -34.357  -67.767  -36.464 0.6000000238
19380  -34.461  -66.274  -35.081 0.6000000238
20486  -34.814  -65.257  -34.164 0.6000000238
21572  -35.211  -64.883  -34.215 0.6999999881
16516  -33.336  -69.609  -37.253 0.6000000238
18371  -34.233  -68.251  -35.506 0.6000000238
127435  -34.382  -67.345  -34.855 0.6000000238
20475  -35.366  -65.361  -33.368 0.6000000238
128772  -36.656  -64.809  -32.803 0.6000000238
18356  -34.343  -67.428  -34.020 0.6000000238
20474  -34.826  -65.881  -33.532 0.6000000238
20460  -35.246  -65.937  -32.827 0.6000000238
21561  -36.042  -65.094  -32.616 0.6000000238
17415  -33.708  -69.204  -35.558 0.6000000238
17406  -34.196  -68.223  -34.466 0.6000000238
19352  -35.048  -66.781  -32.814 0.5000000000
21544  -36.068  -65.119  -31.690 0.6000000238
17398  -34.251  -68.292  -33.548 0.5000000000
14537  -32.058  -71.494  -35.564 0.6999999881
16491  -32.873  -70.277  -33.993 0.6999999881
17396  -33.218  -69.428  -33.152 0.5000000000
17390  -34.328  -68.299  -32.641 0.6000000238
18337  -34.860  -67.766  -32.292 0.5000000000
121123  -35.187  -67.289  -31.881 0.5000000000
17381  -34.236  -68.344  -31.671 0.6000000238
26785  -31.139  -59.345  -34.783 0.6000000238
24681  -31.205  -60.469  -34.326 0.6000000238
24680  -30.693  -61.105  -34.856 0.6000000238
23708  -34.991  -61.613  -39.181 0.5000000000
137574  -35.390  -61.584  -38.705 0.5000000000
23724  -35.479  -61.760  -39.652 0.5000000000
22706  -36.938  -62.855  -40.552 0.5000000000
138583  -34.668  -63.755  -36.129 0.5000000000
140391  -34.920  -63.041  -36.939 0.5000000000
22643  -35.874  -63.515  -36.532 0.5000000000
21666  -37.342  -64.004  -41.373 0.4000000060
21668  -39.141  -63.137  -41.619 0.4000000060
22642  -35.013  -63.350  -36.343 0.5000000000
21683  -37.585  -64.693  -42.438 0.4000000060
139908  -38.992  -64.123  -42.243 0.4000000060
21582  -35.144  -64.596  -34.989 0.5000000000
21583  -35.619  -64.298  -35.277 0.5000000000
22631  -35.388  -63.740  -35.822 0.5000000000
21684  -38.447  -64.744  -42.745 0.4000000060
21573  -35.815  -64.672  -34.513 0.6000000238
117968  -36.694  -64.560  -34.907 0.6000000238
124008  -36.010  -64.891  -33.561 0.6000000238
140700  -36.595  -64.742  -34.114 0.5000000000
22595  -37.200  -64.125  -31.780 0.4000000060
21546  -37.475  -64.406  -32.523 0.4000000060
21547  -38.397  -63.851  -32.610 0.4000000060
21530  -35.879  -64.975  -30.727 0.6000000238
21531  -36.449  -64.250  -31.157 0.6000000238
22583  -37.340  -63.325  -31.246 0.5000000000
22596  -37.853  -63.766  -31.981 0.4000000060
23607  -38.411  -62.847  -32.037 0.4000000060
14536  -31.404  -71.730  -35.427 0.6999999881
126204  -35.636  -65.657  -31.367 0.6000000238
22574  -36.633  -63.547  -30.643 0.5000000000
23594  -37.682  -62.278  -31.340 0.4000000060
17388  -32.698  -69.446  -32.371 0.6000000238
118541  -35.240  -67.217  -31.084 0.5000000000
19338  -35.455  -66.379  -30.863 0.5000000000
123179  -36.253  -64.077  -30.215 0.5000000000
120658  -36.886  -62.991  -30.623 0.5000000000
23593  -37.114  -62.491  -30.839 0.4000000060
24643  -37.688  -61.467  -31.496 0.4000000060
135548  -33.731  -68.622  -32.106 0.6000000238
20433  -35.945  -65.670  -29.878 0.5000000000
27796  -29.783  -57.712  -33.787 0.6999999881
118950  -30.911  -58.547  -34.427 0.6000000238
27786  -29.933  -58.347  -32.631 0.6999999881
131414  -31.523  -59.596  -33.723 0.6000000238
27787  -30.655  -58.650  -32.498 0.6000000238
24667  -30.875  -61.376  -33.998 0.6000000238
126463  -31.439  -59.397  -32.976 0.6000000238
27788  -31.379  -59.124  -31.888 0.6000000238
28820  -31.088  -58.036  -30.963 0.6000000238
27761  -31.405  -58.215  -30.615 0.6000000238
137559  -30.421  -61.889  -34.478 0.5000000000
24654  -31.414  -61.142  -32.604 0.6000000238
25696  -31.564  -60.567  -32.021 0.6000000238
121331  -31.488  -59.897  -31.414 0.6000000238
26735  -31.527  -59.089  -30.753 0.6000000238
22611  -29.992  -63.032  -33.497 0.5000000000
23605  -30.478  -62.517  -32.807 0.5000000000
25682  -31.283  -60.761  -31.097 0.5000000000
116884  -31.321  -60.076  -30.439 0.5000000000
22677  -35.354  -61.974  -38.067 0.4000000060
23693  -36.123  -61.578  -38.644 0.5000000000
22707  -37.885  -62.049  -40.538 0.5000000000
22718  -37.781  -62.975  -41.044 0.4000000060
132300  -30.044  -63.380  -32.523 0.5000000000
23606  -31.025  -61.967  -32.235 0.5000000000
24628  -30.998  -61.587  -30.826 0.5000000000
122150  -30.939  -60.946  -30.179 0.5000000000
130318  -35.920  -62.086  -37.909 0.5000000000
22719  -38.468  -62.422  -41.111 0.4000000060
22720  -39.983  -62.610  -41.683 0.4000000060
22721  -40.818  -62.227  -41.772 0.4000000060
21560  -30.010  -64.011  -33.350 0.5000000000
23591  -30.564  -62.776  -31.876 0.5000000000
23592  -30.940  -62.199  -31.385 0.6000000238
23579  -30.839  -62.412  -30.512 0.6000000238
22730  -39.725  -63.811  -42.327 0.4000000060
21529  -29.949  -64.840  -31.469 0.6000000238
22581  -30.083  -63.757  -31.445 0.6000000238
22573  -30.802  -63.238  -30.162 0.6999999881
21597  -36.248  -64.164  -35.732 0.4000000060
118259  -37.825  -64.640  -34.868 0.5000000000
17404  -29.779  -68.455  -33.902 0.6000000238
127726  -38.422  -64.501  -34.113 0.5000000000
123311  -30.033  -69.572  -33.521 0.6000000238
21563  -38.038  -64.481  -33.304 0.4000000060
15519  -30.854  -70.581  -33.518 0.6000000238
15520  -31.704  -70.831  -33.583 0.6000000238
23608  -39.141  -62.415  -32.685 0.4000000060
117660  -32.174  -69.069  -31.775 0.6000000238
15538  -32.355  -71.025  -34.259 0.6999999881
17375  -33.653  -68.440  -30.918 0.6000000238
18321  -34.008  -68.095  -30.262 0.6000000238
18322  -34.789  -67.813  -30.524 0.5000000000
19322  -35.225  -67.148  -30.164 0.5000000000
28836  -28.873  -57.932  -32.817 0.6999999881
27773  -29.236  -58.347  -31.783 0.6999999881
28818  -29.624  -57.989  -31.166 0.6000000238
28819  -30.611  -58.024  -31.114 0.6000000238
29786  -30.317  -57.205  -30.758 0.6000000238
28797  -30.855  -57.364  -30.673 0.6000000238
29778  -31.033  -56.959  -30.237 0.6999999881
28776  -31.834  -57.879  -29.268 0.6000000238
27751  -31.699  -58.505  -29.939 0.6000000238
23694  -36.980  -61.675  -39.122 0.5000000000
23709  -36.616  -61.604  -39.390 0.5000000000
23725  -37.076  -61.699  -40.036 0.5000000000
23726  -38.093  -61.818  -40.274 0.5000000000
123113  -31.716  -59.413  -29.646 0.6000000238
135800  -31.956  -58.651  -29.233 0.5000000000
23711  -38.376  -61.844  -40.151 0.5000000000
23737  -39.265  -61.801  -41.110 0.5000000000
23738  -40.231  -61.543  -41.217 0.4000000060
23557  -31.050  -61.986  -28.869 0.6000000238
126146  -30.951  -61.195  -29.413 0.6000000238
26722  -32.120  -59.157  -28.753 0.5000000000
22644  -36.838  -63.803  -37.144 0.5000000000
18345  -30.021  -67.785  -33.592 0.6000000238
19365  -30.171  -66.805  -33.413 0.4000000060
124902  -30.293  -66.116  -32.117 0.6000000238
140474  -30.899  -64.209  -29.894 0.6000000238
22563  -31.266  -63.513  -29.394 0.6000000238
24603  -31.743  -61.664  -28.036 0.6000000238
129438  -37.991  -64.581  -36.404 0.4000000060
21599  -38.662  -64.476  -37.043 0.4000000060
18336  -30.423  -67.814  -32.560 0.5000000000
19351  -30.389  -66.757  -32.391 0.5000000000
20451  -30.273  -65.822  -31.348 0.6000000238
137079  -30.098  -65.197  -30.964 0.6999999881
21504  -31.355  -65.126  -29.500 0.6000000238
21488  -31.657  -64.396  -29.095 0.6000000238
23558  -31.872  -62.789  -28.150 0.6000000238
21585  -38.317  -64.590  -35.534 0.5000000000
17395  -30.272  -68.880  -33.000 0.6000000238
134475  -30.757  -66.990  -31.108 0.6000000238
20432  -31.046  -65.799  -29.924 0.6000000238
21505  -32.104  -65.341  -28.854 0.6000000238
22551  -32.369  -63.685  -27.982 0.6000000238
22541  -32.697  -63.228  -27.496 0.6000000238
21575  -38.633  -64.499  -34.808 0.4000000060
17386  -30.734  -68.777  -32.249 0.5000000000
18326  -30.666  -67.347  -31.755 0.6000000238
19320  -31.470  -66.700  -29.842 0.6000000238
20402  -32.984  -65.593  -28.361 0.6000000238
21489  -32.444  -64.569  -28.276 0.6000000238
135693  -30.687  -69.876  -32.992 0.6000000238
16476  -31.038  -69.507  -32.476 0.6000000238
17387  -31.374  -69.049  -31.899 0.6000000238
19321  -32.170  -67.491  -29.969 0.6000000238
19312  -32.372  -66.866  -29.335 0.6000000238
18320  -32.976  -68.092  -30.389 0.6000000238
17374  -32.699  -68.546  -31.185 0.6000000238
19314  -35.075  -66.837  -29.257 0.5000000000
19315  -35.734  -66.170  -29.185 0.5000000000
28816  -27.491  -58.162  -31.298 0.6999999881
28817  -28.525  -58.163  -31.208 0.6999999881
28814  -25.431  -57.696  -31.081 0.6999999881
28794  -26.030  -57.618  -30.667 0.6999999881
28795  -26.941  -57.739  -30.767 0.6999999881
28796  -27.856  -57.790  -30.767 0.6999999881
139827  -29.052  -56.547  -30.791 0.6000000238
30724  -30.007  -56.218  -30.673 0.6000000238
30714  -30.161  -55.876  -30.358 0.5000000000
29777  -30.496  -56.650  -30.457 0.6999999881
140005  -30.779  -56.376  -29.339 0.5000000000
28775  -31.717  -57.106  -28.945 0.5000000000
28761  -31.965  -57.655  -28.470 0.5000000000
23695  -37.655  -61.894  -39.523 0.4000000060
23712  -39.381  -61.715  -40.644 0.5000000000
128903  -40.094  -61.404  -40.872 0.5000000000
23728  -39.737  -61.393  -40.945 0.5000000000
23739  -40.992  -61.439  -41.331 0.4000000060
21615  -38.299  -63.986  -37.818 0.4000000060
22693  -39.272  -62.475  -39.764 0.4000000060
25653  -32.000  -60.675  -28.067 0.6000000238
24591  -32.410  -61.318  -27.451 0.6000000238
22542  -33.553  -63.616  -27.151 0.6000000238
24592  -33.058  -61.839  -27.018 0.6000000238
20414  -33.551  -66.374  -28.616 0.6000000238
21490  -33.424  -64.983  -27.873 0.6000000238
23548  -33.258  -62.739  -27.044 0.6000000238
18313  -33.329  -67.551  -29.568 0.6000000238
21476  -33.941  -64.462  -27.373 0.5000000000
19313  -34.065  -67.060  -29.017 0.6000000238
20403  -33.930  -65.797  -28.156 0.5000000000
19305  -35.208  -66.273  -28.728 0.5000000000
132518  -24.499  -57.305  -31.153 0.6999999881
28793  -25.226  -57.307  -30.778 0.6999999881
29774  -25.498  -56.894  -30.581 0.6999999881
29776  -27.307  -57.343  -30.525 0.6999999881
30721  -26.710  -55.281  -31.190 0.6000000238
30711  -28.096  -56.914  -30.593 0.6999999881
30712  -28.673  -55.623  -31.079 0.4000000060
28791  -22.326  -57.058  -30.811 0.6999999881
28792  -23.353  -57.203  -30.939 0.6999999881
125451  -24.158  -56.561  -30.682 0.6000000238
30709  -24.874  -55.628  -30.841 0.6000000238
30713  -29.571  -55.402  -30.568 0.5000000000
27760  -21.559  -58.328  -30.671 0.6999999881
28790  -21.847  -57.159  -30.668 0.6999999881
31674  -29.687  -55.241  -30.012 0.5000000000
26719  -21.464  -59.237  -29.651 0.6999999881
128993  -30.487  -56.189  -28.796 0.5000000000
25650  -22.257  -60.444  -28.545 0.6000000238
25634  -22.660  -60.718  -27.581 0.6000000238
25617  -23.078  -60.926  -26.783 0.6000000238
24564  -24.551  -61.980  -24.724 0.5000000000
24565  -25.173  -61.036  -24.249 0.5000000000
22694  -40.133  -62.107  -40.227 0.4000000060
130872  -41.138  -61.297  -41.111 0.4000000060
22519  -34.163  -63.135  -26.732 0.6000000238
31683  -26.405  -54.373  -31.362 0.5000000000
30722  -27.759  -55.514  -31.181 0.5000000000
29772  -21.982  -56.272  -30.368 0.6000000238
30707  -23.316  -55.349  -30.392 0.6000000238
30708  -23.997  -55.129  -30.893 0.6000000238
140216  -25.102  -54.152  -31.147 0.6000000238
32628  -27.676  -53.783  -31.178 0.5000000000
32618  -28.498  -54.135  -30.721 0.5000000000
31673  -29.169  -54.617  -30.320 0.5000000000
27749  -21.270  -58.248  -30.013 0.6999999881
29763  -21.642  -56.713  -30.148 0.6000000238
30696  -22.452  -55.526  -30.098 0.6000000238
30697  -23.084  -55.002  -30.103 0.6000000238
31657  -23.723  -54.648  -30.095 0.6000000238
31648  -29.051  -54.548  -28.571 0.5000000000
26704  -21.576  -58.552  -29.259 0.6999999881
28758  -21.909  -56.975  -28.865 0.6000000238
28759  -22.660  -57.158  -28.284 0.6000000238
30686  -22.894  -55.357  -28.765 0.6000000238
139300  -23.485  -54.944  -28.501 0.6000000238
26688  -22.575  -59.778  -27.852 0.6000000238
27740  -22.232  -58.128  -28.592 0.6000000238
27741  -23.377  -58.183  -27.906 0.6000000238
28760  -24.105  -56.953  -27.664 0.6000000238
25635  -23.234  -60.058  -27.190 0.6000000238
26689  -24.416  -59.569  -27.156 0.6000000238
119745  -25.000  -58.894  -27.775 0.6000000238
27742  -24.506  -58.012  -27.899 0.6000000238
25618  -23.844  -60.205  -26.431 0.5000000000
139523  -24.342  -60.424  -25.755 0.5000000000
26676  -25.106  -59.840  -26.131 0.5000000000
26690  -25.824  -59.593  -27.368 0.6000000238
27735  -25.431  -58.292  -27.909 0.6000000238
23713  -40.893  -61.537  -40.699 0.4000000060
24523  -24.775  -61.400  -22.608 0.5000000000
25599  -25.179  -60.437  -25.131 0.5000000000
26677  -26.643  -60.071  -26.623 0.6000000238
26691  -26.767  -59.458  -27.207 0.6000000238
25567  -24.842  -60.705  -22.578 0.5000000000
26640  -25.281  -60.415  -23.216 0.5000000000
25600  -25.915  -60.256  -24.576 0.4000000060
25601  -26.363  -60.183  -25.637 0.5000000000
132022  -27.294  -59.852  -26.549 0.6000000238
32616  -26.118  -53.003  -31.286 0.6000000238
32617  -27.093  -52.788  -31.247 0.5000000000
127142  -28.113  -53.211  -30.717 0.5000000000
32615  -25.262  -52.966  -30.923 0.6000000238
33568  -25.953  -52.291  -30.832 0.5000000000
127462  -28.706  -54.008  -29.210 0.5000000000
120255  -24.153  -53.735  -28.572 0.6999999881
32601  -24.489  -53.234  -29.371 0.6999999881
29753  -23.643  -55.806  -27.884 0.6000000238
31647  -23.834  -54.366  -28.581 0.6999999881
29740  -24.657  -56.360  -27.354 0.6000000238
30674  -24.770  -55.460  -27.136 0.6999999881
29741  -25.663  -57.002  -27.330 0.6000000238
129777  -25.369  -56.153  -27.064 0.6999999881
28748  -26.746  -58.470  -27.272 0.6000000238
29729  -26.091  -56.415  -26.700 0.6999999881
25564  -22.380  -59.974  -23.710 0.5000000000
26639  -24.473  -59.949  -23.017 0.5000000000
26651  -26.131  -60.003  -24.002 0.4000000060
141092  -27.319  -59.792  -25.333 0.6000000238
27724  -27.408  -59.082  -26.604 0.6000000238
26648  -22.588  -59.229  -24.019 0.5000000000
26650  -25.188  -59.562  -23.845 0.4000000060
128435  -25.898  -59.227  -23.901 0.5000000000
32604  -28.294  -52.784  -29.997 0.5000000000
33569  -26.919  -52.142  -30.706 0.5000000000
32602  -24.940  -52.731  -30.079 0.6000000238
33543  -25.197  -51.786  -29.042 0.5000000000
34566  -25.738  -51.407  -29.239 0.5000000000
32574  -24.397  -53.694  -27.853 0.6999999881
31637  -24.385  -54.467  -27.656 0.6999999881
30659  -25.439  -55.508  -26.723 0.6000000238
29730  -26.855  -57.100  -26.233 0.6999999881
27705  -27.497  -59.129  -25.123 0.6000000238
28711  -27.433  -57.716  -25.575 0.6000000238
27686  -23.164  -58.528  -24.734 0.5000000000
27687  -24.445  -58.784  -24.396 0.4000000060
139266  -26.635  -59.078  -23.974 0.6000000238
27703  -23.206  -57.827  -25.236 0.4000000060
131907  -23.864  -58.150  -24.903 0.4000000060
28697  -24.860  -58.235  -24.443 0.5000000000
32588  -24.861  -52.192  -28.101 0.6000000238
34550  -25.464  -51.302  -28.467 0.5000000000
32575  -24.623  -53.205  -27.681 0.6000000238
33518  -25.125  -52.027  -26.986 0.5000000000
32559  -25.427  -53.833  -26.382 0.6000000238
31625  -25.877  -54.513  -25.991 0.6000000238
32545  -26.030  -53.781  -25.746 0.5000000000
30660  -26.074  -55.419  -26.085 0.6000000238
29714  -27.127  -56.749  -25.395 0.6999999881
30647  -26.830  -55.784  -25.416 0.5000000000
27689  -27.571  -58.204  -24.820 0.6000000238
28698  -26.311  -58.502  -23.847 0.5000000000
28696  -23.888  -57.560  -25.012 0.4000000060
28688  -25.494  -57.752  -23.797 0.5000000000
124297  -19.715  -50.639  -25.362 0.4000000060
36517  -19.931  -49.845  -25.127 0.3000000119
35505  -20.269  -50.159  -25.869 0.4000000060
33504  -25.453  -51.829  -26.346 0.5000000000
33515  -19.700  -52.210  -26.776 0.3000000119
35524  -20.539  -50.558  -26.564 0.4000000060
31610  -26.626  -54.752  -25.495 0.5000000000
33506  -26.217  -52.888  -25.472 0.5000000000
139578  -20.635  -53.125  -27.967 0.3000000119
35537  -20.832  -51.030  -27.191 0.4000000060
122098  -27.263  -55.371  -24.967 0.5000000000
32572  -20.726  -53.826  -27.998 0.3000000119
30648  -27.507  -56.265  -24.630 0.6000000238
28699  -27.346  -58.111  -23.944 0.6999999881
29702  -27.937  -56.978  -23.982 0.6000000238
29701  -24.460  -57.222  -24.286 0.5000000000
28689  -26.642  -57.800  -23.335 0.5000000000
29690  -24.925  -56.797  -23.278 0.4000000060
29691  -25.910  -57.127  -22.830 0.4000000060
37468  -19.246  -48.419  -23.277 0.3000000119
127246  -19.846  -48.912  -23.942 0.3000000119
141221  -20.399  -48.491  -24.392 0.3000000119
36518  -20.689  -49.342  -25.636 0.3000000119
36535  -20.894  -49.921  -26.334 0.4000000060
34531  -21.181  -51.544  -27.693 0.4000000060
35525  -21.196  -50.371  -26.880 0.4000000060
32546  -26.994  -53.755  -25.328 0.5000000000
33529  -21.620  -52.246  -27.663 0.4000000060
34532  -21.980  -51.442  -27.335 0.4000000060
127602  -27.806  -55.462  -24.327 0.5000000000
31602  -28.066  -54.758  -24.094 0.5000000000
32558  -21.885  -53.578  -27.213 0.4000000060
30637  -27.944  -56.190  -23.797 0.5000000000
29692  -26.881  -57.108  -22.767 0.5000000000
29685  -27.131  -56.424  -22.482 0.5000000000
29699  -23.135  -56.169  -25.213 0.3000000119
30636  -23.580  -55.735  -24.423 0.4000000060
30630  -24.681  -55.858  -23.128 0.4000000060
29684  -26.366  -56.472  -22.390 0.4000000060
37457  -18.602  -47.763  -22.727 0.3000000119
38487  -20.129  -48.146  -23.734 0.3000000119
137499  -21.478  -47.959  -25.718 0.4000000060
37495  -21.387  -48.646  -25.852 0.4000000060
34492  -25.818  -50.980  -25.237 0.4000000060
126627  -21.857  -49.556  -26.426 0.4000000060
34476  -26.172  -50.872  -24.384 0.4000000060
35538  -21.536  -50.825  -27.265 0.4000000060
36537  -22.232  -49.939  -26.402 0.4000000060
139957  -27.120  -53.023  -25.089 0.4000000060
124294  -22.680  -50.555  -26.106 0.4000000060
127469  -28.104  -55.493  -23.572 0.5000000000
33530  -22.350  -52.248  -27.030 0.4000000060
121318  -22.535  -53.923  -25.440 0.3000000119
126428  -28.023  -55.525  -22.831 0.5000000000
31594  -23.922  -54.433  -23.998 0.3000000119
38476  -19.570  -47.673  -22.984 0.3000000119
38477  -20.461  -47.266  -23.717 0.3000000119
38488  -20.702  -47.734  -24.570 0.3000000119
39484  -21.599  -46.805  -25.569 0.4000000060
38503  -21.819  -47.379  -25.881 0.4000000060
39486  -22.726  -46.913  -25.441 0.3000000119
38520  -22.324  -48.435  -26.086 0.4000000060
35495  -25.953  -49.959  -24.832 0.4000000060
36507  -26.865  -49.128  -24.377 0.4000000060
37497  -22.835  -48.622  -25.853 0.4000000060
34477  -26.933  -51.744  -23.951 0.4000000060
32525  -28.050  -53.927  -23.849 0.4000000060
34489  -22.624  -51.457  -26.478 0.3000000119
31596  -28.459  -54.885  -23.130 0.4000000060
33517  -22.396  -53.038  -26.650 0.3000000119
33502  -22.845  -52.405  -26.162 0.3000000119
32532  -23.095  -53.665  -24.939 0.3000000119
30622  -25.936  -55.690  -22.136 0.4000000060
40453  -19.599  -45.540  -21.785 0.3000000119
40483  -21.410  -45.809  -24.790 0.4000000060
40484  -21.835  -45.405  -25.037 0.4000000060
39485  -22.131  -46.775  -25.657 0.4000000060
37486  -28.167  -48.647  -23.922 0.4000000060
129725  -27.125  -49.362  -23.585 0.4000000060
38505  -23.047  -47.842  -25.448 0.4000000060
34466  -27.183  -50.954  -23.408 0.4000000060
36519  -22.734  -49.576  -25.924 0.4000000060
33485  -27.948  -52.910  -23.753 0.4000000060
122804  -27.910  -51.915  -23.533 0.4000000060
35506  -22.999  -50.958  -25.465 0.3000000119
32526  -28.910  -53.936  -23.274 0.4000000060
34475  -23.086  -51.560  -24.646 0.3000000119
33503  -23.200  -52.629  -25.184 0.3000000119
33494  -23.275  -52.462  -24.215 0.3000000119
31589  -28.120  -55.202  -22.196 0.5000000000
31595  -24.320  -54.477  -23.326 0.3000000119
31588  -26.526  -55.152  -21.844 0.4000000060
131675  -24.633  -55.062  -23.110 0.4000000060
117712  -20.836  -45.398  -23.297 0.3000000119
39467  -22.820  -46.257  -24.874 0.3000000119
38489  -23.252  -47.248  -24.688 0.3000000119
36495  -27.843  -48.857  -23.045 0.4000000060
37498  -23.275  -48.726  -25.198 0.3000000119
35475  -27.391  -50.215  -22.984 0.4000000060
36484  -27.584  -49.481  -22.908 0.3000000119
36505  -23.232  -49.597  -24.843 0.3000000119
33486  -29.068  -52.741  -23.219 0.4000000060
34454  -28.312  -51.211  -23.016 0.4000000060
35484  -22.801  -50.915  -23.855 0.3000000119
34464  -22.996  -51.682  -23.569 0.3000000119
31590  -28.890  -54.567  -22.315 0.4000000060
32523  -23.886  -53.097  -23.945 0.3000000119
32524  -24.507  -53.853  -22.929 0.3000000119
32518  -25.034  -53.855  -22.300 0.3000000119
31578  -26.280  -54.294  -21.633 0.3000000119
37485  -23.479  -48.154  -23.959 0.3000000119
38478  -23.374  -47.378  -23.494 0.3000000119
129335  -23.438  -48.939  -24.337 0.3000000119
35476  -28.185  -50.083  -22.570 0.3000000119
122505  -28.987  -50.883  -22.527 0.4000000060
35485  -22.825  -50.807  -22.853 0.3000000119
32520  -29.527  -53.808  -22.521 0.4000000060
34455  -29.483  -51.977  -22.638 0.4000000060
33484  -23.463  -52.548  -23.335 0.3000000119
32517  -24.091  -53.227  -23.180 0.3000000119
31580  -28.404  -54.647  -21.721 0.3000000119
32519  -25.618  -53.757  -21.761 0.3000000119
137785  -23.159  -49.875  -21.710 0.3000000119
34453  -23.203  -51.799  -22.616 0.3000000119
33475  -29.854  -52.967  -22.559 0.3000000119
33476  -30.217  -52.441  -22.028 0.3000000119
33461  -23.678  -51.883  -21.827 0.3000000119
132486  -29.095  -54.184  -21.469 0.3000000119
32509  -25.037  -53.187  -21.786 0.3000000119
32512  -28.025  -54.275  -21.132 0.3000000119
35458  -23.884  -50.160  -20.765 0.3000000119
37440  -24.508  -48.796  -20.279 0.3000000119
34446  -23.694  -51.224  -21.358 0.3000000119
32513  -29.955  -53.462  -21.783 0.3000000119
35459  -24.571  -50.319  -20.402 0.3000000119
36465  -24.880  -49.527  -20.193 0.3000000119
30621  -25.147  -55.348  -22.578 0.4000000060
124518  -23.646  -53.721  -24.212 0.3000000119
128006  -24.103  -53.781  -23.625 0.3000000119
116891  -32.400  -70.985  -44.973 0.5000000000
133792  -33.049  -71.542  -45.653 0.5000000000
130787  -32.503  -71.688  -46.275 0.5000000000
14632  -34.600  -72.158  -42.712 0.5000000000
17524  -31.066  -68.220  -45.709 0.6999999881
17523  -29.662  -68.113  -46.139 0.6999999881
16593  -30.321  -69.503  -46.433 0.6999999881
14640  -34.318  -71.572  -43.277 0.4000000060
17527  -29.054  -68.823  -46.294 0.6999999881
16564  -33.108  -69.644  -42.167 0.5000000000
15589  -37.234  -71.318  -36.646 0.3000000119
16556  -33.535  -69.414  -41.491 0.5000000000
18434  -35.134  -68.120  -42.016 0.3000000119
128105  -33.247  -64.963  -43.905 0.6000000238
20607  -32.402  -65.708  -44.815 0.6000000238
21693  -32.716  -64.602  -43.199 0.5000000000
21659  -28.662  -64.455  -41.080 0.6000000238
122081  -29.663  -66.481  -44.884 0.6999999881
14571  -40.615  -71.749  -37.290 0.3000000119
20590  -28.423  -65.701  -43.014 0.6000000238
119958  -28.676  -66.001  -43.671 0.6000000238
18479  -29.311  -67.146  -45.248 0.6999999881
138880  -32.746  -68.373  -43.592 0.5000000000
15630  -32.812  -69.955  -42.969 0.6000000238
18478  -28.805  -67.600  -44.836 0.6000000238
129177  -28.159  -69.284  -45.767 0.6999999881
15650  -28.324  -70.534  -44.919 0.5000000000
133902  -37.109  -70.590  -36.935 0.3000000119
18423  -26.441  -67.704  -41.060 0.6000000238
15640  -29.488  -70.381  -43.924 0.5000000000
127191  -37.890  -68.498  -40.646 0.3000000119
18481  -33.525  -67.172  -45.095 0.5000000000
16517  -37.314  -69.869  -36.792 0.3000000119
14639  -29.974  -71.267  -43.536 0.5000000000
15556  -40.932  -70.539  -35.519 0.3000000119
16515  -32.333  -69.919  -37.495 0.6999999881
16508  -33.498  -69.836  -36.310 0.6000000238
17397  -33.698  -68.953  -33.887 0.6000000238
19432  -34.396  -65.708  -37.339 0.6000000238
22658  -35.345  -62.784  -37.284 0.5000000000
119299  -34.555  -64.454  -35.757 0.6000000238
22630  -34.892  -63.968  -35.602 0.5000000000
121733  -34.409  -66.680  -34.359 0.6000000238
21562  -37.051  -64.746  -33.389 0.4000000060
15537  -31.447  -71.280  -34.095 0.6000000238
16483  -32.571  -70.054  -33.004 0.6999999881
24668  -31.368  -60.788  -33.525 0.6000000238
132687  -35.820  -61.453  -39.203 0.4000000060
21614  -37.693  -64.280  -37.182 0.4000000060
21564  -38.880  -63.979  -33.425 0.4000000060
14522  -29.984  -71.510  -34.565 0.6000000238
130276  -31.119  -58.909  -32.795 0.6000000238
24641  -31.294  -61.412  -31.705 0.6000000238
23727  -38.912  -61.729  -40.658 0.5000000000
21543  -29.914  -64.384  -32.343 0.5000000000
26721  -31.760  -60.039  -28.786 0.6000000238
20473  -30.137  -65.046  -33.171 0.4000000060
18319  -31.965  -68.008  -30.692 0.5000000000
135858  -38.911  -64.502  -36.120 0.5000000000
19311  -31.769  -66.031  -29.318 0.6000000238
18327  -31.159  -67.763  -31.136 0.5000000000
25651  -22.637  -61.253  -28.166 0.6000000238
136472  -25.290  -61.170  -23.358 0.5000000000
31671  -24.345  -54.254  -30.465 0.5000000000
29751  -22.063  -55.992  -28.914 0.6000000238
30684  -22.498  -55.350  -29.616 0.6000000238
32614  -24.768  -53.543  -30.233 0.6000000238
27734  -23.676  -59.111  -27.680 0.6000000238
26638  -23.313  -59.818  -23.215 0.5000000000
33556  -26.303  -51.733  -29.965 0.5000000000
121129  -26.574  -56.275  -25.975 0.6000000238
26649  -23.864  -59.223  -24.049 0.5000000000
29715  -27.531  -57.308  -24.697 0.6000000238
34488  -19.545  -51.483  -25.780 0.3000000119
129152  -25.485  -52.792  -26.155 0.5000000000
29700  -23.760  -56.643  -24.773 0.3000000119
33505  -25.747  -51.948  -25.666 0.4000000060
33495  -26.429  -52.022  -24.862 0.4000000060
29689  -24.216  -56.247  -23.911 0.4000000060
130582  -23.481  -55.027  -24.208 0.3000000119
30624  -27.489  -55.783  -22.343 0.5000000000
135341  -26.248  -50.216  -24.106 0.4000000060
39438  -20.262  -46.019  -22.446 0.3000000119
31587  -25.538  -54.676  -22.034 0.3000000119
35494  -23.034  -50.530  -24.664 0.3000000119
31579  -27.399  -54.729  -21.640 0.4000000060
41473  -21.420  -44.258  -22.711 0.3000000119
36483  -23.054  -49.735  -22.551 0.3000000119
35467  -23.455  -50.461  -21.330 0.3000000119
121933  -32.011  -74.174  -39.739 0.5000000000
11891  -32.016  -73.927  -40.607 0.5000000000
12743  -31.774  -73.277  -41.241 0.5000000000
12757  -31.586  -73.552  -42.228 0.4000000060
11871  -30.930  -74.368  -38.256 0.5000000000
11882  -31.679  -73.949  -39.100 0.5000000000
121392  -31.911  -73.599  -39.760 0.5000000000
13634  -31.436  -72.312  -40.777 0.5000000000
13655  -31.190  -71.824  -41.857 0.5000000000
14629  -30.665  -71.037  -42.441 0.4000000060
11870  -30.649  -73.689  -38.859 0.4000000060
12714  -30.883  -73.180  -39.117 0.5000000000
13619  -30.818  -71.816  -40.094 0.5000000000
15629  -30.587  -70.179  -42.045 0.4000000060
12713  -30.365  -72.960  -39.277 0.5000000000
13618  -30.147  -72.041  -39.884 0.5000000000
13606  -30.857  -72.537  -39.507 0.5000000000
13617  -29.591  -71.598  -40.405 0.5000000000
138878  -30.302  -71.493  -40.195 0.5000000000
14604  -29.364  -70.953  -40.746 0.5000000000
15619  -29.222  -70.130  -41.159 0.5000000000
15620  -29.834  -69.768  -41.352 0.4000000060
13631  -28.790  -71.862  -41.103 0.5000000000
14616  -28.255  -71.103  -41.716 0.5000000000
15628  -28.279  -69.929  -41.736 0.5000000000
16560  -28.193  -69.042  -41.943 0.5000000000
137109  -26.562  -72.373  -38.837 0.5000000000
13654  -27.950  -72.233  -42.003 0.5000000000
13652  -26.621  -72.232  -41.809 0.5000000000
14627  -26.822  -71.571  -42.110 0.5000000000
14615  -26.288  -71.328  -41.629 0.5000000000
15627  -27.267  -70.785  -42.120 0.5000000000
15618  -26.249  -70.376  -41.742 0.5000000000
131786  -26.724  -70.115  -42.112 0.5000000000
16559  -27.054  -69.098  -42.084 0.5000000000
14593  -26.229  -71.712  -39.627 0.5000000000
14581  -26.846  -71.632  -38.600 0.5000000000
14566  -27.725  -71.947  -36.727 0.5000000000
15605  -25.932  -70.687  -40.081 0.5000000000
15599  -27.225  -70.800  -38.270 0.5000000000
126116  -27.749  -70.989  -37.538 0.5000000000
122793  -25.766  -69.820  -40.488 0.5000000000
125996  -27.006  -69.890  -38.758 0.5000000000
15582  -27.662  -70.128  -38.080 0.5000000000
127175  -25.883  -68.962  -40.054 0.5000000000
16523  -26.677  -68.880  -39.221 0.5000000000
16551  -26.252  -69.388  -41.792 0.5000000000
17478  -26.227  -68.487  -41.391 0.5000000000
18432  -26.845  -67.844  -41.698 0.5000000000
14521  -28.990  -71.355  -34.522 0.5000000000
14534  -29.496  -71.723  -35.101 0.6000000238
14567  -28.315  -71.042  -36.991 0.5000000000
137854  -28.131  -70.392  -37.589 0.5000000000
15568  -30.044  -70.835  -36.842 0.5000000000
16511  -28.253  -69.676  -37.911 0.5000000000
16512  -29.153  -69.351  -37.783 0.5000000000
17455  -26.245  -68.292  -39.936 0.5000000000
17442  -27.644  -68.378  -38.822 0.5000000000
17466  -25.998  -68.298  -40.630 0.5000000000
16489  -29.159  -70.121  -34.114 0.5000000000
15535  -29.518  -71.007  -34.120 0.5000000000
14551  -30.037  -71.515  -36.090 0.6000000238
26790  -30.111  -58.712  -36.433 0.5000000000
26791  -30.540  -59.054  -35.948 0.6000000238
27819  -29.113  -58.150  -35.853 0.5000000000
27810  -29.982  -57.582  -35.389 0.5000000000
27811  -30.651  -58.376  -35.117 0.6000000238
28851  -28.874  -57.076  -34.215 0.6000000238
27809  -28.588  -57.360  -35.151 0.5000000000
28850  -27.455  -56.589  -33.877 0.6000000238
28848  -26.233  -56.742  -34.006 0.5000000000
117758  -28.129  -56.848  -33.759 0.6000000238
29793  -26.837  -56.779  -33.587 0.6000000238
127271  -24.745  -57.424  -33.148 0.5000000000
121350  -25.533  -57.697  -32.057 0.6000000238
28815  -26.337  -58.000  -31.076 0.6000000238
28846  -23.627  -58.366  -33.208 0.5000000000
126890  -24.557  -57.575  -31.906 0.5000000000
26747  -22.379  -59.266  -31.425 0.5000000000
25663  -21.634  -59.767  -29.988 0.6000000238
124116  -22.953  -61.839  -28.100 0.6000000238
24602  -22.879  -61.725  -28.803 0.5000000000
27770  -22.053  -58.333  -31.219 0.6000000238
28832  -23.172  -58.075  -32.414 0.5000000000
25664  -22.246  -60.577  -29.595 0.5000000000
23525  -23.437  -61.835  -26.668 0.6000000238
24590  -22.900  -61.476  -27.411 0.6000000238
133086  -23.746  -61.043  -26.136 0.6000000238
128737  -37.540  -69.509  -37.621 0.3000000119
18406  -39.381  -67.570  -38.015 0.3000000119
16536  -37.891  -69.155  -39.272 0.3000000119
19448  -40.786  -66.731  -38.489 0.3000000119
17458  -38.436  -68.568  -39.952 0.3000000119
16527  -37.358  -69.717  -38.581 0.3000000119
15601  -36.635  -70.443  -38.237 0.3000000119
16554  -30.266  -69.691  -41.808 0.4000000060
16524  -27.569  -69.259  -38.454 0.5000000000
15584  -29.647  -70.202  -37.313 0.5000000000
25737  -30.844  -60.224  -35.066 0.5000000000
13633  -31.020  -71.486  -40.860 0.4000000060
15614  -30.335  -70.275  -41.235 0.5000000000
14628  -27.416  -71.662  -42.118 0.5000000000
128017  -26.054  -72.276  -40.419 0.5000000000
14603  -25.919  -71.472  -40.763 0.5000000000
13595  -26.868  -72.515  -38.023 0.5000000000
14582  -27.396  -71.835  -37.743 0.5000000000
15598  -26.581  -70.726  -39.119 0.5000000000
15583  -28.782  -70.291  -37.432 0.5000000000
16528  -37.988  -69.119  -38.391 0.3000000119
18425  -39.777  -67.759  -39.858 0.3000000119
18414  -39.551  -67.604  -38.920 0.3000000119
17448  -38.442  -68.568  -38.971 0.3000000119
17459  -38.990  -68.026  -39.438 0.3000000119
18415  -40.362  -67.206  -39.330 0.3000000119
34456  -29.849  -51.315  -22.231 0.3000000119
11041  -31.893  -74.843  -39.123 0.5000000000
12701  -31.140  -73.788  -38.795 0.5000000000
12715  -31.433  -73.151  -39.394 0.5000000000
12726  -31.807  -73.033  -40.197 0.5000000000
12756  -30.995  -72.925  -42.802 0.5000000000
13588  -39.183  -72.700  -37.237 0.3000000119
13596  -35.506  -72.701  -38.679 0.4000000060
13597  -36.120  -72.944  -38.076 0.3000000119
13607  -34.470  -72.357  -39.758 0.4000000060
13620  -31.373  -72.455  -39.854 0.5000000000
13632  -29.351  -72.478  -40.562 0.5000000000
13635  -34.259  -72.613  -41.106 0.5000000000
13656  -31.501  -72.750  -41.786 0.5000000000
13689  -28.050  -72.175  -45.439 0.6000000238
13699  -28.003  -72.499  -46.119 0.5000000000
14523  -30.980  -71.681  -34.671 0.6999999881
14524  -31.906  -71.592  -34.844 0.6999999881
14525  -32.565  -71.154  -35.290 0.6999999881
14535  -30.504  -71.788  -35.327 0.6999999881
14552  -31.048  -71.594  -36.068 0.6999999881
14555  -37.727  -71.165  -36.037 0.3000000119
14557  -39.242  -71.622  -36.174 0.3000000119
14594  -34.904  -72.060  -38.937 0.4000000060
14605  -29.964  -71.188  -40.284 0.5000000000
14606  -30.417  -71.037  -40.562 0.5000000000
14617  -30.769  -70.929  -41.452 0.4000000060
14618  -33.631  -71.027  -41.951 0.5000000000
14630  -33.569  -71.017  -42.831 0.4000000060
15521  -32.251  -70.581  -33.462 0.6999999881
15536  -30.470  -71.154  -34.072 0.6000000238
15552  -33.112  -70.599  -35.880 0.6999999881
15567  -29.190  -71.069  -36.686 0.5000000000
15570  -31.644  -71.089  -36.510 0.6999999881
15572  -37.424  -70.420  -36.310 0.3000000119
15574  -40.584  -70.900  -36.024 0.3000000119
15585  -30.547  -70.255  -37.228 0.5000000000
15586  -31.455  -70.431  -37.106 0.6999999881
15591  -42.739  -70.888  -37.169 0.3000000119
15612  -25.838  -70.607  -41.098 0.5000000000
15613  -29.875  -70.494  -40.746 0.5000000000
15621  -33.506  -70.281  -41.672 0.5000000000
15626  -26.611  -70.880  -42.068 0.5000000000
15662  -27.872  -70.721  -45.755 0.6000000238
15664  -33.547  -71.368  -45.199 0.5000000000
15668  -27.974  -70.952  -46.297 0.6000000238
15669  -28.567  -70.279  -46.571 0.6000000238
15672  -31.326  -70.619  -45.912 0.5000000000
16477  -31.842  -69.644  -32.313 0.6000000238
16482  -31.538  -70.245  -32.950 0.6000000238
16484  -33.266  -69.621  -33.841 0.6000000238
16490  -29.942  -70.312  -33.774 0.5000000000
16526  -29.073  -68.549  -38.149 0.6000000238
16533  -26.184  -69.789  -39.535 0.5000000000
16535  -37.360  -69.561  -39.409 0.4000000060
16543  -25.766  -69.086  -41.008 0.5000000000
16552  -29.151  -69.303  -41.612 0.4000000060
16557  -34.233  -69.198  -41.000 0.4000000060
16571  -32.396  -69.066  -43.684 0.5000000000
16580  -28.112  -69.756  -45.412 0.5000000000
16591  -28.388  -69.442  -46.266 0.6999999881
17373  -31.714  -68.516  -31.343 0.5000000000
17379  -30.928  -68.272  -31.731 0.6000000238
17380  -33.447  -68.610  -31.513 0.6000000238
17389  -33.592  -68.880  -32.807 0.5000000000
17405  -33.724  -68.896  -34.763 0.6000000238
17435  -38.431  -68.548  -38.051 0.3000000119
17449  -38.901  -68.011  -38.514 0.3000000119
17456  -26.971  -67.946  -39.584 0.5000000000
17479  -29.005  -68.536  -42.125 0.5000000000
17481  -35.580  -68.564  -41.297 0.4000000060
17492  -26.613  -68.639  -41.892 0.5000000000
17507  -32.852  -68.602  -42.914 0.5000000000
17508  -33.181  -67.986  -43.335 0.4000000060
17515  -28.762  -67.986  -44.544 0.6000000238
17516  -28.408  -68.847  -45.036 0.5000000000
17522  -28.841  -68.450  -45.905 0.6999999881
17526  -28.308  -68.992  -45.970 0.6999999881
17528  -29.987  -68.782  -46.470 0.6999999881
17529  -30.644  -68.917  -45.992 0.8000000119
18314  -34.479  -67.504  -29.749 0.5000000000
18328  -34.930  -67.928  -31.353 0.5000000000
18346  -34.645  -67.594  -33.201 0.5000000000
18372  -34.504  -67.192  -35.700 0.6000000238
18435  -36.089  -68.104  -42.048 0.3000000119
18452  -36.585  -67.714  -42.911 0.3000000119
18465  -33.697  -67.482  -44.105 0.4000000060
18489  -32.425  -67.352  -45.424 0.6999999881
19304  -34.472  -66.425  -28.613 0.6000000238
19319  -30.768  -66.381  -30.584 0.6000000238
19323  -35.639  -66.423  -29.939 0.5000000000
19336  -30.502  -66.572  -31.670 0.5000000000
19337  -31.278  -67.285  -30.476 0.5000000000
19366  -34.561  -66.654  -33.707 0.6000000238
19396  -34.486  -66.412  -35.895 0.6000000238
19415  -34.385  -67.134  -36.972 0.6000000238
19447  -33.628  -66.342  -38.450 0.6000000238
19463  -31.323  -65.853  -39.305 0.5000000000
19478  -27.384  -66.440  -40.650 0.6000000238
19493  -27.332  -66.492  -41.355 0.6999999881
19508  -27.915  -66.091  -42.530 0.6000000238
19522  -30.224  -65.945  -44.357 0.6999999881
19535  -35.528  -66.526  -44.656 0.4000000060
19536  -36.311  -66.605  -44.593 0.4000000060
20404  -34.810  -65.818  -28.242 0.5000000000
20413  -32.638  -66.202  -28.870 0.6000000238
20431  -30.495  -65.471  -30.556 0.6999999881
20459  -30.083  -65.374  -32.231 0.6000000238
20461  -35.613  -65.584  -32.319 0.6000000238
20565  -28.916  -64.772  -40.313 0.6999999881
20574  -27.671  -65.872  -41.872 0.6000000238
20594  -32.642  -65.031  -44.049 0.6000000238
20600  -38.783  -65.837  -43.996 0.4000000060
20611  -36.683  -65.919  -44.475 0.4000000060
20613  -38.257  -65.986  -44.263 0.4000000060
21475  -33.003  -64.123  -27.600 0.6000000238
21518  -30.271  -64.578  -30.660 0.6999999881
21545  -36.699  -64.706  -32.065 0.4000000060
21574  -37.461  -64.702  -34.119 0.5000000000
21581  -34.813  -64.589  -35.228 0.6000000238
21584  -37.350  -64.547  -35.680 0.4000000060
21596  -34.469  -64.055  -36.588 0.5000000000
21598  -37.009  -64.262  -36.482 0.5000000000
21648  -29.181  -64.011  -40.732 0.6000000238
21651  -31.722  -62.845  -40.261 0.5000000000
21660  -29.182  -63.806  -41.325 0.5000000000
21667  -38.293  -63.869  -41.653 0.4000000060
21677  -31.276  -64.005  -42.346 0.5000000000
21685  -39.281  -64.751  -42.996 0.4000000060
21694  -33.396  -64.776  -43.070 0.5000000000
22550  -31.839  -63.652  -28.637 0.6000000238
22572  -30.468  -63.716  -30.589 0.6999999881
22582  -30.678  -63.010  -31.011 0.6999999881
22597  -39.096  -63.207  -32.867 0.4000000060
22659  -36.267  -62.992  -37.552 0.5000000000
22660  -37.347  -63.353  -37.882 0.4000000060
22676  -34.618  -61.947  -38.548 0.5000000000
22678  -36.678  -62.239  -38.329 0.5000000000
22692  -33.180  -62.263  -39.578 0.5000000000
22702  -31.426  -62.816  -40.854 0.5000000000
22708  -38.563  -61.794  -40.647 0.5000000000
22714  -31.364  -62.957  -41.390 0.5000000000
22717  -33.439  -62.581  -40.577 0.5000000000
22729  -31.512  -63.445  -41.875 0.5000000000
23527  -33.902  -62.254  -26.692 0.6000000238
23545  -23.419  -62.195  -27.649 0.6000000238
23547  -32.433  -62.287  -27.438 0.6000000238
23568  -30.938  -62.639  -29.618 0.6000000238
23621  -30.442  -62.215  -33.704 0.5000000000
23622  -31.025  -61.684  -33.119 0.6000000238
23635  -30.109  -62.649  -34.441 0.5000000000
23707  -34.140  -61.786  -39.273 0.5000000000
23710  -37.440  -61.715  -39.820 0.5000000000
23722  -33.838  -61.878  -39.750 0.5000000000
23729  -40.484  -61.270  -41.053 0.5000000000
24524  -25.014  -61.139  -22.512 0.5000000000
24535  -25.117  -61.548  -22.907 0.5000000000
24601  -22.574  -61.099  -28.918 0.5000000000
24613  -22.880  -61.396  -29.552 0.5000000000
24615  -30.820  -61.773  -29.891 0.6000000238
24655  -38.187  -61.834  -31.801 0.4000000060
25560  -24.521  -61.093  -22.375 0.5000000000
25566  -24.020  -60.504  -22.583 0.5000000000
25568  -25.258  -60.961  -22.873 0.5000000000
25581  -25.411  -60.589  -23.639 0.4000000060
25652  -31.366  -60.975  -28.737 0.6000000238
25665  -31.261  -60.424  -29.523 0.5000000000
25680  -21.958  -59.411  -30.687 0.6000000238
25681  -22.220  -60.118  -30.469 0.6000000238
25711  -31.569  -60.176  -33.043 0.6000000238
25723  -31.582  -60.006  -33.983 0.6000000238
25738  -31.264  -59.759  -34.575 0.6000000238
25748  -30.862  -59.485  -35.205 0.5000000000
26665  -26.764  -59.980  -25.041 0.6000000238
26666  -27.593  -59.617  -25.961 0.6000000238
26705  -21.931  -59.382  -28.722 0.6999999881
26706  -22.800  -58.939  -28.179 0.6000000238
26707  -32.425  -59.753  -28.174 0.6000000238
26720  -21.733  -59.966  -29.287 0.6999999881
26734  -21.491  -58.980  -30.357 0.6999999881
26746  -21.877  -58.833  -30.992 0.5000000000
26748  -31.574  -59.801  -32.277 0.6000000238
26761  -22.413  -58.810  -31.680 0.5000000000
26773  -31.395  -59.471  -34.317 0.6000000238
26784  -30.845  -58.945  -35.305 0.6000000238
27688  -27.217  -58.803  -24.268 0.6000000238
27704  -26.900  -59.486  -24.446 0.6000000238
27725  -27.649  -58.677  -25.797 0.6000000238
27736  -26.042  -58.899  -27.794 0.6000000238
27750  -21.581  -57.616  -29.350 0.6000000238
27771  -22.551  -58.232  -31.718 0.6000000238
27772  -28.354  -58.337  -31.805 0.6999999881
27774  -30.218  -58.432  -31.755 0.6999999881
27775  -30.930  -58.660  -31.673 0.6000000238
27776  -31.250  -58.598  -31.186 0.6000000238
27797  -30.673  -58.427  -33.542 0.6000000238
27798  -31.350  -58.999  -33.858 0.6000000238
27812  -31.158  -58.990  -34.696 0.6000000238
27820  -29.909  -57.990  -36.043 0.5000000000
27821  -30.404  -58.349  -35.825 0.6000000238
28690  -27.489  -57.442  -23.514 0.6999999881
28700  -27.605  -57.596  -24.191 0.6000000238
28731  -27.232  -58.067  -26.477 0.6999999881
28746  -25.147  -57.477  -27.763 0.6000000238
28747  -25.997  -57.946  -27.727 0.6000000238
28773  -21.421  -57.326  -29.921 0.6999999881
28774  -21.679  -56.645  -29.501 0.6000000238
28789  -21.536  -57.603  -30.418 0.6999999881
28798  -31.259  -57.562  -30.456 0.6000000238
28810  -21.737  -57.820  -30.874 0.6999999881
28811  -22.097  -57.703  -31.150 0.6000000238
28812  -22.727  -57.696  -31.444 0.5000000000
28813  -23.589  -57.572  -31.833 0.6999999881
28833  -23.884  -57.771  -32.874 0.5000000000
28834  -26.618  -57.683  -32.269 0.6000000238
28835  -27.671  -57.729  -32.635 0.6000000238
28849  -27.018  -56.492  -34.098 0.6000000238
28852  -30.335  -57.874  -34.582 0.6000000238
28862  -27.885  -56.738  -34.357 0.6000000238
28863  -29.067  -57.151  -34.927 0.6000000238
28871  -29.427  -57.554  -35.463 0.5000000000
29683  -25.445  -56.260  -22.617 0.4000000060
29693  -27.588  -56.731  -23.181 0.6000000238
29742  -26.494  -57.472  -27.070 0.6999999881
29752  -23.088  -56.392  -28.074 0.6000000238
29764  -21.859  -55.847  -29.828 0.6000000238
29765  -30.636  -56.420  -29.947 0.5000000000
29766  -31.212  -56.762  -29.525 0.5000000000
29773  -22.796  -56.358  -30.531 0.6000000238
29775  -26.516  -57.180  -30.474 0.6999999881
29784  -28.813  -57.615  -30.771 0.6000000238
29785  -29.644  -57.007  -30.734 0.6000000238
29792  -26.160  -57.133  -33.283 0.5000000000
30623  -26.829  -55.933  -22.010 0.5000000000
30629  -24.108  -55.251  -23.721 0.4000000060
30631  -27.688  -56.005  -23.024 0.5000000000
30635  -22.872  -55.218  -24.773 0.3000000119
30673  -24.085  -55.187  -27.751 0.6000000238
30685  -23.315  -54.753  -29.417 0.6000000238
30698  -30.237  -55.888  -29.649 0.5000000000
30710  -27.088  -56.534  -30.622 0.6000000238
30720  -25.573  -54.773  -31.182 0.6000000238
30723  -29.406  -55.822  -30.857 0.6000000238
31586  -24.882  -54.528  -22.725 0.3000000119
31601  -23.198  -54.412  -24.422 0.3000000119
31611  -27.443  -54.656  -24.842 0.5000000000
31624  -25.407  -54.696  -26.508 0.6000000238
31638  -24.762  -53.998  -27.035 0.6000000238
31658  -24.177  -54.120  -29.543 0.6000000238
31659  -29.170  -54.572  -29.605 0.5000000000
31670  -23.818  -54.801  -30.563 0.6000000238
31672  -25.691  -53.769  -31.284 0.6000000238
31684  -27.287  -54.495  -31.353 0.5000000000
31685  -28.178  -54.696  -31.186 0.5000000000
31686  -28.934  -54.999  -30.860 0.4000000060
32533  -23.446  -53.116  -24.488 0.3000000119
32534  -27.539  -53.836  -24.533 0.4000000060
32544  -22.721  -53.261  -25.733 0.3000000119
32573  -21.307  -53.139  -27.921 0.3000000119
32587  -24.467  -53.049  -28.489 0.6000000238
32603  -27.665  -52.523  -30.625 0.5000000000
32605  -28.797  -53.694  -30.001 0.5000000000
32627  -26.738  -53.652  -31.381 0.6000000238
33467  -30.106  -52.848  -21.252 0.3000000119
33473  -23.835  -52.625  -22.501 0.3000000119
33474  -24.482  -53.284  -22.398 0.3000000119
33496  -27.309  -52.888  -24.272 0.4000000060
33516  -21.995  -52.867  -27.411 0.4000000060
33528  -20.849  -52.356  -28.029 0.3000000119
33542  -24.777  -52.409  -29.232 0.5000000000
33555  -25.287  -51.959  -29.972 0.5000000000
33557  -27.520  -52.066  -29.915 0.5000000000
34433  -24.094  -50.864  -20.886 0.3000000119
34465  -26.563  -50.703  -23.869 0.4000000060
34474  -19.146  -51.121  -24.872 0.4000000060
34490  -23.091  -51.704  -25.694 0.3000000119
34511  -20.154  -51.278  -26.726 0.3000000119
34551  -26.110  -51.020  -28.678 0.5000000000
35474  -23.052  -50.403  -22.031 0.3000000119
35486  -26.689  -50.084  -23.504 0.4000000060
35523  -20.048  -50.831  -26.038 0.4000000060
35526  -22.174  -50.675  -26.898 0.4000000060
36464  -24.134  -49.544  -20.501 0.3000000119
36504  -19.635  -49.652  -24.296 0.3000000119
36506  -26.431  -49.669  -24.229 0.4000000060
36536  -21.766  -50.160  -26.894 0.4000000060
37470  -27.608  -48.785  -23.790 0.4000000060
37483  -20.272  -49.133  -24.724 0.3000000119
37484  -20.888  -48.389  -25.189 0.4000000060
37496  -21.929  -48.083  -26.102 0.4000000060
37513  -21.382  -49.368  -26.176 0.4000000060
37514  -21.888  -48.839  -26.157 0.4000000060
37515  -22.319  -49.149  -26.139 0.4000000060
38467  -18.635  -47.057  -22.365 0.3000000119
38502  -21.241  -47.441  -25.382 0.4000000060
38504  -22.454  -47.686  -25.879 0.4000000060
39448  -20.019  -46.892  -22.640 0.3000000119
39464  -21.096  -46.698  -24.863 0.4000000060
39465  -21.739  -46.142  -25.366 0.4000000060
39466  -22.263  -46.096  -25.262 0.4000000060
40454  -20.426  -45.210  -22.403 0.3000000119
116372  -34.548  -65.910  -34.269 0.6000000238
117409  -26.182  -72.205  -41.200 0.5000000000
118568  -33.597  -68.254  -42.145 0.5000000000
120940  -24.556  -54.534  -30.995 0.6000000238
121184  -30.255  -65.979  -32.872 0.6000000238
121556  -33.047  -68.996  -31.843 0.6000000238
121878  -35.343  -66.343  -31.903 0.5000000000
122755  -34.429  -64.292  -41.515 0.4000000060
122900  -33.195  -66.890  -28.992 0.6000000238
123056  -31.482  -57.303  -29.778 0.6999999881
124126  -27.359  -69.836  -42.088 0.5000000000
124217  -23.205  -51.114  -21.939 0.3000000119
124324  -35.111  -66.895  -44.622 0.4000000060
124545  -37.996  -67.042  -43.408 0.3000000119
125823  -29.365  -70.981  -46.810 0.5000000000
125825  -35.116  -67.221  -44.377 0.4000000060
126069  -24.936  -53.036  -26.995 0.6000000238
127085  -23.314  -48.992  -23.344 0.3000000119
127281  -27.348  -55.457  -21.913 0.5000000000
127460  -23.376  -48.164  -24.782 0.3000000119
128357  -26.040  -56.159  -30.673 0.6000000238
129134  -33.144  -70.683  -43.410 0.5000000000
129401  -34.685  -65.231  -35.004 0.6000000238
129792  -27.286  -67.135  -41.922 0.6000000238
130095  -24.877  -53.806  -31.019 0.6000000238
130308  -24.882  -54.836  -26.927 0.6000000238
130499  -31.387  -62.931  -28.930 0.6000000238
130886  -29.480  -69.077  -34.149 0.6000000238
131313  -25.595  -57.237  -33.479 0.5000000000
131363  -23.554  -57.369  -27.842 0.6000000238
131481  -23.052  -50.077  -25.479 0.3000000119
131899  -25.878  -69.850  -41.313 0.5000000000
132265  -36.828  -64.640  -42.111 0.4000000060
132424  -36.234  -61.679  -39.622 0.5000000000
132636  -31.197  -68.354  -38.371 0.6000000238
133349  -29.611  -57.301  -34.722 0.6000000238
133698  -27.231  -60.160  -25.977 0.6000000238
134352  -21.482  -49.900  -26.560 0.4000000060
134640  -24.437  -61.152  -25.307 0.5000000000
134937  -31.563  -57.856  -30.048 0.6000000238
137585  -33.341  -68.343  -38.237 0.6000000238
137702  -23.092  -49.304  -25.513 0.4000000060
139096  -35.717  -65.779  -30.598 0.5000000000
139125  -37.979  -68.965  -37.601 0.3000000119
139129  -24.213  -58.570  -27.805 0.6000000238
139142  -27.115  -49.747  -23.172 0.4000000060
139576  -30.772  -65.027  -30.072 0.6000000238
140043  -29.710  -67.445  -45.829 0.6999999881
140165  -22.940  -51.179  -25.974 0.3000000119
140206  -26.312  -49.388  -24.846 0.4000000060
140399  -26.079  -53.704  -21.471 0.3000000119
140492  -25.274  -52.400  -30.550 0.6000000238
141008  -33.527  -69.254  -34.323 0.6000000238
141127  -34.409  -68.252  -30.887 0.6000000238
141294  -28.065  -69.406  -46.037 0.6999999881
141458  -30.548  -66.452  -31.189 0.6000000238
141525  -28.734  -67.919  -42.610 0.5000000000
