#!ascii label  , from subject sub-003 vox2ras=TkReg
1881
40559  -30.991  -49.094  -43.126 0.5000000000
39543  -31.399  -49.052  -42.821 0.5000000000
40549  -31.701  -48.663  -42.354 0.5000000000
41509  -32.155  -48.269  -41.622 0.5000000000
55411  -36.348  -31.251  -39.348 0.5000000000
56319  -35.946  -30.394  -39.168 0.4000000060
57198  -37.684  -29.820  -39.220 0.4000000060
57197  -36.671  -29.901  -39.177 0.4000000060
57199  -38.145  -29.415  -38.956 0.6000000238
118924  -37.762  -29.184  -38.951 0.5000000000
57188  -38.197  -29.221  -38.610 0.5000000000
111282  -38.378  -27.967  -38.353 0.5000000000
58081  -38.142  -28.705  -38.617 0.4000000060
58082  -38.543  -28.143  -38.264 0.4000000060
59004  -39.144  -27.621  -37.841 0.4000000060
38622  -31.344  -50.257  -43.692 0.5000000000
39555  -31.618  -49.641  -43.246 0.5000000000
39556  -32.642  -50.090  -42.992 0.5000000000
39545  -33.186  -49.627  -42.393 0.5000000000
40550  -32.646  -49.053  -41.904 0.5000000000
40539  -33.206  -48.525  -41.279 0.5000000000
41494  -32.750  -47.803  -40.873 0.5000000000
55410  -35.525  -31.987  -39.145 0.5000000000
54517  -34.764  -32.729  -38.800 0.5000000000
56320  -37.074  -30.524  -39.370 0.5000000000
59938  -39.296  -26.692  -34.479 0.3000000119
58073  -38.564  -28.314  -38.163 0.4000000060
102068  -39.912  -26.102  -34.447 0.3000000119
114882  -39.701  -26.834  -36.782 0.4000000060
58994  -39.519  -27.199  -37.404 0.3000000119
39554  -30.791  -49.561  -43.470 0.5000000000
39544  -32.155  -49.385  -42.613 0.5000000000
42315  -32.337  -46.988  -40.574 0.5000000000
57200  -38.252  -30.009  -39.025 0.6000000238
59939  -39.983  -26.204  -35.357 0.3000000119
29035  -40.902  -60.768  -43.589 0.3000000119
29980  -40.953  -59.889  -43.357 0.3000000119
29981  -41.743  -59.397  -43.947 0.4000000060
29972  -41.280  -58.928  -43.203 0.4000000060
121720  -42.512  -59.566  -44.426 0.4000000060
30994  -42.209  -58.443  -43.583 0.4000000060
30984  -41.850  -58.149  -42.907 0.4000000060
102798  -43.063  -57.846  -43.964 0.4000000060
32042  -42.686  -57.655  -43.241 0.4000000060
117315  -43.037  -56.686  -42.227 0.4000000060
29034  -40.767  -60.544  -42.966 0.3000000119
29971  -40.571  -60.024  -42.525 0.3000000119
29961  -40.269  -59.665  -41.738 0.4000000060
122223  -40.834  -59.458  -42.909 0.4000000060
105613  -40.746  -59.017  -42.475 0.4000000060
121294  -41.288  -58.513  -42.714 0.4000000060
30971  -41.360  -58.059  -42.212 0.4000000060
32026  -42.427  -57.408  -42.400 0.4000000060
32013  -42.603  -56.915  -41.791 0.4000000060
33958  -43.456  -55.342  -41.274 0.4000000060
111386  -43.185  -56.133  -41.648 0.4000000060
29941  -39.845  -59.921  -39.298 0.3000000119
29949  -39.731  -59.685  -40.238 0.3000000119
29940  -39.547  -59.322  -39.598 0.3000000119
30970  -40.452  -58.667  -41.690 0.4000000060
32003  -40.439  -57.859  -40.646 0.4000000060
32012  -41.009  -57.670  -41.352 0.4000000060
33013  -42.143  -56.787  -41.158 0.4000000060
33005  -42.569  -55.628  -40.086 0.4000000060
33014  -42.869  -55.954  -40.789 0.4000000060
34901  -42.447  -54.044  -38.815 0.4000000060
33931  -42.893  -54.735  -39.916 0.4000000060
33943  -43.289  -55.084  -40.614 0.4000000060
123122  -40.266  -60.159  -38.733 0.3000000119
28977  -40.300  -60.465  -40.140 0.3000000119
32004  -41.228  -57.105  -40.554 0.4000000060
33004  -42.004  -56.355  -40.314 0.4000000060
121343  -42.349  -55.379  -39.489 0.4000000060
120319  -41.898  -55.983  -39.574 0.4000000060
33922  -42.429  -54.705  -39.165 0.4000000060
34900  -42.141  -53.866  -38.320 0.4000000060
29922  -39.416  -59.198  -38.769 0.3000000119
30958  -39.441  -58.806  -39.381 0.3000000119
31996  -39.278  -58.362  -38.817 0.3000000119
110142  -39.724  -58.006  -39.454 0.4000000060
32994  -40.393  -57.005  -39.352 0.4000000060
32978  -40.281  -56.458  -38.695 0.4000000060
31998  -41.178  -56.620  -39.843 0.4000000060
34867  -39.669  -54.378  -36.714 0.3000000119
33915  -40.953  -55.018  -37.803 0.4000000060
32995  -41.165  -56.191  -39.114 0.4000000060
34884  -40.667  -54.224  -37.267 0.3000000119
33916  -41.828  -54.793  -38.399 0.4000000060
32996  -41.855  -55.532  -38.944 0.4000000060
34885  -41.582  -54.086  -37.794 0.4000000060
102348  -41.848  -59.257  -35.824 0.3000000119
29881  -40.710  -59.202  -35.856 0.3000000119
30917  -41.414  -58.946  -35.073 0.3000000119
29923  -39.940  -59.765  -38.237 0.3000000119
29888  -40.428  -59.465  -36.708 0.3000000119
117764  -39.798  -59.434  -37.284 0.3000000119
30923  -39.141  -58.961  -37.035 0.3000000119
30922  -38.666  -58.308  -36.846 0.3000000119
30946  -39.051  -58.586  -38.114 0.3000000119
30934  -38.718  -58.074  -37.564 0.3000000119
32968  -39.196  -56.445  -37.533 0.3000000119
31973  -38.869  -57.286  -37.611 0.3000000119
105794  -39.416  -55.744  -37.314 0.3000000119
32977  -39.461  -56.846  -38.194 0.3000000119
33914  -39.943  -55.067  -37.344 0.3000000119
32969  -40.005  -55.855  -37.973 0.4000000060
35891  -40.393  -53.418  -36.734 0.3000000119
35908  -41.329  -53.116  -37.375 0.4000000060
104797  -41.069  -52.203  -36.862 0.4000000060
36763  -42.063  -51.700  -37.620 0.4000000060
106091  -40.515  -58.740  -34.955 0.3000000119
30916  -39.732  -58.796  -35.586 0.3000000119
30905  -40.570  -58.281  -34.246 0.3000000119
30924  -39.750  -59.171  -36.442 0.3000000119
105320  -39.092  -58.675  -36.239 0.3000000119
32938  -38.520  -56.566  -35.519 0.3000000119
120602  -38.570  -57.244  -35.728 0.3000000119
34866  -38.715  -54.999  -35.915 0.3000000119
32953  -38.861  -56.174  -36.878 0.3000000119
32967  -38.735  -56.873  -37.086 0.3000000119
34847  -39.052  -54.229  -36.160 0.3000000119
121792  -39.120  -54.727  -36.381 0.3000000119
35890  -39.552  -53.648  -36.331 0.3000000119
36745  -39.910  -52.668  -36.196 0.3000000119
36746  -40.793  -51.469  -36.334 0.3000000119
114805  -41.982  -50.891  -37.450 0.4000000060
106234  -41.156  -58.627  -34.475 0.3000000119
30889  -41.422  -58.303  -33.894 0.3000000119
106702  -39.579  -58.249  -34.762 0.3000000119
31942  -40.000  -57.624  -34.090 0.3000000119
121456  -42.780  -57.281  -32.624 0.3000000119
119538  -42.084  -57.207  -32.759 0.3000000119
30904  -38.823  -57.909  -34.977 0.3000000119
31925  -39.503  -56.770  -33.891 0.3000000119
106452  -43.202  -56.152  -32.465 0.3000000119
119893  -38.528  -54.848  -34.563 0.3000000119
33861  -38.544  -55.421  -34.446 0.3000000119
32926  -38.561  -56.317  -34.760 0.3000000119
34831  -38.594  -54.347  -34.775 0.3000000119
33877  -38.491  -55.706  -35.284 0.3000000119
35872  -38.757  -53.572  -35.097 0.3000000119
35873  -39.119  -53.503  -35.804 0.3000000119
36732  -39.869  -51.839  -35.801 0.3000000119
36747  -41.652  -51.080  -36.918 0.4000000060
37623  -41.160  -50.585  -36.544 0.4000000060
38554  -41.862  -50.827  -37.545 0.5000000000
31926  -40.851  -57.754  -33.607 0.3000000119
31907  -41.744  -57.763  -33.296 0.3000000119
110802  -40.336  -57.138  -33.530 0.3000000119
32911  -41.072  -57.059  -32.938 0.3000000119
32927  -38.835  -56.774  -34.447 0.3000000119
112019  -39.355  -55.899  -33.416 0.3000000119
33837  -43.043  -55.328  -32.631 0.3000000119
33838  -43.857  -55.571  -32.638 0.3000000119
33850  -38.795  -55.307  -33.674 0.3000000119
32909  -38.795  -56.091  -34.047 0.3000000119
34810  -43.618  -54.737  -32.893 0.3000000119
35858  -38.726  -53.836  -34.312 0.3000000119
33853  -44.463  -54.945  -32.964 0.3000000119
37590  -39.501  -51.344  -34.391 0.3000000119
36721  -39.199  -52.219  -34.532 0.3000000119
35848  -45.180  -53.020  -34.172 0.3000000119
36731  -39.248  -52.640  -35.337 0.3000000119
37605  -39.630  -51.576  -35.188 0.3000000119
37606  -40.414  -50.911  -35.843 0.3000000119
38535  -41.014  -50.082  -36.688 0.4000000060
38553  -41.093  -50.230  -37.202 0.5000000000
32910  -40.196  -56.432  -33.206 0.3000000119
32890  -40.908  -56.066  -32.765 0.3000000119
106069  -42.429  -55.879  -32.511 0.3000000119
33851  -39.354  -55.129  -33.154 0.3000000119
33852  -40.048  -55.611  -32.932 0.3000000119
120214  -41.599  -54.878  -32.596 0.3000000119
111620  -42.272  -55.092  -32.595 0.3000000119
35845  -39.248  -53.818  -33.344 0.3000000119
36707  -39.094  -52.711  -33.910 0.3000000119
34819  -44.129  -54.170  -33.385 0.3000000119
35846  -43.904  -53.285  -33.318 0.3000000119
35847  -44.673  -53.605  -33.754 0.3000000119
37581  -44.960  -51.046  -33.395 0.3000000119
36711  -45.112  -51.958  -33.977 0.3000000119
38497  -39.687  -50.603  -34.156 0.3000000119
38516  -39.987  -50.488  -35.084 0.3000000119
38517  -40.601  -50.145  -36.077 0.3000000119
34806  -40.318  -54.304  -32.738 0.3000000119
34807  -41.166  -54.265  -32.592 0.3000000119
36708  -39.454  -52.896  -33.296 0.3000000119
107270  -40.168  -52.828  -32.733 0.3000000119
34805  -39.582  -54.395  -33.034 0.3000000119
35833  -40.643  -53.540  -32.611 0.3000000119
111418  -41.577  -53.439  -32.544 0.3000000119
35834  -42.532  -53.689  -32.727 0.3000000119
34808  -42.013  -54.320  -32.602 0.3000000119
104989  -39.357  -52.039  -33.723 0.3000000119
36692  -39.844  -51.936  -32.930 0.3000000119
121767  -40.488  -52.204  -32.496 0.3000000119
105195  -41.120  -52.098  -32.223 0.3000000119
37566  -42.381  -51.442  -32.051 0.3000000119
36695  -42.249  -52.857  -32.539 0.3000000119
35835  -43.112  -53.047  -32.838 0.3000000119
37579  -39.602  -51.200  -33.526 0.3000000119
38469  -43.642  -50.726  -32.359 0.3000000119
36696  -43.901  -51.396  -32.690 0.3000000119
39422  -44.165  -49.957  -32.491 0.3000000119
38470  -44.344  -50.864  -32.809 0.3000000119
37580  -44.433  -51.692  -33.201 0.3000000119
39433  -44.846  -49.583  -33.074 0.3000000119
38483  -44.750  -50.348  -33.039 0.3000000119
39442  -39.879  -49.824  -34.446 0.4000000060
113443  -45.515  -49.324  -33.582 0.3000000119
107067  -40.152  -49.693  -35.456 0.4000000060
123178  -46.671  -48.228  -35.560 0.3000000119
39456  -40.407  -49.717  -36.169 0.3000000119
39477  -40.355  -49.817  -36.651 0.4000000060
41428  -47.158  -47.513  -36.964 0.3000000119
38552  -39.751  -50.129  -37.273 0.5000000000
37563  -39.900  -51.045  -32.871 0.3000000119
37564  -40.522  -51.367  -32.381 0.3000000119
38467  -41.025  -50.484  -32.029 0.3000000119
102082  -41.959  -50.698  -31.805 0.3000000119
106892  -43.254  -49.976  -32.045 0.3000000119
113497  -44.313  -48.992  -32.648 0.3000000119
113698  -44.949  -48.598  -33.249 0.3000000119
102077  -39.830  -49.163  -34.805 0.4000000060
39455  -39.937  -49.215  -35.616 0.5000000000
40447  -45.662  -48.549  -33.887 0.3000000119
41389  -46.343  -48.012  -35.001 0.4000000060
41410  -46.423  -47.552  -35.658 0.4000000060
39465  -39.778  -49.305  -36.264 0.6000000238
40474  -46.897  -47.928  -36.165 0.3000000119
39476  -39.200  -49.545  -36.988 0.6000000238
38466  -40.241  -50.444  -32.579 0.3000000119
104590  -40.550  -49.848  -32.340 0.3000000119
115166  -41.232  -48.816  -31.893 0.3000000119
38482  -39.800  -50.273  -33.361 0.3000000119
38454  -41.652  -50.036  -31.818 0.3000000119
39420  -42.693  -49.244  -31.907 0.3000000119
39421  -43.564  -49.165  -32.231 0.3000000119
40425  -42.986  -48.438  -32.080 0.4000000060
39431  -39.722  -49.264  -33.675 0.4000000060
40436  -44.347  -48.257  -32.815 0.4000000060
41365  -44.004  -47.620  -32.701 0.4000000060
40446  -39.529  -48.503  -34.271 0.5000000000
41375  -45.222  -47.788  -33.788 0.4000000060
107906  -44.737  -47.027  -33.763 0.4000000060
42207  -45.317  -47.093  -34.378 0.4000000060
40458  -39.538  -48.567  -35.123 0.5000000000
40473  -39.272  -48.719  -35.832 0.6000000238
41388  -45.804  -47.864  -34.418 0.4000000060
41409  -45.919  -47.149  -35.079 0.4000000060
42243  -46.154  -46.881  -35.813 0.4000000060
42253  -46.162  -46.298  -36.337 0.4000000060
39464  -38.711  -48.740  -36.745 0.6000000238
41427  -46.511  -47.147  -36.363 0.3000000119
41440  -46.593  -46.677  -37.057 0.4000000060
38551  -38.598  -49.824  -37.906 0.6000000238
39491  -38.416  -48.916  -38.463 0.6999999881
39432  -39.997  -49.649  -32.815 0.3000000119
39418  -40.452  -49.044  -32.367 0.3000000119
121073  -41.372  -48.260  -31.843 0.3000000119
40435  -39.816  -48.953  -32.920 0.3000000119
40434  -39.612  -48.409  -33.436 0.3000000119
40424  -42.025  -48.490  -31.771 0.3000000119
41363  -42.465  -47.698  -31.983 0.4000000060
41364  -43.279  -47.655  -32.327 0.4000000060
42196  -44.180  -46.932  -33.143 0.4000000060
117692  -39.345  -47.834  -33.929 0.5000000000
42224  -44.810  -46.378  -34.288 0.4000000060
111061  -39.048  -47.761  -34.727 0.5000000000
120329  -38.916  -48.132  -35.461 0.6000000238
43113  -45.855  -45.797  -35.832 0.4000000060
43114  -46.132  -45.492  -36.321 0.4000000060
110961  -38.360  -47.897  -36.975 0.6000000238
103081  -46.362  -45.828  -37.162 0.4000000060
43137  -46.626  -45.130  -37.558 0.4000000060
106677  -38.505  -48.843  -39.364 0.6999999881
103682  -38.291  -49.572  -39.012 0.6999999881
118761  -40.195  -47.582  -32.537 0.4000000060
104779  -40.719  -48.109  -32.094 0.4000000060
119140  -42.117  -47.052  -31.999 0.4000000060
113562  -42.232  -46.364  -32.242 0.4000000060
41373  -39.610  -47.505  -33.192 0.4000000060
108615  -40.094  -46.835  -32.676 0.4000000060
43051  -42.984  -46.186  -32.595 0.4000000060
42204  -39.495  -46.516  -33.260 0.4000000060
42195  -43.532  -46.900  -32.641 0.4000000060
42205  -43.728  -46.180  -33.054 0.4000000060
42206  -44.294  -46.298  -33.678 0.4000000060
43084  -44.426  -45.765  -34.117 0.4000000060
43085  -44.882  -45.658  -34.640 0.4000000060
43950  -45.153  -44.811  -34.850 0.4000000060
41408  -38.546  -47.500  -35.555 0.6000000238
43095  -45.750  -45.177  -35.609 0.4000000060
43985  -46.316  -45.014  -36.816 0.4000000060
41426  -38.357  -47.355  -36.368 0.6000000238
123196  -38.428  -47.730  -37.552 0.6999999881
43998  -47.148  -44.384  -37.784 0.4000000060
40509  -38.571  -48.200  -38.757 0.6999999881
39512  -38.331  -49.474  -39.936 0.6999999881
42193  -40.807  -46.189  -32.425 0.4000000060
118384  -38.979  -46.982  -33.981 0.4000000060
43047  -40.037  -46.065  -32.835 0.4000000060
43067  -43.180  -45.439  -33.092 0.4000000060
42222  -38.541  -46.900  -34.905 0.6000000238
42223  -38.717  -46.197  -34.431 0.5000000000
42241  -38.388  -46.758  -35.769 0.6999999881
43934  -44.367  -44.923  -34.138 0.4000000060
42252  -38.468  -46.622  -36.598 0.6999999881
43966  -45.752  -44.337  -35.336 0.4000000060
42270  -38.711  -46.494  -37.256 0.6999999881
43997  -46.743  -44.377  -37.022 0.4000000060
44854  -46.253  -43.958  -35.798 0.4000000060
41478  -39.011  -47.625  -39.002 0.6999999881
44883  -47.458  -43.554  -38.087 0.4000000060
40534  -38.847  -48.799  -40.314 0.6999999881
114245  -47.678  -42.658  -39.130 0.4000000060
45805  -48.303  -41.588  -40.785 0.4000000060
107704  -39.143  -45.436  -34.161 0.4000000060
43066  -40.271  -44.861  -33.361 0.4000000060
43049  -41.328  -45.390  -32.648 0.4000000060
43050  -42.269  -45.507  -32.645 0.4000000060
43082  -38.554  -46.116  -35.242 0.6999999881
43083  -38.874  -45.552  -34.841 0.5000000000
43933  -43.525  -44.698  -33.593 0.4000000060
43111  -38.624  -45.970  -36.090 0.6999999881
109614  -44.662  -44.132  -34.337 0.4000000060
43134  -38.902  -45.885  -36.929 0.6999999881
43949  -43.985  -43.953  -33.921 0.4000000060
44853  -45.793  -43.362  -35.218 0.4000000060
42292  -39.538  -46.246  -38.403 0.6999999881
42291  -38.906  -46.735  -37.883 0.6999999881
44871  -46.681  -43.519  -36.381 0.4000000060
44882  -47.188  -43.537  -37.233 0.4000000060
45776  -47.342  -42.580  -37.761 0.4000000060
40526  -38.974  -48.230  -39.605 0.6999999881
112461  -47.565  -42.879  -38.488 0.4000000060
46651  -47.781  -40.734  -40.631 0.4000000060
46666  -48.550  -40.304  -41.142 0.4000000060
43931  -40.701  -44.246  -33.748 0.4000000060
43918  -40.969  -44.750  -33.104 0.4000000060
43919  -41.796  -44.794  -33.032 0.4000000060
43947  -39.509  -44.797  -34.929 0.6000000238
43930  -39.826  -44.718  -33.961 0.5000000000
43932  -41.511  -44.240  -33.423 0.5000000000
122338  -42.026  -44.343  -33.310 0.4000000060
42304  -33.757  -46.248  -40.386 0.4000000060
42317  -34.308  -46.403  -40.814 0.5000000000
43964  -39.663  -44.651  -35.971 0.6000000238
44816  -43.127  -43.793  -33.644 0.4000000060
43135  -39.714  -45.210  -37.439 0.6000000238
44836  -44.459  -43.331  -34.391 0.4000000060
43144  -39.824  -45.610  -38.205 0.6000000238
45749  -45.848  -42.365  -35.435 0.4000000060
42293  -40.468  -45.960  -38.759 0.6999999881
110582  -46.279  -43.148  -35.698 0.4000000060
119649  -39.970  -46.586  -39.044 0.6999999881
114215  -47.011  -41.840  -37.289 0.4000000060
40527  -39.687  -47.655  -39.776 0.6999999881
46619  -47.088  -41.462  -38.134 0.4000000060
46632  -47.189  -40.645  -39.172 0.4000000060
47484  -48.126  -39.431  -40.463 0.4000000060
47467  -50.224  -40.913  -38.435 0.4000000060
119723  -40.924  -43.779  -34.312 0.5000000000
43965  -40.224  -44.138  -35.513 0.6000000238
43948  -40.304  -44.172  -34.568 0.5000000000
115695  -41.986  -43.016  -34.101 0.5000000000
43159  -32.651  -45.668  -39.984 0.3000000119
43160  -33.494  -45.672  -40.135 0.4000000060
43161  -34.195  -45.633  -40.588 0.5000000000
43995  -40.537  -44.485  -37.465 0.6000000238
43984  -40.361  -44.212  -36.454 0.6000000238
44834  -42.786  -42.998  -33.935 0.4000000060
43145  -40.619  -45.176  -38.363 0.6000000238
44835  -43.631  -43.142  -34.110 0.5000000000
43152  -41.591  -45.375  -39.731 0.6999999881
45731  -45.073  -42.557  -34.854 0.4000000060
42299  -41.594  -46.106  -39.872 0.8000000119
42298  -41.009  -46.425  -39.389 0.6999999881
46594  -46.081  -41.589  -35.847 0.4000000060
45765  -46.484  -42.436  -36.018 0.4000000060
46618  -46.720  -40.899  -37.619 0.4000000060
46631  -46.811  -40.435  -38.529 0.4000000060
48400  -47.696  -39.344  -39.829 0.4000000060
121493  -48.948  -40.131  -38.569 0.4000000060
47451  -50.750  -40.355  -37.685 0.4000000060
44869  -40.980  -43.801  -36.946 0.6000000238
44851  -40.865  -43.709  -35.996 0.6000000238
108981  -40.862  -43.726  -35.086 0.5000000000
111000  -41.384  -43.295  -34.581 0.5000000000
111420  -33.232  -45.059  -39.723 0.4000000060
44027  -33.997  -44.944  -40.258 0.4000000060
43136  -41.023  -44.571  -38.261 0.6000000238
45728  -42.519  -42.450  -34.536 0.5000000000
44043  -34.477  -44.796  -41.098 0.5000000000
43146  -41.362  -45.026  -38.892 0.6999999881
45729  -43.273  -42.353  -34.430 0.5000000000
43177  -34.649  -45.552  -41.445 0.5000000000
44034  -42.521  -43.386  -41.692 0.6999999881
111962  -41.800  -45.567  -40.549 0.6999999881
46575  -43.818  -41.755  -34.931 0.5000000000
44053  -34.941  -44.591  -42.089 0.6999999881
43192  -42.180  -44.946  -42.745 0.6999999881
44046  -42.564  -44.322  -42.062 0.6999999881
43166  -42.250  -45.321  -41.641 0.6999999881
44942  -35.957  -43.310  -42.309 0.6999999881
44054  -35.567  -44.090  -42.443 0.6999999881
42319  -42.132  -46.013  -42.432 0.6999999881
46593  -45.296  -41.281  -35.558 0.4000000060
43191  -41.909  -45.136  -42.908 0.6999999881
42329  -41.912  -46.274  -42.926 0.8000000119
46609  -45.984  -40.638  -36.486 0.4000000060
46610  -46.575  -41.481  -36.616 0.4000000060
48383  -47.245  -39.006  -39.301 0.4000000060
47449  -48.544  -39.871  -38.214 0.4000000060
47450  -49.548  -40.391  -37.888 0.4000000060
44870  -41.468  -43.160  -36.460 0.6000000238
44852  -41.378  -43.149  -35.473 0.6000000238
45727  -41.844  -42.636  -34.901 0.5000000000
44026  -33.747  -44.288  -39.856 0.4000000060
114473  -34.297  -44.107  -40.704 0.6999999881
44891  -41.961  -43.438  -39.514 0.6999999881
43996  -41.210  -43.958  -37.876 0.6000000238
45763  -42.042  -42.423  -35.909 0.5000000000
118722  -42.411  -42.600  -41.365 0.6999999881
44013  -41.677  -44.400  -39.658 0.6999999881
44003  -41.552  -44.211  -38.679 0.6999999881
45747  -42.371  -42.133  -35.169 0.5000000000
46574  -43.007  -41.787  -35.002 0.5000000000
114354  -34.633  -43.893  -41.685 0.6999999881
44908  -42.272  -43.478  -40.603 0.6999999881
114627  -35.012  -43.736  -42.181 0.6999999881
44932  -41.746  -43.113  -42.423 0.6999999881
44934  -42.321  -43.429  -42.269 0.6999999881
46592  -44.435  -41.320  -35.370 0.4000000060
44032  -40.942  -43.998  -42.053 0.6999999881
44057  -41.652  -44.102  -42.677 0.6999999881
44031  -39.761  -44.847  -40.688 0.6000000238
43164  -39.958  -45.466  -41.472 0.6000000238
43165  -40.995  -45.012  -42.647 0.6999999881
113809  -36.363  -43.085  -41.817 0.6999999881
117554  -46.342  -40.346  -37.294 0.4000000060
43163  -38.776  -45.528  -40.652 0.6000000238
48366  -46.633  -38.583  -38.362 0.4000000060
48367  -47.033  -38.547  -38.701 0.4000000060
48384  -47.596  -39.143  -39.082 0.4000000060
48369  -50.142  -39.979  -37.042 0.4000000060
44903  -33.483  -43.625  -39.406 0.6000000238
44920  -34.143  -43.460  -40.219 0.6000000238
45818  -42.278  -41.701  -41.369 0.6000000238
44892  -42.339  -42.393  -39.492 0.6999999881
44881  -41.659  -43.268  -37.484 0.6000000238
45830  -42.179  -42.447  -41.944 0.6000000238
44909  -42.397  -42.423  -40.559 0.6999999881
44921  -34.468  -43.247  -41.260 0.6999999881
44924  -41.393  -42.657  -41.964 0.6000000238
46591  -43.736  -41.075  -35.885 0.5000000000
45838  -35.331  -42.419  -42.027 0.6999999881
44929  -34.866  -43.108  -41.946 0.6999999881
44923  -40.548  -43.624  -40.845 0.6000000238
45840  -36.172  -42.675  -42.028 0.6999999881
45839  -35.876  -42.484  -42.199 0.6999999881
46683  -36.222  -41.818  -41.919 0.6999999881
47422  -44.714  -40.459  -36.095 0.4000000060
47437  -45.333  -39.833  -36.903 0.4000000060
44030  -38.782  -45.092  -40.021 0.6000000238
47438  -46.022  -39.134  -37.760 0.4000000060
106789  -36.503  -43.235  -41.355 0.6999999881
44922  -36.538  -44.031  -40.608 0.6999999881
44044  -36.982  -44.782  -40.769 0.6999999881
43162  -37.950  -45.678  -40.601 0.6000000238
48354  -47.255  -38.646  -37.789 0.4000000060
48368  -47.748  -39.154  -38.046 0.4000000060
107542  -48.890  -39.667  -36.256 0.4000000060
47439  -48.898  -40.088  -37.043 0.4000000060
48356  -49.760  -39.501  -36.358 0.3000000119
111324  -33.293  -43.048  -38.891 0.5000000000
104110  -41.753  -41.315  -41.384 0.6000000238
46663  -42.304  -40.892  -41.183 0.6000000238
45803  -42.495  -41.156  -40.787 0.6000000238
45787  -42.291  -42.467  -38.294 0.6000000238
45773  -42.141  -42.477  -37.110 0.6000000238
45813  -33.900  -42.686  -39.743 0.6000000238
45814  -34.327  -42.728  -40.712 0.5000000000
45816  -41.761  -41.882  -41.751 0.6000000238
45817  -42.031  -41.503  -41.579 0.6000000238
45764  -42.622  -41.615  -36.899 0.5000000000
46590  -42.767  -41.674  -35.851 0.5000000000
46607  -43.140  -40.855  -36.873 0.4000000060
45827  -34.729  -42.326  -41.554 0.8000000119
102197  -40.439  -42.299  -39.645 0.6000000238
123079  -44.265  -40.072  -36.811 0.4000000060
46682  -35.820  -41.904  -42.105 0.6999999881
44012  -39.373  -44.395  -39.878 0.6000000238
44905  -38.883  -44.042  -39.091 0.6000000238
48352  -45.466  -38.398  -37.604 0.4000000060
45828  -36.401  -42.325  -41.575 0.6999999881
44011  -38.327  -44.797  -39.416 0.6000000238
48353  -46.237  -38.406  -37.720 0.4000000060
49330  -46.645  -38.370  -38.085 0.4000000060
45815  -36.388  -42.936  -40.665 0.6999999881
44028  -36.798  -44.620  -39.805 0.6999999881
119338  -37.164  -44.519  -38.712 0.6999999881
49318  -46.968  -38.698  -37.067 0.4000000060
44904  -36.291  -43.847  -39.510 0.6999999881
49296  -47.662  -38.822  -35.762 0.3000000119
48355  -48.137  -39.430  -36.845 0.4000000060
49297  -48.735  -38.544  -35.440 0.4000000060
48337  -49.374  -38.954  -35.802 0.3000000119
45802  -42.056  -40.526  -41.098 0.6000000238
46649  -42.190  -40.343  -40.504 0.6000000238
45788  -42.438  -41.251  -39.445 0.6000000238
46630  -42.387  -40.192  -39.276 0.6000000238
45774  -42.536  -41.408  -38.125 0.5000000000
46660  -33.916  -41.654  -39.777 0.6000000238
112817  -34.355  -41.947  -40.669 0.6000000238
45801  -41.422  -41.271  -40.567 0.6000000238
46648  -41.702  -40.572  -40.278 0.6000000238
46617  -42.699  -40.280  -38.025 0.5000000000
44907  -41.084  -42.240  -40.938 0.6000000238
47434  -43.232  -39.586  -37.696 0.5000000000
46674  -34.750  -41.330  -41.470 0.6999999881
44890  -39.303  -43.089  -38.940 0.6000000238
45785  -39.784  -42.287  -38.691 0.6000000238
47435  -43.939  -38.821  -37.574 0.5000000000
46608  -43.705  -40.184  -37.000 0.5000000000
47506  -36.056  -41.303  -42.026 0.8000000119
46681  -35.364  -41.668  -41.895 0.8000000119
47436  -44.759  -39.169  -37.317 0.4000000060
44889  -38.522  -43.804  -38.424 0.6000000238
48351  -44.667  -37.980  -37.700 0.4000000060
46675  -36.452  -41.368  -41.539 0.6999999881
44002  -37.826  -44.394  -38.638 0.6999999881
49275  -44.989  -38.573  -34.814 0.5000000000
49294  -45.664  -38.257  -35.847 0.5000000000
116833  -45.231  -37.789  -37.046 0.4000000060
49316  -45.368  -38.096  -37.522 0.4000000060
105700  -36.518  -41.755  -41.082 0.6999999881
109887  -36.070  -42.236  -40.092 0.6999999881
44887  -36.390  -43.788  -38.454 0.6999999881
44001  -36.723  -44.417  -38.922 0.6999999881
49260  -45.496  -38.437  -33.622 0.5000000000
49276  -45.808  -38.387  -34.525 0.5000000000
114702  -46.296  -38.411  -35.795 0.4000000060
49295  -45.832  -38.148  -36.864 0.4000000060
49317  -46.173  -38.325  -37.541 0.4000000060
50214  -45.992  -37.902  -32.933 0.4000000060
50231  -47.072  -38.004  -33.961 0.4000000060
49278  -47.174  -38.356  -35.020 0.4000000060
49279  -48.218  -38.231  -34.826 0.4000000060
104458  -46.608  -38.573  -36.347 0.4000000060
117721  -46.915  -36.954  -33.005 0.4000000060
50215  -46.688  -37.566  -33.271 0.4000000060
50232  -47.818  -37.716  -34.228 0.4000000060
119101  -42.125  -40.111  -39.931 0.6000000238
47462  -42.100  -39.810  -39.538 0.6000000238
47481  -33.854  -40.758  -39.789 0.5000000000
45786  -40.848  -41.449  -39.426 0.6000000238
46629  -41.274  -40.623  -39.260 0.6000000238
47445  -41.619  -39.771  -39.104 0.6000000238
48381  -42.224  -39.385  -38.643 0.5000000000
110588  -42.306  -39.536  -38.908 0.5000000000
46661  -34.283  -41.041  -40.652 0.6000000238
47447  -42.659  -39.137  -38.302 0.5000000000
48365  -43.214  -38.432  -37.899 0.5000000000
47500  -35.461  -40.862  -41.824 0.8000000119
102536  -44.198  -38.311  -35.697 0.5000000000
49314  -43.763  -37.732  -37.438 0.5000000000
48350  -43.877  -37.890  -37.642 0.5000000000
47501  -36.223  -40.618  -41.760 0.8000000119
103312  -37.826  -43.905  -37.896 0.6000000238
48301  -43.479  -39.163  -33.624 0.5000000000
48317  -42.731  -39.184  -34.486 0.5000000000
102735  -44.170  -37.645  -36.914 0.5000000000
49315  -44.532  -37.706  -37.455 0.4000000060
47507  -36.345  -41.140  -41.748 0.8000000119
44888  -37.018  -44.152  -38.171 0.6999999881
49258  -44.125  -38.752  -34.425 0.5000000000
49293  -44.841  -37.880  -36.533 0.5000000000
46662  -36.493  -41.174  -40.528 0.8000000119
45800  -35.999  -42.952  -38.938 0.6999999881
49246  -44.550  -38.529  -32.348 0.5000000000
49247  -45.219  -38.258  -32.653 0.4000000060
121152  -36.106  -43.053  -39.777 0.6999999881
47461  -42.010  -39.565  -39.350 0.5000000000
48379  -33.448  -39.696  -38.667 0.5000000000
46628  -40.272  -41.443  -38.468 0.6000000238
46616  -40.790  -40.646  -38.285 0.6000000238
48363  -42.499  -38.807  -37.965 0.5000000000
48405  -33.939  -39.817  -39.728 0.5000000000
47446  -41.929  -39.310  -38.645 0.5000000000
47491  -34.213  -40.306  -40.526 0.5000000000
45784  -38.766  -43.202  -37.953 0.6000000238
45772  -39.391  -42.333  -37.700 0.6000000238
48333  -41.895  -39.024  -36.060 0.5000000000
49313  -43.022  -37.962  -37.218 0.5000000000
49329  -43.248  -38.167  -37.740 0.5000000000
45771  -38.463  -42.968  -37.074 0.6000000238
48316  -42.048  -39.588  -34.335 0.5000000000
48334  -42.269  -39.095  -35.276 0.5000000000
49292  -42.616  -38.530  -36.238 0.5000000000
105710  -35.612  -40.057  -41.638 0.6999999881
44879  -37.242  -43.598  -37.455 0.6000000238
48318  -43.452  -38.752  -34.991 0.5000000000
106976  -43.441  -38.124  -36.418 0.5000000000
44878  -36.650  -43.517  -37.686 0.6999999881
47502  -36.561  -40.579  -41.328 0.6999999881
50199  -44.837  -37.931  -31.931 0.4000000060
118302  -36.660  -40.986  -41.184 0.8000000119
50188  -44.916  -37.225  -31.691 0.5000000000
47493  -36.807  -40.349  -40.887 0.6999999881
50200  -45.565  -37.410  -32.174 0.4000000060
50201  -46.351  -37.155  -32.636 0.5000000000
53596  -46.614  -33.622  -32.854 0.4000000060
53607  -47.553  -33.714  -33.358 0.5000000000
54469  -46.909  -32.761  -33.369 0.5000000000
53614  -49.018  -33.981  -34.495 0.5000000000
53612  -47.870  -32.909  -33.825 0.5000000000
106438  -41.288  -40.035  -37.976 0.6000000238
47433  -41.686  -39.363  -37.575 0.5000000000
117531  -39.900  -41.504  -37.478 0.6000000238
46606  -40.372  -40.779  -37.222 0.6000000238
47432  -40.912  -40.179  -36.859 0.6000000238
48349  -42.055  -38.773  -37.134 0.5000000000
49312  -42.431  -38.442  -36.874 0.5000000000
110415  -34.081  -38.987  -39.017 0.5000000000
48406  -34.508  -39.680  -40.741 0.6999999881
45762  -39.022  -42.308  -36.748 0.6000000238
46605  -39.560  -41.594  -36.470 0.6000000238
47419  -40.127  -40.978  -36.144 0.6000000238
49352  -33.882  -38.267  -38.680 0.5000000000
44880  -37.935  -43.482  -37.354 0.6000000238
106076  -41.748  -39.495  -35.073 0.5000000000
48411  -35.078  -39.681  -41.282 0.6999999881
45761  -38.043  -42.806  -36.260 0.6000000238
48300  -42.513  -39.628  -33.385 0.5000000000
48412  -35.762  -39.302  -41.321 0.6999999881
44868  -37.570  -43.210  -36.816 0.6000000238
49245  -43.817  -39.041  -32.358 0.5000000000
49230  -44.152  -38.345  -31.739 0.6000000238
48267  -42.945  -39.247  -31.919 0.4000000060
49229  -43.374  -38.611  -31.594 0.5000000000
45783  -36.161  -43.215  -37.987 0.6999999881
112353  -35.989  -42.397  -38.021 0.6999999881
50187  -44.281  -37.495  -31.535 0.5000000000
52783  -44.553  -34.161  -32.258 0.4000000060
53594  -44.988  -33.684  -32.568 0.4000000060
46627  -35.998  -41.460  -38.067 0.6999999881
53595  -45.850  -33.897  -32.555 0.4000000060
47482  -36.504  -40.439  -39.936 0.6999999881
48398  -36.969  -39.470  -40.527 0.6999999881
53613  -48.588  -33.148  -34.440 0.5000000000
54485  -48.795  -32.547  -35.153 0.5000000000
54478  -48.055  -32.267  -34.548 0.5000000000
48332  -41.408  -39.574  -36.474 0.5000000000
46589  -39.213  -41.584  -35.514 0.6000000238
47421  -41.293  -39.884  -35.386 0.5000000000
49353  -34.445  -38.040  -39.473 0.6000000238
46604  -38.600  -42.165  -35.884 0.6000000238
47406  -41.433  -40.110  -34.396 0.5000000000
49360  -35.010  -38.210  -40.578 0.6000000238
45746  -37.704  -42.391  -35.629 0.5000000000
46588  -38.295  -41.918  -35.107 0.5000000000
47388  -41.735  -40.081  -33.524 0.5000000000
48299  -41.973  -39.982  -32.818 0.5000000000
49363  -35.087  -39.058  -40.893 0.6999999881
45760  -37.249  -42.858  -36.203 0.6000000238
48288  -43.068  -39.419  -32.683 0.5000000000
48266  -42.091  -39.331  -31.762 0.6000000238
49228  -42.472  -38.631  -31.356 0.5000000000
49364  -36.557  -38.835  -41.240 0.6999999881
45759  -36.684  -42.571  -36.487 0.6999999881
51951  -43.263  -35.518  -31.268 0.5000000000
52762  -43.607  -34.818  -31.602 0.4000000060
48413  -36.483  -39.727  -41.381 0.6999999881
46615  -36.186  -41.877  -37.095 0.6999999881
47444  -36.053  -40.779  -37.554 0.6999999881
51105  -43.630  -36.948  -31.288 0.5000000000
51952  -44.041  -35.637  -31.518 0.5000000000
52782  -43.799  -34.133  -32.112 0.4000000060
48407  -36.953  -39.643  -41.027 0.6999999881
46647  -35.950  -41.600  -39.185 0.6999999881
53605  -44.415  -32.944  -33.100 0.4000000060
54467  -44.852  -32.357  -33.562 0.4000000060
48408  -37.249  -39.041  -40.936 0.6999999881
48380  -36.526  -39.643  -39.272 0.6999999881
53606  -45.605  -33.079  -32.890 0.4000000060
54468  -45.928  -32.444  -33.394 0.4000000060
54476  -46.344  -32.021  -33.850 0.4000000060
109704  -46.165  -31.405  -34.709 0.4000000060
55374  -46.458  -30.967  -35.504 0.4000000060
55364  -48.215  -31.661  -35.369 0.5000000000
47404  -39.865  -41.089  -35.105 0.5000000000
47405  -40.616  -40.694  -34.539 0.5000000000
46557  -39.687  -41.338  -34.054 0.5000000000
47387  -41.034  -40.625  -33.564 0.5000000000
47373  -41.323  -40.317  -32.770 0.5000000000
46572  -38.143  -41.604  -34.385 0.5000000000
50302  -35.856  -37.673  -40.851 0.6999999881
46587  -37.518  -41.794  -35.010 0.5000000000
117949  -40.914  -40.151  -32.099 0.6000000238
46586  -36.800  -41.425  -35.349 0.6999999881
50185  -42.953  -38.046  -31.234 0.5000000000
52761  -42.938  -34.765  -31.234 0.4000000060
50305  -36.629  -38.065  -41.109 0.6999999881
46603  -36.551  -41.737  -36.155 0.8000000119
51104  -42.931  -37.298  -31.046 0.5000000000
108024  -42.894  -36.320  -31.030 0.5000000000
53593  -43.287  -33.405  -32.471 0.4000000060
108236  -44.002  -33.533  -32.657 0.4000000060
54466  -43.839  -32.318  -33.803 0.4000000060
48414  -37.141  -39.022  -41.110 0.6999999881
48348  -36.269  -39.929  -36.201 0.6000000238
110738  -44.249  -31.896  -34.214 0.4000000060
47460  -36.070  -40.601  -38.678 0.6999999881
109328  -36.181  -39.837  -38.092 0.6999999881
48362  -36.425  -39.203  -36.786 0.6000000238
49311  -36.449  -39.042  -35.956 0.6000000238
55362  -45.126  -31.125  -34.939 0.4000000060
48399  -37.228  -38.756  -40.647 0.6999999881
49354  -36.934  -38.772  -39.826 0.6000000238
108459  -36.563  -38.832  -38.506 0.6999999881
49327  -36.586  -38.548  -37.441 0.6000000238
55373  -45.719  -30.926  -35.340 0.4000000060
49362  -37.242  -38.433  -40.849 0.6999999881
50268  -36.829  -37.731  -37.193 0.6000000238
115585  -36.635  -38.367  -36.558 0.6000000238
55375  -47.349  -30.999  -35.780 0.5000000000
122941  -37.249  -36.964  -36.240 0.6000000238
50246  -37.167  -37.311  -35.525 0.6000000238
55382  -48.216  -31.151  -36.369 0.5000000000
47372  -40.404  -40.671  -32.692 0.6000000238
50279  -34.053  -36.820  -38.557 0.5000000000
46573  -38.947  -41.531  -34.610 0.5000000000
47386  -39.448  -41.068  -33.085 0.6000000238
47353  -40.216  -40.337  -31.950 0.6000000238
50301  -35.178  -37.399  -40.154 0.6000000238
46555  -37.971  -41.275  -33.763 0.6000000238
46556  -38.749  -41.345  -33.791 0.6000000238
48265  -41.297  -39.551  -31.661 0.5000000000
49201  -41.131  -38.304  -30.867 0.5000000000
49202  -41.825  -38.253  -30.994 0.5000000000
51205  -35.295  -36.767  -39.764 0.6000000238
51206  -35.983  -36.820  -40.443 0.6000000238
46571  -37.625  -41.414  -34.367 0.6000000238
47369  -37.713  -40.513  -33.308 0.6000000238
50166  -41.547  -37.621  -30.687 0.5000000000
51926  -41.903  -35.423  -30.417 0.5000000000
53578  -43.174  -34.072  -31.790 0.4000000060
50304  -37.132  -37.818  -40.838 0.6999999881
50303  -36.700  -37.311  -40.798 0.6000000238
48315  -37.080  -40.096  -33.946 0.6000000238
114315  -42.153  -36.020  -30.729 0.5000000000
51950  -42.566  -35.448  -30.903 0.5000000000
54458  -43.493  -32.809  -33.158 0.4000000060
55352  -43.783  -31.741  -34.129 0.4000000060
47431  -36.222  -40.886  -36.504 0.6999999881
48331  -36.420  -39.781  -35.351 0.6999999881
102851  -37.122  -39.069  -33.894 0.6999999881
49200  -40.315  -38.418  -30.827 0.5000000000
113284  -41.254  -36.951  -30.444 0.5000000000
55353  -44.412  -31.390  -34.516 0.4000000060
50296  -37.368  -37.314  -39.840 0.6000000238
118363  -36.879  -38.732  -34.561 0.6000000238
49273  -37.187  -38.177  -34.231 0.6999999881
56277  -45.483  -30.717  -35.181 0.4000000060
111603  -37.235  -37.557  -40.487 0.6999999881
49340  -36.910  -37.965  -39.259 0.6000000238
50280  -36.764  -37.863  -38.181 0.6000000238
50260  -36.728  -38.176  -35.743 0.6000000238
49291  -36.945  -38.078  -34.972 0.6000000238
110021  -37.491  -36.941  -33.201 0.6000000238
50269  -37.130  -37.102  -37.847 0.6000000238
51147  -37.411  -36.592  -34.974 0.6000000238
110976  -37.515  -36.106  -33.550 0.6000000238
56278  -46.132  -30.424  -35.667 0.4000000060
111491  -37.496  -35.897  -34.432 0.6000000238
56286  -47.223  -30.429  -36.685 0.5000000000
56279  -46.651  -30.542  -36.029 0.4000000060
56295  -47.383  -30.193  -37.696 0.5000000000
47371  -39.577  -40.576  -32.242 0.6000000238
47385  -38.480  -41.018  -33.090 0.6000000238
113971  -38.924  -40.728  -32.537 0.6000000238
48263  -39.628  -39.931  -31.623 0.6000000238
49225  -40.050  -39.146  -31.246 0.5000000000
51201  -34.971  -36.388  -39.341 0.6000000238
47370  -38.308  -40.366  -32.562 0.6000000238
117958  -39.269  -39.088  -31.354 0.5000000000
53577  -42.835  -33.430  -31.922 0.4000000060
52044  -36.392  -36.148  -40.198 0.6000000238
109114  -37.428  -36.023  -40.182 0.6000000238
48284  -37.775  -39.677  -32.724 0.6000000238
49244  -37.762  -38.735  -32.179 0.6000000238
49199  -38.890  -38.349  -31.035 0.5000000000
51077  -39.207  -36.913  -30.317 0.5000000000
51056  -39.746  -36.203  -29.926 0.5000000000
51078  -40.593  -36.615  -30.189 0.5000000000
53592  -42.917  -32.662  -32.758 0.4000000060
55345  -43.035  -31.828  -33.116 0.4000000060
54465  -43.301  -32.132  -33.600 0.4000000060
50164  -39.593  -37.801  -30.543 0.5000000000
50165  -40.621  -37.551  -30.472 0.5000000000
56261  -44.764  -30.474  -34.145 0.4000000060
51189  -37.532  -36.520  -39.464 0.6000000238
119131  -37.607  -35.702  -31.504 0.6000000238
57152  -45.409  -30.198  -34.620 0.4000000060
51178  -37.503  -36.458  -38.507 0.6000000238
51169  -37.368  -36.448  -37.509 0.6000000238
51969  -37.486  -35.526  -32.270 0.6000000238
57161  -45.904  -30.079  -35.417 0.4000000060
50306  -37.129  -38.441  -41.084 0.6999999881
51160  -37.336  -36.402  -36.656 0.6000000238
56285  -46.561  -30.107  -36.365 0.4000000060
57162  -46.242  -29.931  -35.998 0.4000000060
115548  -37.359  -36.448  -35.834 0.6000000238
52001  -37.469  -35.776  -35.345 0.6000000238
57171  -47.042  -29.906  -37.093 0.4000000060
57180  -47.280  -29.739  -37.945 0.5000000000
57189  -47.504  -29.635  -38.688 0.4000000060
47352  -38.895  -40.257  -31.994 0.6000000238
48262  -38.900  -39.623  -31.672 0.5000000000
51909  -40.837  -34.990  -29.731 0.5000000000
52725  -41.944  -34.065  -29.967 0.5000000000
120472  -42.397  -33.920  -30.485 0.5000000000
54446  -42.752  -32.721  -31.584 0.4000000060
52046  -37.778  -35.333  -40.123 0.6000000238
51203  -37.599  -35.939  -39.886 0.6000000238
48285  -38.311  -39.632  -32.080 0.6000000238
51924  -38.902  -36.227  -30.111 0.5000000000
51057  -40.633  -35.774  -29.956 0.5000000000
51925  -41.278  -35.431  -30.069 0.5000000000
108281  -43.361  -31.097  -32.986 0.4000000060
56252  -43.400  -31.491  -33.750 0.4000000060
51076  -38.397  -36.631  -30.627 0.5000000000
115387  -44.062  -31.080  -34.169 0.4000000060
52030  -37.798  -35.684  -39.253 0.6000000238
109049  -37.638  -35.795  -38.105 0.6000000238
52018  -37.473  -35.872  -37.216 0.6000000238
52781  -37.457  -34.569  -32.236 0.6000000238
58047  -46.600  -29.310  -35.449 0.4000000060
108526  -37.481  -35.086  -35.707 0.6000000238
116567  -37.458  -35.030  -32.931 0.6000000238
57163  -46.809  -29.479  -36.453 0.4000000060
108527  -37.460  -34.993  -34.841 0.6000000238
108528  -37.422  -35.177  -33.768 0.6000000238
58065  -47.326  -29.239  -37.258 0.4000000060
59006  -47.802  -28.223  -37.280 0.3000000119
58074  -47.438  -28.924  -38.124 0.4000000060
59022  -48.608  -27.950  -39.056 0.3000000119
52724  -41.175  -34.209  -29.645 0.5000000000
53549  -42.283  -33.259  -29.943 0.5000000000
55333  -43.027  -31.971  -30.929 0.5000000000
56239  -43.525  -30.749  -31.988 0.5000000000
51908  -39.978  -35.239  -29.651 0.5000000000
53547  -40.588  -33.509  -29.453 0.6000000238
117525  -43.188  -31.395  -32.385 0.4000000060
56253  -43.883  -30.358  -32.570 0.5000000000
57139  -44.433  -30.158  -33.279 0.4000000060
102725  -37.884  -35.189  -38.664 0.6000000238
52824  -37.646  -35.105  -37.572 0.6000000238
51906  -38.285  -35.000  -30.277 0.6000000238
57140  -45.245  -29.759  -33.636 0.4000000060
57141  -45.888  -29.464  -33.912 0.4000000060
52818  -37.507  -34.695  -36.526 0.6000000238
51922  -37.779  -35.295  -30.915 0.6999999881
117020  -46.834  -28.860  -34.521 0.3000000119
52810  -37.427  -34.316  -35.579 0.6000000238
104054  -37.645  -34.541  -31.312 0.6000000238
58048  -47.296  -28.448  -34.933 0.3000000119
121270  -37.381  -34.331  -34.878 0.6000000238
53576  -37.535  -33.814  -31.688 0.6000000238
58056  -47.209  -28.609  -35.903 0.4000000060
52801  -37.353  -34.328  -34.259 0.6000000238
52793  -37.372  -34.246  -33.269 0.6000000238
108649  -37.384  -33.660  -32.511 0.6000000238
112420  -47.413  -28.729  -36.641 0.3000000119
59007  -48.341  -27.291  -37.573 0.3000000119
59015  -48.711  -27.201  -38.341 0.3000000119
54412  -41.046  -32.728  -29.367 0.6000000238
54413  -41.820  -32.785  -29.562 0.5000000000
55318  -43.239  -31.212  -30.400 0.5000000000
55334  -43.285  -31.313  -31.436 0.5000000000
53546  -39.641  -33.688  -29.556 0.6000000238
57129  -44.394  -29.397  -32.139 0.4000000060
58033  -45.764  -28.938  -33.238 0.4000000060
52837  -37.980  -34.537  -38.660 0.6000000238
53635  -37.750  -34.072  -37.577 0.6000000238
52737  -38.311  -34.240  -30.268 0.6000000238
58034  -46.508  -28.727  -33.756 0.3000000119
53629  -37.512  -33.964  -36.484 0.6000000238
53621  -37.424  -33.427  -35.894 0.6000000238
53611  -37.208  -32.811  -34.428 0.6000000238
104215  -37.672  -33.107  -31.313 0.6000000238
108565  -37.287  -33.655  -34.884 0.6000000238
58983  -47.730  -27.779  -35.427 0.3000000119
108566  -37.254  -33.535  -33.936 0.6000000238
120090  -37.316  -33.394  -33.197 0.6000000238
58995  -47.797  -27.956  -36.327 0.3000000119
59967  -48.374  -26.448  -37.017 0.3000000119
59976  -48.696  -26.476  -37.790 0.3000000119
60907  -49.551  -25.721  -38.332 0.3000000119
55303  -41.640  -32.082  -29.405 0.6000000238
55304  -42.331  -31.417  -29.436 0.6000000238
55317  -42.863  -31.812  -29.995 0.5000000000
56211  -43.296  -30.457  -29.875 0.5000000000
56223  -43.535  -30.519  -30.902 0.4000000060
116560  -39.808  -32.600  -29.442 0.6000000238
111619  -40.713  -31.877  -29.323 0.6000000238
58019  -45.018  -28.732  -32.106 0.4000000060
121897  -38.987  -32.550  -29.675 0.6000000238
58021  -46.256  -28.127  -32.949 0.4000000060
111867  -37.592  -33.271  -36.965 0.6000000238
54428  -38.406  -32.605  -30.116 0.6000000238
109990  -37.297  -32.770  -35.301 0.6000000238
54427  -37.750  -32.300  -30.881 0.6000000238
59955  -47.923  -26.921  -35.022 0.3000000119
54445  -37.480  -32.479  -31.785 0.6000000238
54464  -37.399  -31.975  -33.244 0.6000000238
53591  -37.362  -32.756  -32.673 0.6000000238
60894  -48.451  -25.599  -36.949 0.3000000119
61761  -49.081  -25.231  -37.832 0.3000000119
113582  -41.386  -31.277  -29.237 0.6000000238
57105  -43.723  -29.575  -30.313 0.5000000000
58005  -44.185  -29.048  -31.110 0.4000000060
55302  -40.556  -31.111  -29.271 0.6000000238
58007  -45.219  -27.917  -31.808 0.4000000060
58946  -45.850  -27.567  -32.378 0.4000000060
55301  -39.801  -31.453  -29.402 0.6000000238
58948  -47.227  -26.964  -33.444 0.3000000119
110630  -38.174  -31.841  -30.299 0.6000000238
59921  -47.560  -26.183  -33.681 0.3000000119
119408  -37.371  -32.084  -35.567 0.6000000238
54484  -37.254  -32.095  -34.853 0.6000000238
59941  -48.084  -26.050  -34.598 0.3000000119
55315  -37.786  -31.383  -30.812 0.6000000238
54475  -37.333  -32.057  -34.058 0.6000000238
111792  -37.444  -31.212  -32.945 0.6000000238
55344  -37.429  -31.861  -32.391 0.6000000238
56209  -41.967  -30.619  -29.052 0.6000000238
57096  -43.110  -29.657  -29.302 0.4000000060
57990  -44.044  -28.710  -30.308 0.4000000060
104016  -44.703  -27.855  -31.283 0.4000000060
56207  -39.941  -30.463  -29.290 0.5000000000
56208  -40.981  -30.497  -29.127 0.5000000000
58929  -46.023  -26.844  -32.310 0.4000000060
55300  -39.062  -30.826  -29.656 0.5000000000
58947  -46.548  -27.122  -32.825 0.3000000119
60839  -47.480  -25.517  -33.129 0.3000000119
111649  -37.332  -31.355  -35.324 0.6000000238
114599  -37.648  -30.992  -31.388 0.5000000000
105410  -37.344  -31.498  -34.514 0.6000000238
114229  -37.464  -31.215  -33.782 0.6000000238
121505  -37.484  -30.755  -33.324 0.6000000238
106431  -37.558  -31.089  -32.143 0.6000000238
119602  -37.538  -30.183  -33.814 0.5000000000
56251  -37.544  -30.408  -32.763 0.5000000000
57968  -42.096  -28.484  -28.765 0.4000000060
57982  -42.855  -28.665  -29.142 0.3000000119
58909  -43.283  -27.908  -29.436 0.4000000060
58916  -44.491  -27.468  -30.766 0.4000000060
58927  -44.930  -27.195  -31.355 0.3000000119
57093  -40.508  -29.764  -29.025 0.5000000000
57094  -41.545  -29.759  -28.889 0.4000000060
59887  -44.700  -26.704  -30.813 0.3000000119
59888  -45.282  -26.341  -31.305 0.3000000119
58928  -45.497  -27.008  -31.868 0.3000000119
103787  -39.155  -29.913  -29.558 0.5000000000
113465  -46.131  -24.979  -31.724 0.3000000119
59889  -45.912  -26.284  -31.870 0.3000000119
56222  -38.514  -30.190  -30.116 0.5000000000
60838  -46.897  -25.550  -32.581 0.3000000119
56221  -37.895  -30.456  -30.850 0.5000000000
61707  -48.073  -24.563  -34.131 0.3000000119
56238  -37.688  -30.387  -31.796 0.5000000000
57128  -37.702  -29.698  -32.250 0.5000000000
58890  -42.526  -27.836  -28.959 0.3000000119
110755  -43.621  -27.099  -29.683 0.3000000119
58911  -44.221  -26.957  -30.227 0.3000000119
57966  -40.427  -28.362  -28.726 0.3000000119
57081  -40.883  -29.068  -28.758 0.4000000060
59881  -44.886  -26.072  -30.777 0.3000000119
118142  -39.738  -28.468  -28.939 0.3000000119
60821  -45.762  -25.571  -31.500 0.3000000119
57091  -38.627  -29.300  -29.912 0.4000000060
60822  -46.298  -25.590  -32.036 0.3000000119
61690  -47.297  -24.709  -32.776 0.3000000119
57104  -38.222  -29.553  -30.648 0.5000000000
112059  -48.107  -23.805  -33.933 0.3000000119
57117  -37.869  -29.694  -31.431 0.5000000000
62481  -48.238  -23.162  -34.284 0.3000000119
58017  -37.754  -28.991  -32.533 0.4000000060
121913  -37.846  -29.161  -31.889 0.5000000000
114464  -42.238  -27.096  -28.744 0.3000000119
114283  -42.892  -27.110  -29.213 0.3000000119
59875  -43.312  -26.345  -29.300 0.3000000119
58888  -40.827  -27.445  -28.620 0.3000000119
57967  -41.290  -28.351  -28.665 0.3000000119
59876  -43.966  -26.315  -29.791 0.3000000119
59880  -44.465  -26.223  -30.331 0.3000000119
58887  -39.886  -27.691  -28.874 0.3000000119
61670  -45.580  -24.684  -31.268 0.3000000119
111483  -38.819  -27.609  -29.664 0.3000000119
119846  -39.327  -27.420  -29.273 0.3000000119
61689  -46.792  -24.176  -32.394 0.3000000119
106080  -47.304  -23.755  -32.771 0.3000000119
109428  -38.473  -27.828  -30.255 0.3000000119
57989  -38.366  -28.690  -30.453 0.4000000060
62467  -47.296  -22.909  -32.696 0.3000000119
62480  -47.806  -23.226  -33.415 0.3000000119
57118  -38.086  -28.943  -31.247 0.4000000060
110291  -37.962  -28.509  -31.960 0.4000000060
63282  -48.439  -22.420  -34.759 0.3000000119
63296  -48.735  -22.557  -35.701 0.3000000119
59855  -41.918  -26.434  -28.563 0.3000000119
113623  -41.601  -27.052  -28.583 0.3000000119
59874  -42.610  -26.390  -28.854 0.3000000119
60808  -43.714  -25.503  -29.500 0.3000000119
60809  -44.261  -25.718  -29.978 0.3000000119
60813  -44.678  -25.549  -30.467 0.3000000119
59854  -41.146  -26.536  -28.531 0.3000000119
114573  -44.638  -24.264  -30.313 0.3000000119
62433  -45.171  -23.941  -30.777 0.3000000119
114483  -45.697  -23.845  -31.324 0.3000000119
58908  -39.065  -26.861  -29.508 0.3000000119
59852  -39.674  -26.829  -28.953 0.3000000119
61671  -46.229  -24.172  -31.813 0.3000000119
63250  -47.254  -22.234  -32.635 0.3000000119
58004  -38.284  -28.032  -31.201 0.4000000060
63264  -47.709  -22.356  -33.123 0.3000000119
64085  -47.994  -21.643  -33.475 0.3000000119
58926  -38.246  -27.745  -32.160 0.4000000060
64086  -48.392  -21.626  -34.271 0.3000000119
64100  -48.602  -20.836  -34.652 0.3000000119
64116  -48.747  -21.608  -35.317 0.3000000119
64928  -49.622  -20.618  -36.147 0.3000000119
113496  -42.512  -24.940  -28.771 0.3000000119
113065  -43.181  -24.806  -29.198 0.3000000119
117684  -43.792  -24.691  -29.557 0.3000000119
113944  -44.340  -24.958  -30.005 0.3000000119
60789  -41.492  -25.782  -28.505 0.3000000119
61656  -44.154  -24.133  -29.836 0.3000000119
62432  -44.596  -23.497  -30.283 0.3000000119
60787  -39.873  -25.947  -28.737 0.3000000119
60788  -40.664  -25.851  -28.538 0.3000000119
62445  -45.481  -23.149  -31.054 0.3000000119
63249  -46.791  -22.508  -32.296 0.3000000119
59873  -39.279  -26.089  -29.234 0.3000000119
64026  -46.408  -22.055  -31.854 0.3000000119
64056  -46.907  -21.741  -32.334 0.3000000119
58915  -38.470  -27.186  -30.833 0.4000000060
120110  -38.425  -27.280  -31.611 0.4000000060
64057  -47.459  -21.634  -32.844 0.3000000119
64927  -49.085  -20.643  -35.415 0.3000000119
59905  -38.689  -26.913  -32.374 0.4000000060
106417  -49.490  -20.071  -35.745 0.3000000119
61655  -43.495  -24.041  -29.383 0.3000000119
61627  -42.090  -24.431  -28.623 0.3000000119
61654  -42.680  -24.037  -28.930 0.3000000119
63200  -44.932  -22.814  -30.584 0.3000000119
61626  -41.450  -24.394  -28.531 0.3000000119
63223  -45.953  -22.538  -31.445 0.3000000119
60806  -39.457  -25.162  -29.078 0.3000000119
64873  -47.132  -20.929  -32.490 0.3000000119
64901  -47.647  -20.868  -33.158 0.3000000119
108092  -48.021  -20.050  -33.375 0.3000000119
64902  -48.240  -20.844  -33.813 0.3000000119
106982  -48.535  -20.015  -34.234 0.3000000119
65716  -49.037  -19.768  -35.128 0.3000000119
59906  -39.172  -26.326  -32.898 0.3000000119
65717  -49.606  -19.393  -35.700 0.3000000119
65718  -50.218  -19.068  -36.128 0.3000000119
66566  -50.725  -18.334  -36.239 0.3000000119
112312  -41.887  -23.760  -28.599 0.3000000119
62415  -43.220  -23.230  -29.138 0.3000000119
62416  -43.935  -23.346  -29.655 0.3000000119
64001  -44.750  -21.985  -30.425 0.3000000119
64002  -45.404  -22.262  -30.932 0.3000000119
61625  -40.653  -24.370  -28.572 0.3000000119
109769  -41.097  -23.689  -28.486 0.3000000119
64025  -45.903  -21.689  -31.340 0.3000000119
113732  -46.491  -21.071  -31.817 0.3000000119
64861  -46.197  -20.095  -31.580 0.3000000119
114493  -46.816  -20.136  -32.149 0.3000000119
114480  -47.435  -20.091  -32.726 0.3000000119
65699  -48.634  -19.068  -34.508 0.3000000119
65700  -49.128  -18.875  -35.170 0.3000000119
66531  -48.763  -18.276  -34.632 0.3000000119
106860  -49.699  -18.646  -35.539 0.3000000119
66553  -49.735  -18.018  -35.366 0.3000000119
67359  -50.596  -17.595  -35.882 0.3000000119
67370  -51.117  -17.539  -36.448 0.3000000119
62388  -42.404  -23.068  -28.759 0.3000000119
63174  -42.994  -22.366  -28.884 0.3000000119
63978  -44.124  -21.809  -29.779 0.3000000119
63176  -44.335  -22.659  -30.036 0.3000000119
112075  -40.774  -23.059  -28.505 0.3000000119
62387  -41.530  -22.986  -28.548 0.3000000119
63976  -42.837  -21.646  -28.821 0.3000000119
63977  -43.443  -21.720  -29.223 0.3000000119
110901  -44.538  -20.984  -30.220 0.3000000119
64842  -45.184  -20.490  -30.719 0.3000000119
62386  -40.322  -23.609  -28.640 0.3000000119
62414  -39.082  -23.578  -29.597 0.3000000119
66515  -47.850  -18.453  -33.287 0.3000000119
65684  -48.208  -19.204  -33.680 0.3000000119
66516  -48.342  -18.392  -33.932 0.3000000119
67346  -49.498  -17.457  -35.063 0.3000000119
114639  -50.342  -16.962  -35.627 0.3000000119
114330  -42.396  -21.121  -28.719 0.3000000119
110866  -41.138  -21.677  -28.608 0.3000000119
63961  -41.590  -21.148  -28.627 0.3000000119
63960  -40.375  -21.796  -28.738 0.3000000119
63149  -40.064  -22.700  -28.737 0.3000000119
63150  -40.960  -22.360  -28.545 0.3000000119
63151  -42.005  -22.039  -28.639 0.3000000119
63173  -39.267  -22.741  -29.431 0.3000000119
123243  -39.635  -38.569  -30.962 0.5000000000
106572  -37.517  -37.078  -32.250 0.6999999881
50163  -38.607  -37.504  -30.787 0.5000000000
51102  -37.555  -36.319  -31.811 0.6000000238
103878  -37.177  -36.983  -40.498 0.6000000238
28034  -41.547  -61.741  -44.557 0.3000000119
29043  -41.248  -60.950  -44.269 0.3000000119
28035  -41.964  -60.956  -44.818 0.3000000119
29990  -41.860  -60.228  -44.387 0.3000000119
110273  -42.818  -58.765  -44.206 0.4000000060
32043  -43.391  -56.987  -43.717 0.4000000060
33029  -43.477  -55.886  -42.587 0.4000000060
33944  -43.657  -54.442  -41.388 0.4000000060
33015  -43.728  -54.903  -42.096 0.4000000060
34937  -43.399  -54.054  -40.619 0.4000000060
121812  -42.433  -52.059  -38.085 0.4000000060
31908  -42.600  -57.778  -32.996 0.3000000119
32893  -43.305  -56.949  -32.421 0.3000000119
107138  -43.968  -56.455  -32.435 0.3000000119
37642  -42.324  -50.995  -37.954 0.5000000000
34821  -45.801  -54.666  -33.792 0.3000000119
34832  -45.415  -53.967  -34.197 0.3000000119
110615  -41.512  -51.113  -38.270 0.5000000000
41441  -47.385  -47.601  -37.755 0.3000000119
42273  -46.936  -46.985  -37.727 0.3000000119
42300  -47.501  -46.723  -39.141 0.3000000119
38571  -38.985  -50.711  -37.914 0.6000000238
42294  -46.653  -45.861  -38.014 0.4000000060
38570  -38.322  -50.395  -38.702 0.6000000238
43138  -47.063  -45.188  -38.308 0.4000000060
44014  -47.742  -44.568  -39.534 0.4000000060
44893  -47.708  -43.409  -38.877 0.4000000060
44910  -48.088  -42.911  -39.778 0.4000000060
45819  -48.776  -41.177  -41.267 0.4000000060
42316  -33.501  -47.071  -40.511 0.5000000000
41496  -34.380  -47.272  -41.065 0.5000000000
39528  -38.587  -49.401  -40.962 0.6999999881
107277  -49.249  -40.807  -40.859 0.4000000060
107026  -39.486  -48.716  -41.526 0.6999999881
46634  -50.781  -41.498  -38.982 0.4000000060
113375  -35.457  -44.858  -42.621 0.6000000238
44066  -35.916  -44.852  -42.902 0.8000000119
41485  -41.762  -46.760  -41.752 0.8000000119
41484  -40.707  -47.382  -40.914 0.6999999881
108104  -41.962  -46.745  -42.758 0.8000000119
41497  -40.547  -47.962  -41.877 0.6999999881
47468  -51.356  -40.816  -38.294 0.4000000060
44055  -36.203  -44.307  -42.534 0.8000000119
43190  -41.319  -46.130  -42.852 0.8000000119
48370  -51.164  -39.511  -37.220 0.4000000060
44943  -36.289  -43.561  -42.165 0.6999999881
42327  -40.356  -46.792  -43.096 0.8000000119
44930  -36.629  -43.978  -41.657 0.6999999881
44045  -37.198  -44.912  -41.833 0.6999999881
42318  -39.344  -46.471  -42.557 0.8000000119
115583  -37.506  -45.385  -40.888 0.6999999881
49321  -51.121  -38.176  -36.374 0.3000000119
50216  -47.451  -37.199  -33.545 0.4000000060
50247  -48.963  -37.721  -35.040 0.4000000060
49298  -49.703  -38.057  -35.544 0.4000000060
49319  -50.212  -38.618  -35.956 0.3000000119
50217  -48.077  -37.039  -34.028 0.4000000060
50233  -48.472  -37.380  -34.494 0.4000000060
51985  -48.329  -35.517  -33.931 0.4000000060
115597  -48.724  -34.701  -34.147 0.5000000000
51122  -45.908  -36.447  -32.273 0.5000000000
52785  -46.382  -34.615  -32.650 0.4000000060
52795  -48.041  -34.634  -33.539 0.5000000000
123176  -49.608  -34.079  -34.960 0.4000000060
53622  -49.255  -33.398  -35.014 0.5000000000
51107  -45.208  -36.541  -31.793 0.5000000000
51953  -44.740  -35.853  -31.680 0.5000000000
52784  -45.429  -34.613  -32.275 0.4000000060
54486  -49.479  -32.892  -35.726 0.5000000000
54492  -49.069  -31.902  -36.003 0.5000000000
106090  -48.591  -31.281  -37.257 0.5000000000
55391  -48.200  -30.977  -38.234 0.5000000000
51187  -33.562  -36.244  -38.460 0.5000000000
57181  -47.503  -30.204  -38.563 0.5000000000
58083  -47.922  -28.812  -38.848 0.4000000060
52029  -34.919  -35.665  -39.239 0.6000000238
51202  -35.620  -36.192  -39.801 0.6000000238
52045  -37.116  -35.742  -40.254 0.6000000238
52042  -37.275  -34.972  -40.136 0.6000000238
52838  -38.180  -34.933  -39.534 0.6000000238
59016  -49.318  -27.122  -38.995 0.3000000119
60911  -50.338  -25.184  -40.237 0.3000000119
117224  -38.148  -34.765  -39.794 0.6000000238
116552  -38.038  -33.801  -38.676 0.6000000238
54491  -37.505  -32.513  -36.324 0.6000000238
113783  -37.519  -31.657  -36.175 0.6000000238
55372  -37.543  -31.012  -36.095 0.6000000238
56270  -37.470  -30.017  -34.792 0.6000000238
55361  -37.388  -30.774  -34.624 0.6000000238
56276  -37.488  -30.378  -35.620 0.6000000238
57138  -37.610  -29.558  -33.060 0.5000000000
58018  -38.036  -28.294  -32.755 0.4000000060
59919  -38.939  -26.832  -33.384 0.4000000060
67334  -48.516  -17.661  -34.135 0.3000000119
67345  -48.983  -17.565  -34.660 0.3000000119
68144  -50.331  -16.210  -35.745 0.3000000119
108079  -50.818  -16.805  -36.078 0.3000000119
63959  -39.624  -21.897  -29.124 0.3000000119
104656  -39.049  -21.907  -29.705 0.3000000119
113846  -49.046  -41.003  -41.231 0.4000000060
53623  -49.809  -33.738  -35.577 0.5000000000
28990  -40.045  -60.069  -40.997 0.3000000119
102671  -39.875  -59.289  -41.010 0.3000000119
106933  -41.954  -57.370  -41.763 0.4000000060
30962  -39.728  -58.694  -40.210 0.3000000119
29889  -41.303  -59.536  -36.605 0.3000000119
32979  -41.111  -55.690  -38.421 0.4000000060
31951  -38.686  -57.801  -35.546 0.3000000119
37624  -41.605  -50.489  -37.076 0.4000000060
34809  -42.814  -54.523  -32.757 0.3000000119
36709  -43.726  -52.249  -32.879 0.3000000119
38484  -45.396  -50.254  -33.567 0.3000000119
123601  -46.011  -49.130  -34.045 0.3000000119
36694  -41.543  -52.657  -32.397 0.3000000119
37565  -41.476  -51.375  -32.030 0.3000000119
37567  -43.226  -51.455  -32.374 0.3000000119
103363  -42.837  -50.729  -31.950 0.3000000119
40491  -47.645  -48.230  -37.400 0.3000000119
38468  -42.386  -50.013  -31.804 0.3000000119
40457  -38.575  -48.068  -36.145 0.6000000238
42295  -46.957  -46.532  -38.301 0.4000000060
40490  -38.410  -48.269  -37.784 0.6000000238
44004  -47.511  -44.348  -38.680 0.4000000060
41362  -40.768  -47.167  -32.197 0.4000000060
122006  -39.030  -46.127  -33.757 0.4000000060
43967  -46.165  -44.781  -36.034 0.4000000060
43093  -38.993  -45.325  -35.593 0.6000000238
42271  -39.204  -45.981  -37.706 0.6999999881
122308  -39.597  -47.185  -39.202 0.6999999881
107990  -42.585  -44.629  -33.285 0.4000000060
43112  -39.265  -45.238  -36.471 0.6000000238
108059  -47.487  -41.139  -39.720 0.4000000060
46664  -47.843  -39.933  -40.956 0.4000000060
47485  -48.688  -39.944  -40.563 0.4000000060
42303  -32.968  -46.339  -40.260 0.3000000119
43983  -39.903  -44.696  -36.771 0.6000000238
41479  -40.410  -47.061  -39.701 0.6999999881
40535  -39.659  -48.132  -40.634 0.6999999881
45730  -44.147  -42.489  -34.559 0.5000000000
42305  -41.321  -46.681  -40.360 0.6999999881
42306  -41.775  -46.107  -41.076 0.6999999881
44058  -42.070  -44.413  -42.759 0.6999999881
48382  -46.900  -38.832  -38.897 0.4000000060
106227  -41.844  -43.371  -38.486 0.6999999881
44933  -42.042  -42.885  -42.342 0.6000000238
44906  -40.021  -43.357  -39.761 0.6000000238
102897  -39.121  -45.860  -41.385 0.6999999881
43180  -39.977  -46.159  -42.222 0.6999999881
43179  -38.841  -46.139  -41.788 0.8000000119
43150  -38.052  -45.377  -39.907 0.6000000238
48358  -51.401  -38.754  -36.909 0.4000000060
48357  -50.707  -39.117  -36.585 0.3000000119
44029  -37.406  -45.210  -40.149 0.6999999881
43178  -37.916  -45.877  -41.516 0.8000000119
44010  -37.403  -44.847  -39.309 0.6999999881
48335  -47.640  -39.059  -36.619 0.3000000119
48336  -48.415  -39.258  -35.951 0.3000000119
47492  -34.736  -40.382  -41.319 0.6999999881
49277  -46.439  -38.324  -34.773 0.4000000060
49259  -44.557  -38.808  -33.350 0.5000000000
48364  -42.875  -38.734  -38.070 0.5000000000
49274  -42.849  -38.718  -35.468 0.5000000000
48397  -34.389  -38.925  -40.177 0.5000000000
44867  -36.927  -43.158  -36.944 0.6999999881
55363  -47.302  -31.500  -34.925 0.5000000000
54477  -47.177  -32.097  -34.117 0.4000000060
107722  -48.345  -33.836  -33.908 0.5000000000
50294  -34.023  -37.532  -38.627 0.5000000000
47420  -40.690  -40.392  -35.759 0.5000000000
51106  -44.379  -36.563  -31.511 0.5000000000
45745  -37.046  -42.264  -35.718 0.6999999881
52763  -44.553  -34.934  -31.806 0.4000000060
122211  -43.644  -36.193  -31.323 0.5000000000
107674  -36.182  -39.990  -37.090 0.6000000238
120093  -36.380  -39.285  -37.559 0.6000000238
50295  -34.656  -37.038  -39.176 0.5000000000
46570  -37.145  -41.294  -34.659 0.6000000238
47418  -36.413  -40.648  -35.656 0.6999999881
50230  -37.290  -37.392  -34.601 0.6000000238
50261  -37.145  -37.032  -36.936 0.6000000238
56287  -47.855  -30.692  -37.435 0.5000000000
51188  -34.373  -36.284  -38.841 0.5000000000
48264  -40.511  -39.757  -31.597 0.6000000238
51079  -41.404  -36.147  -30.356 0.5000000000
52739  -42.342  -34.667  -30.554 0.4000000060
47402  -36.727  -40.588  -34.739 0.6999999881
48314  -36.725  -39.541  -34.578 0.6999999881
120022  -37.444  -37.925  -32.812 0.6999999881
115337  -37.474  -38.914  -33.090 0.6999999881
50281  -37.254  -37.185  -38.861 0.6000000238
51134  -37.473  -36.741  -34.102 0.6000000238
51121  -37.516  -36.268  -32.690 0.6000000238
51982  -37.507  -35.622  -33.054 0.6000000238
105276  -38.051  -38.076  -31.430 0.5000000000
49223  -37.605  -37.811  -31.938 0.6000000238
57153  -46.220  -29.492  -34.595 0.4000000060
51075  -37.808  -36.157  -31.026 0.6999999881
51949  -37.567  -35.133  -31.645 0.6000000238
52010  -37.435  -35.626  -36.378 0.6000000238
52723  -40.270  -34.368  -29.553 0.6000000238
53559  -42.611  -33.380  -30.911 0.4000000060
51923  -38.273  -35.812  -30.382 0.6999999881
51907  -39.009  -35.410  -29.833 0.6000000238
51103  -37.869  -37.083  -31.393 0.6000000238
58075  -48.084  -28.038  -38.240 0.3000000119
54429  -42.668  -32.601  -30.407 0.5000000000
56240  -43.870  -29.915  -31.522 0.4000000060
57130  -45.130  -29.272  -32.752 0.4000000060
52736  -37.905  -34.585  -30.697 0.6000000238
58035  -47.186  -28.196  -34.114 0.3000000119
58973  -47.580  -27.632  -34.552 0.3000000119
53558  -38.363  -33.471  -30.203 0.6000000238
116942  -37.978  -33.061  -30.670 0.6000000238
58996  -48.178  -27.382  -36.816 0.3000000119
60910  -50.360  -25.502  -38.965 0.3000000119
53545  -38.880  -33.955  -29.814 0.6000000238
104511  -38.970  -33.149  -29.703 0.6000000238
53604  -37.269  -32.753  -33.587 0.6000000238
59956  -48.129  -26.954  -36.037 0.3000000119
55305  -42.958  -31.113  -29.715 0.6000000238
105926  -38.884  -31.850  -29.730 0.6000000238
102179  -47.661  -26.872  -34.168 0.3000000119
59942  -48.219  -26.250  -35.479 0.3000000119
55332  -37.550  -31.681  -31.542 0.6000000238
60885  -48.280  -25.934  -36.282 0.3000000119
110063  -42.432  -30.019  -28.938 0.5000000000
56210  -42.752  -30.570  -29.292 0.5000000000
55316  -38.334  -31.084  -30.204 0.5000000000
58910  -44.035  -27.909  -30.050 0.4000000060
59907  -46.460  -26.285  -32.434 0.3000000119
110963  -39.743  -29.659  -29.176 0.5000000000
106925  -47.710  -24.870  -33.416 0.3000000119
57080  -40.020  -29.098  -28.804 0.4000000060
57092  -39.244  -29.010  -29.270 0.4000000060
60814  -45.216  -25.512  -30.978 0.3000000119
57981  -39.246  -28.104  -29.286 0.3000000119
57980  -38.693  -28.422  -29.743 0.3000000119
110902  -47.760  -24.157  -33.354 0.3000000119
64117  -49.298  -21.261  -35.951 0.3000000119
60807  -42.961  -25.623  -28.973 0.3000000119
59853  -40.354  -26.630  -28.625 0.3000000119
62466  -46.660  -23.363  -32.239 0.3000000119
58907  -38.645  -27.013  -30.066 0.3000000119
63224  -46.377  -22.753  -31.891 0.3000000119
65729  -49.901  -19.878  -36.273 0.3000000119
105222  -40.220  -25.123  -28.659 0.3000000119
106078  -45.276  -21.372  -30.800 0.3000000119
61624  -39.885  -24.338  -28.822 0.3000000119
66554  -50.226  -18.241  -35.702 0.3000000119
64860  -45.780  -20.787  -31.230 0.3000000119
62385  -39.623  -23.533  -29.036 0.3000000119
66503  -47.311  -18.486  -32.711 0.3000000119
66532  -49.258  -18.143  -35.112 0.3000000119
68143  -49.793  -16.647  -35.218 0.3000000119
68157  -51.483  -16.567  -36.712 0.3000000119
107245  -43.776  -20.998  -29.563 0.3000000119
64819  -44.039  -20.194  -29.813 0.3000000119
63172  -38.865  -23.101  -29.956 0.3000000119
62431  -38.825  -23.008  -30.716 0.3000000119
33974  -43.590  -54.902  -43.062 0.4000000060
43189  -38.371  -46.238  -42.511 0.8000000119
51992  -49.047  -35.530  -34.483 0.4000000060
51983  -46.903  -35.477  -32.881 0.4000000060
115430  -50.813  -33.163  -40.758 0.3000000119
54512  -50.490  -32.778  -39.565 0.4000000060
53665  -50.825  -32.765  -41.235 0.3000000119
53630  -50.002  -33.322  -36.274 0.4000000060
54499  -49.750  -32.324  -37.577 0.4000000060
54493  -49.671  -32.535  -36.562 0.4000000060
55424  -50.452  -32.197  -41.179 0.3000000119
54511  -49.719  -32.212  -38.814 0.4000000060
54522  -49.624  -32.146  -40.051 0.3000000119
55392  -49.053  -31.573  -38.158 0.4000000060
55401  -48.335  -31.170  -39.805 0.3000000119
115637  -48.372  -31.200  -39.048 0.4000000060
56324  -48.755  -30.569  -40.344 0.3000000119
55414  -48.714  -31.114  -40.386 0.3000000119
56310  -47.883  -30.705  -39.125 0.4000000060
57202  -49.182  -29.702  -40.097 0.3000000119
57201  -48.260  -30.041  -39.803 0.3000000119
119306  -47.886  -29.579  -39.247 0.3000000119
52041  -36.113  -35.426  -39.868 0.5000000000
58090  -48.762  -28.986  -39.484 0.3000000119
112372  -35.249  -34.843  -39.276 0.5000000000
53653  -35.154  -33.596  -38.847 0.5000000000
52848  -36.231  -34.547  -39.622 0.5000000000
53654  -36.122  -33.803  -39.264 0.5000000000
52849  -38.088  -34.734  -39.998 0.5000000000
59024  -50.157  -27.779  -40.096 0.3000000119
53656  -37.820  -34.040  -39.466 0.5000000000
111662  -38.046  -33.084  -38.984 0.5000000000
54520  -37.724  -32.195  -39.199 0.5000000000
55400  -38.122  -31.255  -38.828 0.5000000000
54521  -38.029  -32.087  -38.971 0.5000000000
55390  -38.169  -31.416  -38.656 0.4000000060
55413  -38.057  -31.301  -39.064 0.5000000000
55412  -37.431  -31.335  -39.319 0.5000000000
114823  -38.019  -31.867  -37.981 0.5000000000
56309  -38.242  -30.814  -38.847 0.4000000060
55389  -37.987  -31.271  -37.883 0.5000000000
56322  -38.233  -30.669  -38.886 0.4000000060
107790  -38.283  -30.224  -38.865 0.4000000060
56284  -37.648  -30.432  -36.728 0.5000000000
113570  -38.261  -30.188  -38.479 0.4000000060
57170  -38.294  -29.014  -37.510 0.5000000000
57179  -38.295  -29.447  -38.439 0.4000000060
57169  -37.797  -29.635  -36.545 0.4000000060
58064  -38.671  -28.242  -37.303 0.3000000119
58054  -38.165  -28.824  -36.404 0.4000000060
57151  -37.636  -29.352  -34.519 0.4000000060
110078  -38.037  -28.582  -35.246 0.3000000119
58993  -39.095  -27.714  -37.151 0.3000000119
106021  -38.575  -28.094  -36.319 0.3000000119
58046  -38.327  -28.004  -34.554 0.3000000119
58045  -37.867  -28.683  -34.138 0.3000000119
58055  -38.517  -27.860  -35.469 0.3000000119
58982  -39.051  -27.367  -36.298 0.3000000119
58032  -38.180  -28.133  -33.606 0.3000000119
58971  -38.846  -27.341  -35.062 0.3000000119
58957  -38.618  -27.396  -34.002 0.3000000119
58945  -38.484  -27.570  -33.031 0.3000000119
58972  -39.405  -26.728  -35.745 0.3000000119
53667  -52.321  -33.507  -41.209 0.3000000119
54494  -50.228  -32.997  -37.051 0.4000000060
54518  -35.861  -32.953  -39.090 0.5000000000
54519  -36.794  -32.299  -39.343 0.4000000060
56321  -37.976  -30.585  -39.230 0.5000000000
51970  -45.358  -35.638  -32.022 0.4000000060
52794  -47.240  -34.590  -33.035 0.4000000060
110080  -37.922  -33.155  -38.122 0.5000000000
51971  -46.128  -35.519  -32.451 0.3000000119
55383  -49.260  -31.795  -36.961 0.4000000060
57190  -47.699  -30.240  -39.274 0.3000000119
53657  -38.033  -34.479  -39.673 0.5000000000
53644  -38.059  -34.244  -39.398 0.5000000000
54497  -37.762  -32.492  -37.492 0.5000000000
113624  -37.640  -31.821  -37.120 0.5000000000
55381  -37.603  -31.133  -36.940 0.5000000000
57160  -37.668  -29.439  -35.496 0.4000000060
114899  -37.656  -29.315  -33.750 0.3000000119
53666  -51.478  -33.170  -41.266 0.3000000119
53658  -50.626  -32.860  -41.098 0.3000000119
54500  -50.413  -32.813  -38.098 0.4000000060
54523  -50.251  -32.559  -40.719 0.3000000119
53624  -50.259  -34.078  -36.175 0.4000000060
55415  -49.050  -31.553  -40.251 0.3000000119
54531  -50.290  -32.361  -41.093 0.3000000119
55402  -48.985  -31.621  -39.416 0.4000000060
56323  -48.084  -30.722  -39.900 0.3000000119
58091  -49.700  -28.695  -40.011 0.3000000119
52836  -34.637  -34.255  -38.754 0.5000000000
52847  -35.463  -34.233  -39.128 0.5000000000
110538  -36.765  -33.276  -39.378 0.5000000000
53655  -37.219  -34.120  -39.602 0.5000000000
106767  -37.476  -33.210  -39.340 0.5000000000
116880  -37.898  -33.977  -39.332 0.5000000000
104137  -37.823  -33.153  -39.155 0.5000000000
54498  -38.063  -32.294  -38.479 0.5000000000
56294  -38.245  -30.759  -38.619 0.4000000060
54510  -38.098  -31.957  -38.853 0.4000000060
56293  -37.974  -30.608  -37.745 0.5000000000
121190  -50.421  -33.630  -36.709 0.4000000060
42337  -36.568  -46.272  -43.432 0.6999999881
43200  -37.788  -46.068  -43.242 0.6999999881
44068  -37.062  -45.415  -43.030 0.6999999881
43198  -36.226  -45.559  -43.173 0.6999999881
43188  -37.524  -45.529  -42.540 0.6999999881
44067  -36.483  -45.143  -42.954 0.6999999881
50234  -49.020  -37.003  -34.729 0.3000000119
50248  -49.549  -37.082  -35.199 0.3000000119
51148  -49.316  -36.311  -34.871 0.3000000119
51161  -49.938  -36.312  -35.477 0.3000000119
52002  -49.667  -35.512  -35.135 0.3000000119
44056  -36.825  -44.891  -42.630 0.6999999881
51137  -48.582  -36.441  -34.334 0.3000000119
52003  -50.281  -35.539  -35.790 0.3000000119
52819  -51.360  -35.011  -36.829 0.3000000119
44931  -36.624  -44.287  -42.258 0.6000000238
51136  -47.912  -36.336  -33.713 0.3000000119
52812  -50.563  -34.849  -36.234 0.3000000119
119532  -50.785  -34.214  -36.780 0.3000000119
52825  -51.360  -34.140  -37.533 0.3000000119
52811  -49.956  -34.651  -35.512 0.3000000119
106254  -51.083  -33.373  -38.469 0.3000000119
51135  -47.271  -36.311  -33.174 0.3000000119
53631  -50.740  -33.527  -37.398 0.3000000119
51984  -47.658  -35.477  -33.334 0.3000000119
42328  -41.242  -47.048  -43.342 0.6999999881
41499  -41.347  -47.291  -43.335 0.6999999881
42340  -40.456  -47.375  -43.885 0.6999999881
113755  -36.167  -46.880  -43.384 0.6999999881
41520  -39.327  -47.325  -43.912 0.6999999881
107071  -38.372  -46.781  -43.605 0.6999999881
43199  -36.907  -45.771  -43.283 0.6999999881
42336  -35.884  -46.225  -43.159 0.6999999881
42339  -39.114  -46.819  -43.316 0.6999999881
43187  -35.673  -45.482  -42.896 0.6999999881
50249  -50.272  -37.146  -35.657 0.3000000119
52011  -50.882  -35.548  -36.296 0.3000000119
52012  -51.348  -35.997  -36.662 0.3000000119
52826  -51.947  -34.812  -37.723 0.3000000119
53646  -51.781  -33.905  -38.593 0.3000000119
53645  -51.310  -33.392  -39.745 0.3000000119
35937  -41.639  -52.481  -39.954 0.4000000060
36793  -41.294  -52.090  -39.240 0.4000000060
111564  -42.611  -51.487  -39.024 0.4000000060
35936  -40.522  -53.087  -39.576 0.4000000060
37640  -40.228  -50.705  -37.660 0.5000000000
37657  -40.498  -51.254  -38.148 0.4000000060
36777  -40.878  -51.676  -38.637 0.4000000060
37670  -42.029  -51.264  -38.813 0.4000000060
36776  -39.661  -51.943  -38.511 0.5000000000
36792  -40.078  -52.610  -38.923 0.4000000060
35935  -39.343  -53.375  -39.417 0.4000000060
37656  -39.340  -51.338  -38.178 0.5000000000
36791  -38.683  -52.592  -38.949 0.5000000000
118890  -38.736  -51.828  -38.608 0.5000000000
37669  -38.016  -51.711  -39.133 0.5000000000
111443  -38.133  -53.241  -39.725 0.5000000000
35952  -37.677  -53.735  -40.556 0.5000000000
114040  -37.958  -50.794  -39.390 0.6000000238
37683  -37.632  -51.207  -40.134 0.5000000000
36808  -37.447  -52.713  -40.599 0.5000000000
36826  -37.077  -52.133  -41.589 0.6000000238
36839  -37.124  -51.736  -42.676 0.5000000000
38586  -38.145  -50.089  -39.512 0.6000000238
37682  -37.358  -51.704  -40.876 0.5000000000
106854  -36.907  -52.041  -43.398 0.5000000000
37725  -36.929  -51.326  -44.595 0.5000000000
37726  -37.349  -51.332  -44.376 0.5000000000
37713  -37.918  -50.908  -44.246 0.5000000000
38639  -37.533  -50.759  -44.516 0.5000000000
121129  -34.683  -49.433  -42.624 0.4000000060
40553  -35.388  -48.340  -42.927 0.5000000000
117618  -37.986  -50.213  -40.426 0.6000000238
38599  -37.691  -50.809  -41.262 0.5000000000
40560  -35.156  -49.250  -42.950 0.5000000000
40561  -35.867  -48.855  -43.525 0.5000000000
37697  -37.458  -51.348  -41.957 0.6000000238
37705  -38.069  -50.792  -43.596 0.6000000238
37704  -37.574  -51.170  -42.909 0.5000000000
38638  -36.878  -50.918  -44.667 0.5000000000
37712  -37.511  -51.454  -43.786 0.5000000000
39546  -34.166  -49.607  -42.414 0.4000000060
40552  -34.689  -48.942  -42.249 0.5000000000
39557  -33.761  -50.174  -42.932 0.4000000060
110766  -35.121  -48.067  -42.164 0.5000000000
38608  -37.981  -50.706  -42.465 0.6000000238
38614  -38.734  -50.066  -43.254 0.6000000238
38640  -38.070  -50.435  -44.401 0.5000000000
108686  -37.363  -50.222  -44.574 0.5000000000
40551  -33.749  -49.145  -41.794 0.4000000060
40540  -34.365  -48.252  -41.470 0.5000000000
41511  -35.547  -47.240  -42.862 0.5000000000
41517  -36.200  -47.814  -43.511 0.5000000000
39534  -39.662  -48.995  -42.615 0.6000000238
39533  -39.006  -49.339  -41.874 0.6000000238
40562  -36.704  -48.669  -44.007 0.5000000000
39560  -36.373  -49.408  -43.983 0.5000000000
39548  -39.571  -49.239  -43.463 0.6000000238
38627  -38.447  -50.329  -44.085 0.5000000000
39565  -37.092  -49.465  -44.450 0.5000000000
40568  -37.556  -48.720  -44.378 0.5000000000
115217  -37.971  -50.122  -44.587 0.5000000000
41510  -35.067  -47.315  -41.811 0.5000000000
106007  -36.817  -47.053  -43.725 0.5000000000
40541  -40.464  -48.389  -42.739 0.6000000238
41518  -37.132  -47.883  -44.000 0.5000000000
40554  -40.379  -48.654  -43.577 0.6000000238
40570  -39.041  -49.196  -44.245 0.5000000000
39566  -37.821  -49.530  -44.573 0.5000000000
40569  -38.525  -48.809  -44.399 0.5000000000
42326  -35.390  -46.333  -42.486 0.4000000060
42338  -37.465  -46.556  -43.642 0.6000000238
109399  -37.543  -47.293  -43.926 0.6000000238
40564  -40.713  -48.296  -44.116 0.6000000238
41527  -38.051  -47.956  -44.223 0.5000000000
41529  -40.242  -48.143  -44.344 0.6000000238
43186  -35.169  -45.483  -42.289 0.4000000060
42325  -34.842  -46.401  -41.644 0.4000000060
41519  -38.328  -47.264  -43.942 0.6000000238
41528  -39.246  -47.937  -44.280 0.5000000000
39559  -35.595  -49.767  -43.645 0.5000000000
39564  -36.446  -50.247  -44.336 0.5000000000
41495  -33.671  -47.883  -40.890 0.4000000060
37658  -42.122  -50.968  -38.149 0.4000000060
37655  -38.464  -51.197  -38.590 0.6000000238
41498  -41.498  -47.297  -42.433 0.6000000238
40542  -41.144  -47.774  -42.962 0.6000000238
41522  -41.125  -47.793  -43.993 0.6000000238
41521  -40.786  -47.794  -44.176 0.6000000238
40555  -41.052  -48.044  -43.645 0.6000000238
118935  -40.176  -47.685  -44.245 0.6000000238
36809  -37.711  -52.257  -39.815 0.5000000000
109888  -37.102  -53.000  -41.258 0.5000000000
38609  -38.450  -50.054  -41.814 0.6000000238
39567  -38.480  -49.890  -44.299 0.5000000000
39547  -39.080  -49.555  -42.630 0.6000000238
40563  -40.133  -48.917  -44.002 0.6000000238
40571  -39.959  -48.774  -44.214 0.6000000238
119782  -39.513  -48.578  -44.323 0.6000000238
103921  -47.470  -45.225  -39.072 0.3000000119
43147  -47.173  -45.940  -38.725 0.3000000119
119667  -47.670  -45.227  -39.803 0.3000000119
44035  -47.998  -44.709  -40.324 0.3000000119
43167  -47.860  -45.641  -40.537 0.3000000119
113104  -48.340  -44.820  -41.124 0.3000000119
44936  -49.510  -43.226  -41.986 0.3000000119
113197  -47.855  -43.864  -39.348 0.3000000119
44925  -48.872  -43.126  -41.322 0.3000000119
44935  -49.067  -43.336  -41.796 0.3000000119
45832  -49.936  -42.573  -41.728 0.3000000119
112419  -48.778  -42.160  -41.228 0.3000000119
45831  -49.232  -42.408  -41.493 0.3000000119
47470  -53.071  -40.022  -39.002 0.3000000119
110301  -52.345  -40.423  -38.558 0.3000000119
48386  -52.760  -39.507  -38.444 0.3000000119
48385  -51.928  -39.866  -37.812 0.3000000119
48371  -52.533  -39.022  -37.912 0.3000000119
108631  -51.964  -38.926  -37.380 0.3000000119
35953  -38.769  -53.962  -40.027 0.4000000060
43182  -48.989  -45.223  -42.299 0.3000000119
34933  -38.428  -54.479  -40.476 0.4000000060
44060  -49.545  -44.515  -42.625 0.3000000119
44049  -49.642  -43.787  -42.449 0.3000000119
45820  -49.424  -41.795  -41.323 0.3000000119
46667  -49.719  -41.705  -41.043 0.3000000119
46635  -51.879  -41.325  -38.917 0.3000000119
47469  -52.728  -40.878  -39.215 0.3000000119
46655  -53.148  -41.325  -39.831 0.3000000119
48401  -53.812  -39.860  -39.248 0.3000000119
48387  -53.481  -39.284  -38.809 0.3000000119
49341  -53.053  -38.671  -38.400 0.3000000119
44048  -49.033  -44.056  -42.214 0.3000000119
44937  -51.343  -43.053  -42.487 0.3000000119
119496  -31.456  -57.484  -47.107 0.4000000060
33069  -30.901  -56.702  -46.749 0.3000000119
33059  -31.198  -56.130  -46.198 0.3000000119
34003  -31.099  -55.339  -45.992 0.3000000119
107360  -35.806  -52.431  -44.695 0.4000000060
36004  -35.442  -53.140  -44.567 0.4000000060
36000  -35.563  -53.669  -43.807 0.4000000060
37733  -35.757  -51.773  -44.819 0.4000000060
37734  -36.401  -51.460  -44.621 0.4000000060
36852  -36.249  -51.845  -44.663 0.4000000060
36853  -36.836  -51.687  -44.472 0.4000000060
104938  -36.458  -52.220  -44.406 0.4000000060
36845  -36.480  -52.614  -43.577 0.4000000060
36001  -35.989  -53.318  -43.397 0.4000000060
35989  -36.234  -53.406  -42.540 0.4000000060
38624  -33.284  -50.631  -43.602 0.3000000119
38637  -35.942  -51.179  -44.555 0.4000000060
35990  -36.651  -52.597  -42.327 0.4000000060
36846  -37.027  -51.930  -44.153 0.4000000060
123311  -35.063  -50.163  -43.615 0.4000000060
36862  -35.488  -52.154  -44.987 0.4000000060
36005  -36.011  -52.893  -44.190 0.4000000060
122312  -43.704  -56.313  -44.317 0.3000000119
33043  -43.605  -55.841  -43.619 0.3000000119
34980  -43.608  -54.199  -42.523 0.3000000119
111849  -43.945  -54.017  -41.972 0.3000000119
34957  -43.626  -53.541  -41.437 0.3000000119
35991  -42.773  -53.188  -41.832 0.3000000119
34977  -41.646  -54.355  -42.567 0.3000000119
34956  -41.999  -53.761  -41.801 0.3000000119
109502  -40.763  -54.489  -41.632 0.3000000119
35956  -41.990  -52.730  -40.756 0.3000000119
34936  -41.357  -53.553  -41.153 0.3000000119
35955  -40.940  -53.430  -40.294 0.3000000119
34935  -40.332  -54.244  -40.710 0.3000000119
35954  -39.907  -53.926  -39.972 0.3000000119
29027  -40.686  -60.747  -42.440 0.3000000119
29989  -41.255  -60.258  -43.953 0.3000000119
30890  -42.418  -58.337  -33.667 0.3000000119
30906  -41.908  -58.660  -34.407 0.3000000119
30915  -38.982  -58.338  -35.462 0.3000000119
30935  -38.906  -58.633  -37.489 0.3000000119
31941  -39.111  -57.474  -34.494 0.3000000119
31959  -38.607  -57.677  -36.274 0.3000000119
31972  -38.587  -57.558  -36.988 0.3000000119
31981  -39.036  -57.794  -38.230 0.3000000119
31982  -39.620  -57.399  -38.844 0.4000000060
31997  -40.441  -57.549  -40.004 0.4000000060
32011  -40.171  -58.443  -41.023 0.4000000060
32027  -43.211  -56.829  -42.926 0.4000000060
32891  -41.784  -56.429  -32.616 0.3000000119
32892  -42.596  -56.669  -32.504 0.3000000119
32952  -38.597  -56.868  -36.375 0.3000000119
33834  -39.972  -54.914  -32.841 0.3000000119
33835  -40.810  -55.096  -32.715 0.3000000119
33836  -41.641  -55.582  -32.593 0.3000000119
33897  -38.600  -55.928  -36.122 0.3000000119
33898  -39.162  -55.284  -36.683 0.3000000119
34816  -38.624  -54.642  -34.069 0.3000000119
34817  -38.968  -54.575  -33.434 0.3000000119
34818  -43.341  -53.935  -33.097 0.3000000119
34820  -44.953  -54.429  -33.581 0.3000000119
34846  -38.721  -54.249  -35.514 0.3000000119
34978  -42.712  -53.683  -42.401 0.3000000119
35832  -39.859  -53.622  -32.902 0.3000000119
35844  -38.969  -53.381  -33.789 0.3000000119
36693  -40.902  -52.796  -32.437 0.3000000119
36720  -38.872  -53.035  -34.511 0.3000000119
36764  -42.503  -51.421  -38.330 0.4000000060
37641  -41.370  -50.808  -37.791 0.5000000000
37659  -42.435  -51.260  -38.490 0.4000000060
39407  -41.841  -49.368  -31.768 0.3000000119
39419  -41.094  -49.603  -31.954 0.3000000119
39475  -38.578  -49.064  -37.587 0.6000000238
39561  -39.208  -49.445  -43.970 0.6000000238
40423  -39.985  -48.278  -32.704 0.4000000060
40426  -43.779  -48.356  -32.438 0.4000000060
40448  -46.180  -48.619  -34.472 0.4000000060
40459  -46.590  -48.803  -35.128 0.3000000119
40510  -47.821  -48.065  -38.356 0.3000000119
41374  -44.586  -47.699  -33.229 0.4000000060
41439  -38.438  -47.203  -37.252 0.6999999881
41462  -38.638  -47.535  -38.124 0.6999999881
41463  -39.244  -46.985  -38.594 0.6999999881
41464  -47.349  -47.241  -38.398 0.3000000119
42194  -41.522  -46.712  -32.103 0.4000000060
42225  -45.347  -46.387  -34.886 0.4000000060
42242  -45.790  -46.353  -35.556 0.4000000060
42272  -46.638  -46.373  -37.683 0.4000000060
42341  -41.066  -47.581  -43.876 0.6999999881
43048  -40.468  -45.413  -32.885 0.4000000060
43065  -39.663  -45.539  -33.377 0.4000000060
43068  -43.921  -45.539  -33.607 0.4000000060
43094  -45.414  -45.688  -35.269 0.4000000060
43151  -41.271  -45.792  -39.103 0.6999999881
43153  -47.517  -45.906  -39.578 0.3000000119
43168  -48.368  -45.701  -41.551 0.3000000119
43181  -42.310  -45.106  -42.483 0.6999999881
44015  -48.167  -43.871  -40.054 0.4000000060
44033  -42.104  -44.585  -40.839 0.6999999881
44036  -48.491  -43.952  -40.834 0.3000000119
44047  -48.730  -43.997  -41.594 0.3000000119
44059  -42.290  -44.327  -42.507 0.6999999881
44061  -50.198  -44.069  -42.839 0.3000000119
44815  -42.206  -43.752  -33.596 0.5000000000
44833  -41.434  -43.660  -33.888 0.5000000000
44837  -45.208  -43.738  -34.717 0.4000000060
44911  -48.530  -42.954  -40.688 0.3000000119
44941  -35.424  -43.162  -42.226 0.6999999881
44944  -42.060  -43.620  -42.592 0.6999999881
45748  -44.569  -41.860  -34.955 0.4000000060
45770  -36.404  -42.863  -37.315 0.6999999881
45775  -46.981  -42.581  -36.798 0.4000000060
45789  -47.338  -41.966  -38.877 0.4000000060
45799  -33.453  -42.233  -38.892 0.5000000000
45804  -47.781  -41.861  -39.812 0.4000000060
45806  -50.906  -42.259  -40.656 0.3000000119
45829  -41.919  -42.313  -42.105 0.6000000238
46633  -49.664  -41.103  -39.513 0.4000000060
46650  -47.555  -40.227  -40.173 0.4000000060
46665  -48.145  -40.322  -41.133 0.4000000060
47403  -37.354  -40.917  -34.108 0.6000000238
47448  -46.539  -39.511  -38.413 0.4000000060
47463  -46.991  -39.518  -39.085 0.4000000060
47464  -47.449  -39.532  -39.730 0.4000000060
47465  -48.339  -39.583  -39.426 0.4000000060
47466  -49.184  -40.267  -39.149 0.4000000060
47483  -47.844  -39.542  -40.543 0.4000000060
47486  -53.493  -40.581  -39.487 0.3000000119
47494  -48.102  -39.659  -41.096 0.4000000060
48286  -41.691  -39.876  -32.215 0.6000000238
48287  -42.411  -39.642  -32.417 0.5000000000
48298  -37.430  -39.672  -33.388 0.6999999881
49224  -38.456  -38.934  -31.563 0.6000000238
49226  -40.834  -39.030  -31.215 0.5000000000
49227  -41.620  -38.866  -31.280 0.5000000000
49261  -46.290  -38.156  -33.772 0.5000000000
49290  -36.648  -38.879  -35.186 0.6000000238
49328  -42.718  -38.324  -37.499 0.5000000000
49355  -37.262  -38.114  -40.290 0.6999999881
49361  -35.805  -38.503  -41.088 0.6999999881
50167  -42.323  -37.794  -30.944 0.5000000000
50186  -43.580  -37.817  -31.369 0.5000000000
50213  -37.393  -37.567  -33.755 0.6000000238
51080  -42.099  -36.878  -30.656 0.5000000000
51123  -46.614  -36.336  -32.713 0.4000000060
51207  -36.880  -36.506  -40.488 0.6000000238
52043  -38.073  -35.258  -40.022 0.6000000238
52721  -38.756  -34.634  -29.900 0.6000000238
52722  -39.411  -34.551  -29.647 0.6000000238
52738  -41.631  -34.820  -29.976 0.5000000000
52802  -49.404  -34.729  -34.732 0.4000000060
53548  -41.528  -33.435  -29.598 0.5000000000
53660  -52.414  -33.799  -40.839 0.3000000119
54414  -42.317  -32.339  -29.742 0.5000000000
54447  -42.890  -32.000  -32.145 0.4000000060
55354  -45.236  -31.736  -34.188 0.4000000060
56271  -44.764  -30.919  -34.770 0.4000000060
56296  -47.701  -30.498  -38.286 0.5000000000
57082  -41.638  -28.992  -28.767 0.4000000060
57095  -42.327  -29.273  -28.881 0.4000000060
57178  -38.040  -29.867  -37.635 0.4000000060
57983  -43.590  -28.760  -29.681 0.4000000060
57991  -44.359  -28.241  -30.844 0.4000000060
58006  -44.640  -28.527  -31.541 0.4000000060
58020  -45.575  -28.435  -32.497 0.4000000060
58031  -37.773  -28.813  -33.292 0.4000000060
58889  -41.786  -27.719  -28.645 0.3000000119
58958  -46.899  -27.784  -33.442 0.3000000119
58959  -47.363  -27.498  -33.900 0.3000000119
59908  -47.124  -26.303  -32.926 0.3000000119
59920  -39.539  -26.210  -33.657 0.3000000119
59981  -49.199  -26.452  -38.356 0.3000000119
59982  -49.895  -26.292  -38.891 0.3000000119
60790  -42.251  -25.709  -28.632 0.3000000119
60853  -40.142  -25.600  -34.032 0.3000000119
60906  -49.047  -25.914  -37.900 0.3000000119
61663  -44.934  -24.815  -30.649 0.3000000119
61708  -48.315  -23.882  -34.671 0.3000000119
62446  -46.073  -23.301  -31.622 0.3000000119
63175  -43.696  -22.519  -29.421 0.3000000119
63199  -38.853  -22.534  -30.024 0.3000000119
63265  -48.168  -22.417  -33.841 0.3000000119
65683  -47.670  -19.260  -33.011 0.3000000119
67358  -50.045  -17.504  -35.444 0.3000000119
103211  -41.922  -52.112  -32.214 0.3000000119
104586  -42.784  -52.197  -32.458 0.3000000119
105065  -37.834  -33.831  -30.839 0.6000000238
105973  -41.552  -47.629  -31.886 0.3000000119
106002  -38.757  -58.187  -36.070 0.3000000119
106013  -38.601  -57.223  -35.009 0.3000000119
106456  -33.240  -37.850  -38.411 0.5000000000
106543  -39.320  -59.119  -37.835 0.3000000119
106547  -42.141  -45.495  -42.772 0.6999999881
106775  -39.945  -37.040  -30.191 0.5000000000
109844  -41.050  -25.094  -28.532 0.3000000119
110015  -37.384  -36.676  -40.123 0.6000000238
110155  -38.453  -45.854  -41.097 0.6000000238
110808  -48.669  -44.756  -41.792 0.3000000119
110973  -38.352  -49.569  -44.461 0.5000000000
111983  -50.726  -42.726  -41.975 0.3000000119
111990  -42.775  -46.966  -32.282 0.4000000060
112761  -46.618  -24.864  -32.222 0.3000000119
112853  -41.832  -25.057  -28.545 0.3000000119
113324  -38.868  -54.055  -33.737 0.3000000119
113660  -42.732  -34.070  -31.206 0.4000000060
113932  -48.752  -17.057  -34.241 0.3000000119
114169  -38.512  -54.931  -35.082 0.3000000119
114587  -46.453  -44.379  -36.407 0.4000000060
114592  -37.341  -38.334  -33.561 0.6999999881
115333  -40.276  -41.057  -33.533 0.5000000000
115460  -50.348  -43.294  -42.316 0.3000000119
118744  -41.650  -45.983  -32.307 0.4000000060
119978  -50.989  -33.185  -41.179 0.3000000119
120089  -36.925  -37.573  -36.344 0.6000000238
120933  -40.154  -27.156  -28.705 0.3000000119
121213  -43.727  -30.843  -33.454 0.4000000060
121483  -41.127  -54.850  -42.942 0.3000000119
121593  -46.314  -32.952  -33.044 0.4000000060
121721  -49.780  -38.543  -35.747 0.3000000119
121953  -45.062  -23.349  -30.676 0.3000000119
122284  -36.463  -41.188  -35.910 0.6999999881
122299  -48.836  -31.529  -36.584 0.5000000000
122355  -37.436  -33.165  -31.987 0.6000000238
123081  -48.522  -39.708  -40.011 0.4000000060
123112  -48.788  -20.314  -34.867 0.3000000119
