#!ascii label  , from subject sub-003 vox2ras=TkReg
367
27061  -34.643  -62.172  -44.479 0.6999999881
28045  -33.983  -61.775  -45.172 0.6000000238
110629  -34.690  -62.041  -45.420 0.6000000238
27073  -35.229  -62.115  -46.311 0.4000000060
26997  -32.232  -62.788  -39.367 0.6999999881
27008  -32.243  -61.942  -39.724 0.6999999881
25962  -32.705  -63.626  -39.751 0.6999999881
118389  -33.204  -63.198  -40.497 0.6999999881
27969  -32.524  -61.766  -40.531 0.6000000238
27021  -33.053  -62.326  -40.870 0.6000000238
26000  -33.856  -63.571  -41.580 0.6000000238
27029  -33.171  -62.140  -41.715 0.6000000238
28001  -32.538  -61.601  -42.227 0.5000000000
28002  -33.114  -61.989  -42.546 0.5000000000
115437  -32.423  -61.620  -43.028 0.5000000000
28018  -33.098  -61.827  -43.303 0.6000000238
27040  -34.024  -62.042  -43.595 0.6000000238
105818  -33.189  -61.606  -44.078 0.6000000238
27060  -33.207  -61.571  -44.910 0.6000000238
28044  -33.390  -61.475  -45.724 0.6000000238
26996  -31.758  -62.131  -38.988 0.6000000238
27961  -31.694  -61.189  -39.509 0.6000000238
117389  -32.093  -61.262  -40.240 0.6000000238
105747  -32.053  -61.105  -41.030 0.6000000238
29010  -31.531  -60.404  -41.544 0.6000000238
27986  -32.590  -61.633  -41.378 0.6000000238
29026  -31.499  -60.575  -42.492 0.6000000238
28000  -31.885  -61.211  -42.763 0.6000000238
115571  -31.912  -61.251  -43.425 0.6999999881
28016  -31.699  -61.035  -44.171 0.6000000238
28033  -32.438  -61.400  -44.586 0.6000000238
107573  -34.221  -61.710  -46.025 0.5000000000
27955  -31.276  -61.503  -38.606 0.6000000238
105127  -31.423  -60.288  -39.857 0.6000000238
106225  -31.298  -59.983  -40.763 0.6000000238
29960  -31.459  -59.537  -41.557 0.6000000238
29970  -31.377  -59.832  -42.368 0.6000000238
27985  -31.964  -61.099  -41.924 0.6000000238
29025  -31.132  -60.135  -42.952 0.6000000238
29033  -31.390  -60.676  -43.351 0.6999999881
28043  -32.586  -61.303  -45.414 0.6000000238
28053  -34.453  -61.570  -46.937 0.4000000060
113841  -30.909  -60.904  -38.142 0.6000000238
28976  -31.225  -60.639  -38.953 0.6000000238
29948  -31.423  -59.509  -40.079 0.6000000238
30969  -31.661  -58.674  -41.387 0.5000000000
30983  -31.477  -58.901  -42.338 0.6000000238
29969  -31.021  -59.346  -43.180 0.6999999881
29041  -30.973  -60.286  -44.187 0.6000000238
29042  -31.351  -60.628  -44.794 0.6000000238
28032  -31.835  -61.107  -45.093 0.6000000238
29051  -32.120  -60.818  -45.872 0.6000000238
29060  -32.873  -61.044  -46.209 0.6000000238
28060  -33.956  -60.957  -47.468 0.4000000060
28052  -33.658  -61.283  -46.572 0.5000000000
28948  -30.564  -60.259  -37.924 0.5000000000
29921  -31.051  -59.357  -38.679 0.6000000238
29939  -31.166  -59.825  -39.271 0.6000000238
104726  -31.477  -59.299  -40.836 0.5000000000
32010  -31.963  -57.775  -41.135 0.5000000000
32023  -31.658  -57.934  -42.111 0.6000000238
121219  -31.110  -57.168  -43.208 0.6000000238
30982  -31.135  -58.018  -43.196 0.6999999881
30993  -30.523  -58.702  -43.896 0.6999999881
29032  -30.891  -60.071  -43.487 0.6999999881
29978  -30.163  -58.903  -44.582 0.6000000238
29988  -30.531  -59.544  -44.727 0.6000000238
29049  -30.939  -60.067  -45.079 0.6000000238
29050  -31.478  -60.476  -45.511 0.6000000238
117863  -32.470  -60.372  -46.674 0.5000000000
29061  -33.224  -60.634  -47.041 0.4000000060
29920  -30.779  -59.646  -38.162 0.6000000238
103654  -31.580  -58.366  -39.345 0.6000000238
107285  -31.338  -59.021  -39.395 0.5000000000
30957  -31.719  -58.521  -40.264 0.6000000238
117626  -31.899  -56.589  -41.618 0.5000000000
107242  -31.840  -57.096  -41.788 0.5000000000
32022  -31.446  -57.154  -42.648 0.5000000000
115100  -30.435  -57.109  -43.671 0.5000000000
33036  -29.347  -56.438  -44.128 0.5000000000
112114  -30.325  -57.921  -43.925 0.6000000238
30992  -29.791  -58.232  -44.461 0.6999999881
32050  -28.612  -57.083  -44.826 0.4000000060
30999  -29.404  -58.368  -45.126 0.5000000000
29987  -29.922  -58.924  -45.298 0.6000000238
31004  -29.168  -58.425  -45.819 0.5000000000
31009  -29.229  -58.341  -46.522 0.5000000000
29996  -31.071  -59.812  -45.921 0.6000000238
29069  -32.900  -59.764  -47.483 0.5000000000
29994  -29.843  -58.851  -46.068 0.6000000238
29999  -31.362  -59.351  -46.742 0.6000000238
30000  -32.092  -59.553  -47.177 0.6000000238
30945  -31.297  -58.626  -38.714 0.5000000000
31994  -31.876  -57.875  -39.611 0.5000000000
32002  -32.064  -57.491  -40.254 0.5000000000
33002  -32.047  -56.829  -41.010 0.4000000060
33023  -31.633  -56.350  -42.251 0.4000000060
33022  -31.074  -56.438  -43.150 0.5000000000
33987  -30.529  -55.617  -43.242 0.5000000000
33984  -28.082  -55.176  -44.364 0.4000000060
118783  -28.141  -56.118  -44.748 0.4000000060
122476  -28.258  -57.490  -45.393 0.5000000000
33050  -27.746  -56.923  -45.490 0.5000000000
32061  -27.896  -57.464  -45.883 0.5000000000
31008  -28.489  -57.967  -46.219 0.5000000000
31019  -31.420  -58.170  -47.450 0.5000000000
30006  -31.796  -58.736  -47.478 0.5000000000
105503  -30.624  -59.110  -46.346 0.6000000238
33966  -31.180  -55.646  -42.692 0.4000000060
112844  -30.647  -55.121  -42.813 0.5000000000
34993  -29.013  -54.801  -43.442 0.5000000000
33058  -27.296  -56.844  -46.067 0.5000000000
31018  -30.356  -58.082  -47.253 0.5000000000
104373  -31.763  -57.952  -47.523 0.3000000119
33057  -27.304  -56.044  -46.067 0.5000000000
31016  -28.824  -57.848  -46.859 0.5000000000
34994  -30.018  -54.904  -43.205 0.4000000060
33985  -28.704  -55.444  -44.035 0.4000000060
34971  -28.270  -54.135  -43.057 0.4000000060
111059  -27.459  -53.915  -44.002 0.4000000060
34992  -28.137  -54.669  -43.723 0.4000000060
35003  -27.686  -54.559  -44.787 0.4000000060
35010  -27.697  -54.946  -45.490 0.5000000000
33075  -30.621  -57.154  -47.188 0.4000000060
32073  -30.993  -57.728  -47.341 0.4000000060
33066  -27.884  -56.467  -46.709 0.5000000000
32085  -30.239  -57.565  -47.327 0.5000000000
34010  -27.750  -55.627  -46.322 0.5000000000
32072  -28.751  -57.193  -47.139 0.5000000000
32084  -29.509  -57.682  -47.234 0.5000000000
116990  -27.387  -53.357  -43.985 0.4000000060
36006  -27.731  -54.149  -45.121 0.4000000060
33068  -30.180  -56.465  -47.096 0.4000000060
33074  -29.725  -57.079  -47.367 0.5000000000
35021  -27.805  -55.138  -45.946 0.5000000000
34011  -28.719  -55.673  -46.718 0.5000000000
36002  -27.474  -53.695  -44.482 0.4000000060
103833  -29.825  -55.751  -46.780 0.4000000060
34013  -30.636  -55.922  -46.544 0.3000000119
35011  -28.131  -54.598  -45.659 0.5000000000
35022  -28.459  -55.056  -46.165 0.5000000000
33067  -29.136  -56.403  -47.217 0.5000000000
36848  -27.462  -52.984  -44.278 0.4000000060
34012  -30.464  -55.194  -46.218 0.3000000119
36854  -27.822  -53.354  -44.890 0.4000000060
35023  -29.546  -54.987  -46.232 0.5000000000
36007  -28.413  -53.853  -45.398 0.4000000060
35012  -28.957  -54.404  -45.826 0.5000000000
36844  -27.690  -52.247  -43.881 0.4000000060
35013  -30.305  -54.571  -45.904 0.3000000119
35014  -31.045  -54.463  -45.762 0.3000000119
36849  -28.061  -52.628  -44.617 0.4000000060
103321  -29.751  -54.299  -45.818 0.4000000060
36855  -28.668  -53.068  -45.244 0.4000000060
36008  -29.319  -53.677  -45.610 0.4000000060
37710  -27.972  -51.427  -43.563 0.5000000000
36009  -30.359  -53.762  -45.658 0.3000000119
36010  -31.358  -53.492  -45.581 0.4000000060
104400  -31.892  -53.948  -45.559 0.4000000060
37717  -28.489  -51.894  -44.246 0.4000000060
36856  -29.731  -52.957  -45.389 0.5000000000
36857  -30.749  -52.861  -45.428 0.4000000060
36850  -29.111  -52.381  -44.861 0.5000000000
36851  -30.152  -52.255  -45.002 0.5000000000
37728  -31.107  -52.137  -45.064 0.4000000060
36858  -31.670  -52.677  -45.445 0.4000000060
107014  -32.223  -53.179  -45.544 0.3000000119
37711  -28.958  -51.143  -43.923 0.5000000000
37720  -31.492  -51.504  -44.610 0.4000000060
37721  -32.391  -51.513  -44.703 0.3000000119
39552  -28.867  -49.781  -43.284 0.5000000000
38632  -30.983  -50.923  -44.062 0.4000000060
37729  -31.978  -51.992  -45.190 0.4000000060
37730  -32.726  -51.944  -45.168 0.3000000119
38619  -28.369  -50.601  -43.414 0.5000000000
37718  -29.553  -51.684  -44.448 0.5000000000
37719  -30.565  -51.573  -44.538 0.5000000000
38620  -29.440  -50.383  -43.682 0.5000000000
38622  -31.344  -50.257  -43.692 0.4000000060
38633  -31.890  -50.916  -44.133 0.4000000060
39540  -28.310  -49.253  -42.736 0.5000000000
39553  -29.893  -49.578  -43.522 0.5000000000
38621  -30.445  -50.282  -43.725 0.5000000000
38631  -30.028  -51.028  -43.978 0.5000000000
38623  -32.242  -50.417  -43.630 0.4000000060
40546  -28.718  -48.474  -42.551 0.5000000000
39542  -30.313  -48.942  -43.167 0.5000000000
38634  -32.854  -51.096  -44.142 0.3000000119
39541  -29.352  -49.006  -43.071 0.5000000000
40547  -29.780  -48.273  -42.640 0.5000000000
117982  -33.816  -61.795  -44.439 0.6000000238
29059  -31.724  -60.136  -46.335 0.6000000238
29979  -30.624  -59.547  -43.970 0.6999999881
32051  -28.980  -57.798  -44.970 0.5000000000
29995  -30.475  -59.409  -45.533 0.6000000238
33037  -30.275  -56.213  -43.620 0.5000000000
33986  -29.694  -55.534  -43.676 0.5000000000
32037  -29.548  -57.475  -44.306 0.4000000060
31017  -29.504  -58.134  -47.031 0.5000000000
31011  -30.964  -58.610  -47.033 0.5000000000
34991  -27.770  -54.557  -44.181 0.4000000060
33049  -27.450  -56.194  -45.545 0.5000000000
36859  -32.504  -52.477  -45.385 0.3000000119
19908  -31.361  -69.402  -46.777 0.5000000000
19910  -33.236  -69.588  -46.926 0.5000000000
19909  -32.265  -69.530  -46.812 0.5000000000
22073  -35.502  -68.196  -47.196 0.5000000000
112950  -34.878  -68.797  -47.450 0.5000000000
20983  -34.145  -69.308  -47.298 0.4000000060
20946  -32.493  -68.770  -45.341 0.5000000000
20965  -33.876  -69.013  -46.337 0.6000000238
20964  -32.919  -69.230  -46.074 0.6000000238
20966  -34.718  -68.643  -46.698 0.5000000000
23140  -36.853  -67.141  -46.816 0.4000000060
22014  -30.616  -67.984  -44.321 0.6999999881
22015  -31.531  -68.013  -44.186 0.6999999881
20927  -32.944  -68.208  -44.736 0.6999999881
22038  -34.232  -67.874  -45.258 0.5000000000
22017  -33.707  -67.746  -44.801 0.6999999881
22059  -36.020  -67.549  -46.561 0.5000000000
22058  -35.245  -67.972  -46.230 0.5000000000
20948  -34.463  -68.315  -45.871 0.5000000000
23127  -37.436  -66.320  -46.137 0.5000000000
23073  -29.619  -67.003  -43.476 0.5000000000
23074  -30.483  -67.044  -43.230 0.6999999881
21998  -30.107  -67.581  -43.821 0.6999999881
21999  -30.998  -67.616  -43.639 0.6999999881
20926  -32.015  -68.362  -44.759 0.6000000238
22018  -34.437  -67.292  -44.836 0.6999999881
103938  -36.023  -66.671  -45.380 0.5000000000
22039  -34.891  -67.607  -45.473 0.6000000238
23110  -35.293  -66.874  -44.973 0.6000000238
23126  -36.466  -66.883  -45.977 0.5000000000
24126  -37.823  -65.515  -45.715 0.5000000000
23058  -30.021  -66.580  -42.806 0.5000000000
23059  -30.825  -66.609  -42.567 0.6999999881
22000  -32.012  -67.507  -43.501 0.6999999881
118134  -32.059  -67.026  -42.846 0.6999999881
23061  -32.502  -66.555  -42.396 0.6999999881
109376  -33.184  -67.638  -44.377 0.8000000119
23077  -33.524  -66.647  -43.496 0.6999999881
23093  -35.291  -66.148  -44.531 0.6000000238
23092  -34.644  -66.559  -44.425 0.6999999881
24125  -35.979  -66.118  -44.891 0.6999999881
105196  -37.250  -65.658  -45.471 0.6000000238
23111  -36.674  -66.191  -45.409 0.6000000238
25073  -37.504  -64.869  -45.434 0.6000000238
104147  -28.818  -66.192  -42.359 0.5000000000
24048  -30.193  -65.854  -41.540 0.6000000238
24069  -29.636  -66.222  -42.245 0.5000000000
23052  -31.088  -66.197  -41.760 0.6000000238
23060  -31.649  -66.594  -42.391 0.6999999881
24071  -33.017  -66.010  -41.851 0.6999999881
23053  -32.083  -66.121  -41.780 0.6000000238
23076  -32.756  -67.004  -43.073 0.6999999881
23062  -33.308  -66.345  -42.640 0.6999999881
23078  -34.256  -66.233  -43.843 0.6999999881
25056  -36.189  -64.710  -44.648 0.6999999881
25072  -36.712  -64.393  -45.149 0.6999999881
24112  -36.598  -65.340  -45.040 0.6999999881
114530  -29.705  -65.400  -41.100 0.5000000000
24031  -31.254  -65.243  -40.614 0.6000000238
24049  -31.659  -65.665  -41.188 0.6000000238
24050  -32.551  -65.513  -41.263 0.6000000238
24092  -34.016  -65.895  -43.074 0.8000000119
24073  -34.424  -65.012  -42.728 0.5000000000
24051  -33.342  -65.167  -41.504 0.6000000238
25046  -35.041  -64.430  -43.291 0.6999999881
26030  -36.136  -63.917  -44.748 0.6999999881
25047  -35.640  -64.372  -44.109 0.6999999881
26061  -37.187  -63.306  -45.847 0.5000000000
26047  -36.601  -63.441  -45.412 0.6999999881
27075  -36.676  -62.872  -46.166 0.5000000000
24029  -28.963  -65.360  -40.985 0.5000000000
24994  -29.687  -64.802  -40.465 0.5000000000
24995  -30.737  -64.784  -40.108 0.6000000238
24030  -30.415  -65.277  -40.837 0.6000000238
24996  -31.693  -64.737  -39.982 0.6000000238
24032  -32.132  -65.119  -40.616 0.6000000238
25014  -32.930  -64.820  -40.794 0.6000000238
25974  -33.136  -64.063  -40.467 0.6000000238
25030  -34.632  -64.178  -42.581 0.6000000238
26001  -34.359  -63.471  -42.266 0.5000000000
26013  -35.350  -63.492  -43.685 0.6000000238
26012  -34.857  -63.442  -42.975 0.6000000238
26029  -35.727  -63.507  -44.309 0.6000000238
27062  -35.409  -62.811  -44.269 0.6000000238
24979  -30.141  -64.248  -39.655 0.6000000238
24981  -32.085  -64.203  -39.579 0.6000000238
27022  -33.500  -62.894  -41.262 0.5000000000
27030  -34.355  -62.668  -42.836 0.4000000060
112998  -33.781  -62.664  -42.121 0.5000000000
116752  -29.293  -64.210  -39.939 0.5000000000
115555  -31.199  -63.537  -38.902 0.6000000238
24980  -31.186  -64.197  -39.383 0.6000000238
105164  -33.703  -62.184  -42.843 0.4000000060
24978  -28.639  -63.850  -39.758 0.5000000000
25959  -29.468  -63.605  -39.300 0.5000000000
25949  -30.825  -63.022  -38.580 0.6000000238
25950  -31.565  -62.917  -38.829 0.6000000238
25973  -27.811  -64.069  -39.980 0.5000000000
116346  -28.709  -63.298  -39.293 0.5000000000
25948  -29.980  -63.018  -38.669 0.6000000238
25957  -27.170  -63.403  -39.719 0.5000000000
25958  -28.050  -63.350  -39.515 0.5000000000
25947  -29.111  -62.904  -38.821 0.5000000000
26982  -30.386  -62.348  -38.363 0.6000000238
26983  -31.147  -62.291  -38.495 0.6000000238
115158  -27.672  -62.715  -39.266 0.5000000000
26980  -28.722  -62.209  -38.466 0.5000000000
26994  -27.499  -61.981  -39.026 0.5000000000
27954  -30.706  -61.636  -38.178 0.5000000000
117730  -28.045  -62.283  -38.815 0.5000000000
27953  -30.005  -61.693  -38.026 0.5000000000
26979  -28.072  -61.599  -38.453 0.5000000000
107555  -29.306  -61.770  -38.111 0.5000000000
27960  -27.438  -61.320  -38.831 0.5000000000
27952  -28.796  -61.523  -38.079 0.5000000000
27946  -29.443  -61.041  -37.754 0.4000000060
27947  -30.317  -60.986  -37.817 0.4000000060
28960  -28.445  -60.893  -37.912 0.4000000060
121371  -28.889  -60.049  -37.544 0.4000000060
29902  -30.389  -59.504  -37.828 0.4000000060
27041  -34.876  -62.673  -43.567 0.6000000238
102173  -35.378  -62.463  -45.130 0.5000000000
108766  -36.169  -62.450  -46.602 0.4000000060
25015  -33.461  -64.319  -41.217 0.6000000238
30944  -30.891  -59.000  -38.147 0.4000000060
22001  -32.964  -67.356  -43.800 0.6999999881
24093  -34.680  -65.426  -43.475 0.6999999881
24111  -35.730  -65.363  -44.412 0.6999999881
24110  -34.952  -65.792  -44.095 0.6999999881
24072  -33.740  -65.528  -42.255 0.6000000238
24094  -35.251  -65.084  -43.830 0.6999999881
26046  -35.949  -63.073  -44.868 0.6000000238
27074  -36.024  -62.721  -45.724 0.6000000238
19897  -31.921  -69.315  -46.019 0.5000000000
20947  -33.562  -68.476  -45.419 0.5000000000
20984  -34.586  -69.114  -48.075 0.5000000000
22002  -33.779  -67.006  -44.292 0.6999999881
22016  -32.449  -67.858  -44.235 0.6999999881
22040  -35.640  -67.270  -45.768 0.5000000000
23075  -31.341  -67.044  -43.044 0.6999999881
24047  -29.291  -65.825  -41.632 0.5000000000
24070  -30.351  -66.294  -42.180 0.5000000000
24993  -28.551  -64.648  -40.386 0.5000000000
24997  -32.574  -64.515  -40.060 0.6000000238
25029  -34.070  -64.500  -41.942 0.5000000000
25960  -30.478  -63.660  -38.992 0.6000000238
25961  -31.862  -63.580  -39.243 0.6000000238
25993  -33.438  -63.620  -41.008 0.5000000000
26048  -37.366  -63.950  -45.525 0.5000000000
26981  -29.573  -62.339  -38.385 0.5000000000
26995  -28.361  -62.807  -39.012 0.5000000000
27009  -32.767  -62.587  -40.055 0.6000000238
28017  -32.428  -61.454  -43.766 0.6000000238
28947  -29.931  -60.227  -37.636 0.4000000060
28959  -27.660  -60.832  -38.341 0.5000000000
28961  -30.938  -60.120  -38.471 0.6000000238
28989  -31.675  -60.631  -40.501 0.6000000238
30998  -28.594  -57.935  -45.585 0.5000000000
31010  -30.032  -58.543  -46.791 0.6000000238
32071  -28.046  -57.349  -46.490 0.5000000000
33997  -27.748  -55.353  -44.895 0.4000000060
34002  -27.595  -55.482  -45.527 0.5000000000
34009  -27.513  -55.469  -45.909 0.5000000000
114246  -30.916  -65.717  -41.129 0.6000000238
