#!ascii label  , from subject sub-003 vox2ras=TkReg
526
14679  -41.903  -74.236  -41.789 0.0000000000
18832  -38.239  -70.370  -46.021 0.0000000000
20845  -41.041  -68.350  -37.419 0.0000000000
14694  -36.248  -74.215  -42.997 0.0000000000
23049  -38.789  -66.999  -39.778 0.0000000000
103839  -47.520  -68.374  -38.912 0.0000000000
109736  -44.012  -68.253  -32.117 0.0000000000
115246  -47.883  -67.396  -26.128 0.0000000000
107727  -39.482  -66.731  -34.942 0.0000000000
20861  -38.648  -68.110  -38.576 0.0000000000
24965  -38.682  -64.786  -36.340 0.0000000000
107150  -45.339  -68.496  -35.146 0.0000000000
20767  -47.336  -69.047  -31.756 0.0000000000
23902  -46.727  -65.793  -24.264 0.0000000000
23917  -44.182  -65.920  -26.517 0.0000000000
11723  -39.011  -78.079  -41.284 0.0000000000
16745  -35.394  -72.495  -44.650 0.0000000000
13694  -37.622  -75.927  -45.612 0.0000000000
110696  -37.120  -73.577  -48.049 0.0000000000
17700  -41.941  -71.285  -40.016 0.0000000000
14676  -38.990  -74.517  -41.584 0.0000000000
19849  -37.223  -70.029  -40.917 0.0000000000
19858  -38.153  -69.134  -43.002 0.0000000000
20848  -44.020  -68.213  -37.895 0.0000000000
21921  -42.487  -68.040  -34.866 0.0000000000
21897  -40.393  -67.261  -32.227 0.0000000000
21811  -49.800  -67.449  -28.591 0.0000000000
21807  -45.910  -66.973  -28.788 0.0000000000
22922  -42.850  -66.120  -28.829 0.0000000000
24898  -39.974  -64.567  -29.252 0.0000000000
11745  -38.021  -77.557  -43.540 0.0000000000
24095  -45.060  -66.266  -42.982 0.0000000000
19898  -42.543  -69.829  -45.804 0.0000000000
21004  -42.283  -68.028  -47.941 0.0000000000
110016  -38.980  -66.160  -33.851 0.0000000000
23023  -38.886  -66.287  -35.638 0.0000000000
12644  -40.539  -76.694  -40.568 0.0000000000
107700  -36.553  -71.204  -45.713 0.0000000000
16754  -35.766  -72.924  -47.090 0.0000000000
17797  -36.716  -71.593  -47.421 0.0000000000
17806  -37.853  -71.487  -48.721 0.0000000000
18848  -38.420  -70.376  -47.427 0.0000000000
18740  -41.235  -70.038  -38.884 0.0000000000
18739  -40.207  -69.983  -38.735 0.0000000000
21980  -38.517  -67.686  -39.240 0.0000000000
18746  -37.912  -69.868  -39.801 0.0000000000
20882  -37.655  -69.100  -40.497 0.0000000000
19857  -37.229  -69.595  -42.415 0.0000000000
20890  -38.210  -68.292  -41.573 0.0000000000
105406  -44.458  -69.612  -39.710 0.0000000000
20868  -45.528  -68.551  -38.915 0.0000000000
20783  -44.460  -68.439  -33.537 0.0000000000
20820  -44.113  -68.317  -35.466 0.0000000000
20782  -43.620  -68.293  -33.504 0.0000000000
21899  -41.762  -67.988  -32.947 0.0000000000
21881  -42.495  -67.863  -31.485 0.0000000000
21786  -48.198  -67.508  -27.634 0.0000000000
21834  -47.361  -67.421  -29.145 0.0000000000
22927  -46.773  -67.151  -28.011 0.0000000000
23916  -43.603  -65.272  -26.254 0.0000000000
23934  -43.797  -66.061  -28.002 0.0000000000
23923  -42.865  -64.939  -27.942 0.0000000000
23942  -41.087  -65.730  -29.258 0.0000000000
14687  -38.150  -74.169  -41.918 0.0000000000
12661  -37.863  -75.759  -41.814 0.0000000000
13668  -36.589  -75.709  -42.988 0.0000000000
105423  -39.429  -76.781  -45.477 0.0000000000
24097  -47.064  -65.820  -43.265 0.0000000000
20914  -44.020  -68.306  -44.387 0.0000000000
20989  -43.856  -68.287  -46.815 0.0000000000
21962  -40.567  -67.782  -36.732 0.0000000000
19818  -39.775  -69.189  -38.489 0.0000000000
21961  -39.473  -67.594  -37.065 0.0000000000
21960  -38.855  -67.043  -37.575 0.0000000000
116271  -38.849  -65.562  -37.822 0.0000000000
102382  -46.078  -68.089  -37.543 0.0000000000
20785  -46.388  -68.908  -33.760 0.0000000000
20739  -45.659  -68.638  -31.360 0.0000000000
22861  -46.663  -66.470  -24.697 0.0000000000
22889  -46.341  -66.967  -26.430 0.0000000000
22860  -45.478  -66.188  -25.286 0.0000000000
24862  -44.493  -64.733  -25.227 0.0000000000
25793  -43.859  -63.346  -25.499 0.0000000000
110563  -35.609  -73.968  -43.774 0.0000000000
13686  -35.927  -75.317  -44.355 0.0000000000
118907  -35.429  -73.870  -45.410 0.0000000000
14714  -37.294  -74.821  -46.929 0.0000000000
14723  -38.755  -74.427  -47.564 0.0000000000
15744  -38.623  -73.513  -48.871 0.0000000000
17815  -39.323  -71.935  -49.931 0.0000000000
123508  -40.361  -70.762  -50.108 0.0000000000
16731  -42.397  -72.871  -41.944 0.0000000000
13652  -40.409  -75.046  -41.086 0.0000000000
15706  -39.318  -73.353  -41.723 0.0000000000
16738  -37.929  -72.884  -41.968 0.0000000000
18747  -38.733  -70.187  -39.486 0.0000000000
17728  -37.999  -71.638  -41.150 0.0000000000
17740  -36.646  -71.873  -42.145 0.0000000000
107225  -36.065  -71.485  -42.767 0.0000000000
18798  -36.839  -70.295  -43.726 0.0000000000
18808  -38.178  -70.076  -44.735 0.0000000000
17716  -43.700  -71.868  -41.219 0.0000000000
18751  -43.074  -70.435  -39.794 0.0000000000
20865  -42.594  -68.881  -38.189 0.0000000000
20834  -45.005  -68.168  -36.572 0.0000000000
21953  -43.336  -67.930  -36.780 0.0000000000
21963  -41.769  -67.930  -36.914 0.0000000000
21940  -41.104  -67.508  -35.353 0.0000000000
105881  -40.275  -67.177  -33.025 0.0000000000
23962  -38.914  -66.099  -31.711 0.0000000000
115549  -48.012  -68.125  -30.220 0.0000000000
121853  -46.613  -67.994  -30.095 0.0000000000
115746  -45.025  -67.805  -30.188 0.0000000000
22909  -44.928  -66.466  -27.689 0.0000000000
22942  -44.151  -66.869  -29.013 0.0000000000
21857  -43.343  -67.680  -30.451 0.0000000000
21828  -41.898  -67.220  -29.980 0.0000000000
23951  -39.883  -65.913  -30.094 0.0000000000
12663  -39.121  -76.001  -40.895 0.0000000000
108374  -38.550  -78.127  -41.819 0.0000000000
12713  -37.741  -77.111  -44.359 0.0000000000
11758  -39.311  -78.034  -44.704 0.0000000000
21990  -39.734  -67.311  -42.143 0.0000000000
19870  -39.714  -68.630  -43.668 0.0000000000
19885  -40.564  -69.435  -44.760 0.0000000000
19872  -41.782  -68.852  -44.350 0.0000000000
18821  -40.470  -69.791  -45.569 0.0000000000
19912  -40.360  -69.515  -46.721 0.0000000000
19949  -40.583  -69.060  -48.560 0.0000000000
24937  -38.475  -65.006  -33.194 0.0000000000
23977  -38.712  -65.557  -33.966 0.0000000000
114807  -41.447  -76.743  -40.538 0.0000000000
13631  -41.133  -75.862  -40.784 0.0000000000
17775  -37.277  -70.764  -46.096 0.0000000000
17789  -36.588  -71.358  -46.511 0.0000000000
103549  -37.054  -70.859  -47.013 0.0000000000
17798  -37.518  -70.982  -47.822 0.0000000000
103692  -38.666  -70.191  -46.550 0.0000000000
20864  -41.482  -68.833  -38.046 0.0000000000
18749  -40.630  -70.623  -39.290 0.0000000000
19819  -40.831  -69.336  -38.457 0.0000000000
111783  -38.257  -68.337  -39.780 0.0000000000
21981  -38.502  -67.741  -40.136 0.0000000000
20889  -37.683  -68.904  -41.192 0.0000000000
21982  -38.899  -67.098  -40.634 0.0000000000
112524  -47.319  -68.680  -39.735 0.0000000000
20877  -46.420  -68.696  -39.646 0.0000000000
20876  -45.927  -68.927  -39.972 0.0000000000
110864  -46.513  -68.452  -38.870 0.0000000000
119497  -44.039  -68.316  -32.895 0.0000000000
20763  -43.377  -68.194  -32.660 0.0000000000
20762  -42.572  -68.035  -32.338 0.0000000000
20737  -43.237  -68.040  -31.799 0.0000000000
21751  -47.695  -67.268  -25.536 0.0000000000
102561  -48.722  -67.416  -24.772 0.0000000000
21764  -48.386  -67.493  -26.415 0.0000000000
21765  -49.137  -67.514  -26.282 0.0000000000
21763  -47.773  -67.496  -26.835 0.0000000000
22912  -47.251  -67.356  -27.518 0.0000000000
22890  -46.936  -67.290  -26.878 0.0000000000
24870  -42.558  -64.137  -26.534 0.0000000000
24880  -42.972  -65.048  -26.886 0.0000000000
24890  -42.009  -64.613  -28.174 0.0000000000
25815  -41.818  -63.631  -26.990 0.0000000000
113080  -37.159  -74.185  -42.364 0.0000000000
14686  -37.532  -74.944  -42.098 0.0000000000
14685  -36.759  -74.990  -42.594 0.0000000000
20930  -44.437  -68.879  -44.912 0.0000000000
19916  -44.097  -68.999  -46.194 0.0000000000
20969  -44.952  -68.869  -46.078 0.0000000000
103508  -40.451  -67.408  -35.932 0.0000000000
21950  -39.678  -67.328  -36.423 0.0000000000
21938  -39.579  -67.022  -35.724 0.0000000000
24008  -38.591  -65.505  -36.032 0.0000000000
23030  -38.729  -66.045  -36.420 0.0000000000
23034  -38.796  -66.282  -37.174 0.0000000000
23037  -38.712  -66.427  -38.142 0.0000000000
102501  -46.254  -68.918  -32.766 0.0000000000
104769  -46.398  -68.923  -31.714 0.0000000000
22862  -47.408  -66.765  -24.467 0.0000000000
118949  -45.971  -66.475  -25.093 0.0000000000
23901  -45.893  -65.889  -24.653 0.0000000000
25794  -44.467  -63.865  -25.118 0.0000000000
10823  -39.173  -78.973  -41.493 0.0000000000
15718  -35.355  -73.172  -44.155 0.0000000000
114855  -35.400  -73.912  -44.623 0.0000000000
15720  -35.244  -73.207  -45.084 0.0000000000
15732  -36.337  -73.280  -47.649 0.0000000000
15729  -35.927  -73.740  -46.930 0.0000000000
14721  -36.634  -74.119  -47.450 0.0000000000
15733  -38.147  -73.792  -48.152 0.0000000000
14728  -39.111  -74.118  -48.282 0.0000000000
120809  -38.489  -71.072  -49.110 0.0000000000
17814  -38.444  -71.872  -49.382 0.0000000000
110075  -39.094  -71.124  -49.586 0.0000000000
18874  -39.907  -71.298  -50.032 0.0000000000
18865  -39.775  -70.499  -49.617 0.0000000000
16718  -41.939  -72.349  -41.305 0.0000000000
16730  -41.565  -72.854  -41.800 0.0000000000
15705  -38.481  -73.416  -41.851 0.0000000000
16727  -38.631  -72.601  -41.615 0.0000000000
20862  -39.336  -68.515  -38.159 0.0000000000
19830  -39.242  -69.690  -38.970 0.0000000000
19817  -38.842  -68.880  -38.770 0.0000000000
18762  -37.605  -70.370  -40.338 0.0000000000
17710  -37.314  -70.825  -40.967 0.0000000000
16726  -37.533  -72.204  -41.752 0.0000000000
17727  -36.981  -71.371  -41.555 0.0000000000
16736  -36.242  -72.420  -42.660 0.0000000000
18788  -36.702  -70.242  -42.840 0.0000000000
19868  -37.422  -69.772  -43.335 0.0000000000
18799  -37.597  -70.009  -44.074 0.0000000000
19869  -38.422  -69.600  -44.012 0.0000000000
19822  -43.962  -68.994  -39.041 0.0000000000
18752  -43.949  -70.200  -39.959 0.0000000000
19831  -43.348  -69.679  -39.276 0.0000000000
19821  -42.664  -69.473  -38.713 0.0000000000
110536  -43.239  -69.160  -38.651 0.0000000000
20822  -45.651  -68.283  -36.039 0.0000000000
20835  -45.912  -68.073  -36.890 0.0000000000
21922  -43.329  -68.212  -35.135 0.0000000000
21942  -43.505  -68.114  -36.093 0.0000000000
117571  -42.762  -68.001  -35.617 0.0000000000
21964  -42.773  -67.982  -37.133 0.0000000000
21952  -42.515  -67.853  -36.356 0.0000000000
21951  -41.434  -67.606  -36.174 0.0000000000
21941  -41.992  -67.765  -35.532 0.0000000000
21898  -41.167  -67.665  -32.306 0.0000000000
108944  -40.869  -67.598  -32.991 0.0000000000
22987  -39.729  -66.826  -32.750 0.0000000000
22970  -39.581  -66.714  -31.879 0.0000000000
21835  -48.896  -67.485  -29.165 0.0000000000
21808  -46.694  -67.131  -28.658 0.0000000000
21860  -47.285  -67.786  -29.784 0.0000000000
21833  -46.480  -67.371  -29.467 0.0000000000
21859  -45.884  -67.867  -30.135 0.0000000000
21832  -45.519  -67.331  -29.500 0.0000000000
22888  -45.615  -66.650  -26.761 0.0000000000
22887  -44.853  -66.411  -26.993 0.0000000000
23933  -43.205  -65.683  -28.251 0.0000000000
22924  -44.488  -66.450  -28.240 0.0000000000
22941  -43.269  -66.821  -29.216 0.0000000000
21830  -43.725  -67.352  -29.734 0.0000000000
21829  -42.819  -67.327  -29.864 0.0000000000
21856  -42.410  -67.637  -30.644 0.0000000000
22940  -42.373  -66.715  -29.395 0.0000000000
23930  -40.712  -64.867  -28.991 0.0000000000
22938  -40.641  -66.290  -29.771 0.0000000000
23941  -40.284  -65.422  -29.504 0.0000000000
23950  -39.198  -65.476  -30.458 0.0000000000
114706  -39.836  -74.514  -41.443 0.0000000000
13630  -40.009  -75.871  -40.738 0.0000000000
13651  -39.470  -75.173  -41.108 0.0000000000
11735  -37.663  -77.136  -42.763 0.0000000000
12682  -37.941  -76.763  -41.945 0.0000000000
11736  -38.432  -78.007  -42.717 0.0000000000
11746  -38.780  -78.304  -43.740 0.0000000000
13692  -36.041  -75.404  -45.092 0.0000000000
12712  -36.803  -76.517  -44.224 0.0000000000
12725  -37.113  -76.444  -44.943 0.0000000000
12715  -39.695  -77.368  -45.515 0.0000000000
12714  -38.940  -77.353  -44.901 0.0000000000
21986  -39.828  -66.670  -41.559 0.0000000000
121579  -40.411  -66.262  -41.499 0.0000000000
20903  -40.378  -68.121  -43.433 0.0000000000
118668  -40.476  -68.524  -43.961 0.0000000000
20911  -41.073  -68.382  -43.898 0.0000000000
19887  -43.044  -69.381  -45.308 0.0000000000
20928  -42.698  -68.907  -44.603 0.0000000000
104777  -42.230  -69.534  -45.111 0.0000000000
18811  -40.961  -69.730  -45.321 0.0000000000
18822  -41.141  -69.901  -45.847 0.0000000000
19911  -39.754  -69.719  -46.597 0.0000000000
115365  -41.022  -69.756  -46.237 0.0000000000
20987  -41.781  -68.627  -47.368 0.0000000000
20986  -41.009  -68.813  -47.729 0.0000000000
21003  -41.453  -68.466  -48.327 0.0000000000
23006  -39.387  -66.614  -34.104 0.0000000000
23005  -38.885  -66.088  -34.655 0.0000000000
24004  -38.658  -65.627  -35.318 0.0000000000
24959  -38.574  -64.894  -35.527 0.0000000000
117395  -46.279  -65.233  -24.270 0.0000000000
24857  -46.377  -64.312  -24.162 0.0000000000
11706  -40.107  -77.596  -40.595 0.0000000000
17773  -35.616  -71.949  -45.069 0.0000000000
16749  -35.471  -72.526  -45.536 0.0000000000
16750  -35.960  -71.837  -45.866 0.0000000000
16755  -36.100  -72.119  -46.874 0.0000000000
15742  -36.980  -72.755  -48.206 0.0000000000
16763  -37.692  -72.284  -48.750 0.0000000000
17805  -37.056  -71.908  -48.251 0.0000000000
18860  -38.372  -70.705  -48.386 0.0000000000
18750  -41.568  -70.688  -39.437 0.0000000000
17699  -41.042  -71.210  -39.907 0.0000000000
17698  -40.098  -71.149  -39.804 0.0000000000
19829  -38.410  -69.325  -39.352 0.0000000000
20875  -38.377  -68.535  -39.288 0.0000000000
19839  -37.554  -69.647  -40.328 0.0000000000
119438  -37.458  -69.446  -40.875 0.0000000000
18776  -36.839  -70.417  -41.819 0.0000000000
109552  -37.285  -69.503  -41.544 0.0000000000
20900  -37.685  -68.823  -42.080 0.0000000000
20901  -38.520  -68.401  -42.435 0.0000000000
19823  -44.955  -68.987  -39.392 0.0000000000
20867  -44.464  -68.524  -38.595 0.0000000000
20802  -44.949  -68.508  -34.319 0.0000000000
107587  -44.653  -68.425  -35.017 0.0000000000
20801  -44.029  -68.348  -34.451 0.0000000000
20800  -43.057  -68.235  -34.208 0.0000000000
21912  -42.159  -68.005  -33.963 0.0000000000
20781  -42.751  -68.172  -33.271 0.0000000000
104062  -41.816  -67.821  -31.950 0.0000000000
120343  -49.795  -67.405  -27.053 0.0000000000
21787  -49.245  -67.422  -27.748 0.0000000000
21810  -48.626  -67.447  -28.364 0.0000000000
21809  -47.571  -67.386  -28.303 0.0000000000
22926  -46.124  -66.850  -28.116 0.0000000000
23925  -44.167  -66.123  -27.421 0.0000000000
114890  -43.597  -65.654  -26.878 0.0000000000
23932  -42.484  -65.327  -28.538 0.0000000000
23943  -41.954  -65.954  -29.039 0.0000000000
23931  -41.578  -65.099  -28.782 0.0000000000
24889  -41.119  -64.348  -28.422 0.0000000000
24888  -40.329  -64.064  -28.699 0.0000000000
13650  -38.632  -75.402  -41.335 0.0000000000
12681  -37.480  -76.392  -42.365 0.0000000000
12680  -36.995  -76.454  -42.941 0.0000000000
23081  -45.718  -66.846  -43.467 0.0000000000
22006  -44.428  -67.661  -43.969 0.0000000000
22019  -44.905  -68.294  -44.488 0.0000000000
19899  -43.318  -69.578  -45.859 0.0000000000
19914  -42.857  -69.741  -46.090 0.0000000000
20968  -43.273  -69.126  -46.393 0.0000000000
20988  -42.744  -68.447  -47.051 0.0000000000
20863  -40.384  -68.769  -38.011 0.0000000000
20844  -39.898  -68.233  -37.441 0.0000000000
21973  -38.998  -67.829  -37.800 0.0000000000
23031  -39.061  -66.698  -36.377 0.0000000000
23035  -39.132  -67.005  -36.908 0.0000000000
21972  -38.690  -67.280  -38.391 0.0000000000
23042  -38.687  -66.727  -38.961 0.0000000000
20851  -46.722  -68.224  -38.103 0.0000000000
107926  -46.192  -68.538  -35.362 0.0000000000
20804  -46.719  -68.780  -34.710 0.0000000000
20803  -45.814  -68.689  -34.438 0.0000000000
20784  -45.426  -68.672  -33.382 0.0000000000
20764  -44.702  -68.484  -32.618 0.0000000000
20738  -44.815  -68.405  -31.547 0.0000000000
22872  -47.169  -67.029  -25.121 0.0000000000
22871  -46.472  -66.832  -25.502 0.0000000000
22870  -45.750  -66.588  -25.793 0.0000000000
22869  -44.914  -66.236  -25.966 0.0000000000
24856  -45.628  -64.924  -24.441 0.0000000000
23907  -45.058  -65.436  -25.124 0.0000000000
23906  -44.268  -65.441  -25.730 0.0000000000
24861  -43.810  -64.469  -25.612 0.0000000000
24871  -43.171  -64.576  -26.175 0.0000000000
25805  -43.092  -63.743  -25.900 0.0000000000
108234  -36.277  -75.070  -43.113 0.0000000000
14702  -35.622  -74.560  -44.282 0.0000000000
14709  -35.653  -74.656  -45.100 0.0000000000
14710  -36.176  -75.015  -45.772 0.0000000000
13700  -36.972  -75.342  -46.201 0.0000000000
14716  -39.441  -75.026  -47.006 0.0000000000
16764  -38.347  -72.768  -49.217 0.0000000000
15757  -39.176  -73.277  -49.487 0.0000000000
16775  -39.935  -72.828  -49.924 0.0000000000
17826  -40.189  -72.071  -50.211 0.0000000000
15709  -42.428  -73.478  -42.185 0.0000000000
13653  -41.424  -74.985  -41.231 0.0000000000
15708  -41.228  -73.473  -41.883 0.0000000000
14678  -40.670  -74.200  -41.627 0.0000000000
14677  -39.687  -73.992  -41.753 0.0000000000
15707  -40.222  -73.422  -41.753 0.0000000000
113520  -38.963  -73.905  -41.813 0.0000000000
15715  -37.620  -73.452  -42.157 0.0000000000
18748  -39.662  -70.496  -39.265 0.0000000000
18763  -38.211  -70.689  -39.951 0.0000000000
16737  -37.092  -72.701  -42.200 0.0000000000
15714  -36.688  -73.350  -42.588 0.0000000000
111581  -35.812  -72.168  -43.189 0.0000000000
17750  -35.800  -71.634  -43.563 0.0000000000
18787  -36.405  -70.808  -42.586 0.0000000000
18797  -36.168  -70.860  -43.365 0.0000000000
17762  -35.942  -71.248  -44.066 0.0000000000
17774  -36.085  -71.332  -44.929 0.0000000000
18817  -36.876  -70.800  -45.155 0.0000000000
18818  -37.791  -70.432  -45.341 0.0000000000
16719  -42.910  -72.435  -41.618 0.0000000000
17715  -42.443  -71.827  -40.763 0.0000000000
18765  -44.006  -71.055  -40.470 0.0000000000
18764  -42.862  -71.179  -40.279 0.0000000000
111148  -42.321  -70.749  -39.682 0.0000000000
18741  -42.287  -70.099  -39.131 0.0000000000
19820  -41.849  -69.453  -38.533 0.0000000000
20850  -45.764  -68.181  -38.112 0.0000000000
20849  -44.858  -68.091  -38.069 0.0000000000
21966  -44.379  -68.010  -37.496 0.0000000000
21943  -44.325  -68.233  -36.194 0.0000000000
123460  -44.194  -67.961  -36.873 0.0000000000
21965  -43.654  -67.980  -37.313 0.0000000000
20847  -43.139  -68.332  -37.718 0.0000000000
20846  -42.142  -68.342  -37.576 0.0000000000
21939  -40.231  -67.239  -35.142 0.0000000000
21911  -41.298  -67.667  -33.795 0.0000000000
21920  -40.795  -67.432  -34.500 0.0000000000
21919  -39.982  -67.146  -34.311 0.0000000000
22997  -39.253  -66.494  -33.329 0.0000000000
22986  -39.043  -66.364  -32.541 0.0000000000
110842  -48.095  -67.707  -29.523 0.0000000000
115241  -47.007  -68.852  -31.057 0.0000000000
20721  -46.289  -68.520  -30.737 0.0000000000
20720  -45.365  -68.314  -30.752 0.0000000000
118754  -44.643  -68.123  -30.768 0.0000000000
22911  -46.334  -67.020  -27.374 0.0000000000
22925  -45.396  -66.681  -28.174 0.0000000000
22943  -45.033  -66.970  -28.822 0.0000000000
21831  -44.605  -67.367  -29.588 0.0000000000
21858  -44.191  -67.784  -30.296 0.0000000000
119970  -43.902  -68.010  -31.149 0.0000000000
21882  -43.077  -67.818  -31.100 0.0000000000
103750  -41.841  -67.726  -31.212 0.0000000000
21854  -40.786  -67.230  -30.704 0.0000000000
22939  -41.469  -66.553  -29.556 0.0000000000
21879  -40.230  -67.030  -31.233 0.0000000000
22969  -39.512  -66.300  -30.931 0.0000000000
120379  -38.886  -65.696  -31.089 0.0000000000
12643  -39.625  -76.711  -40.738 0.0000000000
11705  -39.298  -77.483  -40.966 0.0000000000
12662  -38.471  -76.316  -41.365 0.0000000000
11722  -38.571  -77.287  -41.480 0.0000000000
10833  -38.751  -78.739  -42.198 0.0000000000
13678  -36.226  -75.540  -43.614 0.0000000000
12698  -36.618  -76.252  -43.583 0.0000000000
12699  -37.210  -76.895  -43.580 0.0000000000
12726  -38.269  -76.647  -45.157 0.0000000000
11757  -38.597  -77.753  -44.227 0.0000000000
107820  -38.673  -64.370  -34.886 0.0000000000
24974  -39.149  -64.922  -37.902 0.0000000000
24015  -39.104  -65.181  -38.535 0.0000000000
112111  -38.943  -66.194  -39.519 0.0000000000
23050  -39.207  -66.447  -40.327 0.0000000000
116249  -39.359  -66.650  -41.007 0.0000000000
20891  -38.899  -67.745  -41.967 0.0000000000
23063  -40.609  -66.769  -42.168 0.0000000000
20902  -39.500  -68.029  -42.808 0.0000000000
19859  -38.957  -68.636  -43.117 0.0000000000
106073  -38.960  -69.060  -43.644 0.0000000000
19884  -39.572  -69.304  -44.384 0.0000000000
18819  -38.696  -70.136  -45.417 0.0000000000
106294  -43.646  -67.739  -43.945 0.0000000000
20912  -42.350  -68.255  -43.953 0.0000000000
115316  -41.646  -68.200  -43.787 0.0000000000
18810  -40.092  -69.730  -45.066 0.0000000000
18833  -38.954  -70.098  -45.929 0.0000000000
18834  -39.409  -69.911  -46.223 0.0000000000
18849  -39.146  -69.971  -46.974 0.0000000000
18861  -39.107  -70.158  -47.881 0.0000000000
114660  -40.353  -69.209  -47.588 0.0000000000
19948  -39.763  -69.631  -48.272 0.0000000000
19961  -39.998  -69.743  -49.101 0.0000000000
11704  -38.973  -76.742  -41.040 0.0000000000
13669  -37.191  -75.695  -42.433 0.0000000000
13687  -36.413  -75.938  -44.689 0.0000000000
13693  -36.662  -75.727  -45.414 0.0000000000
14675  -38.199  -74.920  -41.691 0.0000000000
14693  -35.862  -74.818  -43.633 0.0000000000
14712  -35.692  -74.237  -46.056 0.0000000000
16728  -39.710  -72.683  -41.524 0.0000000000
16741  -35.552  -72.388  -43.820 0.0000000000
16742  -35.794  -73.084  -43.262 0.0000000000
16758  -36.425  -72.477  -47.651 0.0000000000
16774  -38.939  -72.555  -49.693 0.0000000000
17711  -37.869  -71.023  -40.485 0.0000000000
17714  -41.481  -71.749  -40.601 0.0000000000
17761  -35.654  -71.811  -44.336 0.0000000000
18806  -36.436  -70.778  -44.282 0.0000000000
18807  -37.278  -70.405  -44.551 0.0000000000
18809  -39.119  -69.829  -44.876 0.0000000000
18820  -39.606  -69.885  -45.574 0.0000000000
18835  -40.297  -69.802  -46.056 0.0000000000
18847  -37.795  -70.495  -46.864 0.0000000000
19828  -37.848  -69.012  -39.851 0.0000000000
19871  -40.946  -68.939  -44.365 0.0000000000
19886  -41.745  -69.864  -45.593 0.0000000000
19900  -44.074  -69.241  -45.880 0.0000000000
19913  -41.899  -69.893  -46.143 0.0000000000
19929  -39.692  -69.640  -47.347 0.0000000000
20722  -47.169  -68.385  -30.452 0.0000000000
20765  -45.518  -68.720  -32.223 0.0000000000
20821  -44.839  -68.354  -35.764 0.0000000000
20866  -43.572  -68.643  -38.334 0.0000000000
20883  -38.071  -68.447  -40.555 0.0000000000
20884  -46.957  -69.151  -40.419 0.0000000000
20913  -43.181  -68.271  -44.209 0.0000000000
20929  -43.561  -68.923  -44.778 0.0000000000
20931  -45.290  -68.717  -45.046 0.0000000000
21750  -47.160  -67.220  -26.081 0.0000000000
21752  -48.420  -67.443  -25.609 0.0000000000
21855  -41.481  -67.467  -30.634 0.0000000000
21880  -41.077  -67.510  -31.445 0.0000000000
21910  -40.493  -67.349  -33.683 0.0000000000
21954  -45.150  -68.025  -37.389 0.0000000000
21984  -38.598  -67.730  -41.064 0.0000000000
21985  -39.184  -67.169  -41.436 0.0000000000
22910  -45.565  -66.653  -27.568 0.0000000000
22923  -43.652  -66.339  -28.557 0.0000000000
22955  -40.319  -66.690  -30.425 0.0000000000
22956  -41.012  -67.067  -30.066 0.0000000000
22996  -38.696  -65.963  -33.217 0.0000000000
22998  -39.833  -66.961  -33.529 0.0000000000
23080  -44.792  -67.043  -43.382 0.0000000000
23924  -43.392  -65.611  -27.609 0.0000000000
23940  -39.559  -65.058  -29.804 0.0000000000
24012  -38.757  -65.477  -36.837 0.0000000000
24018  -38.808  -65.896  -38.727 0.0000000000
24887  -39.794  -63.833  -29.045 0.0000000000
25823  -40.667  -63.625  -28.082 0.0000000000
104660  -40.246  -68.911  -44.282 0.0000000000
108375  -41.405  -69.514  -44.913 0.0000000000
110806  -38.163  -77.493  -42.143 0.0000000000
111570  -48.755  -67.491  -27.036 0.0000000000
112103  -36.355  -75.952  -44.100 0.0000000000
113169  -41.642  -67.735  -34.678 0.0000000000
113426  -35.687  -72.537  -46.339 0.0000000000
121283  -48.097  -67.531  -28.880 0.0000000000
