#!ascii label  , from subject sub-003 vox2ras=TkReg
1992
11809  -38.215  -77.779  -49.528 0.1000000015
11827  -37.523  -77.391  -49.941 0.1000000015
10921  -35.626  -79.144  -50.798 0.1000000015
11826  -36.414  -77.478  -50.190 0.1000000015
12772  -35.771  -76.585  -50.670 0.1000000015
12787  -36.239  -75.727  -51.064 0.1000000015
111510  -35.396  -76.271  -52.423 0.1000000015
13773  -36.553  -75.333  -53.029 0.1000000015
13795  -37.031  -74.873  -53.884 0.1000000015
13772  -35.796  -75.789  -53.274 0.1000000015
13794  -36.160  -75.395  -53.966 0.1000000015
13809  -36.370  -74.778  -54.454 0.1000000015
13808  -35.498  -75.489  -54.288 0.1000000015
14840  -36.804  -74.107  -54.819 0.1000000015
16857  -38.104  -72.821  -55.631 0.1000000015
15833  -36.600  -73.576  -54.890 0.1000000015
123500  -36.259  -74.230  -54.638 0.1000000015
12776  -39.830  -76.027  -49.894 0.1000000015
11828  -38.429  -76.952  -49.720 0.1000000015
12773  -36.737  -76.379  -50.363 0.1000000015
13742  -39.396  -75.561  -50.650 0.1000000015
13741  -38.321  -75.465  -50.730 0.1000000015
13740  -37.214  -75.467  -50.843 0.1000000015
13756  -38.931  -75.103  -51.504 0.1000000015
13754  -36.820  -75.215  -51.821 0.1000000015
13775  -38.423  -74.709  -52.432 0.1000000015
13796  -37.951  -74.520  -53.416 0.1000000015
14816  -37.617  -74.292  -54.277 0.1000000015
22228  -43.474  -67.896  -55.259 0.1000000015
102887  -41.729  -69.183  -55.574 0.1000000015
20050  -41.656  -69.740  -55.660 0.1000000015
18966  -40.920  -71.039  -56.218 0.1000000015
17909  -39.408  -72.564  -56.958 0.1000000015
16858  -38.978  -72.609  -56.318 0.1000000015
15860  -38.766  -72.784  -55.914 0.1000000015
14856  -37.956  -73.477  -55.297 0.1000000015
15858  -37.226  -73.152  -55.352 0.1000000015
15834  -37.243  -73.608  -55.199 0.1000000015
12747  -40.752  -76.216  -47.957 0.1000000015
14746  -41.477  -74.501  -49.891 0.2000000030
14745  -41.299  -74.880  -49.225 0.2000000030
12757  -40.191  -76.467  -49.220 0.1000000015
15775  -41.675  -74.033  -50.233 0.1000000015
13758  -41.229  -74.941  -50.645 0.1000000015
12777  -40.691  -75.880  -49.678 0.1000000015
14781  -41.776  -74.390  -50.952 0.1000000015
13743  -40.441  -75.484  -50.505 0.1000000015
25136  -46.427  -64.827  -50.518 0.1000000015
25137  -46.969  -64.656  -51.375 0.1000000015
14780  -41.127  -74.566  -51.395 0.1000000015
14779  -40.262  -74.664  -51.829 0.1000000015
13776  -39.372  -74.725  -52.148 0.1000000015
25150  -47.337  -64.200  -51.966 0.1000000015
24213  -47.290  -65.308  -51.679 0.1000000015
23203  -47.433  -66.142  -51.770 0.1000000015
22201  -46.355  -66.920  -52.792 0.1000000015
22184  -45.797  -67.308  -52.771 0.1000000015
21086  -44.591  -68.074  -53.815 0.1000000015
14799  -40.839  -74.201  -52.207 0.1000000015
14798  -39.837  -74.267  -52.670 0.1000000015
14817  -38.431  -74.020  -53.904 0.1000000015
23239  -46.559  -66.518  -53.132 0.1000000015
22199  -44.891  -67.588  -53.771 0.1000000015
21102  -44.040  -68.317  -54.377 0.1000000015
20033  -43.458  -68.552  -54.642 0.1000000015
18924  -42.349  -70.058  -54.654 0.1000000015
17890  -41.907  -70.680  -55.093 0.1000000015
14818  -39.334  -73.847  -53.545 0.1000000015
14843  -38.958  -73.625  -54.469 0.1000000015
22214  -44.583  -67.432  -54.313 0.1000000015
21121  -43.641  -68.253  -54.893 0.1000000015
20052  -42.981  -68.629  -55.145 0.1000000015
18941  -42.181  -69.879  -55.372 0.1000000015
16860  -40.031  -72.284  -55.872 0.1000000015
116941  -39.925  -73.071  -56.892 0.1000000015
20051  -42.369  -69.181  -55.398 0.1000000015
18955  -41.904  -69.851  -55.611 0.1000000015
17902  -41.679  -70.332  -55.613 0.1000000015
16878  -40.027  -72.631  -56.791 0.1000000015
15861  -39.305  -72.838  -55.870 0.1000000015
14841  -37.409  -73.966  -54.853 0.1000000015
15759  -41.199  -74.177  -49.615 0.1000000015
14744  -40.682  -74.415  -49.030 0.2000000030
13710  -40.669  -75.663  -47.955 0.1000000015
13709  -40.222  -75.419  -47.387 0.2000000030
13703  -40.122  -75.756  -46.639 0.2000000030
15774  -41.049  -73.474  -50.017 0.1000000015
16789  -41.747  -73.409  -50.590 0.1000000015
26085  -45.509  -63.947  -49.292 0.1000000015
26095  -46.136  -64.059  -50.221 0.1000000015
15788  -42.154  -73.948  -50.901 0.1000000015
14800  -41.758  -74.076  -51.546 0.1000000015
15798  -41.383  -73.653  -52.419 0.1000000015
23221  -46.996  -66.443  -52.487 0.1000000015
22185  -46.535  -66.993  -52.386 0.1000000015
22183  -45.455  -67.533  -52.536 0.1000000015
21070  -44.970  -67.785  -53.050 0.1000000015
21085  -43.999  -68.526  -54.041 0.1000000015
18905  -42.229  -70.207  -53.675 0.1000000015
17878  -41.650  -71.620  -53.980 0.1000000015
15838  -40.847  -72.615  -54.105 0.1000000015
15814  -40.362  -73.691  -53.250 0.1000000015
15862  -39.742  -72.662  -55.614 0.1000000015
15835  -38.766  -73.350  -55.307 0.1000000015
110075  -39.094  -71.124  -49.586 0.1000000015
17814  -38.444  -71.872  -49.382 0.1000000015
18874  -39.907  -71.298  -50.032 0.1000000015
17815  -39.323  -71.935  -49.931 0.1000000015
15757  -39.176  -73.277  -49.487 0.1000000015
15744  -38.623  -73.513  -48.871 0.2000000030
14728  -39.111  -74.118  -48.282 0.2000000030
15758  -40.263  -73.693  -49.538 0.2000000030
14723  -38.755  -74.427  -47.564 0.2000000030
14716  -39.441  -75.026  -47.006 0.2000000030
16788  -40.967  -72.691  -50.364 0.1000000015
17826  -40.189  -72.071  -50.211 0.1000000015
108033  -40.884  -71.611  -50.537 0.1000000015
16803  -42.028  -72.674  -51.522 0.1000000015
25126  -45.725  -64.794  -49.675 0.1000000015
24191  -46.414  -65.479  -49.836 0.1000000015
24192  -47.211  -66.007  -49.618 0.1000000015
22119  -47.246  -66.382  -49.687 0.1000000015
114785  -42.131  -73.328  -51.088 0.1000000015
26084  -44.912  -63.947  -48.391 0.1000000015
24202  -47.252  -65.605  -50.674 0.1000000015
23189  -47.673  -66.083  -51.037 0.1000000015
22163  -46.261  -67.263  -51.968 0.1000000015
104192  -45.348  -67.559  -51.809 0.1000000015
21055  -44.662  -67.956  -52.639 0.1000000015
19993  -42.402  -69.360  -52.410 0.1000000015
105885  -42.169  -69.931  -52.851 0.1000000015
18904  -41.915  -70.811  -52.719 0.1000000015
111718  -41.694  -73.093  -52.544 0.1000000015
27101  -45.673  -62.977  -48.608 0.1000000015
114373  -44.517  -68.172  -53.469 0.1000000015
19994  -43.022  -68.768  -52.802 0.1000000015
17862  -41.874  -71.075  -53.566 0.1000000015
16829  -41.480  -72.431  -53.351 0.1000000015
27096  -45.519  -62.457  -47.603 0.1000000015
28070  -45.371  -62.025  -46.989 0.1000000015
28071  -46.160  -61.675  -47.272 0.1000000015
28057  -45.638  -61.274  -46.689 0.1000000015
19949  -40.583  -69.060  -48.560 0.1000000015
18865  -39.775  -70.499  -49.617 0.1000000015
21003  -41.453  -68.466  -48.327 0.1000000015
19962  -40.709  -69.380  -49.464 0.1000000015
120809  -38.489  -71.072  -49.110 0.1000000015
16764  -38.347  -72.768  -49.217 0.1000000015
15743  -37.761  -73.088  -48.574 0.2000000030
21016  -41.245  -68.689  -49.262 0.1000000015
18866  -40.408  -70.074  -49.812 0.1000000015
123508  -40.361  -70.762  -50.108 0.1000000015
15733  -38.147  -73.792  -48.152 0.2000000030
21018  -42.087  -67.942  -49.083 0.1000000015
19963  -41.205  -69.151  -49.927 0.1000000015
26066  -44.153  -64.176  -46.802 0.1000000015
114416  -44.523  -64.033  -47.588 0.1000000015
25113  -44.763  -64.600  -48.069 0.1000000015
24162  -45.151  -65.320  -48.057 0.1000000015
24177  -45.784  -65.338  -48.927 0.1000000015
24178  -46.710  -65.800  -48.956 0.1000000015
22114  -42.952  -67.506  -49.157 0.1000000015
21017  -41.749  -68.465  -50.183 0.1000000015
18875  -40.829  -70.573  -50.398 0.1000000015
104782  -41.219  -71.008  -50.903 0.1000000015
25114  -45.234  -64.687  -48.720 0.1000000015
22118  -46.938  -66.833  -49.644 0.1000000015
22117  -46.205  -67.262  -49.668 0.1000000015
22143  -46.060  -67.315  -50.857 0.1000000015
21036  -41.859  -68.889  -51.140 0.1000000015
19982  -41.622  -69.752  -51.363 0.1000000015
17827  -41.597  -71.769  -51.247 0.1000000015
112210  -43.667  -63.557  -46.297 0.1000000015
23188  -47.378  -66.599  -50.529 0.1000000015
103955  -46.827  -67.064  -50.389 0.1000000015
22142  -44.935  -67.484  -50.798 0.1000000015
21037  -43.257  -68.047  -51.171 0.1000000015
19983  -42.666  -68.715  -51.750 0.1000000015
19992  -41.909  -70.002  -52.131 0.1000000015
18888  -41.620  -70.772  -51.619 0.1000000015
115042  -44.289  -63.384  -46.970 0.1000000015
26073  -44.856  -63.274  -47.715 0.1000000015
27085  -43.982  -62.610  -46.561 0.1000000015
27086  -44.736  -62.604  -47.067 0.1000000015
28056  -44.663  -61.833  -46.651 0.1000000015
29063  -44.870  -60.838  -46.142 0.1000000015
29064  -46.096  -60.267  -46.441 0.1000000015
108762  -39.201  -70.402  -48.868 0.1000000015
21004  -42.283  -68.028  -47.941 0.1000000015
20987  -41.781  -68.627  -47.368 0.1000000015
114660  -40.353  -69.209  -47.588 0.1000000015
17806  -37.853  -71.487  -48.721 0.1000000015
22076  -43.246  -67.810  -47.645 0.1000000015
20989  -43.856  -68.287  -46.815 0.1000000015
18860  -38.372  -70.705  -48.386 0.1000000015
16763  -37.692  -72.284  -48.750 0.1000000015
22101  -44.886  -67.682  -48.108 0.1000000015
113767  -44.135  -67.772  -47.555 0.1000000015
110696  -37.120  -73.577  -48.049 0.2000000030
109960  -45.965  -65.674  -48.348 0.1000000015
108732  -44.457  -67.483  -49.024 0.1000000015
22140  -42.775  -67.741  -50.120 0.1000000015
15742  -36.980  -72.755  -48.206 0.1000000015
15732  -36.337  -73.280  -47.649 0.2000000030
25089  -44.514  -64.829  -46.557 0.1000000015
107219  -47.178  -66.266  -49.016 0.1000000015
22104  -47.135  -66.673  -48.892 0.1000000015
104663  -45.411  -67.369  -50.074 0.1000000015
22116  -44.602  -67.438  -49.860 0.1000000015
27077  -43.122  -62.729  -45.897 0.1000000015
28055  -43.803  -61.725  -46.215 0.1000000015
29062  -43.719  -60.873  -45.751 0.1000000015
22060  -45.339  -68.341  -46.586 0.1000000015
20968  -43.273  -69.126  -46.393 0.1000000015
22061  -45.970  -68.146  -46.653 0.1000000015
20988  -42.744  -68.447  -47.051 0.1000000015
20967  -42.292  -69.279  -46.595 0.1000000015
18861  -39.107  -70.158  -47.881 0.1000000015
22077  -44.791  -68.004  -47.067 0.1000000015
19930  -41.207  -69.256  -46.857 0.1000000015
22102  -45.807  -67.575  -48.277 0.1000000015
22078  -45.630  -67.842  -47.311 0.1000000015
18849  -39.146  -69.971  -46.974 0.1000000015
26065  -43.853  -64.429  -45.989 0.1000000015
25075  -44.600  -64.822  -45.778 0.1000000015
24127  -45.283  -65.187  -46.341 0.1000000015
24146  -45.169  -65.223  -47.140 0.1000000015
24148  -47.124  -65.600  -47.393 0.1000000015
23159  -47.310  -66.433  -48.280 0.1000000015
22103  -46.628  -67.266  -48.615 0.1000000015
18848  -38.420  -70.376  -47.427 0.1000000015
17805  -37.056  -71.908  -48.251 0.1000000015
26051  -43.229  -63.781  -45.407 0.1000000015
24164  -46.893  -65.907  -48.196 0.1000000015
103146  -45.361  -67.537  -49.143 0.1000000015
16755  -36.100  -72.119  -46.874 0.1000000015
27076  -42.497  -63.134  -45.163 0.1000000015
119680  -42.476  -62.379  -45.408 0.1000000015
28047  -42.941  -61.678  -45.738 0.1000000015
29052  -42.685  -60.191  -44.829 0.1000000015
29053  -43.598  -60.122  -45.233 0.1000000015
29991  -43.492  -59.268  -44.783 0.1000000015
20970  -45.847  -68.521  -46.165 0.1000000015
20969  -44.952  -68.869  -46.078 0.1000000015
19916  -44.097  -68.999  -46.194 0.1000000015
22041  -47.163  -68.006  -45.752 0.1000000015
19915  -43.558  -69.484  -46.047 0.1000000015
113043  -46.392  -67.797  -47.063 0.1000000015
22062  -47.572  -67.552  -46.500 0.1000000015
19914  -42.857  -69.741  -46.090 0.1000000015
19912  -40.360  -69.515  -46.721 0.1000000015
22079  -46.943  -67.469  -47.632 0.1000000015
106700  -47.033  -67.657  -46.953 0.1000000015
115365  -41.022  -69.756  -46.237 0.1000000015
26031  -43.395  -63.853  -44.695 0.1000000015
24147  -45.889  -65.391  -46.961 0.1000000015
106330  -47.702  -66.154  -47.783 0.1000000015
23144  -47.893  -66.668  -47.635 0.1000000015
22081  -48.263  -66.962  -47.050 0.1000000015
19911  -39.754  -69.719  -46.597 0.1000000015
17798  -37.518  -70.982  -47.822 0.1000000015
26050  -42.749  -63.565  -44.777 0.1000000015
25057  -43.948  -64.357  -45.244 0.1000000015
25058  -44.950  -64.503  -45.099 0.1000000015
24128  -46.334  -65.295  -46.403 0.1000000015
103692  -38.666  -70.191  -46.550 0.1000000015
27064  -42.196  -63.143  -44.489 0.1000000015
28034  -41.547  -61.741  -44.557 0.1000000015
27063  -41.953  -62.515  -44.877 0.1000000015
29043  -41.248  -60.950  -44.269 0.1000000015
28046  -42.206  -61.683  -45.188 0.1000000015
28035  -41.964  -60.956  -44.818 0.1000000015
121720  -42.512  -59.566  -44.426 0.1000000015
29990  -41.860  -60.228  -44.387 0.1000000015
23113  -49.050  -66.219  -45.916 0.1000000015
22043  -48.438  -66.857  -46.020 0.1000000015
20949  -44.717  -68.967  -45.524 0.1000000015
24150  -48.910  -65.749  -46.534 0.1000000015
19900  -44.074  -69.241  -45.880 0.1000000015
25077  -46.865  -64.915  -45.776 0.1000000015
24129  -47.754  -65.218  -46.603 0.1000000015
24130  -48.972  -65.059  -46.289 0.1000000015
22063  -48.210  -67.107  -46.378 0.1000000015
19899  -43.318  -69.578  -45.859 0.1000000015
26014  -42.869  -63.481  -44.137 0.1000000015
26015  -43.820  -63.447  -44.016 0.1000000015
25076  -45.614  -64.961  -45.688 0.1000000015
24149  -48.377  -65.656  -47.063 0.1000000015
18822  -41.141  -69.901  -45.847 0.1000000015
18834  -39.409  -69.911  -46.223 0.1000000015
103549  -37.054  -70.859  -47.013 0.1000000015
27043  -42.298  -62.974  -43.642 0.1000000015
27042  -41.641  -62.487  -44.112 0.1000000015
28019  -41.159  -61.634  -43.677 0.1000000015
28003  -40.893  -61.135  -42.930 0.1000000015
29035  -40.902  -60.768  -43.589 0.1000000015
29034  -40.767  -60.544  -42.966 0.1000000015
29971  -40.571  -60.024  -42.525 0.1000000015
29981  -41.743  -59.397  -43.947 0.1000000015
107041  -46.764  -68.189  -45.278 0.1000000015
20932  -46.106  -68.517  -45.143 0.1000000015
22020  -45.708  -68.324  -44.672 0.1000000015
20930  -44.437  -68.879  -44.912 0.1000000015
27045  -44.395  -62.876  -43.273 0.1000000015
25059  -46.167  -64.442  -45.064 0.1000000015
27032  -42.664  -62.608  -42.760 0.1000000015
27044  -43.285  -63.096  -43.324 0.1000000015
26032  -44.350  -63.936  -44.587 0.1000000015
26033  -45.524  -63.850  -44.477 0.1000000015
19898  -42.543  -69.829  -45.804 0.1000000015
27031  -41.705  -62.343  -43.192 0.1000000015
28004  -41.260  -61.705  -42.690 0.1000000015
27988  -41.377  -61.603  -41.835 0.1000000015
27987  -40.841  -61.196  -42.164 0.1000000015
29012  -40.905  -61.086  -41.390 0.1000000015
29027  -40.686  -60.747  -42.440 0.1000000015
119962  -40.554  -60.593  -40.971 0.1000000015
29011  -40.512  -60.513  -41.738 0.1000000015
29961  -40.269  -59.665  -41.738 0.1000000015
24131  -49.505  -65.258  -45.964 0.1000000015
118649  -48.707  -66.355  -45.115 0.1000000015
22022  -47.466  -67.625  -45.116 0.1000000015
22021  -46.496  -67.945  -44.640 0.1000000015
23094  -47.146  -67.118  -44.358 0.1000000015
25079  -49.547  -64.611  -45.708 0.1000000015
108860  -48.125  -64.720  -46.042 0.1000000015
28005  -41.957  -62.172  -42.250 0.1000000015
28006  -43.000  -62.155  -41.931 0.1000000015
28991  -41.031  -61.082  -40.539 0.1000000015
28990  -40.045  -60.069  -40.997 0.1000000015
29949  -39.731  -59.685  -40.238 0.1000000015
24113  -49.390  -65.588  -45.125 0.1000000015
23096  -48.640  -66.118  -44.446 0.1000000015
25061  -48.682  -63.836  -45.218 0.1000000015
27033  -43.852  -62.405  -42.532 0.1000000015
26016  -44.946  -63.277  -43.938 0.1000000015
26017  -46.155  -63.131  -43.898 0.1000000015
25060  -47.620  -64.200  -45.292 0.1000000015
27989  -42.301  -61.720  -41.480 0.1000000015
27970  -41.690  -61.320  -41.040 0.1000000015
28977  -40.300  -60.465  -40.140 0.1000000015
29941  -39.845  -59.921  -39.298 0.1000000015
29940  -39.547  -59.322  -39.598 0.1000000015
26053  -49.734  -64.258  -45.270 0.1000000015
26018  -47.352  -62.772  -44.217 0.1000000015
26035  -47.975  -63.413  -44.735 0.1000000015
26036  -49.058  -63.353  -44.815 0.1000000015
28007  -44.032  -61.718  -41.795 0.1000000015
119619  -44.648  -61.685  -42.294 0.1000000015
27046  -45.556  -62.540  -43.372 0.1000000015
27990  -43.379  -61.461  -41.291 0.1000000015
28962  -40.636  -60.457  -39.149 0.1000000015
123122  -40.266  -60.159  -38.733 0.1000000015
29923  -39.940  -59.765  -38.237 0.1000000015
27047  -46.760  -62.257  -43.575 0.1000000015
27034  -44.980  -62.008  -42.837 0.1000000015
27971  -42.739  -61.212  -40.771 0.1000000015
28992  -42.043  -61.170  -40.198 0.1000000015
28978  -41.296  -60.912  -39.675 0.1000000015
29924  -40.939  -60.314  -38.188 0.1000000015
29903  -40.659  -59.778  -37.385 0.1000000015
27972  -43.801  -60.946  -40.610 0.1000000015
28979  -42.457  -60.684  -39.466 0.1000000015
28963  -41.715  -60.538  -38.852 0.1000000015
29889  -41.303  -59.536  -36.605 0.1000000015
29904  -41.721  -59.868  -37.334 0.1000000015
28993  -43.149  -60.733  -40.081 0.1000000015
28964  -42.903  -60.263  -38.710 0.1000000015
29925  -42.238  -60.176  -38.028 0.1000000015
29905  -42.817  -59.669  -37.331 0.1000000015
11825  -35.505  -77.792  -50.812 0.1000000015
119219  -35.635  -76.113  -51.427 0.1000000015
13755  -37.821  -74.951  -51.584 0.1000000015
13753  -36.011  -75.635  -52.110 0.1000000015
13774  -37.449  -74.929  -52.749 0.1000000015
12775  -38.841  -76.145  -50.088 0.1000000015
12774  -37.821  -76.235  -50.237 0.1000000015
13757  -39.844  -75.111  -51.311 0.1000000015
14797  -38.870  -74.321  -53.010 0.1000000015
121787  -42.559  -68.565  -55.437 0.1000000015
18953  -40.816  -70.780  -55.903 0.1000000015
17911  -40.154  -71.695  -56.207 0.1000000015
18965  -40.358  -71.640  -56.378 0.1000000015
13713  -41.027  -75.581  -48.663 0.1000000015
13744  -41.106  -75.443  -50.055 0.1000000015
14730  -40.791  -75.088  -48.541 0.2000000030
119794  -40.584  -74.981  -51.154 0.1000000015
21103  -44.317  -68.052  -54.363 0.1000000015
114938  -43.264  -68.840  -54.365 0.1000000015
20032  -42.771  -69.193  -54.899 0.1000000015
20011  -42.725  -69.413  -54.129 0.1000000015
17879  -41.931  -70.827  -54.365 0.1000000015
17900  -40.268  -71.612  -55.966 0.1000000015
17889  -41.492  -71.346  -54.936 0.1000000015
15813  -39.715  -73.523  -54.169 0.1000000015
16839  -41.112  -72.024  -54.475 0.1000000015
15836  -39.481  -73.239  -55.060 0.1000000015
16775  -39.935  -72.828  -49.924 0.1000000015
15745  -39.567  -73.961  -49.050 0.2000000030
14729  -40.008  -74.608  -48.474 0.2000000030
103648  -42.042  -73.398  -51.663 0.1000000015
15815  -41.070  -73.165  -53.357 0.1000000015
23202  -47.485  -66.587  -51.278 0.1000000015
21069  -43.945  -68.466  -53.233 0.1000000015
15837  -40.253  -73.081  -54.409 0.1000000015
106050  -47.463  -66.140  -50.327 0.1000000015
17841  -41.951  -71.813  -52.074 0.1000000015
22162  -44.319  -67.833  -51.561 0.1000000015
21054  -43.681  -68.346  -52.201 0.1000000015
17861  -41.850  -71.784  -52.988 0.1000000015
28082  -46.438  -61.978  -48.134 0.1000000015
20986  -41.009  -68.813  -47.729 0.1000000015
19948  -39.763  -69.631  -48.272 0.1000000015
19961  -39.998  -69.743  -49.101 0.1000000015
14721  -36.634  -74.119  -47.450 0.2000000030
19973  -41.387  -69.377  -50.612 0.1000000015
22115  -43.697  -67.448  -49.545 0.1000000015
113346  -42.397  -68.297  -50.889 0.1000000015
18876  -41.250  -70.234  -50.834 0.1000000015
121530  -46.033  -67.519  -48.935 0.1000000015
22141  -43.890  -67.607  -50.524 0.1000000015
17797  -36.716  -71.593  -47.421 0.1000000015
102297  -42.785  -60.897  -45.342 0.1000000015
29054  -44.571  -60.032  -45.591 0.1000000015
103482  -46.274  -67.594  -47.745 0.1000000015
23145  -48.435  -66.226  -47.194 0.1000000015
29980  -40.953  -59.889  -43.357 0.1000000015
26034  -46.771  -63.689  -44.525 0.1000000015
20784  -45.426  -68.672  -33.382 0.5000000000
16734  -45.959  -72.740  -42.609 0.5000000000
17718  -46.116  -71.939  -42.214 0.5000000000
20764  -44.702  -68.484  -32.618 0.5000000000
20802  -44.949  -68.508  -34.319 0.5000000000
107150  -45.339  -68.496  -35.146 0.5000000000
17730  -45.414  -72.409  -42.703 0.5000000000
118754  -44.643  -68.123  -30.768 0.5000000000
20738  -44.815  -68.405  -31.547 0.5000000000
20783  -44.460  -68.439  -33.537 0.5000000000
18753  -45.141  -70.487  -40.737 0.5000000000
119497  -44.039  -68.316  -32.895 0.5000000000
109736  -44.012  -68.253  -32.117 0.5000000000
20782  -43.620  -68.293  -33.504 0.5000000000
20763  -43.377  -68.194  -32.660 0.4000000060
20801  -44.029  -68.348  -34.451 0.4000000060
15709  -42.428  -73.478  -42.185 0.5000000000
16731  -42.397  -72.871  -41.944 0.5000000000
16730  -41.565  -72.854  -41.800 0.5000000000
16716  -40.139  -72.119  -41.147 0.5000000000
16729  -40.661  -72.763  -41.616 0.5000000000
103896  -39.121  -72.074  -41.030 0.4000000060
18763  -38.211  -70.689  -39.951 0.4000000060
112195  -47.647  -69.927  -39.028 0.1000000015
122239  -46.670  -71.253  -41.637 0.5000000000
20739  -45.659  -68.638  -31.360 0.5000000000
102501  -46.254  -68.918  -32.766 0.5000000000
20803  -45.814  -68.689  -34.438 0.5000000000
20822  -45.651  -68.283  -36.039 0.4000000060
119295  -46.288  -71.021  -41.852 0.5000000000
115746  -45.025  -67.805  -30.188 0.5000000000
20720  -45.365  -68.314  -30.752 0.5000000000
21831  -44.605  -67.367  -29.588 0.5000000000
22924  -44.488  -66.450  -28.240 0.5000000000
22942  -44.151  -66.869  -29.013 0.5000000000
21858  -44.191  -67.784  -30.296 0.5000000000
21830  -43.725  -67.352  -29.734 0.3000000119
119970  -43.902  -68.010  -31.149 0.5000000000
20737  -43.237  -68.040  -31.799 0.4000000060
21857  -43.343  -67.680  -30.451 0.3000000119
21942  -43.505  -68.114  -36.093 0.6999999881
123460  -44.194  -67.961  -36.873 0.5000000000
22941  -43.269  -66.821  -29.216 0.3000000119
21829  -42.819  -67.327  -29.864 0.3000000119
21882  -43.077  -67.818  -31.100 0.3000000119
20762  -42.572  -68.035  -32.338 0.4000000060
21922  -43.329  -68.212  -35.135 0.5000000000
21953  -43.336  -67.930  -36.780 0.6000000238
20848  -44.020  -68.213  -37.895 0.6000000238
19823  -44.955  -68.987  -39.392 0.6000000238
17717  -45.183  -71.545  -41.902 0.5000000000
15710  -43.658  -73.715  -42.496 0.3000000119
21856  -42.410  -67.637  -30.644 0.3000000119
21881  -42.495  -67.863  -31.485 0.3000000119
21912  -42.159  -68.005  -33.963 0.4000000060
21964  -42.773  -67.982  -37.133 0.5000000000
110536  -43.239  -69.160  -38.651 0.6000000238
18751  -43.074  -70.435  -39.794 0.6000000238
17716  -43.700  -71.868  -41.219 0.5000000000
16719  -42.910  -72.435  -41.618 0.5000000000
104062  -41.816  -67.821  -31.950 0.4000000060
21899  -41.762  -67.988  -32.947 0.4000000060
21952  -42.515  -67.853  -36.356 0.5000000000
20846  -42.142  -68.342  -37.576 0.5000000000
18741  -42.287  -70.099  -39.131 0.5000000000
111148  -42.321  -70.749  -39.682 0.5000000000
16718  -41.939  -72.349  -41.305 0.5000000000
21897  -40.393  -67.261  -32.227 0.4000000060
108944  -40.869  -67.598  -32.991 0.4000000060
21940  -41.104  -67.508  -35.353 0.5000000000
21963  -41.769  -67.930  -36.914 0.5000000000
20864  -41.482  -68.833  -38.046 0.4000000060
18750  -41.568  -70.688  -39.437 0.5000000000
17714  -41.481  -71.749  -40.601 0.5000000000
21920  -40.795  -67.432  -34.500 0.4000000060
20845  -41.041  -68.350  -37.419 0.5000000000
19819  -40.831  -69.336  -38.457 0.4000000060
17698  -40.098  -71.149  -39.804 0.4000000060
17713  -40.575  -71.670  -40.527 0.5000000000
21950  -39.678  -67.328  -36.423 0.5000000000
19818  -39.775  -69.189  -38.489 0.4000000060
18748  -39.662  -70.496  -39.265 0.4000000060
17697  -39.121  -70.985  -39.803 0.4000000060
20844  -39.898  -68.233  -37.441 0.3000000119
20862  -39.336  -68.515  -38.159 0.4000000060
19817  -38.842  -68.880  -38.770 0.3000000119
19829  -38.410  -69.325  -39.352 0.3000000119
18746  -37.912  -69.868  -39.801 0.3000000119
19788  -47.583  -69.804  -37.721 0.1000000015
19803  -49.567  -69.273  -38.611 0.1000000015
19802  -48.665  -69.587  -38.773 0.1000000015
19836  -49.271  -69.008  -39.552 0.4000000060
19835  -48.607  -69.496  -40.055 0.4000000060
18755  -47.590  -70.686  -40.896 0.4000000060
18767  -47.513  -70.513  -41.202 0.5000000000
116322  -48.243  -69.545  -40.272 0.4000000060
19842  -47.636  -69.743  -40.728 0.5000000000
18766  -47.025  -70.705  -41.620 0.5000000000
104769  -46.398  -68.923  -31.714 0.5000000000
20766  -46.906  -69.121  -32.403 0.5000000000
20785  -46.388  -68.908  -33.760 0.5000000000
107926  -46.192  -68.538  -35.362 0.4000000060
112524  -47.319  -68.680  -39.735 0.5000000000
20884  -46.957  -69.151  -40.419 0.5000000000
21832  -45.519  -67.331  -29.500 0.5000000000
21859  -45.884  -67.867  -30.135 0.5000000000
20721  -46.289  -68.520  -30.737 0.5000000000
22925  -45.396  -66.681  -28.174 0.5000000000
22943  -45.033  -66.970  -28.822 0.5000000000
110864  -46.513  -68.452  -38.870 0.6000000238
22909  -44.928  -66.466  -27.689 0.4000000060
23934  -43.797  -66.061  -28.002 0.2000000030
114890  -43.597  -65.654  -26.878 0.2000000030
23933  -43.205  -65.683  -28.251 0.3000000119
22940  -42.373  -66.715  -29.395 0.3000000119
21828  -41.898  -67.220  -29.980 0.4000000060
23943  -41.954  -65.954  -29.039 0.3000000119
23923  -42.865  -64.939  -27.942 0.3000000119
23942  -41.087  -65.730  -29.258 0.4000000060
22938  -40.641  -66.290  -29.771 0.4000000060
21879  -40.230  -67.030  -31.233 0.4000000060
105881  -40.275  -67.177  -33.025 0.4000000060
21919  -39.982  -67.146  -34.311 0.4000000060
23951  -39.883  -65.913  -30.094 0.3000000119
23962  -38.914  -66.099  -31.711 0.3000000119
23006  -39.387  -66.614  -34.104 0.3000000119
103508  -40.451  -67.408  -35.932 0.4000000060
23005  -38.885  -66.088  -34.655 0.3000000119
23031  -39.061  -66.698  -36.377 0.3000000119
21973  -38.998  -67.829  -37.800 0.4000000060
20861  -38.648  -68.110  -38.576 0.3000000119
24004  -38.658  -65.627  -35.318 0.2000000030
24008  -38.591  -65.505  -36.032 0.2000000030
21960  -38.855  -67.043  -37.575 0.3000000119
24960  -38.792  -64.046  -35.706 0.1000000015
116271  -38.849  -65.562  -37.822 0.2000000030
21972  -38.690  -67.280  -38.391 0.4000000060
26942  -41.061  -62.496  -35.202 0.1000000015
19804  -50.288  -68.897  -38.293 0.1000000015
19824  -49.188  -69.276  -39.451 0.1000000015
19825  -49.726  -68.892  -38.909 0.2000000030
20871  -49.697  -68.607  -38.856 0.5000000000
20879  -48.755  -69.073  -39.997 0.4000000060
20878  -48.003  -69.088  -40.288 0.4000000060
20767  -47.336  -69.047  -31.756 0.5000000000
19756  -47.031  -69.104  -33.192 0.4000000060
20786  -47.291  -69.018  -34.108 0.4000000060
20824  -47.759  -68.237  -36.116 0.4000000060
20852  -47.660  -68.126  -38.215 0.5000000000
103839  -47.520  -68.374  -38.912 0.5000000000
21833  -46.480  -67.371  -29.467 0.5000000000
121853  -46.613  -67.994  -30.095 0.5000000000
115241  -47.007  -68.852  -31.057 0.4000000060
22888  -45.615  -66.650  -26.761 0.4000000060
22926  -46.124  -66.850  -28.116 0.4000000060
21807  -45.910  -66.973  -28.788 0.5000000000
22887  -44.853  -66.411  -26.993 0.4000000060
22869  -44.914  -66.236  -25.966 0.3000000119
23917  -44.182  -65.920  -26.517 0.3000000119
24861  -43.810  -64.469  -25.612 0.2000000030
24880  -42.972  -65.048  -26.886 0.2000000030
25794  -44.467  -63.865  -25.118 0.1000000015
24870  -42.558  -64.137  -26.534 0.3000000119
25805  -43.092  -63.743  -25.900 0.1000000015
24879  -42.278  -64.369  -27.371 0.3000000119
24889  -41.119  -64.348  -28.422 0.3000000119
25804  -42.298  -63.195  -26.322 0.2000000030
25815  -41.818  -63.631  -26.990 0.2000000030
24888  -40.329  -64.064  -28.699 0.2000000030
23950  -39.198  -65.476  -30.458 0.2000000030
23970  -38.577  -65.649  -32.420 0.2000000030
25831  -39.491  -63.229  -29.258 0.2000000030
24916  -38.514  -64.513  -31.521 0.2000000030
24937  -38.475  -65.006  -33.194 0.2000000030
25837  -38.960  -63.996  -30.284 0.2000000030
25866  -38.626  -63.929  -32.103 0.1000000015
24948  -38.589  -64.672  -34.104 0.2000000030
24959  -38.574  -64.894  -35.527 0.2000000030
26879  -39.546  -62.989  -31.907 0.1000000015
110736  -38.893  -63.634  -32.878 0.1000000015
25925  -38.901  -63.748  -34.930 0.1000000015
24966  -39.109  -64.204  -36.642 0.1000000015
26906  -40.308  -62.715  -32.420 0.1000000015
25889  -39.900  -62.903  -33.932 0.1000000015
109462  -39.313  -63.344  -35.269 0.1000000015
26917  -40.688  -62.561  -33.911 0.1000000015
26928  -40.448  -62.656  -34.614 0.1000000015
26930  -42.182  -62.578  -34.058 0.1000000015
26920  -43.887  -62.915  -33.442 0.1000000015
19805  -50.882  -68.367  -37.732 0.3000000119
20854  -50.288  -68.142  -38.280 0.3000000119
20788  -51.495  -68.208  -33.824 0.3000000119
112481  -51.235  -67.963  -35.792 0.3000000119
102918  -49.996  -67.866  -36.973 0.3000000119
20853  -49.512  -68.243  -38.658 0.3000000119
20870  -49.173  -68.634  -39.406 0.4000000060
19759  -49.551  -68.977  -33.116 0.3000000119
113799  -50.061  -68.357  -34.824 0.3000000119
103147  -48.782  -67.877  -36.995 0.5000000000
102783  -48.489  -67.917  -37.918 0.5000000000
20723  -48.665  -68.300  -30.675 0.4000000060
19738  -48.263  -69.000  -31.958 0.5000000000
122947  -48.163  -69.012  -34.333 0.4000000060
20805  -47.775  -68.696  -35.099 0.4000000060
103441  -47.709  -67.927  -36.917 0.5000000000
22890  -46.936  -67.290  -26.878 0.4000000060
21809  -47.571  -67.386  -28.303 0.4000000060
21860  -47.285  -67.786  -29.784 0.5000000000
22861  -46.663  -66.470  -24.697 0.4000000060
22871  -46.472  -66.832  -25.502 0.4000000060
22911  -46.334  -67.020  -27.374 0.4000000060
22927  -46.773  -67.151  -28.011 0.5000000000
118949  -45.971  -66.475  -25.093 0.4000000060
22870  -45.750  -66.588  -25.793 0.4000000060
23902  -46.727  -65.793  -24.264 0.3000000119
22860  -45.478  -66.188  -25.286 0.3000000119
24856  -45.628  -64.924  -24.441 0.3000000119
23907  -45.058  -65.436  -25.124 0.3000000119
24863  -45.015  -64.376  -24.758 0.2000000030
25795  -45.245  -63.319  -24.762 0.1000000015
118414  -44.567  -63.034  -25.212 0.1000000015
111453  -43.067  -62.742  -25.863 0.1000000015
25814  -41.031  -63.227  -27.453 0.2000000030
104768  -43.125  -61.783  -26.015 0.1000000015
26792  -42.115  -62.120  -26.395 0.1000000015
25813  -40.384  -62.985  -27.852 0.2000000030
25803  -41.481  -62.752  -26.879 0.2000000030
26811  -40.061  -62.446  -28.126 0.2000000030
27845  -39.830  -61.889  -29.118 0.1000000015
114393  -39.764  -62.229  -30.526 0.1000000015
26846  -39.977  -61.810  -29.910 0.1000000015
26880  -40.155  -62.421  -31.479 0.1000000015
118619  -41.178  -62.632  -32.756 0.1000000015
26881  -41.271  -62.201  -31.604 0.1000000015
103882  -41.756  -62.464  -32.298 0.1000000015
26907  -42.567  -62.680  -32.565 0.1000000015
26908  -43.392  -62.821  -32.238 0.1000000015
102076  -43.204  -62.987  -32.956 0.1000000015
25869  -44.628  -63.255  -32.339 0.1000000015
25870  -45.321  -63.378  -32.414 0.1000000015
25871  -46.200  -63.442  -32.515 0.1000000015
26887  -47.549  -63.018  -31.588 0.1000000015
20789  -52.623  -68.078  -33.833 0.3000000119
20808  -52.354  -68.307  -34.652 0.2000000030
20743  -51.821  -67.935  -32.192 0.3000000119
20742  -50.206  -68.405  -31.734 0.4000000060
21862  -50.345  -67.796  -30.290 0.3000000119
21763  -47.773  -67.496  -26.835 0.3000000119
22912  -47.251  -67.356  -27.518 0.3000000119
21786  -48.198  -67.508  -27.634 0.4000000060
21835  -48.896  -67.485  -29.165 0.4000000060
21836  -49.928  -67.556  -29.501 0.3000000119
22872  -47.169  -67.029  -25.121 0.3000000119
115246  -47.883  -67.396  -26.128 0.3000000119
21811  -49.800  -67.449  -28.591 0.4000000060
108567  -51.023  -67.278  -28.599 0.3000000119
23897  -47.796  -65.742  -23.412 0.3000000119
22862  -47.408  -66.765  -24.467 0.3000000119
22855  -47.410  -66.269  -24.021 0.3000000119
107771  -48.251  -64.969  -23.007 0.3000000119
122179  -47.260  -65.579  -23.895 0.3000000119
109646  -47.490  -64.940  -23.550 0.3000000119
117395  -46.279  -65.233  -24.270 0.3000000119
24857  -46.377  -64.312  -24.162 0.3000000119
25787  -46.202  -63.376  -24.528 0.2000000030
26757  -47.070  -62.707  -24.954 0.1000000015
26775  -47.675  -62.094  -25.443 0.1000000015
26773  -45.186  -62.454  -25.279 0.1000000015
123478  -46.633  -61.607  -25.662 0.1000000015
26794  -45.121  -61.734  -25.662 0.1000000015
117354  -44.523  -61.573  -25.744 0.1000000015
27811  -41.500  -61.237  -26.827 0.2000000030
28795  -41.849  -60.371  -26.914 0.2000000030
28820  -41.167  -60.574  -27.436 0.2000000030
27846  -40.303  -61.377  -28.581 0.1000000015
105011  -41.560  -59.689  -27.584 0.1000000015
28849  -40.822  -61.026  -29.224 0.1000000015
104282  -40.587  -61.912  -30.783 0.1000000015
27859  -41.635  -60.845  -29.823 0.1000000015
27867  -41.053  -61.472  -30.074 0.1000000015
26857  -41.790  -61.762  -31.063 0.1000000015
27868  -42.274  -61.386  -30.530 0.1000000015
26858  -42.947  -61.966  -31.128 0.1000000015
26883  -43.618  -62.530  -31.601 0.1000000015
25847  -44.185  -63.019  -31.947 0.1000000015
26885  -45.447  -62.839  -31.400 0.1000000015
26860  -45.119  -62.261  -31.036 0.1000000015
25849  -45.828  -63.286  -31.830 0.1000000015
26861  -45.943  -62.347  -31.037 0.1000000015
26886  -46.385  -62.914  -31.452 0.1000000015
26862  -46.918  -62.390  -31.076 0.1000000015
26863  -48.062  -62.309  -31.145 0.1000000015
26888  -48.882  -62.942  -31.459 0.1000000015
19768  -53.005  -68.761  -33.798 0.2000000030
19773  -52.442  -68.587  -34.716 0.2000000030
20745  -53.327  -67.942  -31.672 0.2000000030
20744  -53.010  -67.713  -32.072 0.3000000119
20712  -54.020  -67.675  -29.348 0.2000000030
21864  -52.904  -67.621  -31.054 0.3000000119
121177  -52.189  -67.719  -31.424 0.3000000119
21787  -49.245  -67.422  -27.748 0.3000000119
21837  -51.091  -67.470  -29.861 0.3000000119
21736  -47.975  -67.179  -24.731 0.3000000119
21751  -47.695  -67.268  -25.536 0.3000000119
21764  -48.386  -67.493  -26.415 0.3000000119
120343  -49.795  -67.405  -27.053 0.3000000119
117640  -50.369  -67.358  -27.842 0.3000000119
22856  -48.192  -66.432  -23.395 0.3000000119
21722  -48.646  -66.922  -23.365 0.3000000119
21766  -51.191  -67.296  -27.113 0.3000000119
21788  -51.382  -67.116  -28.015 0.2000000030
110056  -52.213  -66.979  -28.662 0.2000000030
24848  -49.343  -65.117  -22.357 0.2000000030
23898  -48.619  -65.926  -22.825 0.2000000030
24853  -48.782  -64.009  -22.868 0.3000000119
24852  -47.920  -64.089  -23.388 0.3000000119
24858  -47.227  -64.207  -23.914 0.3000000119
25779  -47.703  -63.434  -23.941 0.2000000030
25789  -48.219  -62.813  -24.222 0.2000000030
26758  -47.997  -62.468  -24.932 0.1000000015
26776  -48.531  -61.933  -25.364 0.1000000015
27793  -48.970  -61.284  -25.670 0.1000000015
28774  -50.101  -60.713  -25.729 0.1000000015
103634  -51.929  -60.105  -25.794 0.1000000015
27817  -47.787  -61.077  -25.913 0.1000000015
27818  -48.891  -60.784  -25.864 0.1000000015
28803  -49.479  -60.459  -25.823 0.1000000015
30775  -50.678  -58.879  -25.787 0.1000000015
31813  -52.408  -58.216  -25.852 0.1000000015
32811  -54.092  -56.846  -25.647 0.1000000015
27815  -45.933  -61.170  -25.850 0.1000000015
28801  -47.409  -60.448  -25.931 0.1000000015
29765  -48.602  -59.189  -25.917 0.1000000015
30774  -49.900  -58.454  -25.809 0.1000000015
117013  -51.982  -57.499  -25.807 0.1000000015
109866  -52.501  -56.735  -25.715 0.1000000015
27814  -44.787  -60.946  -25.965 0.1000000015
28799  -45.479  -60.319  -26.228 0.1000000015
106121  -43.181  -61.012  -26.163 0.1000000015
29759  -43.112  -59.714  -26.662 0.2000000030
29782  -42.311  -59.479  -27.142 0.1000000015
29781  -41.832  -58.958  -27.765 0.1000000015
28850  -41.210  -60.272  -29.039 0.1000000015
28851  -41.987  -59.984  -29.555 0.1000000015
28864  -42.643  -60.728  -30.138 0.1000000015
27869  -43.294  -61.460  -30.617 0.1000000015
26859  -43.866  -62.049  -31.083 0.1000000015
28866  -44.776  -60.979  -30.376 0.1000000015
115781  -44.514  -62.057  -31.003 0.1000000015
27871  -45.479  -61.701  -30.674 0.1000000015
27872  -46.385  -61.715  -30.679 0.1000000015
27873  -47.385  -61.691  -30.736 0.1000000015
20679  -55.108  -68.036  -25.836 0.2000000030
21813  -54.028  -67.236  -29.047 0.2000000030
119460  -52.177  -67.383  -30.249 0.3000000119
21863  -51.654  -67.594  -30.658 0.3000000119
19671  -55.174  -67.897  -24.276 0.2000000030
20685  -55.229  -67.131  -26.375 0.2000000030
21790  -54.293  -66.941  -28.056 0.2000000030
21812  -53.141  -67.165  -29.346 0.3000000119
104542  -51.933  -67.152  -29.477 0.3000000119
102561  -48.722  -67.416  -24.772 0.3000000119
21753  -49.320  -67.526  -25.326 0.3000000119
102782  -50.278  -67.499  -24.825 0.3000000119
121848  -50.812  -67.434  -25.470 0.3000000119
104182  -49.592  -67.194  -22.740 0.3000000119
118062  -49.623  -67.362  -23.432 0.3000000119
21754  -51.345  -67.379  -24.927 0.3000000119
103439  -51.657  -67.309  -25.987 0.3000000119
23890  -50.198  -65.768  -21.335 0.2000000030
23889  -49.690  -66.226  -22.093 0.3000000119
21767  -52.773  -67.055  -26.881 0.2000000030
108569  -52.431  -67.029  -27.809 0.2000000030
110664  -50.049  -64.881  -21.618 0.2000000030
24849  -49.884  -63.978  -22.316 0.3000000119
25780  -48.442  -63.324  -23.565 0.2000000030
25781  -50.458  -63.086  -22.859 0.2000000030
26752  -50.148  -62.568  -23.853 0.2000000030
108199  -49.855  -62.201  -24.704 0.2000000030
27769  -50.319  -61.622  -25.152 0.1000000015
29764  -46.941  -59.485  -26.106 0.1000000015
106888  -48.988  -58.139  -26.042 0.1000000015
31810  -49.778  -57.523  -25.828 0.1000000015
103436  -45.141  -59.608  -26.372 0.1000000015
30799  -46.083  -58.589  -26.162 0.1000000015
116570  -47.026  -58.290  -26.116 0.1000000015
31830  -48.218  -57.423  -26.108 0.1000000015
29760  -43.809  -59.484  -26.600 0.1000000015
29762  -45.234  -58.834  -26.335 0.1000000015
30798  -45.328  -57.899  -26.444 0.1000000015
31828  -46.195  -57.503  -26.252 0.1000000015
112004  -46.819  -56.976  -26.297 0.1000000015
30796  -43.870  -58.665  -26.943 0.1000000015
31826  -44.723  -57.433  -27.059 0.1000000015
31854  -43.729  -57.781  -28.387 0.1000000015
30808  -42.442  -58.682  -27.702 0.1000000015
29795  -42.038  -58.664  -28.182 0.1000000015
30828  -42.474  -58.602  -28.799 0.1000000015
30829  -43.338  -58.114  -29.151 0.1000000015
29805  -42.852  -58.796  -29.380 0.1000000015
28852  -42.973  -59.716  -29.822 0.1000000015
27870  -44.180  -61.550  -30.639 0.1000000015
18574  -52.458  -70.482  -22.947 0.3000000119
19617  -54.273  -68.730  -22.286 0.3000000119
20659  -54.590  -68.147  -23.131 0.3000000119
21743  -55.043  -67.396  -24.719 0.2000000030
21757  -54.826  -66.936  -25.598 0.2000000030
108568  -53.780  -66.711  -27.517 0.2000000030
20658  -54.021  -68.103  -22.382 0.3000000119
111118  -54.013  -67.473  -23.792 0.3000000119
21756  -53.861  -67.094  -25.406 0.3000000119
21789  -53.394  -66.930  -28.473 0.2000000030
21724  -51.205  -67.689  -22.612 0.3000000119
21725  -52.084  -67.789  -22.844 0.3000000119
21755  -52.534  -67.251  -25.173 0.3000000119
22836  -50.704  -66.212  -20.363 0.2000000030
21709  -50.882  -67.354  -21.234 0.3000000119
23879  -50.588  -65.643  -20.278 0.2000000030
24825  -50.509  -64.770  -20.514 0.2000000030
24839  -50.638  -64.461  -20.728 0.2000000030
24850  -50.590  -64.294  -21.405 0.2000000030
25774  -50.847  -63.653  -22.042 0.3000000119
25782  -51.536  -63.059  -22.312 0.2000000030
26753  -51.105  -62.586  -23.495 0.2000000030
31855  -44.382  -57.206  -28.550 0.1000000015
30830  -44.122  -57.819  -29.329 0.1000000015
29806  -43.595  -58.965  -29.710 0.1000000015
28853  -44.118  -59.976  -30.010 0.1000000015
18585  -49.716  -70.363  -23.872 0.1000000015
18572  -49.629  -70.495  -23.252 0.2000000030
18586  -50.405  -70.475  -23.483 0.3000000119
18563  -52.065  -70.458  -22.130 0.3000000119
18562  -51.235  -70.357  -22.263 0.3000000119
19604  -52.238  -69.290  -21.157 0.3000000119
21711  -52.124  -67.895  -21.511 0.3000000119
20632  -51.747  -68.540  -21.189 0.3000000119
22835  -50.858  -66.742  -20.290 0.3000000119
107125  -50.826  -67.182  -20.553 0.3000000119
21701  -50.926  -67.927  -21.007 0.3000000119
22811  -50.489  -66.057  -19.827 0.2000000030
24813  -50.508  -65.178  -20.002 0.2000000030
25775  -51.308  -63.574  -21.348 0.2000000030
25750  -50.580  -63.290  -20.521 0.1000000015
24840  -51.129  -63.676  -20.963 0.2000000030
25764  -51.644  -63.229  -21.286 0.2000000030
25751  -51.570  -63.240  -21.165 0.2000000030
25765  -51.802  -63.081  -21.477 0.3000000119
19613  -50.728  -69.838  -21.926 0.3000000119
19602  -50.854  -68.966  -21.173 0.3000000119
22824  -49.097  -66.374  -19.939 0.3000000119
104708  -50.363  -67.338  -20.465 0.3000000119
23852  -49.016  -65.705  -19.803 0.2000000030
24811  -49.215  -64.989  -19.787 0.2000000030
25748  -48.762  -63.448  -20.314 0.1000000015
25749  -49.751  -63.349  -20.266 0.1000000015
26720  -50.002  -62.619  -20.483 0.1000000015
26721  -50.774  -62.731  -20.777 0.1000000015
26722  -51.547  -62.845  -21.217 0.1000000015
20642  -48.768  -69.056  -22.009 0.3000000119
20629  -47.329  -68.131  -21.885 0.2000000030
20630  -48.627  -68.179  -21.474 0.3000000119
20631  -49.959  -68.445  -20.970 0.3000000119
109344  -48.239  -65.924  -20.233 0.2000000030
21688  -48.383  -66.757  -20.612 0.3000000119
117805  -49.596  -67.927  -20.770 0.3000000119
24823  -47.654  -64.500  -20.450 0.2000000030
23865  -47.588  -65.309  -20.611 0.2000000030
25746  -46.825  -63.152  -20.681 0.1000000015
25747  -47.707  -63.557  -20.466 0.1000000015
26716  -46.013  -62.020  -20.902 0.1000000015
111224  -47.372  -62.822  -20.598 0.1000000015
26719  -48.079  -62.785  -20.532 0.1000000015
115392  -49.049  -62.610  -20.578 0.1000000015
112031  -48.129  -62.181  -20.780 0.1000000015
27712  -48.809  -62.005  -20.973 0.1000000015
119463  -49.534  -62.244  -20.786 0.1000000015
27733  -49.404  -61.632  -21.257 0.1000000015
21698  -46.926  -67.374  -21.649 0.2000000030
21699  -47.961  -67.446  -21.320 0.2000000030
23864  -46.828  -65.532  -21.206 0.2000000030
22834  -47.478  -66.803  -21.270 0.2000000030
122738  -46.421  -64.268  -21.088 0.1000000015
24822  -46.994  -64.712  -20.960 0.2000000030
25745  -46.108  -62.743  -20.902 0.1000000015
26717  -46.802  -62.368  -20.762 0.1000000015
27710  -47.289  -61.800  -20.942 0.1000000015
27711  -48.027  -61.585  -21.123 0.1000000015
28700  -48.045  -60.906  -21.468 0.1000000015
28722  -48.802  -60.857  -21.656 0.1000000015
27731  -46.037  -60.921  -21.241 0.1000000015
28720  -46.740  -60.634  -21.373 0.1000000015
29697  -46.822  -59.961  -21.659 0.1000000015
103213  -48.164  -60.191  -21.888 0.1000000015
28719  -45.288  -60.479  -21.504 0.1000000015
29696  -45.454  -59.649  -21.884 0.1000000015
113200  -46.240  -59.666  -21.860 0.1000000015
20834  -45.005  -68.168  -36.572 0.4000000060
107587  -44.653  -68.425  -35.017 0.5000000000
20820  -44.113  -68.317  -35.466 0.5000000000
21943  -44.325  -68.233  -36.194 0.6000000238
20850  -45.764  -68.181  -38.112 0.5000000000
20823  -46.716  -68.233  -36.336 0.4000000060
102382  -46.078  -68.089  -37.543 0.4000000060
21966  -44.379  -68.010  -37.496 0.5000000000
19833  -46.386  -69.485  -40.719 0.5000000000
20849  -44.858  -68.091  -38.069 0.6000000238
17729  -44.624  -72.211  -42.340 0.3000000119
14680  -43.052  -74.364  -42.096 0.5000000000
20876  -45.927  -68.927  -39.972 0.5000000000
15712  -45.772  -73.309  -42.599 0.5000000000
20800  -43.057  -68.235  -34.208 0.4000000060
16720  -43.866  -72.550  -42.052 0.4000000060
16717  -41.051  -72.233  -41.202 0.5000000000
17712  -39.612  -71.579  -40.460 0.4000000060
18747  -38.733  -70.187  -39.486 0.4000000060
106913  -48.573  -69.631  -39.737 0.2000000030
20804  -46.719  -68.780  -34.710 0.5000000000
20835  -45.912  -68.073  -36.890 0.4000000060
20781  -42.751  -68.172  -33.271 0.3000000119
117571  -42.762  -68.001  -35.617 0.4000000060
21965  -43.654  -67.980  -37.313 0.6000000238
22922  -42.850  -66.120  -28.829 0.3000000119
103750  -41.841  -67.726  -31.212 0.4000000060
21921  -42.487  -68.040  -34.866 0.5000000000
20847  -43.139  -68.332  -37.718 0.6000000238
19831  -43.348  -69.679  -39.276 0.6000000238
19822  -43.962  -68.994  -39.041 0.6000000238
20867  -44.464  -68.524  -38.595 0.6000000238
20868  -45.528  -68.551  -38.915 0.6000000238
105406  -44.458  -69.612  -39.710 0.5000000000
21911  -41.298  -67.667  -33.795 0.4000000060
21941  -41.992  -67.765  -35.532 0.4000000060
19821  -42.664  -69.473  -38.713 0.6000000238
20865  -42.594  -68.881  -38.189 0.5000000000
18764  -42.862  -71.179  -40.279 0.5000000000
18752  -43.949  -70.200  -39.959 0.5000000000
17715  -42.443  -71.827  -40.763 0.5000000000
18765  -44.006  -71.055  -40.470 0.5000000000
21898  -41.167  -67.665  -32.306 0.4000000060
21854  -40.786  -67.230  -30.704 0.4000000060
21951  -41.434  -67.606  -36.174 0.5000000000
18740  -41.235  -70.038  -38.884 0.4000000060
19820  -41.849  -69.453  -38.533 0.5000000000
17700  -41.941  -71.285  -40.016 0.5000000000
22970  -39.581  -66.714  -31.879 0.3000000119
21939  -40.231  -67.239  -35.142 0.5000000000
18749  -40.630  -70.623  -39.290 0.4000000060
17699  -41.042  -71.210  -39.907 0.5000000000
21962  -40.567  -67.782  -36.732 0.5000000000
20863  -40.384  -68.769  -38.011 0.4000000060
18739  -40.207  -69.983  -38.735 0.4000000060
21961  -39.473  -67.594  -37.065 0.4000000060
21938  -39.579  -67.022  -35.724 0.4000000060
19830  -39.242  -69.690  -38.970 0.4000000060
19757  -47.643  -69.181  -32.613 0.5000000000
107604  -47.003  -68.576  -35.528 0.4000000060
20877  -46.420  -68.696  -39.646 0.5000000000
20851  -46.722  -68.224  -38.103 0.5000000000
23925  -44.167  -66.123  -27.421 0.3000000119
23916  -43.603  -65.272  -26.254 0.2000000030
23932  -42.484  -65.327  -28.538 0.3000000119
22939  -41.469  -66.553  -29.556 0.4000000060
23931  -41.578  -65.099  -28.782 0.3000000119
24890  -42.009  -64.613  -28.174 0.3000000119
23930  -40.712  -64.867  -28.991 0.3000000119
23941  -40.284  -65.422  -29.504 0.3000000119
22969  -39.512  -66.300  -30.931 0.3000000119
22997  -39.253  -66.494  -33.329 0.3000000119
22987  -39.729  -66.826  -32.750 0.3000000119
107727  -39.482  -66.731  -34.942 0.3000000119
22986  -39.043  -66.364  -32.541 0.3000000119
120379  -38.886  -65.696  -31.089 0.2000000030
110016  -38.980  -66.160  -33.851 0.3000000119
23023  -38.886  -66.287  -35.638 0.3000000119
23977  -38.712  -65.557  -33.966 0.2000000030
23030  -38.729  -66.045  -36.420 0.3000000119
23035  -39.132  -67.005  -36.908 0.4000000060
24965  -38.682  -64.786  -36.340 0.2000000030
23034  -38.796  -66.282  -37.174 0.3000000119
23037  -38.712  -66.427  -38.142 0.2000000030
107820  -38.673  -64.370  -34.886 0.2000000030
24969  -38.960  -64.882  -37.191 0.2000000030
26956  -41.075  -62.677  -36.129 0.1000000015
26929  -41.276  -62.460  -34.358 0.1000000015
20740  -47.901  -68.661  -31.040 0.4000000060
19766  -47.932  -69.189  -33.511 0.5000000000
20825  -48.824  -68.189  -35.961 0.4000000060
102750  -47.008  -67.978  -37.386 0.5000000000
21808  -46.694  -67.131  -28.658 0.5000000000
22889  -46.341  -66.967  -26.430 0.4000000060
23906  -44.268  -65.441  -25.730 0.3000000119
24862  -44.493  -64.733  -25.227 0.2000000030
24871  -43.171  -64.576  -26.175 0.2000000030
25793  -43.859  -63.346  -25.499 0.1000000015
24878  -41.482  -63.943  -27.753 0.2000000030
24898  -39.974  -64.567  -29.252 0.2000000030
25822  -39.932  -63.244  -28.469 0.2000000030
24906  -39.008  -64.672  -30.264 0.2000000030
24897  -39.355  -64.107  -29.645 0.2000000030
24926  -38.425  -64.757  -32.280 0.2000000030
26830  -39.668  -62.502  -28.823 0.2000000030
112700  -38.879  -63.598  -30.833 0.1000000015
102352  -39.178  -63.356  -30.065 0.1000000015
26856  -39.331  -62.880  -30.857 0.1000000015
25867  -39.116  -63.408  -32.277 0.1000000015
112024  -38.563  -64.252  -32.793 0.2000000030
25887  -38.650  -64.086  -33.488 0.2000000030
25868  -39.644  -63.138  -32.902 0.1000000015
25888  -39.170  -63.448  -33.654 0.1000000015
25908  -39.288  -63.351  -34.466 0.1000000015
25926  -39.433  -63.460  -36.138 0.1000000015
105102  -40.928  -62.442  -32.136 0.1000000015
25927  -40.128  -62.853  -35.538 0.1000000015
26918  -41.476  -62.589  -33.485 0.1000000015
26919  -42.424  -62.710  -33.276 0.1000000015
103437  -43.051  -62.697  -33.757 0.1000000015
25890  -43.994  -63.124  -32.641 0.1000000015
20837  -51.235  -68.086  -37.103 0.3000000119
20836  -50.813  -67.926  -37.689 0.3000000119
20770  -52.019  -67.973  -33.127 0.3000000119
20807  -51.960  -68.195  -35.387 0.3000000119
20769  -50.659  -68.449  -32.851 0.3000000119
20787  -50.267  -68.509  -33.841 0.3000000119
103470  -50.023  -68.066  -35.887 0.3000000119
19767  -49.031  -68.965  -33.910 0.3000000119
19758  -48.604  -69.189  -32.882 0.3000000119
20768  -49.338  -68.898  -32.285 0.3000000119
19772  -48.921  -68.594  -34.970 0.3000000119
115549  -48.012  -68.125  -30.220 0.4000000060
21861  -49.037  -67.787  -30.029 0.4000000060
20724  -49.662  -68.237  -30.806 0.4000000060
20741  -48.967  -68.676  -31.368 0.4000000060
21834  -47.361  -67.421  -29.145 0.4000000060
110842  -48.095  -67.707  -29.523 0.4000000060
23901  -45.893  -65.889  -24.653 0.3000000119
23903  -46.914  -65.018  -24.041 0.3000000119
25786  -45.613  -64.031  -24.374 0.2000000030
26774  -46.096  -62.583  -25.046 0.1000000015
26793  -44.155  -62.257  -25.608 0.1000000015
26812  -40.683  -62.342  -27.463 0.2000000030
27813  -43.917  -61.333  -25.900 0.1000000015
27812  -42.400  -61.153  -26.430 0.2000000030
27831  -40.810  -61.414  -27.359 0.1000000015
26831  -39.939  -61.965  -28.480 0.1000000015
26845  -39.527  -62.479  -29.780 0.1000000015
27858  -40.299  -61.481  -29.337 0.1000000015
26882  -42.530  -62.378  -31.782 0.1000000015
26884  -44.531  -62.638  -31.403 0.1000000015
20790  -52.769  -68.253  -34.072 0.2000000030
20771  -52.956  -67.756  -32.986 0.2000000030
104528  -52.101  -69.031  -35.646 0.2000000030
20725  -50.978  -68.012  -31.124 0.3000000119
21765  -49.137  -67.514  -26.282 0.3000000119
21810  -48.626  -67.447  -28.364 0.4000000060
21721  -47.995  -66.854  -23.936 0.3000000119
25788  -47.026  -63.490  -24.352 0.1000000015
107767  -46.832  -62.119  -25.440 0.1000000015
27792  -48.136  -61.514  -25.741 0.1000000015
27791  -47.352  -61.596  -25.693 0.1000000015
26795  -45.997  -61.984  -25.564 0.1000000015
27816  -46.944  -61.065  -25.838 0.1000000015
28796  -42.749  -60.353  -26.538 0.1000000015
28819  -40.649  -60.932  -27.928 0.1000000015
117022  -40.774  -60.714  -28.531 0.1000000015
29794  -41.564  -59.114  -28.117 0.1000000015
104067  -53.388  -67.986  -32.618 0.2000000030
20726  -53.471  -68.058  -31.109 0.2000000030
21865  -53.465  -67.925  -30.730 0.2000000030
21838  -53.033  -67.444  -30.179 0.2000000030
21737  -48.760  -67.248  -23.890 0.3000000119
103440  -50.259  -67.443  -26.034 0.3000000119
21708  -49.065  -66.647  -22.777 0.3000000119
113596  -47.581  -62.946  -24.476 0.1000000015
26751  -49.432  -62.559  -24.134 0.2000000030
26759  -48.907  -62.343  -24.688 0.1000000015
26777  -49.431  -61.764  -25.229 0.1000000015
27794  -49.860  -61.190  -25.547 0.1000000015
117803  -49.473  -60.883  -25.755 0.1000000015
28775  -50.735  -60.486  -25.795 0.1000000015
29767  -50.102  -60.144  -25.859 0.1000000015
29736  -51.358  -59.406  -25.819 0.1000000015
29735  -50.687  -59.784  -25.865 0.1000000015
111354  -48.224  -60.640  -25.940 0.1000000015
28802  -48.774  -60.172  -25.890 0.1000000015
29734  -50.037  -59.357  -25.896 0.1000000015
29766  -49.415  -59.751  -25.885 0.1000000015
30776  -51.488  -58.343  -25.783 0.1000000015
31811  -50.596  -57.903  -25.693 0.1000000015
121443  -52.667  -57.525  -25.776 0.1000000015
107509  -53.195  -58.025  -25.778 0.1000000015
31814  -53.289  -57.185  -25.669 0.1000000015
28800  -46.446  -60.369  -26.059 0.1000000015
105704  -47.947  -59.875  -25.940 0.1000000015
30801  -49.387  -58.984  -25.899 0.1000000015
30800  -47.702  -59.042  -26.011 0.1000000015
31812  -51.236  -57.460  -25.723 0.1000000015
33757  -53.388  -56.327  -25.653 0.1000000015
28798  -44.603  -60.030  -26.401 0.1000000015
29763  -45.891  -59.558  -26.247 0.1000000015
28797  -43.750  -60.423  -26.304 0.1000000015
118529  -41.905  -58.897  -28.553 0.1000000015
28865  -43.684  -60.795  -30.221 0.1000000015
118199  -54.813  -68.502  -24.711 0.2000000030
21758  -55.099  -67.055  -25.732 0.2000000030
21791  -54.813  -66.958  -27.607 0.2000000030
19654  -54.386  -69.328  -23.492 0.3000000119
21769  -55.035  -66.739  -26.514 0.2000000030
21738  -49.411  -67.442  -24.332 0.3000000119
122483  -50.045  -66.897  -21.940 0.3000000119
21723  -50.499  -67.490  -22.486 0.3000000119
21739  -51.114  -67.533  -23.850 0.3000000119
104441  -50.271  -67.499  -23.624 0.3000000119
21740  -52.194  -67.441  -24.087 0.3000000119
103438  -53.132  -67.102  -26.080 0.3000000119
23891  -50.449  -65.256  -20.837 0.2000000030
22846  -50.743  -66.696  -20.896 0.3000000119
115407  -49.392  -63.133  -23.337 0.2000000030
26760  -50.723  -62.096  -24.471 0.2000000030
107216  -47.991  -58.268  -26.014 0.1000000015
32809  -50.545  -56.892  -25.794 0.1000000015
31829  -47.414  -57.542  -26.140 0.1000000015
122688  -46.855  -57.563  -26.184 0.1000000015
30797  -44.582  -58.273  -26.708 0.1000000015
30809  -43.302  -58.337  -27.642 0.1000000015
30820  -42.834  -58.328  -28.367 0.1000000015
19629  -53.645  -70.091  -22.645 0.3000000119
19653  -53.224  -69.987  -23.667 0.3000000119
19615  -52.655  -69.979  -21.442 0.3000000119
20645  -53.516  -68.622  -21.619 0.3000000119
21726  -53.286  -67.770  -23.198 0.3000000119
20657  -53.081  -67.977  -21.843 0.3000000119
21710  -51.428  -67.729  -21.304 0.3000000119
22825  -50.768  -66.274  -20.123 0.3000000119
23867  -50.657  -65.692  -20.066 0.2000000030
25776  -51.910  -63.051  -21.627 0.2000000030
19651  -50.288  -70.094  -24.513 0.1000000015
19612  -48.770  -69.866  -22.576 0.2000000030
18561  -50.436  -70.489  -22.739 0.3000000119
20644  -52.680  -68.520  -21.240 0.3000000119
19603  -51.487  -69.331  -21.262 0.3000000119
21674  -49.963  -66.465  -19.836 0.3000000119
21689  -49.644  -66.934  -20.117 0.3000000119
23854  -50.455  -65.535  -19.840 0.2000000030
25738  -50.358  -64.271  -20.282 0.2000000030
24826  -50.986  -63.748  -20.831 0.1000000015
104049  -51.241  -63.210  -20.874 0.2000000030
20643  -49.784  -69.378  -21.911 0.3000000119
21700  -49.097  -67.510  -20.678 0.3000000119
23866  -48.303  -65.139  -20.060 0.2000000030
24824  -48.502  -64.312  -20.142 0.2000000030
25737  -49.481  -64.217  -20.015 0.2000000030
27713  -50.127  -62.202  -20.885 0.1000000015
22823  -47.510  -66.103  -20.928 0.2000000030
109002  -46.939  -63.941  -20.703 0.1000000015
116280  -46.570  -61.769  -20.946 0.1000000015
27732  -48.605  -61.424  -21.308 0.1000000015
22833  -46.605  -66.499  -21.456 0.2000000030
24821  -46.134  -63.554  -21.041 0.1000000015
28699  -47.358  -61.097  -21.291 0.1000000015
103649  -46.105  -60.216  -21.536 0.1000000015
13654  -42.573  -75.240  -41.378 0.3000000119
12646  -42.866  -77.230  -40.453 0.3000000119
13632  -42.321  -76.330  -40.770 0.3000000119
8295  -40.013  -82.483  -40.125 0.2000000030
8308  -37.908  -82.783  -40.773 0.2000000030
11708  -42.726  -78.171  -40.354 0.4000000060
9924  -41.712  -80.592  -40.052 0.3000000119
122607  -41.916  -75.604  -41.069 0.4000000060
10805  -41.919  -79.513  -40.409 0.3000000119
9102  -41.327  -81.158  -39.643 0.3000000119
14679  -41.903  -74.236  -41.789 0.4000000060
106124  -41.144  -77.571  -40.511 0.4000000060
9114  -41.219  -81.320  -40.176 0.3000000119
8309  -39.118  -82.904  -40.597 0.2000000030
13631  -41.133  -75.862  -40.784 0.4000000060
114807  -41.447  -76.743  -40.538 0.4000000060
10804  -40.872  -79.688  -40.653 0.4000000060
13653  -41.424  -74.985  -41.231 0.4000000060
15708  -41.228  -73.473  -41.883 0.4000000060
105723  -40.840  -78.589  -40.539 0.4000000060
9923  -40.932  -80.878  -40.841 0.3000000119
8328  -38.928  -82.464  -41.640 0.3000000119
13652  -40.409  -75.046  -41.086 0.4000000060
11706  -40.107  -77.596  -40.595 0.4000000060
9943  -40.096  -79.737  -41.086 0.3000000119
9127  -40.145  -81.249  -41.416 0.4000000060
14678  -40.670  -74.200  -41.627 0.4000000060
9942  -39.704  -80.111  -41.638 0.3000000119
13630  -40.009  -75.871  -40.738 0.4000000060
12643  -39.625  -76.711  -40.738 0.4000000060
11723  -39.011  -78.079  -41.284 0.4000000060
14677  -39.687  -73.992  -41.753 0.4000000060
11705  -39.298  -77.483  -40.966 0.4000000060
10823  -39.173  -78.973  -41.493 0.3000000119
15707  -40.222  -73.422  -41.753 0.4000000060
13651  -39.470  -75.173  -41.108 0.4000000060
12663  -39.121  -76.001  -40.895 0.4000000060
14676  -38.990  -74.517  -41.584 0.4000000060
13650  -38.632  -75.402  -41.335 0.4000000060
12662  -38.471  -76.316  -41.365 0.4000000060
11722  -38.571  -77.287  -41.480 0.4000000060
10833  -38.751  -78.739  -42.198 0.3000000119
12661  -37.863  -75.759  -41.814 0.4000000060
12682  -37.941  -76.763  -41.945 0.4000000060
108374  -38.550  -78.127  -41.819 0.3000000119
10842  -38.965  -78.898  -43.115 0.2000000030
15706  -39.318  -73.353  -41.723 0.3000000119
113520  -38.963  -73.905  -41.813 0.4000000060
14687  -38.150  -74.169  -41.918 0.4000000060
12681  -37.480  -76.392  -42.365 0.4000000060
11735  -37.663  -77.136  -42.763 0.4000000060
11736  -38.432  -78.007  -42.717 0.2000000030
11746  -38.780  -78.304  -43.740 0.2000000030
10843  -39.164  -78.866  -44.051 0.3000000119
16727  -38.631  -72.601  -41.615 0.3000000119
15705  -38.481  -73.416  -41.851 0.3000000119
12680  -36.995  -76.454  -42.941 0.3000000119
11757  -38.597  -77.753  -44.227 0.2000000030
11745  -38.021  -77.557  -43.540 0.2000000030
10866  -39.247  -78.464  -44.822 0.2000000030
106999  -38.627  -71.365  -40.444 0.3000000119
16738  -37.929  -72.884  -41.968 0.3000000119
14686  -37.532  -74.944  -42.098 0.4000000060
12699  -37.210  -76.895  -43.580 0.1000000015
17728  -37.999  -71.638  -41.150 0.3000000119
16737  -37.092  -72.701  -42.200 0.3000000119
14694  -36.248  -74.215  -42.997 0.2000000030
13678  -36.226  -75.540  -43.614 0.2000000030
11758  -39.311  -78.034  -44.704 0.1000000015
119336  -39.628  -77.740  -45.492 0.2000000030
16736  -36.242  -72.420  -42.660 0.2000000030
13686  -35.927  -75.317  -44.355 0.1000000015
12713  -37.741  -77.111  -44.359 0.1000000015
12714  -38.940  -77.353  -44.901 0.1000000015
109826  -39.610  -77.661  -45.389 0.1000000015
18762  -37.605  -70.370  -40.338 0.2000000030
16726  -37.533  -72.204  -41.752 0.3000000119
17740  -36.646  -71.873  -42.145 0.3000000119
20875  -38.377  -68.535  -39.288 0.2000000030
17710  -37.314  -70.825  -40.967 0.3000000119
14702  -35.622  -74.560  -44.282 0.1000000015
12725  -37.113  -76.444  -44.943 0.1000000015
105423  -39.429  -76.781  -45.477 0.1000000015
12715  -39.695  -77.368  -45.515 0.1000000015
19839  -37.554  -69.647  -40.328 0.2000000030
19849  -37.223  -70.029  -40.917 0.2000000030
17739  -36.494  -71.156  -42.145 0.2000000030
111581  -35.812  -72.168  -43.189 0.1000000015
110563  -35.609  -73.968  -43.774 0.1000000015
14709  -35.653  -74.656  -45.100 0.1000000015
14710  -36.176  -75.015  -45.772 0.1000000015
13694  -37.622  -75.927  -45.612 0.1000000015
12727  -40.299  -76.966  -45.843 0.1000000015
10884  -39.779  -77.609  -47.024 0.1000000015
18776  -36.839  -70.417  -41.819 0.1000000015
107225  -36.065  -71.485  -42.767 0.2000000030
17750  -35.800  -71.634  -43.563 0.1000000015
15720  -35.244  -73.207  -45.084 0.1000000015
14713  -36.399  -74.573  -46.614 0.1000000015
13701  -38.024  -75.407  -46.306 0.1000000015
13702  -39.178  -75.434  -46.338 0.1000000015
11789  -40.657  -76.976  -46.532 0.1000000015
11787  -39.698  -77.596  -47.747 0.1000000015
16745  -35.394  -72.495  -44.650 0.1000000015
15729  -35.927  -73.740  -46.930 0.1000000015
14714  -37.294  -74.821  -46.929 0.1000000015
13704  -40.733  -76.090  -47.175 0.1000000015
12738  -40.573  -76.827  -47.721 0.1000000015
14722  -37.644  -74.289  -47.586 0.1000000015
26740  -52.151  -62.488  -21.900 0.2000000030
21980  -38.517  -67.686  -39.240 0.2000000030
111783  -38.257  -68.337  -39.780 0.1000000015
119438  -37.458  -69.446  -40.875 0.1000000015
109552  -37.285  -69.503  -41.544 0.1000000015
18797  -36.168  -70.860  -43.365 0.1000000015
19857  -37.229  -69.595  -42.415 0.1000000015
17762  -35.942  -71.248  -44.066 0.1000000015
16749  -35.471  -72.526  -45.536 0.1000000015
12739  -40.699  -76.673  -47.090 0.1000000015
12732  -40.536  -76.650  -46.454 0.1000000015
14715  -38.434  -74.851  -46.916 0.1000000015
16754  -35.766  -72.924  -47.090 0.1000000015
12645  -42.158  -77.418  -40.453 0.3000000119
8282  -40.587  -82.020  -39.944 0.3000000119
8296  -40.636  -81.797  -40.443 0.3000000119
12644  -40.539  -76.694  -40.568 0.4000000060
121952  -40.309  -80.589  -41.323 0.3000000119
10803  -39.796  -78.568  -40.824 0.4000000060
114706  -39.836  -74.514  -41.443 0.4000000060
113080  -37.159  -74.185  -42.364 0.3000000119
13668  -36.589  -75.709  -42.988 0.2000000030
15715  -37.620  -73.452  -42.157 0.3000000119
12698  -36.618  -76.252  -43.583 0.2000000030
14685  -36.759  -74.990  -42.594 0.4000000060
15714  -36.688  -73.350  -42.588 0.2000000030
108234  -36.277  -75.070  -43.113 0.2000000030
12712  -36.803  -76.517  -44.224 0.1000000015
11771  -40.133  -77.278  -45.808 0.1000000015
13692  -36.041  -75.404  -45.092 0.1000000015
12726  -38.269  -76.647  -45.157 0.1000000015
17727  -36.981  -71.371  -41.555 0.3000000119
114855  -35.400  -73.912  -44.623 0.1000000015
13695  -38.795  -76.007  -45.754 0.1000000015
11772  -40.581  -77.025  -46.116 0.1000000015
20882  -37.655  -69.100  -40.497 0.1000000015
18787  -36.405  -70.808  -42.586 0.1000000015
15718  -35.355  -73.172  -44.155 0.1000000015
118907  -35.429  -73.870  -45.410 0.1000000015
13700  -36.972  -75.342  -46.201 0.1000000015
11788  -40.427  -77.198  -47.196 0.1000000015
15726  -35.491  -73.303  -46.113 0.1000000015
11797  -40.045  -77.266  -48.101 0.1000000015
17773  -35.616  -71.949  -45.069 0.1000000015
18788  -36.702  -70.242  -42.840 0.1000000015
15693  -45.038  -74.049  -40.186 0.3000000119
13618  -44.323  -75.006  -39.950 0.2000000030
14645  -43.786  -75.510  -38.767 0.3000000119
13617  -43.838  -76.039  -39.478 0.2000000030
17702  -46.613  -71.855  -41.439 0.4000000060
16706  -46.153  -72.775  -41.296 0.2000000030
12622  -43.449  -77.268  -38.112 0.2000000030
16721  -46.193  -72.509  -42.061 0.4000000060
12633  -43.619  -76.964  -39.089 0.2000000030
11660  -43.094  -77.443  -37.740 0.1000000015
11678  -43.288  -77.868  -38.128 0.2000000030
10773  -42.201  -79.025  -38.369 0.1000000015
13635  -44.352  -74.942  -40.990 0.3000000119
120187  -42.297  -78.073  -37.969 0.1000000015
120507  -43.421  -78.109  -39.396 0.2000000030
10772  -41.206  -79.147  -38.463 0.1000000015
9909  -41.088  -80.245  -38.686 0.1000000015
9900  -41.887  -79.955  -38.529 0.1000000015
9910  -41.866  -80.468  -38.778 0.1000000015
9907  -38.246  -79.555  -39.564 0.1000000015
102711  -39.925  -79.966  -38.922 0.1000000015
114794  -40.378  -81.094  -39.121 0.1000000015
9921  -37.651  -80.019  -40.072 0.1000000015
9908  -39.223  -80.334  -39.285 0.1000000015
14682  -44.819  -74.384  -41.869 0.3000000119
111934  -43.458  -77.435  -39.683 0.2000000030
9902  -42.729  -79.778  -39.132 0.2000000030
10774  -42.797  -79.185  -38.727 0.2000000030
9901  -42.335  -79.968  -38.770 0.2000000030
113533  -37.997  -81.595  -40.271 0.1000000015
9920  -37.070  -80.245  -40.712 0.1000000015
120143  -44.602  -74.190  -42.419 0.2000000030
13656  -44.206  -74.663  -41.720 0.3000000119
11709  -43.128  -77.945  -40.044 0.2000000030
112362  -41.351  -80.954  -39.100 0.2000000030
113352  -39.564  -81.587  -39.511 0.1000000015
9941  -36.450  -80.266  -41.399 0.1000000015
9125  -37.194  -81.400  -41.031 0.1000000015
13633  -43.265  -76.160  -40.869 0.3000000119
103825  -42.648  -79.055  -40.244 0.3000000119
113312  -44.310  -73.350  -42.851 0.2000000030
9101  -40.745  -81.625  -39.617 0.2000000030
8280  -39.842  -82.411  -39.825 0.1000000015
8293  -38.753  -82.797  -40.434 0.1000000015
8326  -36.146  -81.852  -42.539 0.1000000015
13655  -43.598  -75.009  -41.559 0.2000000030
7473  -37.681  -83.469  -41.436 0.1000000015
111942  -38.379  -83.331  -40.986 0.1000000015
7485  -36.427  -83.105  -42.446 0.1000000015
119859  -38.483  -83.291  -41.142 0.1000000015
7474  -37.999  -83.594  -41.496 0.1000000015
8327  -38.405  -82.933  -42.107 0.1000000015
7500  -35.007  -83.155  -43.760 0.1000000015
6672  -36.335  -83.829  -42.950 0.1000000015
7486  -36.979  -83.813  -42.047 0.1000000015
7488  -37.910  -83.672  -42.241 0.1000000015
9140  -39.266  -81.379  -42.250 0.3000000119
6685  -36.447  -84.201  -43.587 0.1000000015
15711  -45.191  -73.809  -42.783 0.3000000119
15703  -46.110  -73.134  -42.027 0.3000000119
14671  -44.842  -74.463  -40.891 0.2000000030
123597  -43.198  -77.083  -40.274 0.3000000119
9113  -39.060  -82.194  -39.898 0.1000000015
8307  -37.274  -82.379  -41.361 0.1000000015
9911  -42.073  -80.514  -39.204 0.2000000030
119074  -44.041  -75.636  -40.378 0.2000000030
13634  -43.929  -75.567  -41.070 0.3000000119
7501  -35.684  -82.660  -43.126 0.1000000015
111252  -35.600  -83.739  -43.428 0.1000000015
6673  -36.867  -83.960  -42.671 0.1000000015
8345  -34.811  -81.762  -43.751 0.1000000015
114570  -36.218  -84.137  -43.285 0.1000000015
7516  -37.572  -83.003  -44.220 0.1000000015
7529  -36.516  -82.621  -45.433 0.1000000015
7530  -37.356  -82.311  -45.065 0.2000000030
112602  -35.699  -82.752  -45.689 0.1000000015
119363  -38.785  -81.900  -43.849 0.2000000030
8360  -38.166  -81.925  -44.736 0.2000000030
8374  -36.812  -81.627  -45.442 0.2000000030
8376  -38.516  -81.036  -44.884 0.1000000015
8373  -35.789  -81.836  -45.706 0.1000000015
8375  -37.731  -81.307  -45.191 0.2000000030
9182  -37.845  -80.059  -45.203 0.1000000015
8348  -38.947  -81.910  -43.048 0.2000000030
8361  -38.704  -81.532  -44.379 0.1000000015
9180  -35.921  -80.806  -45.710 0.1000000015
9181  -36.939  -80.540  -45.463 0.1000000015
9126  -39.408  -80.610  -42.101 0.2000000030
9153  -39.310  -81.001  -43.545 0.2000000030
9166  -38.998  -80.887  -44.478 0.1000000015
119334  -39.245  -80.768  -44.147 0.1000000015
9183  -38.794  -80.215  -44.771 0.1000000015
9956  -39.390  -80.434  -43.052 0.2000000030
9965  -39.292  -79.639  -43.525 0.2000000030
9993  -38.544  -79.282  -45.195 0.1000000015
9167  -39.180  -80.248  -44.379 0.1000000015
9955  -39.154  -79.659  -42.378 0.2000000030
9994  -39.050  -79.415  -44.666 0.1000000015
115641  -37.588  -79.042  -45.691 0.1000000015
7517  -38.361  -82.354  -44.023 0.1000000015
14646  -44.189  -74.561  -38.965 0.1000000015
20826  -51.716  -68.133  -36.365 0.2000000030
19791  -50.629  -69.308  -37.463 0.1000000015
19683  -54.207  -68.875  -25.983 0.1000000015
118259  -52.981  -69.107  -31.674 0.1000000015
18678  -52.487  -69.550  -33.695 0.1000000015
21814  -54.332  -67.382  -28.484 0.1000000015
19760  -53.224  -68.672  -33.222 0.1000000015
19670  -52.954  -69.535  -25.798 0.2000000030
19682  -53.140  -69.536  -26.794 0.1000000015
18650  -51.937  -69.608  -30.942 0.1000000015
114221  -53.735  -69.354  -24.709 0.2000000030
20684  -54.896  -67.962  -26.786 0.1000000015
19694  -53.971  -68.718  -27.185 0.1000000015
19712  -53.161  -68.551  -29.469 0.1000000015
19722  -53.129  -68.508  -30.349 0.1000000015
19721  -53.054  -68.735  -31.119 0.1000000015
18754  -47.262  -71.301  -40.785 0.2000000030
19740  -53.389  -68.290  -31.844 0.1000000015
20702  -53.966  -68.038  -29.384 0.1000000015
20693  -54.650  -67.738  -27.819 0.1000000015
116525  -52.337  -70.191  -23.787 0.2000000030
113515  -51.831  -68.480  -36.237 0.1000000015
18671  -52.516  -69.638  -32.811 0.1000000015
18665  -52.284  -69.702  -31.946 0.1000000015
19702  -53.898  -68.547  -28.019 0.1000000015
19693  -53.118  -69.317  -27.589 0.1000000015
17695  -46.230  -71.607  -39.901 0.1000000015
16705  -45.435  -73.138  -40.073 0.1000000015
20628  -46.385  -68.003  -22.055 0.1000000015
20640  -46.692  -68.681  -22.358 0.1000000015
19610  -47.021  -69.264  -22.716 0.1000000015
123142  -47.374  -69.698  -23.139 0.1000000015
19648  -47.355  -69.919  -24.031 0.1000000015
20641  -47.665  -68.873  -22.213 0.1000000015
19611  -47.898  -69.545  -22.624 0.1000000015
20639  -45.352  -68.463  -22.570 0.1000000015
20655  -45.190  -68.907  -23.052 0.1000000015
19624  -45.779  -69.278  -23.509 0.1000000015
19647  -46.289  -69.569  -24.221 0.1000000015
21707  -45.604  -67.892  -22.192 0.1000000015
111527  -45.989  -68.450  -22.398 0.1000000015
19625  -46.637  -69.493  -23.358 0.1000000015
19665  -47.537  -69.815  -25.179 0.1000000015
21696  -45.236  -67.151  -22.020 0.1000000015
19645  -44.209  -68.866  -24.118 0.1000000015
21705  -43.913  -67.754  -22.531 0.1000000015
20638  -44.590  -68.404  -22.725 0.1000000015
20654  -44.462  -68.705  -23.291 0.1000000015
19623  -44.992  -69.121  -23.751 0.1000000015
21706  -44.809  -67.835  -22.337 0.1000000015
19664  -45.709  -69.601  -25.283 0.1000000015
22832  -45.714  -66.618  -21.673 0.1000000015
111477  -45.911  -65.853  -21.453 0.1000000015
21720  -43.385  -67.930  -23.057 0.1000000015
20637  -43.982  -68.337  -22.914 0.1000000015
22845  -44.385  -67.018  -22.201 0.1000000015
22831  -44.971  -66.210  -21.762 0.1000000015
25783  -52.196  -62.713  -22.210 0.1000000015
104958  -52.060  -62.533  -23.122 0.1000000015
26762  -52.789  -62.164  -23.846 0.1000000015
23876  -44.437  -65.315  -21.722 0.1000000015
23877  -45.331  -65.202  -21.491 0.1000000015
23878  -46.208  -64.966  -21.295 0.1000000015
25752  -51.826  -62.951  -21.464 0.1000000015
26761  -51.704  -62.132  -24.165 0.1000000015
26741  -52.833  -61.823  -22.398 0.1000000015
27798  -53.938  -61.264  -25.178 0.1000000015
27771  -52.254  -61.564  -24.749 0.1000000015
27772  -53.324  -61.665  -24.625 0.1000000015
20653  -43.746  -68.427  -23.545 0.1000000015
20672  -43.376  -68.582  -24.427 0.1000000015
27770  -51.250  -61.539  -24.984 0.1000000015
19649  -48.353  -70.129  -23.803 0.1000000015
119610  -48.745  -70.035  -24.356 0.1000000015
19626  -48.063  -70.036  -23.166 0.1000000015
21697  -46.033  -67.283  -21.809 0.1000000015
20656  -46.070  -68.980  -22.830 0.1000000015
113961  -48.175  -69.863  -24.715 0.1000000015
119558  -46.730  -69.723  -25.164 0.1000000015
22830  -43.996  -66.127  -22.094 0.1000000015
122615  -53.247  -62.169  -23.372 0.1000000015
23042  -38.687  -66.727  -38.961 0.1000000015
107207  -43.203  -72.345  -37.666 0.1000000015
15673  -43.076  -74.024  -37.414 0.1000000015
15683  -43.733  -74.028  -38.280 0.1000000015
17688  -43.321  -71.576  -37.399 0.1000000015
16692  -42.820  -73.089  -37.249 0.1000000015
14624  -42.546  -74.711  -36.897 0.1000000015
17693  -43.918  -71.963  -38.220 0.1000000015
121844  -43.247  -71.148  -36.736 0.1000000015
18726  -44.606  -70.719  -37.487 0.1000000015
17689  -44.265  -71.238  -37.930 0.1000000015
16682  -42.476  -72.434  -36.096 0.1000000015
18707  -42.956  -71.110  -36.174 0.1000000015
18708  -43.826  -70.939  -37.130 0.1000000015
18695  -43.084  -70.889  -35.507 0.1000000015
114441  -43.617  -70.756  -36.268 0.1000000015
11592  -45.446  -78.798  -30.130 0.1000000015
12552  -41.499  -76.256  -31.110 0.1000000015
13528  -40.901  -75.383  -31.252 0.1000000015
14569  -39.995  -74.005  -31.586 0.1000000015
16700  -44.741  -72.559  -39.005 0.1000000015
14583  -39.754  -74.615  -32.150 0.1000000015
15616  -40.545  -73.501  -31.209 0.1000000015
17669  -42.563  -71.653  -35.617 0.1000000015
17661  -42.732  -71.314  -34.702 0.1000000015
13580  -43.224  -75.864  -37.956 0.1000000015
14591  -39.102  -74.238  -32.830 0.1000000015
16653  -39.357  -72.584  -33.333 0.1000000015
16655  -40.659  -71.946  -33.619 0.1000000015
16665  -42.118  -72.030  -34.866 0.1000000015
17660  -42.075  -71.665  -34.112 0.1000000015
18696  -43.843  -70.591  -35.416 0.1000000015
12602  -43.134  -76.676  -37.696 0.1000000015
113561  -38.508  -74.303  -33.700 0.1000000015
16662  -39.483  -72.417  -34.235 0.1000000015
17649  -42.145  -71.475  -33.351 0.1000000015
121144  -42.665  -71.425  -33.919 0.1000000015
11602  -44.555  -77.936  -30.364 0.1000000015
12541  -42.985  -77.372  -30.243 0.1000000015
122748  -42.533  -75.621  -30.563 0.1000000015
18727  -45.528  -70.446  -37.668 0.1000000015
18742  -45.420  -70.942  -38.563 0.1000000015
17694  -45.029  -71.711  -38.866 0.1000000015
13529  -41.777  -75.497  -30.753 0.1000000015
14571  -41.340  -74.685  -30.773 0.1000000015
14572  -42.174  -74.870  -30.576 0.1000000015
15684  -44.515  -73.580  -39.049 0.1000000015
16645  -40.886  -71.909  -32.137 0.1000000015
17637  -40.897  -71.800  -32.961 0.1000000015
17648  -41.418  -71.706  -33.534 0.1000000015
18683  -44.052  -70.679  -34.598 0.1000000015
17628  -41.665  -71.610  -31.982 0.1000000015
17639  -42.364  -71.448  -32.471 0.1000000015
104205  -42.903  -71.336  -33.252 0.1000000015
17662  -43.379  -71.121  -34.045 0.1000000015
11593  -46.060  -78.572  -30.367 0.1000000015
11603  -45.865  -78.407  -30.936 0.1000000015
11604  -46.412  -78.240  -31.105 0.1000000015
11578  -46.217  -77.530  -29.913 0.1000000015
18728  -46.545  -70.071  -37.743 0.1000000015
12543  -45.021  -77.309  -31.061 0.1000000015
105730  -46.461  -70.424  -38.754 0.1000000015
13516  -44.015  -75.834  -30.768 0.1000000015
18709  -44.915  -70.478  -36.817 0.1000000015
18743  -46.627  -71.046  -39.621 0.1000000015
13515  -43.061  -75.228  -30.540 0.1000000015
14553  -41.829  -74.016  -30.642 0.1000000015
15604  -41.400  -73.069  -30.815 0.1000000015
16636  -41.589  -72.050  -31.273 0.1000000015
16635  -40.668  -72.612  -31.478 0.1000000015
16628  -42.169  -72.553  -30.778 0.1000000015
17640  -43.129  -71.398  -32.604 0.1000000015
17650  -43.738  -71.222  -33.088 0.1000000015
17629  -42.227  -71.658  -31.653 0.1000000015
17630  -43.053  -71.599  -31.832 0.1000000015
12534  -46.700  -77.719  -30.831 0.1000000015
12535  -46.494  -76.113  -30.406 0.1000000015
13510  -46.079  -75.345  -29.488 0.1000000015
102710  -46.109  -70.411  -36.124 0.1000000015
18710  -45.789  -70.309  -36.849 0.1000000015
11612  -46.230  -77.833  -31.724 0.1000000015
104846  -44.417  -70.525  -36.093 0.1000000015
18676  -44.995  -70.976  -33.640 0.1000000015
18697  -44.814  -70.537  -35.259 0.1000000015
14554  -42.718  -74.278  -30.556 0.1000000015
17641  -44.412  -71.553  -32.460 0.1000000015
15605  -42.401  -73.348  -30.603 0.1000000015
16629  -42.984  -72.725  -30.704 0.1000000015
16638  -43.594  -72.245  -31.265 0.1000000015
12544  -46.631  -77.673  -31.773 0.1000000015
123058  -45.647  -70.548  -35.538 0.1000000015
17651  -44.537  -71.192  -33.193 0.1000000015
18685  -45.933  -71.196  -34.042 0.1000000015
16630  -43.872  -73.146  -30.904 0.1000000015
14555  -43.592  -74.687  -30.734 0.1000000015
15606  -43.294  -73.675  -30.648 0.1000000015
18686  -46.768  -71.176  -34.812 0.1000000015
104295  -48.001  -70.801  -36.163 0.1000000015
12554  -46.474  -77.369  -32.408 0.1000000015
16646  -45.256  -72.135  -32.348 0.1000000015
17652  -45.383  -71.491  -33.089 0.1000000015
13530  -45.699  -77.253  -32.116 0.1000000015
116508  -44.390  -72.794  -31.334 0.1000000015
16639  -44.470  -72.145  -31.751 0.1000000015
14556  -44.458  -75.282  -31.184 0.1000000015
15617  -44.707  -73.672  -31.390 0.1000000015
16640  -45.243  -73.050  -31.895 0.1000000015
15607  -44.162  -74.164  -30.998 0.1000000015
110289  -47.419  -71.032  -35.465 0.1000000015
17670  -48.291  -71.470  -35.508 0.1000000015
104946  -46.497  -72.094  -33.633 0.1000000015
17663  -47.161  -71.976  -34.309 0.1000000015
12555  -46.885  -77.166  -32.486 0.1000000015
16648  -46.600  -73.843  -33.378 0.1000000015
17643  -46.617  -73.069  -33.531 0.1000000015
16647  -45.976  -72.957  -32.683 0.1000000015
14573  -45.044  -74.873  -31.653 0.1000000015
17671  -48.949  -71.629  -35.503 0.1000000015
18687  -47.733  -71.814  -34.973 0.1000000015
17653  -47.363  -73.233  -34.365 0.1000000015
17654  -47.877  -72.976  -34.908 0.1000000015
12545  -46.861  -77.023  -31.525 0.1000000015
15618  -45.556  -74.396  -32.168 0.1000000015
107334  -45.331  -76.154  -32.000 0.1000000015
17665  -49.754  -71.463  -35.018 0.1000000015
13531  -46.105  -76.918  -32.673 0.1000000015
110814  -46.253  -76.510  -29.950 0.1000000015
14490  -47.397  -75.092  -26.714 0.1000000015
14508  -47.307  -74.712  -27.642 0.1000000015
121876  -46.785  -74.487  -28.404 0.1000000015
14531  -45.950  -74.720  -28.570 0.1000000015
12553  -42.363  -76.326  -30.610 0.1000000015
14552  -41.087  -73.916  -30.817 0.1000000015
113233  -39.543  -73.806  -32.157 0.1000000015
15615  -39.903  -73.150  -31.873 0.1000000015
15623  -39.306  -73.232  -32.633 0.1000000015
16634  -40.222  -72.486  -32.135 0.1000000015
16654  -40.203  -72.195  -32.883 0.1000000015
16663  -40.377  -72.249  -34.270 0.1000000015
16664  -41.330  -72.120  -34.354 0.1000000015
16672  -41.751  -72.788  -35.140 0.1000000015
12542  -43.448  -76.475  -30.488 0.1000000015
18684  -44.935  -70.729  -34.333 0.1000000015
17631  -43.843  -71.717  -31.856 0.1000000015
18699  -46.431  -70.688  -35.459 0.1000000015
18698  -45.743  -70.736  -34.874 0.1000000015
17642  -45.972  -72.236  -32.942 0.1000000015
15624  -46.129  -74.007  -32.706 0.1000000015
14507  -45.786  -74.656  -27.445 0.1000000015
6779  -27.471  -83.435  -53.001 0.1000000015
6036  -27.441  -84.775  -52.351 0.1000000015
10056  -26.685  -78.473  -50.557 0.1000000015
10073  -26.466  -79.236  -51.063 0.1000000015
10074  -27.295  -79.310  -50.820 0.1000000015
9264  -27.633  -80.301  -51.425 0.1000000015
8461  -27.094  -82.283  -53.462 0.1000000015
10915  -26.097  -77.879  -50.481 0.1000000015
11846  -27.512  -77.433  -51.942 0.1000000015
11856  -27.551  -77.875  -53.125 0.1000000015
6037  -28.021  -84.062  -52.384 0.1000000015
6022  -28.205  -84.766  -51.738 0.1000000015
5337  -27.593  -85.459  -51.672 0.1000000015
6775  -27.991  -83.253  -52.322 0.1000000015
8435  -27.877  -81.329  -51.908 0.1000000015
8446  -27.443  -81.819  -52.698 0.1000000015
7591  -27.533  -82.711  -52.896 0.1000000015
114379  -27.392  -78.475  -50.436 0.1000000015
9276  -27.067  -80.712  -52.223 0.1000000015
10916  -27.085  -77.934  -50.399 0.1000000015
110443  -28.192  -77.434  -51.595 0.1000000015
11857  -28.299  -77.769  -52.604 0.1000000015
10954  -28.392  -78.375  -53.760 0.1000000015
8389  -30.521  -81.416  -46.520 0.1000000015
7556  -28.920  -82.782  -47.374 0.1000000015
111246  -30.680  -82.200  -46.559 0.1000000015
5339  -29.008  -84.971  -51.132 0.1000000015
5327  -28.667  -85.694  -50.722 0.1000000015
4695  -28.224  -86.235  -50.320 0.1000000015
5993  -28.414  -85.203  -48.694 0.1000000015
5983  -28.931  -84.409  -48.225 0.1000000015
111546  -28.750  -84.280  -51.594 0.1000000015
5317  -27.714  -86.150  -49.661 0.1000000015
6776  -29.166  -83.761  -51.385 0.1000000015
4694  -27.494  -86.222  -50.588 0.1000000015
8436  -28.533  -81.895  -51.467 0.1000000015
8447  -27.973  -82.377  -52.143 0.1000000015
11837  -27.575  -77.370  -50.959 0.1000000015
8390  -31.159  -81.876  -46.224 0.1000000015
7557  -29.725  -82.920  -47.128 0.1000000015
113548  -31.082  -80.946  -46.242 0.1000000015
4672  -29.164  -85.976  -49.273 0.1000000015
5304  -29.770  -85.783  -48.797 0.1000000015
5994  -29.447  -85.372  -48.505 0.1000000015
4696  -29.122  -86.059  -50.095 0.1000000015
5328  -29.323  -85.464  -50.561 0.1000000015
9265  -28.370  -80.804  -51.171 0.1000000015
9247  -28.094  -79.775  -50.689 0.1000000015
10057  -27.874  -78.930  -50.397 0.1000000015
10917  -28.035  -78.210  -50.234 0.1000000015
11821  -28.664  -77.840  -50.232 0.1000000015
7589  -28.701  -82.977  -51.623 0.1000000015
7541  -29.973  -81.995  -46.868 0.1000000015
6732  -29.386  -83.675  -47.659 0.1000000015
8437  -29.163  -82.344  -51.100 0.1000000015
6009  -29.884  -84.904  -50.627 0.1000000015
6023  -29.497  -84.348  -51.084 0.1000000015
8388  -29.146  -81.622  -46.727 0.1000000015
7579  -30.471  -82.878  -50.729 0.1000000015
7580  -31.338  -83.114  -50.590 0.1000000015
7581  -32.348  -82.937  -50.111 0.1000000015
5984  -29.913  -84.798  -47.923 0.1000000015
4673  -29.828  -85.852  -49.060 0.1000000015
4685  -29.886  -85.749  -49.543 0.1000000015
105345  -30.257  -84.209  -50.768 0.1000000015
122823  -30.683  -85.545  -49.452 0.1000000015
110143  -30.452  -83.602  -50.817 0.1000000015
6764  -31.070  -83.926  -50.665 0.1000000015
5318  -30.524  -85.732  -48.869 0.1000000015
5293  -30.351  -85.564  -48.224 0.1000000015
5305  -30.498  -85.660  -48.491 0.1000000015
114585  -31.226  -85.601  -48.943 0.1000000015
5329  -30.410  -85.282  -50.064 0.1000000015
6010  -30.778  -84.601  -50.439 0.1000000015
4682  -27.644  -86.364  -50.120 0.1000000015
4683  -28.527  -86.236  -49.755 0.1000000015
4684  -29.249  -86.003  -49.520 0.1000000015
4697  -29.745  -85.553  -50.196 0.1000000015
4703  -27.878  -85.890  -50.968 0.1000000015
5303  -28.452  -85.940  -49.258 0.1000000015
5330  -31.304  -85.113  -49.831 0.1000000015
5338  -28.300  -85.340  -51.263 0.1000000015
6674  -37.458  -83.873  -42.522 0.1000000015
7487  -37.481  -83.791  -41.965 0.1000000015
8281  -40.301  -82.165  -39.838 0.2000000030
8283  -40.991  -81.701  -39.932 0.3000000119
8294  -39.444  -82.653  -40.162 0.2000000030
8310  -39.811  -82.232  -40.948 0.3000000119
8347  -38.463  -82.707  -43.150 0.1000000015
8402  -29.270  -82.266  -47.030 0.1000000015
8445  -26.805  -81.414  -53.124 0.1000000015
9100  -40.203  -81.915  -39.562 0.1000000015
9152  -39.089  -81.314  -44.023 0.1000000015
9922  -38.555  -80.885  -39.716 0.1000000015
9925  -42.487  -79.894  -39.759 0.3000000119
10055  -25.871  -78.507  -50.694 0.1000000015
10775  -43.263  -78.515  -38.717 0.2000000030
10789  -43.105  -79.209  -39.110 0.2000000030
10790  -43.218  -78.680  -39.547 0.2000000030
10806  -42.928  -79.270  -39.663 0.2000000030
10807  -42.968  -78.665  -40.053 0.2000000030
11677  -42.890  -78.238  -38.112 0.1000000015
11691  -43.521  -77.741  -38.785 0.2000000030
11704  -38.973  -76.742  -41.040 0.4000000060
11707  -42.023  -78.455  -40.515 0.3000000119
11782  -40.396  -77.224  -46.378 0.1000000015
11819  -26.817  -77.626  -50.634 0.1000000015
11820  -27.760  -77.714  -50.505 0.1000000015
11849  -34.853  -77.040  -52.601 0.1000000015
12647  -43.599  -76.443  -40.180 0.2000000030
12758  -40.892  -76.119  -48.920 0.1000000015
13517  -44.834  -76.391  -31.381 0.1000000015
13600  -43.529  -76.426  -38.436 0.3000000119
13669  -37.191  -75.695  -42.433 0.4000000060
13687  -36.413  -75.938  -44.689 0.1000000015
13693  -36.662  -75.727  -45.414 0.1000000015
13696  -39.816  -76.257  -46.029 0.1000000015
13726  -41.145  -75.504  -49.416 0.2000000030
13727  -41.394  -74.985  -49.935 0.2000000030
13810  -37.020  -74.420  -54.513 0.1000000015
14570  -40.637  -74.380  -31.141 0.1000000015
14675  -38.199  -74.920  -41.691 0.4000000060
14681  -44.005  -74.304  -42.284 0.2000000030
14688  -44.512  -73.804  -42.808 0.2000000030
14693  -35.862  -74.818  -43.633 0.2000000030
14712  -35.692  -74.237  -46.056 0.1000000015
14724  -39.624  -74.804  -47.779 0.2000000030
14725  -40.282  -75.170  -48.026 0.1000000015
14767  -41.635  -74.433  -50.450 0.1000000015
14842  -38.128  -73.801  -54.735 0.1000000015
15694  -45.720  -73.408  -41.057 0.2000000030
15702  -45.517  -73.891  -41.681 0.2000000030
15859  -37.813  -73.204  -55.494 0.1000000015
16637  -42.585  -72.004  -31.087 0.1000000015
16644  -39.734  -72.714  -32.521 0.1000000015
16699  -43.644  -73.032  -38.169 0.1000000015
16728  -39.710  -72.683  -41.524 0.3000000119
16732  -44.608  -72.847  -42.913 0.2000000030
16733  -45.420  -73.084  -43.070 0.3000000119
16739  -44.865  -73.394  -43.149 0.2000000030
16741  -35.552  -72.388  -43.820 0.1000000015
16742  -35.794  -73.084  -43.262 0.2000000030
16758  -36.425  -72.477  -47.651 0.1000000015
16774  -38.939  -72.555  -49.693 0.1000000015
16790  -41.681  -72.655  -50.904 0.1000000015
16821  -41.979  -72.603  -52.305 0.1000000015
16838  -40.446  -72.404  -55.054 0.1000000015
16859  -39.460  -73.026  -56.984 0.1000000015
16861  -40.722  -71.735  -55.389 0.1000000015
16877  -39.347  -72.773  -56.905 0.1000000015
17638  -41.529  -71.579  -32.729 0.1000000015
17676  -42.789  -71.643  -36.561 0.1000000015
17701  -45.847  -72.274  -40.087 0.1000000015
17703  -47.316  -71.114  -41.426 0.5000000000
17711  -37.869  -71.023  -40.485 0.3000000119
17761  -35.654  -71.811  -44.336 0.1000000015
17774  -36.085  -71.332  -44.929 0.1000000015
17899  -39.737  -71.938  -56.345 0.1000000015
17901  -41.207  -71.030  -55.661 0.1000000015
17910  -39.866  -72.360  -56.801 0.1000000015
17912  -40.687  -71.094  -55.926 0.1000000015
18564  -52.958  -70.336  -22.075 0.3000000119
18571  -49.080  -70.301  -23.783 0.1000000015
18573  -51.308  -70.621  -22.884 0.3000000119
18675  -44.251  -70.925  -33.803 0.1000000015
18682  -43.378  -70.820  -34.849 0.1000000015
18744  -47.434  -70.669  -40.081 0.1000000015
18756  -47.896  -70.065  -40.567 0.4000000060
18835  -40.297  -69.802  -46.056 0.1000000015
18847  -37.795  -70.495  -46.864 0.1000000015
18954  -41.301  -70.400  -55.778 0.1000000015
19605  -53.023  -69.218  -21.202 0.3000000119
19614  -51.750  -69.978  -21.566 0.3000000119
19616  -53.647  -69.615  -21.748 0.3000000119
19627  -48.859  -70.320  -23.148 0.2000000030
19628  -49.641  -70.164  -22.621 0.3000000119
19630  -54.323  -69.395  -22.523 0.3000000119
19631  -54.734  -68.695  -23.048 0.3000000119
19650  -49.379  -70.060  -24.476 0.1000000015
19655  -54.906  -68.466  -23.744 0.2000000030
19739  -53.239  -68.858  -32.395 0.1000000015
19792  -51.521  -68.406  -36.882 0.1000000015
19826  -50.187  -68.539  -38.428 0.2000000030
19828  -37.848  -69.012  -39.851 0.2000000030
19832  -45.536  -69.559  -40.290 0.5000000000
19840  -46.389  -70.166  -41.309 0.5000000000
19841  -47.048  -69.925  -41.243 0.5000000000
19886  -41.745  -69.864  -45.593 0.1000000015
19888  -43.872  -69.246  -45.417 0.1000000015
19913  -41.899  -69.893  -46.143 0.1000000015
19929  -39.692  -69.640  -47.347 0.1000000015
19972  -40.957  -69.807  -50.163 0.1000000015
20012  -43.263  -68.864  -53.713 0.1000000015
20673  -55.073  -68.047  -23.616 0.3000000119
20680  -55.145  -67.571  -25.269 0.2000000030
20694  -55.161  -67.137  -27.191 0.2000000030
20703  -54.219  -67.951  -28.754 0.1000000015
20711  -53.733  -67.899  -30.138 0.1000000015
20722  -47.169  -68.385  -30.452 0.5000000000
20765  -45.518  -68.720  -32.223 0.5000000000
20772  -53.197  -68.062  -33.500 0.2000000030
20806  -51.205  -68.208  -34.707 0.3000000119
20821  -44.839  -68.354  -35.764 0.5000000000
20827  -52.056  -68.391  -35.548 0.2000000030
20866  -43.572  -68.643  -38.334 0.6000000238
20869  -48.364  -68.643  -39.700 0.4000000060
20883  -38.071  -68.447  -40.555 0.1000000015
20889  -37.683  -68.904  -41.192 0.1000000015
20931  -45.290  -68.717  -45.046 0.1000000015
20950  -45.579  -68.711  -45.614 0.1000000015
20951  -46.391  -68.430  -45.704 0.1000000015
20971  -46.639  -68.097  -46.361 0.1000000015
20990  -44.659  -68.531  -46.490 0.1000000015
21071  -45.159  -67.567  -53.311 0.1000000015
21690  -50.616  -66.632  -20.036 0.3000000119
21727  -54.402  -67.710  -23.380 0.3000000119
21728  -54.974  -67.621  -23.820 0.3000000119
21741  -53.388  -67.360  -24.355 0.3000000119
21742  -54.539  -67.307  -24.399 0.2000000030
21750  -47.160  -67.220  -26.081 0.3000000119
21752  -48.420  -67.443  -25.609 0.3000000119
21768  -54.236  -66.644  -26.513 0.2000000030
21839  -53.715  -67.675  -29.819 0.2000000030
21855  -41.481  -67.467  -30.634 0.4000000060
21880  -41.077  -67.510  -31.445 0.4000000060
21910  -40.493  -67.349  -33.683 0.4000000060
21954  -45.150  -68.025  -37.389 0.6000000238
22042  -47.851  -67.382  -45.825 0.1000000015
22080  -47.365  -67.013  -48.103 0.1000000015
22099  -42.807  -67.637  -48.448 0.1000000015
22100  -43.736  -67.515  -48.473 0.1000000015
22144  -47.043  -67.118  -51.174 0.1000000015
22164  -47.065  -66.831  -51.866 0.1000000015
22200  -45.725  -67.093  -53.283 0.1000000015
22215  -45.287  -67.018  -53.855 0.1000000015
22810  -49.694  -66.069  -19.727 0.2000000030
22910  -45.565  -66.653  -27.568 0.4000000060
22923  -43.652  -66.339  -28.557 0.3000000119
22955  -40.319  -66.690  -30.425 0.4000000060
22956  -41.012  -67.067  -30.066 0.4000000060
22996  -38.696  -65.963  -33.217 0.3000000119
22998  -39.833  -66.961  -33.529 0.4000000060
23095  -48.042  -66.812  -44.709 0.1000000015
23112  -48.262  -66.903  -45.449 0.1000000015
23129  -48.607  -66.508  -46.550 0.1000000015
23853  -49.891  -65.565  -19.695 0.2000000030
23924  -43.392  -65.611  -27.609 0.2000000030
23940  -39.559  -65.058  -29.804 0.3000000119
23949  -38.663  -65.029  -30.908 0.2000000030
23961  -38.573  -65.333  -31.628 0.2000000030
23990  -38.638  -65.233  -34.744 0.2000000030
24012  -38.757  -65.477  -36.837 0.2000000030
24163  -45.889  -65.637  -47.705 0.1000000015
24179  -47.201  -66.163  -48.639 0.1000000015
24812  -50.099  -64.996  -19.827 0.2000000030
24887  -39.794  -63.833  -29.045 0.2000000030
24905  -38.690  -64.267  -30.845 0.1000000015
25078  -48.944  -64.386  -45.740 0.1000000015
25098  -44.646  -64.694  -47.394 0.1000000015
25790  -48.863  -62.790  -23.971 0.2000000030
25823  -40.667  -63.625  -28.082 0.2000000030
25846  -38.970  -63.429  -31.561 0.1000000015
25848  -44.970  -63.189  -31.802 0.1000000015
25907  -38.790  -63.875  -34.261 0.1000000015
25909  -39.786  -62.967  -34.761 0.1000000015
26052  -49.445  -64.038  -45.297 0.1000000015
26718  -47.533  -62.359  -20.698 0.1000000015
26748  -52.229  -62.633  -21.965 0.2000000030
26791  -41.241  -61.956  -26.927 0.2000000030
27830  -40.300  -61.715  -27.934 0.1000000015
28698  -46.677  -61.288  -21.168 0.1000000015
28721  -47.428  -60.372  -21.564 0.1000000015
28837  -41.100  -60.014  -28.163 0.1000000015
29761  -44.512  -59.136  -26.504 0.1000000015
29783  -43.080  -58.976  -27.032 0.1000000015
29803  -41.591  -59.490  -28.767 0.1000000015
29804  -42.217  -59.147  -29.216 0.1000000015
29989  -41.255  -60.258  -43.953 0.1000000015
30810  -44.073  -57.912  -27.448 0.1000000015
102540  -42.054  -69.182  -55.583 0.1000000015
103281  -45.247  -70.456  -36.097 0.1000000015
103749  -50.710  -67.419  -29.163 0.3000000119
104040  -39.968  -72.222  -33.659 0.1000000015
104138  -49.923  -67.790  -38.024 0.3000000119
104397  -48.571  -68.286  -38.898 0.5000000000
104446  -26.772  -77.448  -52.330 0.1000000015
106032  -51.123  -67.902  -36.830 0.3000000119
106420  -42.604  -69.379  -53.273 0.1000000015
107160  -43.634  -71.484  -32.349 0.1000000015
108538  -52.366  -69.764  -24.701 0.2000000030
109061  -47.639  -67.279  -47.360 0.1000000015
109457  -43.472  -73.077  -42.346 0.3000000119
110806  -38.163  -77.493  -42.143 0.4000000060
111570  -48.755  -67.491  -27.036 0.3000000119
111756  -51.864  -68.160  -34.668 0.3000000119
111898  -40.528  -62.774  -33.226 0.1000000015
112103  -36.355  -75.952  -44.100 0.1000000015
112184  -29.081  -85.795  -48.932 0.1000000015
112379  -41.917  -62.468  -34.892 0.1000000015
112967  -54.787  -66.600  -27.211 0.2000000030
113169  -41.642  -67.735  -34.678 0.4000000060
113705  -36.850  -82.764  -41.873 0.1000000015
115446  -39.697  -72.829  -57.172 0.1000000015
116437  -42.061  -69.338  -51.760 0.1000000015
117291  -51.923  -62.599  -21.665 0.1000000015
118060  -51.348  -68.973  -37.179 0.1000000015
118128  -55.199  -66.668  -27.034 0.2000000030
118410  -48.405  -61.062  -25.908 0.1000000015
118948  -51.218  -60.165  -25.832 0.1000000015
119461  -38.663  -63.906  -31.379 0.1000000015
119535  -46.110  -61.476  -21.064 0.1000000015
119995  -39.357  -80.296  -43.901 0.2000000030
120250  -44.821  -61.739  -30.732 0.1000000015
120443  -41.908  -62.623  -32.884 0.1000000015
121283  -48.097  -67.531  -28.880 0.4000000060
122405  -28.522  -83.710  -51.872 0.1000000015
122505  -44.243  -70.654  -36.756 0.1000000015
123010  -43.120  -68.252  -55.363 0.1000000015
123287  -55.169  -67.692  -24.049 0.2000000030
