#!ascii label  , from subject sub-003 vox2ras=TkReg
371
68138  -33.623  -17.039  -35.586 0.0000000000
70686  -32.076  -13.235  -33.258 0.0000000000
79856  -29.012  -1.768  -30.031 0.0000000000
76700  -31.767  -5.798  -30.156 0.0000000000
74326  -35.338  -8.219  -34.173 0.0000000000
71489  -36.095  -12.397  -37.798 0.0000000000
80574  -27.649  -0.129  -30.229 0.0000000000
75056  -34.082  -7.186  -31.004 0.0000000000
73556  -32.293  -9.492  -31.346 0.0000000000
69032  -32.945  -15.207  -33.716 0.0000000000
71456  -34.757  -12.808  -34.516 0.0000000000
113508  -34.940  -14.892  -36.984 0.0000000000
64920  -29.667  -21.067  -36.296 0.0000000000
67341  -30.686  -17.355  -34.229 0.0000000000
83156  -27.022  3.859  -28.652 0.0000000000
82542  -28.467  2.824  -28.920 0.0000000000
82531  -29.753  2.049  -28.357 0.0000000000
103353  -31.053  0.749  -29.074 0.0000000000
80565  -32.519  -1.008  -28.519 0.0000000000
77502  -30.001  -3.634  -30.187 0.0000000000
78321  -33.706  -2.993  -29.126 0.0000000000
77526  -34.507  -4.986  -31.277 0.0000000000
75925  -34.520  -5.751  -34.795 0.0000000000
75135  -33.321  -6.355  -38.888 0.0000000000
72156  -34.306  -11.332  -32.938 0.0000000000
108308  -35.519  -10.096  -37.014 0.0000000000
74314  -31.084  -8.672  -31.748 0.0000000000
73568  -30.665  -9.399  -32.321 0.0000000000
68124  -33.240  -16.576  -34.778 0.0000000000
122549  -34.391  -15.027  -35.849 0.0000000000
69060  -34.411  -15.720  -35.991 0.0000000000
61719  -28.319  -24.357  -34.447 0.0000000000
62507  -29.173  -23.465  -35.401 0.0000000000
63290  -29.754  -23.116  -35.853 0.0000000000
69043  -30.439  -15.840  -33.836 0.0000000000
67340  -29.689  -17.439  -34.180 0.0000000000
82543  -29.387  2.754  -28.394 0.0000000000
80575  -28.019  -0.800  -30.335 0.0000000000
105511  -29.940  -0.009  -29.609 0.0000000000
118390  -30.406  -0.505  -29.535 0.0000000000
81285  -32.474  -0.141  -28.584 0.0000000000
79842  -30.464  -1.317  -29.429 0.0000000000
77514  -31.384  -5.026  -29.621 0.0000000000
78330  -32.532  -3.727  -29.224 0.0000000000
77505  -32.958  -4.480  -29.455 0.0000000000
78332  -34.598  -3.753  -29.998 0.0000000000
77517  -34.063  -5.122  -30.406 0.0000000000
75093  -34.751  -7.517  -33.077 0.0000000000
75904  -34.661  -6.718  -32.793 0.0000000000
120196  -35.064  -6.713  -34.607 0.0000000000
108914  -33.270  -5.497  -37.098 0.0000000000
75126  -34.117  -7.418  -37.488 0.0000000000
71442  -30.834  -12.278  -33.616 0.0000000000
72153  -31.794  -11.277  -32.511 0.0000000000
71433  -32.828  -12.138  -32.784 0.0000000000
109054  -35.364  -12.574  -37.137 0.0000000000
72176  -35.414  -11.518  -35.349 0.0000000000
113264  -35.974  -10.855  -38.550 0.0000000000
73637  -36.709  -9.456  -40.545 0.0000000000
72213  -38.083  -10.579  -39.980 0.0000000000
64122  -30.919  -21.952  -36.893 0.0000000000
109670  -29.393  -20.118  -35.466 0.0000000000
65721  -31.674  -20.538  -37.001 0.0000000000
65709  -31.403  -19.647  -36.450 0.0000000000
75892  -30.799  -6.827  -31.153 0.0000000000
75877  -32.880  -6.592  -30.386 0.0000000000
75054  -32.469  -7.402  -30.681 0.0000000000
74302  -33.715  -8.342  -31.331 0.0000000000
112895  -34.497  -9.040  -32.315 0.0000000000
123467  -32.449  -13.860  -33.306 0.0000000000
70688  -33.715  -13.538  -33.465 0.0000000000
69864  -33.918  -14.205  -33.948 0.0000000000
70714  -34.619  -13.602  -36.409 0.0000000000
69901  -35.421  -13.979  -37.166 0.0000000000
63301  -30.623  -22.331  -36.539 0.0000000000
70685  -30.831  -13.786  -33.570 0.0000000000
69030  -30.971  -15.197  -33.611 0.0000000000
115473  -31.556  -16.125  -33.964 0.0000000000
67342  -32.253  -17.553  -34.993 0.0000000000
104260  -27.589  5.538  -29.147 0.0000000000
82540  -26.587  2.269  -29.212 0.0000000000
83166  -27.681  3.407  -28.908 0.0000000000
83779  -29.845  4.621  -28.273 0.0000000000
83158  -30.590  3.200  -28.355 0.0000000000
83159  -31.400  3.190  -28.851 0.0000000000
81296  -29.241  0.467  -29.339 0.0000000000
81912  -30.384  1.399  -28.727 0.0000000000
82534  -32.150  2.006  -28.856 0.0000000000
102964  -32.920  1.577  -28.557 0.0000000000
81286  -33.366  0.145  -28.365 0.0000000000
80567  -33.978  -0.398  -28.542 0.0000000000
78341  -29.525  -3.019  -30.421 0.0000000000
114572  -31.342  -2.860  -29.329 0.0000000000
79092  -33.299  -2.341  -28.741 0.0000000000
79844  -35.004  -1.586  -29.337 0.0000000000
79119  -35.051  -3.059  -30.358 0.0000000000
77536  -34.634  -4.102  -32.630 0.0000000000
76716  -34.481  -5.831  -31.630 0.0000000000
122209  -34.567  -5.185  -33.276 0.0000000000
72853  -31.498  -10.463  -32.163 0.0000000000
72855  -33.099  -10.616  -32.306 0.0000000000
73580  -35.350  -10.135  -33.639 0.0000000000
72175  -35.166  -11.938  -34.328 0.0000000000
122427  -35.560  -10.679  -35.161 0.0000000000
109809  -35.131  -8.832  -35.985 0.0000000000
74358  -34.453  -8.065  -38.095 0.0000000000
75149  -35.670  -7.611  -39.970 0.0000000000
66523  -30.436  -18.214  -34.548 0.0000000000
67353  -32.150  -18.242  -35.618 0.0000000000
66543  -33.216  -18.598  -36.282 0.0000000000
69059  -33.810  -16.165  -35.502 0.0000000000
68139  -34.137  -16.442  -35.851 0.0000000000
68148  -34.504  -16.374  -35.988 0.0000000000
68147  -34.146  -17.107  -35.881 0.0000000000
61701  -28.571  -24.502  -33.535 0.0000000000
61735  -28.785  -23.813  -34.698 0.0000000000
61720  -28.907  -23.922  -33.831 0.0000000000
79855  -28.430  -1.547  -30.409 0.0000000000
79840  -28.827  -0.970  -29.827 0.0000000000
79841  -29.552  -1.572  -29.589 0.0000000000
76699  -30.754  -5.485  -30.195 0.0000000000
77504  -32.015  -4.434  -29.360 0.0000000000
77515  -32.359  -5.181  -29.648 0.0000000000
77516  -33.302  -5.176  -29.887 0.0000000000
76701  -32.702  -5.821  -30.105 0.0000000000
74325  -35.033  -8.266  -33.363 0.0000000000
75104  -35.318  -7.450  -35.082 0.0000000000
115553  -34.466  -7.000  -36.286 0.0000000000
74336  -35.151  -7.938  -36.141 0.0000000000
71443  -31.673  -12.552  -33.165 0.0000000000
71432  -32.112  -12.037  -32.725 0.0000000000
71444  -32.514  -12.713  -32.919 0.0000000000
72195  -35.675  -11.773  -37.898 0.0000000000
72203  -36.532  -11.441  -38.444 0.0000000000
72905  -37.012  -10.771  -39.462 0.0000000000
72204  -37.687  -11.289  -39.036 0.0000000000
105473  -36.994  -11.877  -38.250 0.0000000000
64933  -31.298  -21.319  -36.948 0.0000000000
120921  -30.864  -7.395  -31.427 0.0000000000
75053  -31.468  -7.527  -31.094 0.0000000000
74300  -31.786  -8.763  -31.157 0.0000000000
74301  -32.813  -8.681  -31.109 0.0000000000
119107  -33.442  -8.874  -31.381 0.0000000000
73558  -33.917  -9.120  -31.703 0.0000000000
73557  -33.134  -9.393  -31.462 0.0000000000
69862  -32.290  -14.502  -33.478 0.0000000000
69863  -33.188  -14.293  -33.447 0.0000000000
69876  -33.687  -14.940  -34.190 0.0000000000
69889  -34.680  -15.013  -36.602 0.0000000000
111203  -34.483  -14.357  -36.108 0.0000000000
69900  -34.765  -14.293  -37.048 0.0000000000
70724  -35.023  -13.480  -37.115 0.0000000000
113128  -35.280  -14.828  -36.938 0.0000000000
60867  -27.846  -24.956  -34.479 0.0000000000
60849  -27.406  -25.381  -33.993 0.0000000000
63300  -29.861  -22.752  -36.332 0.0000000000
63292  -31.136  -22.212  -36.385 0.0000000000
69860  -30.600  -14.468  -33.602 0.0000000000
115568  -30.855  -16.600  -34.015 0.0000000000
68122  -31.556  -17.095  -34.374 0.0000000000
68123  -32.417  -16.812  -34.487 0.0000000000
83155  -26.359  3.743  -28.364 0.0000000000
84398  -26.868  5.245  -28.639 0.0000000000
83784  -27.557  4.458  -28.862 0.0000000000
82541  -27.530  2.490  -29.168 0.0000000000
83167  -28.463  3.856  -28.969 0.0000000000
83168  -29.151  4.241  -28.752 0.0000000000
115278  -29.047  3.452  -28.751 0.0000000000
114120  -29.963  2.748  -28.121 0.0000000000
82532  -30.490  2.254  -28.467 0.0000000000
81295  -28.386  0.254  -29.690 0.0000000000
81283  -30.144  0.620  -29.144 0.0000000000
81913  -31.362  1.571  -28.844 0.0000000000
81914  -32.235  1.320  -28.726 0.0000000000
80564  -31.878  -0.797  -28.881 0.0000000000
81287  -34.167  0.436  -28.465 0.0000000000
80566  -33.246  -0.834  -28.393 0.0000000000
77512  -29.629  -4.274  -30.565 0.0000000000
122063  -29.400  -3.623  -30.611 0.0000000000
78327  -30.148  -2.901  -29.920 0.0000000000
117225  -30.711  -2.708  -29.585 0.0000000000
78328  -30.790  -3.526  -29.638 0.0000000000
115601  -33.381  -3.717  -29.316 0.0000000000
78320  -32.944  -3.039  -28.950 0.0000000000
79830  -34.358  -1.653  -28.892 0.0000000000
121170  -34.687  -2.181  -29.236 0.0000000000
79107  -35.170  -2.303  -29.788 0.0000000000
79106  -34.495  -2.901  -29.525 0.0000000000
114687  -34.507  -4.396  -30.589 0.0000000000
78342  -34.847  -3.703  -30.982 0.0000000000
114002  -34.629  -4.171  -31.597 0.0000000000
78350  -34.715  -3.471  -32.362 0.0000000000
75055  -33.405  -7.249  -30.750 0.0000000000
75878  -33.821  -6.567  -30.690 0.0000000000
75879  -34.327  -6.562  -31.176 0.0000000000
107939  -34.645  -5.851  -33.577 0.0000000000
76727  -34.591  -5.883  -32.544 0.0000000000
77547  -34.388  -4.359  -33.686 0.0000000000
76735  -34.331  -4.882  -34.443 0.0000000000
75944  -33.120  -5.846  -38.055 0.0000000000
75956  -34.432  -6.147  -39.110 0.0000000000
72852  -30.749  -10.281  -32.615 0.0000000000
109205  -33.504  -11.105  -32.638 0.0000000000
72856  -34.136  -10.500  -32.480 0.0000000000
72868  -35.047  -10.773  -33.139 0.0000000000
71446  -34.304  -12.873  -33.631 0.0000000000
71457  -35.092  -12.305  -35.117 0.0000000000
111512  -35.806  -10.840  -36.208 0.0000000000
72890  -35.565  -10.058  -35.773 0.0000000000
73593  -35.465  -9.903  -34.619 0.0000000000
73607  -35.244  -9.325  -36.497 0.0000000000
74347  -34.835  -8.468  -37.017 0.0000000000
73617  -35.102  -9.060  -37.932 0.0000000000
72914  -37.520  -9.382  -41.153 0.0000000000
74389  -36.204  -8.249  -40.401 0.0000000000
74379  -36.622  -7.980  -40.346 0.0000000000
65722  -32.318  -19.931  -37.048 0.0000000000
66541  -32.013  -19.003  -36.198 0.0000000000
66542  -32.633  -18.606  -36.145 0.0000000000
66556  -32.832  -19.338  -36.657 0.0000000000
111501  -30.786  -7.922  -31.664 0.0000000000
73555  -31.494  -9.575  -31.719 0.0000000000
69045  -33.448  -15.783  -34.478 0.0000000000
69046  -33.992  -15.376  -35.228 0.0000000000
69069  -34.786  -15.579  -36.357 0.0000000000
69070  -35.088  -15.459  -36.567 0.0000000000
68149  -34.998  -16.488  -36.133 0.0000000000
121191  -28.191  -24.718  -34.021 0.0000000000
62517  -29.320  -23.171  -36.064 0.0000000000
62508  -29.835  -23.050  -35.055 0.0000000000
69042  -29.366  -15.640  -34.081 0.0000000000
68121  -29.986  -16.581  -33.960 0.0000000000
82529  -25.911  2.943  -28.573 0.0000000000
81923  -28.140  1.901  -29.328 0.0000000000
81924  -28.915  1.982  -28.881 0.0000000000
118143  -28.343  -0.343  -29.867 0.0000000000
80576  -29.082  -0.198  -29.638 0.0000000000
81297  -30.762  0.072  -29.460 0.0000000000
81284  -31.575  0.020  -29.131 0.0000000000
80578  -31.120  -0.638  -29.365 0.0000000000
79843  -31.394  -1.447  -29.116 0.0000000000
77513  -30.480  -4.530  -29.904 0.0000000000
78329  -31.675  -3.641  -29.322 0.0000000000
77503  -31.248  -4.263  -29.499 0.0000000000
78331  -34.057  -3.585  -29.504 0.0000000000
77506  -33.927  -4.384  -29.765 0.0000000000
75083  -34.522  -7.543  -32.054 0.0000000000
75893  -34.532  -6.648  -31.868 0.0000000000
75912  -34.879  -6.656  -33.783 0.0000000000
107278  -33.765  -5.418  -36.085 0.0000000000
75926  -34.549  -6.400  -35.504 0.0000000000
75116  -33.526  -6.461  -37.317 0.0000000000
75125  -33.377  -6.660  -38.249 0.0000000000
72867  -31.072  -11.075  -32.803 0.0000000000
71431  -31.368  -11.842  -32.996 0.0000000000
72155  -33.496  -11.778  -32.865 0.0000000000
71469  -34.961  -12.282  -36.144 0.0000000000
72185  -35.456  -11.680  -36.765 0.0000000000
113015  -35.682  -10.953  -37.548 0.0000000000
107070  -35.407  -10.123  -38.331 0.0000000000
73623  -35.291  -9.257  -38.996 0.0000000000
72911  -36.152  -9.908  -39.476 0.0000000000
72912  -37.386  -10.112  -40.561 0.0000000000
72913  -38.122  -9.730  -40.743 0.0000000000
72906  -38.297  -10.312  -39.740 0.0000000000
64932  -30.485  -21.417  -36.786 0.0000000000
64921  -30.554  -20.602  -36.488 0.0000000000
119742  -31.002  -20.082  -36.514 0.0000000000
76715  -31.061  -6.176  -30.595 0.0000000000
121303  -32.290  -6.217  -30.325 0.0000000000
75876  -31.821  -6.687  -30.578 0.0000000000
75072  -33.754  -7.678  -31.098 0.0000000000
75071  -32.122  -8.110  -30.847 0.0000000000
74284  -33.092  -7.910  -30.995 0.0000000000
75073  -34.200  -7.723  -31.405 0.0000000000
74303  -34.303  -8.369  -31.828 0.0000000000
74315  -34.635  -8.306  -32.553 0.0000000000
114495  -34.965  -8.917  -32.888 0.0000000000
70687  -32.944  -13.450  -33.041 0.0000000000
70689  -34.322  -13.604  -34.219 0.0000000000
69877  -34.269  -14.478  -34.923 0.0000000000
70699  -34.535  -13.632  -35.249 0.0000000000
71468  -34.713  -12.911  -35.670 0.0000000000
71480  -34.859  -12.968  -36.527 0.0000000000
70725  -35.641  -13.176  -37.283 0.0000000000
121516  -36.042  -13.107  -37.462 0.0000000000
71490  -36.833  -12.535  -37.772 0.0000000000
64109  -29.023  -21.599  -36.133 0.0000000000
64121  -29.976  -21.977  -36.650 0.0000000000
63302  -31.085  -22.078  -36.723 0.0000000000
119675  -31.706  -13.804  -33.449 0.0000000000
69031  -31.975  -15.268  -33.683 0.0000000000
69044  -32.654  -16.017  -34.084 0.0000000000
68137  -32.945  -17.206  -35.095 0.0000000000
83778  -26.586  4.607  -28.314 0.0000000000
82530  -26.825  3.109  -28.873 0.0000000000
83785  -28.496  4.830  -29.046 0.0000000000
83157  -29.768  3.570  -28.173 0.0000000000
114237  -30.312  4.075  -28.247 0.0000000000
83787  -30.923  5.069  -28.921 0.0000000000
83781  -31.032  4.067  -28.690 0.0000000000
83169  -31.988  3.536  -29.446 0.0000000000
102404  -28.514  1.113  -29.402 0.0000000000
81282  -29.477  1.234  -28.890 0.0000000000
82533  -31.316  2.477  -28.789 0.0000000000
83160  -32.071  2.754  -29.105 0.0000000000
123059  -32.735  3.122  -29.127 0.0000000000
82535  -33.019  2.472  -28.757 0.0000000000
104809  -33.775  1.878  -28.437 0.0000000000
103340  -32.755  0.775  -28.494 0.0000000000
81915  -33.577  1.020  -28.358 0.0000000000
79117  -28.234  -2.883  -31.178 0.0000000000
79103  -29.512  -2.325  -29.923 0.0000000000
79104  -30.144  -2.182  -29.488 0.0000000000
79105  -30.972  -2.119  -29.327 0.0000000000
79827  -32.142  -1.584  -28.694 0.0000000000
78319  -32.126  -2.979  -29.049 0.0000000000
79091  -32.517  -2.315  -28.733 0.0000000000
79828  -32.882  -1.638  -28.497 0.0000000000
79829  -33.629  -1.660  -28.623 0.0000000000
80579  -34.528  -0.934  -28.960 0.0000000000
111095  -34.848  -2.922  -32.471 0.0000000000
76702  -33.519  -5.842  -30.394 0.0000000000
76703  -34.215  -5.825  -30.884 0.0000000000
110239  -34.550  -4.968  -32.376 0.0000000000
76754  -32.943  -4.508  -36.907 0.0000000000
122122  -31.115  -9.928  -32.214 0.0000000000
72843  -32.016  -10.143  -31.636 0.0000000000
72854  -32.243  -10.682  -32.110 0.0000000000
72844  -32.681  -10.103  -31.676 0.0000000000
73569  -34.213  -9.683  -32.230 0.0000000000
73579  -34.878  -9.753  -32.861 0.0000000000
107975  -35.332  -9.146  -33.704 0.0000000000
71445  -33.462  -12.674  -33.052 0.0000000000
72163  -34.280  -12.112  -33.259 0.0000000000
72164  -35.016  -11.629  -33.492 0.0000000000
72869  -35.428  -10.982  -34.157 0.0000000000
118524  -35.340  -9.393  -35.497 0.0000000000
112313  -35.367  -8.730  -34.964 0.0000000000
74357  -33.731  -7.243  -38.745 0.0000000000
74378  -35.147  -7.728  -39.705 0.0000000000
75148  -34.670  -6.962  -39.535 0.0000000000
66540  -31.066  -18.856  -35.405 0.0000000000
121997  -31.662  -18.508  -35.530 0.0000000000
66524  -31.419  -17.990  -34.889 0.0000000000
67354  -32.918  -17.848  -35.753 0.0000000000
67355  -33.693  -17.835  -35.961 0.0000000000
69861  -31.389  -14.496  -33.529 0.0000000000
72154  -32.671  -11.351  -32.602 0.0000000000
72845  -33.553  -9.944  -31.900 0.0000000000
73636  -35.816  -8.782  -39.876 0.0000000000
73638  -38.047  -9.140  -41.109 0.0000000000
73643  -36.687  -8.925  -40.798 0.0000000000
74366  -33.976  -7.028  -39.349 0.0000000000
74367  -34.592  -8.180  -39.130 0.0000000000
74380  -37.653  -8.584  -40.579 0.0000000000
74390  -37.262  -8.712  -40.939 0.0000000000
75094  -35.178  -7.447  -34.015 0.0000000000
75147  -33.700  -6.200  -39.200 0.0000000000
79090  -31.717  -2.233  -28.930 0.0000000000
79093  -34.079  -2.317  -28.938 0.0000000000
79118  -28.845  -2.424  -30.541 0.0000000000
80577  -29.696  -0.754  -29.592 0.0000000000
107567  -34.783  -12.292  -33.794 0.0000000000
110502  -31.941  0.731  -28.828 0.0000000000
111007  -31.447  -8.146  -31.369 0.0000000000
112808  -34.381  -7.162  -31.427 0.0000000000
114499  -33.938  -1.091  -28.650 0.0000000000
119452  -33.884  -6.173  -36.423 0.0000000000
121977  -34.545  -4.513  -31.934 0.0000000000
122101  -29.359  -22.878  -36.273 0.0000000000
