#!ascii label  , from subject sub-003 vox2ras=TkReg
998
33620  29.356  -53.966  15.070 0.0000000000
55078  40.277  -31.622  7.781 0.0000000000
47571  30.326  -39.456  12.369 0.0000000000
123808  10.262  -61.270  19.754 0.0000000000
35561  24.608  -52.129  20.476 0.0000000000
50320  31.692  -35.600  11.985 0.0000000000
32531  16.154  -55.288  19.134 0.0000000000
27308  14.276  -60.105  18.645 0.0000000000
109877  19.334  -53.366  18.533 0.0000000000
55073  45.173  -32.151  7.675 0.0000000000
38556  27.751  -49.819  17.319 0.0000000000
121838  29.562  -47.553  14.874 0.0000000000
36600  32.072  -51.689  17.007 0.0000000000
58850  43.680  -27.958  7.501 0.0000000000
55993  47.322  -30.251  4.872 0.0000000000
55057  36.854  -30.760  10.335 0.0000000000
51334  39.516  -35.197  9.278 0.0000000000
124649  35.513  -35.926  9.622 0.0000000000
47579  35.848  -40.197  11.021 0.0000000000
29394  27.943  -57.705  17.705 0.0000000000
21231  11.458  -66.644  21.442 0.0000000000
114342  8.287  -68.316  20.544 0.0000000000
18222  5.128  -69.573  22.225 0.0000000000
33612  25.651  -54.421  16.332 0.0000000000
32540  23.124  -56.023  17.862 0.0000000000
44974  27.449  -41.889  14.359 0.0000000000
43109  32.711  -44.261  14.526 0.0000000000
111585  50.409  -27.331  4.614 0.0000000000
116186  42.598  -31.894  7.226 0.0000000000
124511  42.819  -33.237  8.495 0.0000000000
124726  28.858  -51.325  15.288 0.0000000000
37610  29.720  -50.197  15.003 0.0000000000
35614  31.219  -52.406  15.770 0.0000000000
56962  39.560  -29.488  9.199 0.0000000000
57894  42.246  -28.026  9.491 0.0000000000
105593  41.724  -29.604  7.261 0.0000000000
55976  43.662  -30.444  6.452 0.0000000000
15338  6.711  -72.673  23.292 0.0000000000
54191  35.490  -33.134  9.582 0.0000000000
53278  34.404  -33.719  11.493 0.0000000000
49395  30.072  -37.339  11.197 0.0000000000
49406  32.509  -37.493  10.073 0.0000000000
108190  32.789  -39.949  10.946 0.0000000000
46670  32.711  -40.989  13.630 0.0000000000
27294  12.107  -60.260  18.570 0.0000000000
25321  14.220  -61.990  19.836 0.0000000000
121369  12.185  -63.500  19.311 0.0000000000
23329  12.786  -65.062  21.538 0.0000000000
23341  11.046  -64.446  19.403 0.0000000000
124449  7.443  -65.570  21.383 0.0000000000
19244  6.441  -69.039  21.199 0.0000000000
34574  25.294  -53.540  18.442 0.0000000000
31511  24.677  -55.868  16.477 0.0000000000
33598  23.016  -53.788  17.517 0.0000000000
31468  19.328  -55.787  19.370 0.0000000000
108293  21.149  -55.456  20.265 0.0000000000
40377  31.799  -47.709  17.304 0.0000000000
41272  31.023  -45.979  14.646 0.0000000000
51301  33.670  -34.843  12.954 0.0000000000
51273  30.855  -35.384  15.153 0.0000000000
49376  28.262  -37.346  13.641 0.0000000000
30462  17.212  -56.947  18.359 0.0000000000
28316  16.225  -59.258  19.406 0.0000000000
31484  15.065  -57.111  18.571 0.0000000000
29362  12.495  -57.796  19.496 0.0000000000
28291  10.640  -59.198  21.481 0.0000000000
36560  21.526  -51.053  19.276 0.0000000000
36549  19.646  -51.440  20.171 0.0000000000
34582  17.951  -53.691  18.490 0.0000000000
40370  26.738  -47.346  18.554 0.0000000000
115724  26.639  -46.620  15.939 0.0000000000
39491  28.453  -48.557  15.377 0.0000000000
39508  30.796  -48.894  15.961 0.0000000000
58867  47.570  -27.665  5.678 0.0000000000
57909  45.168  -28.464  6.290 0.0000000000
55110  46.684  -31.215  6.588 0.0000000000
55969  38.551  -30.737  8.687 0.0000000000
53311  40.332  -33.352  8.425 0.0000000000
53313  37.976  -33.187  8.426 0.0000000000
51336  37.611  -35.453  9.118 0.0000000000
49401  37.442  -37.714  9.959 0.0000000000
51326  33.222  -35.172  10.690 0.0000000000
49403  35.626  -37.861  9.671 0.0000000000
32573  28.697  -56.039  16.154 0.0000000000
32556  31.686  -55.317  17.608 0.0000000000
106354  38.741  -29.976  11.147 0.0000000000
25305  8.888  -62.519  21.407 0.0000000000
23335  8.776  -64.828  20.069 0.0000000000
20211  9.332  -67.392  20.289 0.0000000000
19218  10.157  -69.271  22.923 0.0000000000
18220  8.708  -70.149  22.281 0.0000000000
16263  7.244  -71.041  21.865 0.0000000000
112412  5.692  -71.536  21.702 0.0000000000
16266  3.753  -71.489  21.856 0.0000000000
112691  27.376  -54.121  14.950 0.0000000000
31522  26.032  -55.917  15.576 0.0000000000
30457  25.978  -57.800  17.680 0.0000000000
33575  21.636  -53.629  18.359 0.0000000000
46674  28.559  -40.444  13.183 0.0000000000
42146  27.963  -45.487  13.621 0.0000000000
44042  30.266  -43.772  12.650 0.0000000000
44993  31.455  -42.028  13.401 0.0000000000
34571  32.956  -53.991  18.333 0.0000000000
59785  51.480  -26.426  3.382 0.0000000000
57932  48.869  -28.806  3.817 0.0000000000
57950  50.757  -28.709  2.804 0.0000000000
55097  41.405  -31.254  7.304 0.0000000000
54204  42.763  -32.741  7.845 0.0000000000
54205  41.661  -32.675  7.899 0.0000000000
35626  29.319  -52.244  14.779 0.0000000000
35637  29.650  -51.943  14.679 0.0000000000
34620  30.143  -53.525  15.293 0.0000000000
56966  39.718  -29.970  8.451 0.0000000000
123157  40.757  -29.315  8.113 0.0000000000
55978  41.345  -30.362  7.279 0.0000000000
55977  42.144  -30.271  6.887 0.0000000000
15339  6.174  -72.929  22.844 0.0000000000
53266  35.007  -33.232  11.905 0.0000000000
52270  34.675  -33.834  12.478 0.0000000000
48472  29.816  -38.713  11.849 0.0000000000
48494  30.929  -38.627  10.812 0.0000000000
47570  31.209  -39.776  12.042 0.0000000000
46688  33.235  -41.020  12.708 0.0000000000
46690  31.577  -40.419  12.887 0.0000000000
27295  11.432  -60.785  18.839 0.0000000000
26294  11.934  -61.696  18.431 0.0000000000
25343  11.372  -62.517  18.666 0.0000000000
24343  11.396  -63.876  19.268 0.0000000000
25344  10.490  -62.819  19.018 0.0000000000
107739  24.958  -52.912  18.966 0.0000000000
34575  24.422  -53.266  17.965 0.0000000000
121427  23.924  -51.911  18.947 0.0000000000
30425  18.847  -56.976  20.241 0.0000000000
43088  28.462  -44.601  17.620 0.0000000000
41228  32.634  -46.427  17.286 0.0000000000
50291  29.132  -36.038  14.190 0.0000000000
50276  28.367  -36.474  15.453 0.0000000000
32544  16.800  -55.588  18.529 0.0000000000
30463  16.426  -57.370  18.270 0.0000000000
31470  15.282  -56.355  18.918 0.0000000000
30429  13.029  -56.946  20.190 0.0000000000
29345  12.268  -57.356  20.788 0.0000000000
29346  11.787  -58.158  20.307 0.0000000000
36525  20.607  -51.218  21.892 0.0000000000
33531  17.048  -53.870  20.981 0.0000000000
34546  17.435  -53.322  20.214 0.0000000000
33559  16.731  -54.727  19.031 0.0000000000
32543  17.564  -55.464  18.434 0.0000000000
39493  27.023  -48.402  16.578 0.0000000000
39474  27.449  -49.074  16.960 0.0000000000
114725  31.217  -50.876  15.515 0.0000000000
38588  30.918  -49.602  15.703 0.0000000000
37587  31.691  -50.031  16.593 0.0000000000
38555  31.740  -49.364  16.976 0.0000000000
37572  32.732  -50.524  18.027 0.0000000000
57893  43.079  -27.781  8.919 0.0000000000
58859  45.311  -27.554  6.838 0.0000000000
58860  44.590  -28.003  6.699 0.0000000000
55094  44.749  -31.660  6.934 0.0000000000
55974  45.110  -30.954  6.423 0.0000000000
55093  45.593  -31.596  7.132 0.0000000000
55064  36.955  -31.043  9.306 0.0000000000
107171  38.235  -32.367  8.440 0.0000000000
54189  36.715  -32.137  9.111 0.0000000000
52305  35.367  -34.407  9.379 0.0000000000
52304  36.158  -34.586  9.051 0.0000000000
51337  36.619  -35.425  9.220 0.0000000000
50360  37.180  -36.245  9.418 0.0000000000
50361  36.141  -36.227  9.527 0.0000000000
51302  32.855  -35.112  12.758 0.0000000000
52271  33.179  -34.864  12.098 0.0000000000
51315  32.218  -35.408  11.774 0.0000000000
124643  34.220  -39.212  10.203 0.0000000000
48491  34.041  -38.465  10.011 0.0000000000
47591  34.882  -39.042  10.230 0.0000000000
48489  36.472  -38.917  10.344 0.0000000000
31495  28.986  -56.821  16.974 0.0000000000
31494  29.865  -56.592  17.250 0.0000000000
55050  37.216  -30.823  11.470 0.0000000000
55944  37.528  -30.388  10.644 0.0000000000
55958  38.257  -30.272  9.348 0.0000000000
28317  15.568  -59.588  19.180 0.0000000000
27278  15.242  -60.141  19.712 0.0000000000
22303  12.159  -65.611  21.352 0.0000000000
119728  12.487  -66.199  23.024 0.0000000000
21218  11.906  -66.858  22.723 0.0000000000
20184  11.513  -67.310  22.434 0.0000000000
24294  8.519  -62.963  22.076 0.0000000000
24333  9.004  -63.941  19.998 0.0000000000
23330  8.353  -64.334  21.057 0.0000000000
107813  7.315  -67.116  20.647 0.0000000000
21245  8.743  -66.559  20.122 0.0000000000
19256  9.064  -68.197  20.617 0.0000000000
19229  10.302  -68.692  22.320 0.0000000000
18232  8.645  -68.953  20.981 0.0000000000
105267  9.524  -69.727  22.661 0.0000000000
18249  8.082  -69.269  20.983 0.0000000000
18221  5.786  -69.361  21.664 0.0000000000
120069  7.137  -70.314  21.501 0.0000000000
18236  5.764  -70.160  21.633 0.0000000000
16264  6.489  -71.464  21.850 0.0000000000
17209  4.966  -70.289  21.981 0.0000000000
119283  26.793  -53.755  16.987 0.0000000000
34597  27.336  -53.325  16.492 0.0000000000
33624  26.250  -54.395  15.593 0.0000000000
32585  27.178  -55.315  15.236 0.0000000000
32587  25.604  -54.900  15.717 0.0000000000
123774  23.469  -56.004  17.187 0.0000000000
31496  24.988  -56.619  16.755 0.0000000000
30478  24.552  -57.123  17.501 0.0000000000
35595  20.025  -51.940  18.516 0.0000000000
116604  21.468  -52.131  18.298 0.0000000000
33576  20.844  -53.670  18.625 0.0000000000
32510  22.209  -56.009  20.274 0.0000000000
53302  40.167  -34.008  8.893 0.0000000000
53301  40.847  -33.772  8.901 0.0000000000
52287  40.999  -34.981  10.057 0.0000000000
46643  27.131  -40.134  15.641 0.0000000000
47531  27.265  -39.322  14.994 0.0000000000
45848  27.520  -41.109  13.890 0.0000000000
41256  27.813  -46.799  14.450 0.0000000000
41276  27.367  -45.923  14.326 0.0000000000
41275  28.233  -46.256  13.843 0.0000000000
42143  32.365  -44.981  14.897 0.0000000000
42158  30.557  -45.138  13.311 0.0000000000
43120  31.723  -43.806  13.329 0.0000000000
44994  30.580  -42.327  12.959 0.0000000000
44031  32.546  -43.301  13.954 0.0000000000
44984  33.140  -42.333  14.407 0.0000000000
33592  32.112  -54.735  17.714 0.0000000000
59786  50.862  -26.884  3.949 0.0000000000
57915  47.013  -28.320  5.322 0.0000000000
57914  47.883  -28.025  4.949 0.0000000000
56989  48.497  -29.523  3.958 0.0000000000
56994  50.391  -29.456  2.861 0.0000000000
56021  51.655  -30.208  2.636 0.0000000000
32496  15.735  -54.797  21.034 0.0000000000
32515  15.235  -55.494  20.549 0.0000000000
55074  44.304  -32.213  7.476 0.0000000000
54202  44.720  -32.642  8.286 0.0000000000
54203  43.823  -32.721  8.065 0.0000000000
37611  28.686  -50.804  15.794 0.0000000000
37599  28.740  -50.108  15.503 0.0000000000
110294  29.085  -50.800  15.083 0.0000000000
36609  30.933  -51.622  15.189 0.0000000000
35613  31.799  -52.480  16.586 0.0000000000
56953  41.483  -28.746  10.854 0.0000000000
57895  40.739  -28.692  9.009 0.0000000000
57898  42.049  -28.168  8.344 0.0000000000
117955  42.419  -28.480  7.554 0.0000000000
117268  43.677  -28.810  6.576 0.0000000000
114608  42.817  -30.107  6.570 0.0000000000
110789  42.891  -31.130  6.792 0.0000000000
15337  7.323  -72.381  23.847 0.0000000000
54161  35.907  -32.052  11.714 0.0000000000
54190  35.822  -32.318  9.760 0.0000000000
54174  35.270  -32.712  10.347 0.0000000000
53290  34.890  -33.386  10.023 0.0000000000
52288  34.257  -34.523  10.259 0.0000000000
105055  30.925  -35.781  12.075 0.0000000000
49393  32.127  -36.656  10.545 0.0000000000
49407  31.580  -37.429  10.338 0.0000000000
47593  32.436  -39.222  10.347 0.0000000000
47581  33.705  -40.335  10.935 0.0000000000
46701  33.911  -40.808  11.815 0.0000000000
46668  34.524  -41.342  13.474 0.0000000000
29374  28.142  -58.254  18.364 0.0000000000
27309  13.498  -60.309  18.464 0.0000000000
26278  14.463  -61.234  19.600 0.0000000000
26279  13.880  -61.595  18.986 0.0000000000
25341  13.532  -62.346  19.213 0.0000000000
24312  13.663  -63.811  21.320 0.0000000000
22311  12.270  -64.975  20.501 0.0000000000
107515  11.092  -65.709  19.924 0.0000000000
22298  7.795  -64.991  21.559 0.0000000000
120811  6.788  -66.309  21.981 0.0000000000
20199  6.829  -67.740  20.928 0.0000000000
19243  7.055  -68.590  20.841 0.0000000000
121626  6.349  -67.463  21.588 0.0000000000
113580  5.455  -67.978  22.760 0.0000000000
19220  4.901  -68.301  23.313 0.0000000000
33573  25.567  -53.958  17.968 0.0000000000
33613  25.172  -54.900  16.229 0.0000000000
33596  24.059  -54.618  16.773 0.0000000000
33597  23.362  -54.640  17.159 0.0000000000
32559  23.131  -55.367  17.375 0.0000000000
33577  19.553  -54.243  18.728 0.0000000000
33557  20.580  -54.470  19.252 0.0000000000
32513  20.085  -55.720  20.178 0.0000000000
51324  40.050  -35.886  9.823 0.0000000000
44960  27.820  -42.983  16.200 0.0000000000
40404  30.971  -47.055  15.880 0.0000000000
41253  30.665  -46.737  14.990 0.0000000000
41241  31.631  -46.583  16.267 0.0000000000
42126  32.456  -45.574  16.175 0.0000000000
58873  50.094  -27.536  5.453 0.0000000000
15345  4.678  -73.059  22.026 0.0000000000
51282  33.099  -35.243  14.384 0.0000000000
51283  32.454  -35.275  14.305 0.0000000000
51294  31.793  -35.378  13.662 0.0000000000
104198  29.751  -36.025  12.886 0.0000000000
49384  28.940  -37.327  12.476 0.0000000000
48473  29.110  -38.186  12.366 0.0000000000
30427  17.857  -58.018  19.759 0.0000000000
29343  17.546  -58.469  20.256 0.0000000000
29379  16.898  -57.845  18.501 0.0000000000
29380  16.154  -58.186  18.317 0.0000000000
29382  14.488  -58.654  18.536 0.0000000000
31471  14.587  -56.605  19.360 0.0000000000
30466  14.095  -57.941  18.560 0.0000000000
28330  13.693  -59.352  18.464 0.0000000000
28319  12.060  -59.379  18.892 0.0000000000
28320  11.473  -59.872  19.369 0.0000000000
27272  10.402  -59.950  20.968 0.0000000000
36545  23.258  -51.115  20.010 0.0000000000
36546  22.246  -50.868  20.242 0.0000000000
36561  20.594  -51.168  19.338 0.0000000000
35596  19.327  -51.857  18.893 0.0000000000
35554  18.761  -52.278  21.082 0.0000000000
35578  18.618  -52.269  19.211 0.0000000000
34581  18.633  -53.170  18.570 0.0000000000
32542  18.190  -55.260  18.446 0.0000000000
30441  17.869  -56.653  18.617 0.0000000000
41222  27.758  -45.836  18.781 0.0000000000
105616  27.195  -45.842  17.855 0.0000000000
120326  26.678  -46.492  17.581 0.0000000000
40390  26.741  -47.603  16.216 0.0000000000
40406  28.212  -48.019  15.148 0.0000000000
38590  29.142  -49.416  15.344 0.0000000000
105803  29.374  -48.758  15.340 0.0000000000
39490  30.873  -47.978  16.154 0.0000000000
109677  31.350  -48.036  16.870 0.0000000000
39458  32.652  -48.823  18.321 0.0000000000
58858  46.345  -27.439  6.667 0.0000000000
57916  46.372  -28.303  5.841 0.0000000000
56983  46.294  -29.109  5.602 0.0000000000
56976  44.734  -29.430  6.180 0.0000000000
123376  45.985  -29.920  5.782 0.0000000000
55079  39.569  -31.453  8.117 0.0000000000
120700  39.844  -32.139  8.009 0.0000000000
54208  39.077  -32.120  8.246 0.0000000000
111656  38.850  -33.030  8.375 0.0000000000
52319  38.595  -33.949  8.603 0.0000000000
54210  36.256  -33.060  9.150 0.0000000000
52320  37.564  -33.944  8.604 0.0000000000
51335  38.553  -35.409  9.151 0.0000000000
51325  39.127  -36.049  9.603 0.0000000000
49399  39.399  -37.214  10.508 0.0000000000
113404  33.873  -34.328  12.090 0.0000000000
52289  33.691  -34.742  10.608 0.0000000000
50363  34.079  -35.361  10.164 0.0000000000
50353  32.837  -36.583  10.346 0.0000000000
50352  34.348  -36.449  9.868 0.0000000000
50362  35.324  -36.456  9.674 0.0000000000
49402  36.494  -38.035  9.772 0.0000000000
33611  29.464  -54.820  15.683 0.0000000000
33610  30.180  -54.327  15.803 0.0000000000
31505  30.100  -55.882  16.877 0.0000000000
31492  31.505  -56.113  17.862 0.0000000000
55950  38.920  -29.777  10.004 0.0000000000
55957  38.929  -30.026  8.881 0.0000000000
27273  9.854  -60.375  21.606 0.0000000000
106799  9.154  -61.590  21.910 0.0000000000
25304  9.410  -62.001  20.790 0.0000000000
24345  9.709  -63.758  19.523 0.0000000000
23343  9.591  -64.502  19.660 0.0000000000
22313  10.266  -65.972  19.843 0.0000000000
22315  8.386  -65.721  20.294 0.0000000000
21244  9.694  -66.656  20.005 0.0000000000
21232  10.858  -66.963  21.017 0.0000000000
20197  10.612  -67.612  21.408 0.0000000000
19217  10.742  -68.753  23.132 0.0000000000
108087  8.656  -70.718  22.899 0.0000000000
18234  7.429  -69.519  21.140 0.0000000000
17227  7.865  -70.289  21.691 0.0000000000
16245  7.589  -71.491  22.606 0.0000000000
16246  6.844  -71.774  22.188 0.0000000000
15348  6.107  -72.093  21.928 0.0000000000
15349  5.219  -72.325  21.832 0.0000000000
18223  4.373  -69.700  22.575 0.0000000000
17229  4.838  -71.113  21.667 0.0000000000
15350  4.006  -72.488  21.748 0.0000000000
35628  28.026  -53.060  15.178 0.0000000000
34608  27.363  -53.382  15.630 0.0000000000
111271  27.887  -54.067  14.804 0.0000000000
32584  28.101  -55.323  15.426 0.0000000000
31520  27.654  -56.027  15.805 0.0000000000
30486  27.489  -57.233  16.919 0.0000000000
31510  25.490  -56.155  16.039 0.0000000000
30488  25.790  -56.916  16.551 0.0000000000
30476  26.862  -57.700  17.500 0.0000000000
35594  22.331  -52.150  18.198 0.0000000000
33574  22.336  -53.699  17.893 0.0000000000
32541  22.649  -55.275  18.160 0.0000000000
32527  21.578  -55.352  19.952 0.0000000000
32526  22.211  -55.329  19.223 0.0000000000
31466  23.231  -56.905  19.441 0.0000000000
53310  41.233  -33.307  8.396 0.0000000000
49369  27.567  -37.783  14.912 0.0000000000
48465  28.106  -38.557  13.629 0.0000000000
47555  29.088  -39.635  13.160 0.0000000000
43096  27.091  -44.996  16.008 0.0000000000
43095  27.381  -44.268  15.620 0.0000000000
44033  27.789  -43.630  13.939 0.0000000000
42144  29.799  -45.694  13.732 0.0000000000
43123  29.128  -44.554  12.863 0.0000000000
105870  28.378  -43.222  12.982 0.0000000000
44996  28.415  -42.142  12.860 0.0000000000
45861  30.065  -41.009  13.126 0.0000000000
116574  31.180  -40.627  13.323 0.0000000000
45859  32.498  -41.142  13.972 0.0000000000
106095  31.398  -54.055  16.617 0.0000000000
34605  32.079  -53.140  17.005 0.0000000000
35603  32.831  -52.621  17.932 0.0000000000
112739  33.594  -53.082  18.800 0.0000000000
36589  32.935  -51.907  18.175 0.0000000000
61492  51.147  -25.067  3.905 0.0000000000
57913  48.835  -27.885  4.804 0.0000000000
57921  50.003  -27.871  4.097 0.0000000000
56996  49.100  -29.277  3.523 0.0000000000
111295  50.083  -28.825  3.021 0.0000000000
58881  50.673  -27.511  3.734 0.0000000000
58880  51.346  -27.176  3.224 0.0000000000
59802  52.244  -26.734  2.677 0.0000000000
55098  40.727  -30.949  7.527 0.0000000000
55077  41.098  -31.860  7.573 0.0000000000
34621  29.418  -53.018  14.773 0.0000000000
55967  39.982  -30.752  7.974 0.0000000000
56971  40.535  -29.968  7.896 0.0000000000
15344  5.651  -72.800  22.266 0.0000000000
47584  30.573  -39.074  11.527 0.0000000000
47569  32.066  -40.212  12.076 0.0000000000
27296  10.690  -61.053  19.391 0.0000000000
26280  11.099  -61.555  18.738 0.0000000000
26281  10.403  -61.844  19.181 0.0000000000
107071  11.210  -63.304  18.989 0.0000000000
35575  24.520  -52.278  19.437 0.0000000000
35562  23.992  -51.647  19.799 0.0000000000
30414  18.564  -57.624  20.670 0.0000000000
30413  19.043  -57.299  21.200 0.0000000000
43080  29.026  -44.854  18.243 0.0000000000
32545  16.009  -56.020  18.592 0.0000000000
32532  15.537  -55.716  19.490 0.0000000000
33542  16.242  -54.677  19.931 0.0000000000
33541  16.822  -53.959  19.741 0.0000000000
37597  31.779  -50.817  16.478 0.0000000000
121861  32.186  -50.998  17.108 0.0000000000
37586  32.227  -50.241  17.321 0.0000000000
36590  32.559  -51.218  17.661 0.0000000000
57897  42.962  -28.002  7.888 0.0000000000
58841  43.662  -27.713  8.197 0.0000000000
58849  44.407  -27.667  7.324 0.0000000000
57901  43.928  -28.219  6.850 0.0000000000
16218  8.394  -71.472  24.036 0.0000000000
55058  36.237  -31.456  10.003 0.0000000000
51338  35.626  -35.319  9.424 0.0000000000
51303  32.181  -35.356  12.796 0.0000000000
116557  34.383  -39.796  10.513 0.0000000000
118787  35.141  -39.849  10.615 0.0000000000
30485  28.266  -57.198  17.144 0.0000000000
30474  29.588  -57.265  17.644 0.0000000000
30455  29.290  -57.843  18.153 0.0000000000
55959  37.529  -30.476  9.742 0.0000000000
27291  14.960  -59.880  18.979 0.0000000000
27292  14.688  -60.541  19.277 0.0000000000
22304  11.710  -66.109  21.177 0.0000000000
21224  11.965  -66.245  22.036 0.0000000000
123738  11.619  -66.859  22.099 0.0000000000
24315  8.426  -63.693  21.837 0.0000000000
20212  8.286  -67.445  20.322 0.0000000000
19232  5.245  -68.789  22.444 0.0000000000
33594  26.090  -54.035  17.050 0.0000000000
34609  26.549  -53.797  16.113 0.0000000000
116048  23.720  -56.593  17.678 0.0000000000
30459  24.713  -57.598  18.246 0.0000000000
30460  24.063  -57.209  18.328 0.0000000000
115567  20.198  -52.829  18.418 0.0000000000
116832  20.721  -52.197  18.366 0.0000000000
106779  40.086  -34.630  9.224 0.0000000000
52300  40.841  -34.401  9.472 0.0000000000
51333  40.383  -35.107  9.692 0.0000000000
45833  27.263  -41.874  15.524 0.0000000000
45821  27.132  -41.081  16.086 0.0000000000
45834  27.245  -41.054  14.931 0.0000000000
41255  28.660  -47.458  14.687 0.0000000000
120586  28.701  -46.792  14.297 0.0000000000
43110  31.988  -44.886  14.281 0.0000000000
121921  32.135  -44.232  13.867 0.0000000000
44030  33.286  -43.284  14.759 0.0000000000
59779  50.560  -26.583  4.581 0.0000000000
56982  46.991  -29.257  4.957 0.0000000000
119650  47.544  -28.674  4.754 0.0000000000
56990  47.703  -29.383  4.435 0.0000000000
32484  15.982  -55.065  22.311 0.0000000000
32497  15.328  -55.495  21.740 0.0000000000
32483  16.673  -54.402  21.871 0.0000000000
55075  43.392  -32.136  7.303 0.0000000000
53299  43.391  -33.151  8.675 0.0000000000
36611  29.330  -51.547  14.824 0.0000000000
35624  30.543  -52.323  15.044 0.0000000000
36610  30.097  -51.654  14.681 0.0000000000
36601  31.531  -51.653  16.063 0.0000000000
56961  40.280  -29.023  9.558 0.0000000000
56960  41.002  -28.657  9.846 0.0000000000
56970  41.151  -29.413  7.711 0.0000000000
57899  41.120  -28.778  8.340 0.0000000000
57903  41.742  -28.831  7.654 0.0000000000
56969  42.407  -29.273  6.989 0.0000000000
55096  42.030  -31.155  7.083 0.0000000000
55095  43.880  -31.536  6.777 0.0000000000
15342  7.119  -72.066  22.982 0.0000000000
54173  35.674  -31.964  10.686 0.0000000000
54162  35.317  -32.606  11.301 0.0000000000
53277  34.831  -33.199  10.897 0.0000000000
53291  34.460  -33.826  10.545 0.0000000000
50338  30.438  -36.420  11.458 0.0000000000
49394  30.899  -36.924  10.834 0.0000000000
49408  30.785  -37.774  10.634 0.0000000000
47582  31.924  -39.712  11.123 0.0000000000
47594  31.599  -38.974  10.489 0.0000000000
47592  33.507  -39.430  10.309 0.0000000000
46669  33.532  -41.310  13.547 0.0000000000
46656  33.916  -41.454  14.242 0.0000000000
55043  36.658  -31.604  12.091 0.0000000000
27310  12.840  -60.685  18.378 0.0000000000
26292  13.489  -61.050  18.575 0.0000000000
26293  12.982  -61.631  18.498 0.0000000000
25342  12.577  -62.547  18.802 0.0000000000
25323  13.139  -63.046  19.690 0.0000000000
24331  13.527  -63.217  20.609 0.0000000000
24332  13.032  -63.704  20.315 0.0000000000
111819  12.534  -64.236  20.081 0.0000000000
23340  11.862  -64.399  19.638 0.0000000000
22323  11.463  -65.099  19.831 0.0000000000
20185  6.695  -66.914  21.378 0.0000000000
20186  6.218  -66.798  22.339 0.0000000000
34557  25.676  -53.542  19.675 0.0000000000
103909  24.711  -53.990  17.367 0.0000000000
34576  23.545  -53.063  17.835 0.0000000000
34598  23.784  -53.873  17.309 0.0000000000
32530  18.999  -55.101  18.696 0.0000000000
32529  19.934  -55.055  19.382 0.0000000000
44959  28.353  -42.441  16.906 0.0000000000
40389  31.438  -47.384  16.609 0.0000000000
40388  31.985  -46.893  17.030 0.0000000000
123415  33.008  -46.666  17.842 0.0000000000
41240  32.269  -46.157  16.569 0.0000000000
41239  32.907  -45.613  16.806 0.0000000000
14485  3.741  -73.326  21.749 0.0000000000
51284  30.888  -35.504  14.198 0.0000000000
50321  30.688  -35.642  13.044 0.0000000000
50304  29.899  -35.807  13.710 0.0000000000
50292  28.528  -36.617  13.843 0.0000000000
50305  29.113  -36.287  13.301 0.0000000000
50306  28.730  -36.928  13.069 0.0000000000
49385  28.630  -37.677  13.030 0.0000000000
30442  17.715  -57.482  19.014 0.0000000000
29360  17.284  -58.234  19.296 0.0000000000
30464  15.670  -57.681  18.265 0.0000000000
29381  15.386  -58.414  18.451 0.0000000000
30465  14.836  -57.888  18.448 0.0000000000
31441  14.708  -55.770  21.132 0.0000000000
31456  14.884  -55.995  19.944 0.0000000000
31457  14.294  -56.209  20.427 0.0000000000
30444  13.366  -57.442  18.983 0.0000000000
29383  13.535  -58.352  18.549 0.0000000000
122671  12.949  -58.018  18.773 0.0000000000
28318  12.726  -58.726  18.669 0.0000000000
29363  12.067  -58.598  19.411 0.0000000000
28306  11.243  -58.680  20.915 0.0000000000
105664  11.525  -59.008  19.845 0.0000000000
28307  11.006  -59.497  20.405 0.0000000000
36533  23.086  -51.014  20.889 0.0000000000
36534  22.427  -50.906  21.426 0.0000000000
36536  19.959  -51.424  21.130 0.0000000000
36535  20.866  -51.148  21.028 0.0000000000
36548  20.303  -51.161  20.152 0.0000000000
36562  19.817  -51.404  19.440 0.0000000000
35577  19.140  -51.758  19.670 0.0000000000
34560  17.547  -53.410  19.115 0.0000000000
34545  18.014  -52.769  19.640 0.0000000000
34559  18.206  -52.917  18.801 0.0000000000
33578  18.536  -54.166  18.447 0.0000000000
33579  17.795  -54.607  18.443 0.0000000000
31481  17.280  -56.186  18.339 0.0000000000
31480  17.853  -56.056  18.386 0.0000000000
41216  27.281  -46.726  19.194 0.0000000000
41223  26.934  -46.499  18.351 0.0000000000
40371  26.543  -47.147  17.757 0.0000000000
39492  27.452  -48.219  15.732 0.0000000000
38589  30.168  -49.334  15.401 0.0000000000
105737  30.166  -48.396  15.552 0.0000000000
39489  31.295  -48.690  16.609 0.0000000000
115117  32.673  -49.742  18.123 0.0000000000
38554  32.180  -49.161  17.682 0.0000000000
57887  42.451  -28.397  10.575 0.0000000000
58846  47.036  -27.236  7.356 0.0000000000
58847  46.039  -27.197  7.537 0.0000000000
57908  45.945  -27.959  6.280 0.0000000000
120234  45.853  -28.650  6.043 0.0000000000
56977  44.008  -29.505  6.368 0.0000000000
55111  45.956  -31.067  6.633 0.0000000000
55985  45.609  -30.401  6.062 0.0000000000
55080  38.965  -31.311  8.401 0.0000000000
119058  38.348  -31.504  8.538 0.0000000000
54209  37.518  -32.521  8.604 0.0000000000
52303  37.084  -34.678  8.846 0.0000000000
52302  38.040  -34.714  8.806 0.0000000000
50359  38.170  -36.202  9.421 0.0000000000
50349  37.734  -36.955  9.712 0.0000000000
50348  38.732  -36.910  9.944 0.0000000000
121232  38.153  -37.474  10.117 0.0000000000
52265  34.415  -34.439  13.059 0.0000000000
114686  32.860  -35.020  11.341 0.0000000000
52279  33.330  -34.648  11.259 0.0000000000
112584  34.934  -38.126  9.841 0.0000000000
49404  34.233  -37.460  9.862 0.0000000000
103846  35.059  -37.262  9.676 0.0000000000
50351  35.917  -37.150  9.622 0.0000000000
32583  28.875  -55.273  15.698 0.0000000000
32572  29.508  -55.601  16.219 0.0000000000
30473  30.368  -56.995  17.802 0.0000000000
31493  30.641  -56.301  17.486 0.0000000000
55942  39.482  -29.731  11.102 0.0000000000
55968  39.264  -30.688  8.401 0.0000000000
29344  16.876  -58.817  19.850 0.0000000000
28303  17.036  -58.916  20.963 0.0000000000
28304  16.483  -59.436  20.440 0.0000000000
105542  12.854  -65.497  22.928 0.0000000000
25287  8.736  -62.093  22.522 0.0000000000
25286  9.177  -61.300  23.005 0.0000000000
25324  9.849  -62.376  19.731 0.0000000000
25325  9.243  -63.006  20.168 0.0000000000
122212  8.701  -64.163  20.478 0.0000000000
22325  9.620  -65.228  19.728 0.0000000000
22305  8.176  -65.116  20.659 0.0000000000
22306  7.722  -65.640  20.797 0.0000000000
20210  10.207  -67.279  20.536 0.0000000000
19230  9.766  -69.160  22.251 0.0000000000
17193  9.210  -70.329  23.179 0.0000000000
17194  8.808  -70.861  23.651 0.0000000000
16244  8.092  -70.856  22.361 0.0000000000
118103  5.595  -70.821  21.632 0.0000000000
17210  4.084  -70.491  22.126 0.0000000000
16265  4.756  -71.836  21.672 0.0000000000
35627  28.426  -52.433  15.513 0.0000000000
34624  26.946  -53.892  15.331 0.0000000000
34623  27.599  -53.610  14.952 0.0000000000
33622  27.636  -54.631  15.017 0.0000000000
31521  26.713  -55.981  15.557 0.0000000000
31508  27.129  -56.618  16.222 0.0000000000
32575  24.592  -55.162  16.469 0.0000000000
32574  25.210  -55.418  16.066 0.0000000000
30477  25.429  -57.313  17.205 0.0000000000
118316  26.121  -57.425  17.077 0.0000000000
29395  27.382  -58.154  18.233 0.0000000000
29376  26.495  -58.229  18.315 0.0000000000
36559  22.504  -51.134  19.233 0.0000000000
36577  22.673  -51.620  18.597 0.0000000000
36578  21.885  -51.505  18.620 0.0000000000
34578  21.937  -52.881  18.079 0.0000000000
33556  22.149  -54.443  18.408 0.0000000000
32528  20.700  -55.280  19.972 0.0000000000
119032  21.120  -55.004  19.789 0.0000000000
31452  22.959  -56.665  20.196 0.0000000000
31467  22.756  -56.263  19.415 0.0000000000
54207  39.707  -32.816  8.231 0.0000000000
54206  40.595  -32.567  7.987 0.0000000000
49357  27.599  -37.752  15.763 0.0000000000
48442  27.360  -38.491  15.387 0.0000000000
115510  27.724  -39.801  13.803 0.0000000000
47542  27.572  -39.326  14.203 0.0000000000
108278  28.237  -39.781  13.460 0.0000000000
47556  28.496  -39.069  13.380 0.0000000000
41229  26.672  -46.104  16.959 0.0000000000
121028  27.398  -45.203  17.136 0.0000000000
107232  26.744  -45.719  16.260 0.0000000000
42147  27.481  -45.152  14.047 0.0000000000
43101  27.130  -45.081  14.874 0.0000000000
43100  27.479  -44.392  14.460 0.0000000000
43111  27.856  -44.665  13.607 0.0000000000
41273  30.181  -46.214  14.369 0.0000000000
105304  30.566  -45.651  14.086 0.0000000000
43122  29.976  -44.520  12.753 0.0000000000
44043  29.310  -43.759  12.616 0.0000000000
115566  29.146  -42.844  12.645 0.0000000000
114276  30.690  -41.480  13.208 0.0000000000
119958  30.788  -40.891  13.353 0.0000000000
45860  31.379  -41.112  13.537 0.0000000000
45846  32.125  -41.337  13.787 0.0000000000
113235  33.513  -41.851  14.659 0.0000000000
33609  30.865  -54.569  16.520 0.0000000000
33593  31.478  -54.640  17.186 0.0000000000
107508  32.464  -54.147  17.849 0.0000000000
34595  31.965  -53.897  17.205 0.0000000000
34594  32.582  -53.379  17.682 0.0000000000
34593  33.153  -53.238  18.362 0.0000000000
35590  33.302  -52.548  18.515 0.0000000000
112821  33.444  -51.840  18.802 0.0000000000
59778  50.926  -26.076  3.943 0.0000000000
105059  51.542  -25.674  3.503 0.0000000000
59784  52.165  -25.819  2.968 0.0000000000
58857  47.304  -27.427  6.475 0.0000000000
57923  48.300  -28.610  4.331 0.0000000000
57922  49.121  -28.145  4.067 0.0000000000
58874  49.734  -27.796  4.868 0.0000000000
57930  50.339  -28.190  3.303 0.0000000000
57929  51.046  -27.915  2.933 0.0000000000
55076  41.942  -31.969  7.447 0.0000000000
36612  28.867  -51.977  15.115 0.0000000000
111381  30.155  -52.857  14.920 0.0000000000
34619  30.759  -53.040  15.563 0.0000000000
56965  40.345  -29.261  8.613 0.0000000000
15343  6.443  -72.393  22.471 0.0000000000
53265  35.680  -32.843  12.296 0.0000000000
53257  35.412  -33.494  12.782 0.0000000000
48481  30.231  -38.269  11.159 0.0000000000
47583  31.221  -39.290  11.132 0.0000000000
46702  32.888  -40.575  11.752 0.0000000000
46689  32.362  -40.701  12.857 0.0000000000
27311  12.243  -61.019  18.388 0.0000000000
24344  10.593  -63.685  19.214 0.0000000000
21220  6.080  -66.393  23.368 0.0000000000
35592  24.160  -52.511  18.473 0.0000000000
35593  23.277  -52.137  18.289 0.0000000000
117242  18.892  -56.412  19.527 0.0000000000
31455  19.421  -56.300  20.210 0.0000000000
44006  28.611  -43.824  17.293 0.0000000000
40376  32.474  -47.277  17.768 0.0000000000
50290  29.971  -35.640  14.686 0.0000000000
50274  29.968  -35.594  15.575 0.0000000000
120648  28.543  -36.349  14.599 0.0000000000
49368  27.955  -36.998  14.506 0.0000000000
31482  16.599  -56.502  18.335 0.0000000000
31483  15.849  -56.852  18.336 0.0000000000
30415  13.636  -56.365  20.890 0.0000000000
34536  17.614  -53.443  21.252 0.0000000000
33558  17.303  -54.180  18.775 0.0000000000
33580  17.279  -54.918  18.610 0.0000000000
39460  26.575  -47.832  17.908 0.0000000000
39475  26.833  -48.468  17.545 0.0000000000
106545  27.792  -48.855  15.994 0.0000000000
37609  30.690  -50.180  15.323 0.0000000000
37598  31.324  -50.166  15.922 0.0000000000
38571  31.318  -49.466  16.276 0.0000000000
57892  43.836  -27.734  9.648 0.0000000000
55975  44.357  -31.032  6.480 0.0000000000
55986  44.460  -30.273  6.264 0.0000000000
55092  46.380  -31.588  7.266 0.0000000000
55970  37.757  -30.834  8.921 0.0000000000
55081  37.552  -31.699  8.726 0.0000000000
53304  35.227  -33.752  9.521 0.0000000000
53303  35.809  -33.796  9.137 0.0000000000
50350  36.814  -37.044  9.681 0.0000000000
51292  33.411  -35.070  13.700 0.0000000000
51314  32.652  -35.132  11.835 0.0000000000
50336  32.614  -35.547  10.920 0.0000000000
48492  33.003  -38.449  9.969 0.0000000000
49405  33.397  -37.542  9.926 0.0000000000
48490  35.691  -38.574  9.985 0.0000000000
31506  29.469  -56.233  16.657 0.0000000000
55042  37.512  -31.331  12.416 0.0000000000
55049  37.929  -30.721  12.007 0.0000000000
55943  38.007  -30.290  11.321 0.0000000000
55951  38.142  -30.089  10.358 0.0000000000
28305  15.867  -59.795  20.021 0.0000000000
27270  15.569  -60.371  20.609 0.0000000000
22297  12.539  -65.596  22.237 0.0000000000
20174  10.988  -67.961  22.437 0.0000000000
24314  8.730  -63.549  20.982 0.0000000000
21233  7.155  -66.169  21.140 0.0000000000
21246  7.871  -66.415  20.455 0.0000000000
20198  9.911  -67.941  20.958 0.0000000000
19242  9.632  -68.688  21.483 0.0000000000
18219  9.120  -69.391  21.843 0.0000000000
18233  8.344  -69.641  21.415 0.0000000000
19231  5.807  -68.498  21.867 0.0000000000
18235  6.545  -69.888  21.414 0.0000000000
17228  6.409  -70.776  21.630 0.0000000000
17211  3.226  -70.649  22.222 0.0000000000
33623  26.876  -54.554  15.114 0.0000000000
32586  26.241  -55.216  15.307 0.0000000000
32558  23.829  -55.459  16.822 0.0000000000
31497  24.102  -56.327  16.939 0.0000000000
30458  25.268  -57.701  17.906 0.0000000000
116108  25.771  -58.071  18.251 0.0000000000
36579  20.859  -51.528  18.690 0.0000000000
34579  21.126  -52.853  18.261 0.0000000000
31439  21.446  -56.239  21.264 0.0000000000
32511  21.513  -55.855  20.613 0.0000000000
31453  21.939  -56.240  21.025 0.0000000000
53312  39.500  -33.589  8.537 0.0000000000
46633  27.280  -40.465  16.570 0.0000000000
46658  27.408  -40.183  14.383 0.0000000000
46675  27.783  -40.431  13.539 0.0000000000
112533  27.052  -46.541  14.989 0.0000000000
42127  26.837  -45.814  15.342 0.0000000000
42134  31.814  -45.562  14.913 0.0000000000
118729  31.270  -45.343  14.109 0.0000000000
112177  31.492  -44.685  13.510 0.0000000000
43121  30.911  -44.267  12.900 0.0000000000
108659  30.009  -42.994  12.630 0.0000000000
44041  31.006  -43.170  12.964 0.0000000000
44032  31.850  -42.897  13.467 0.0000000000
44985  32.413  -42.187  13.788 0.0000000000
32539  32.283  -55.582  18.184 0.0000000000
33568  32.690  -54.771  18.275 0.0000000000
33567  33.318  -54.658  18.813 0.0000000000
56006  50.771  -30.144  2.841 0.0000000000
57011  51.218  -29.463  2.587 0.0000000000
57949  51.596  -28.622  2.511 0.0000000000
57010  52.216  -29.406  2.320 0.0000000000
32514  15.723  -55.178  19.998 0.0000000000
33520  17.414  -53.815  22.013 0.0000000000
110923  16.458  -54.291  20.709 0.0000000000
54201  45.596  -32.540  8.451 0.0000000000
54188  44.240  -33.031  8.932 0.0000000000
118922  28.343  -50.299  16.523 0.0000000000
114245  29.715  -50.993  14.749 0.0000000000
108570  30.470  -50.895  14.893 0.0000000000
105576  41.390  -28.327  9.091 0.0000000000
57902  43.140  -28.525  7.066 0.0000000000
56968  43.239  -29.416  6.557 0.0000000000
16231  7.776  -71.782  23.504 0.0000000000
55051  36.315  -31.330  11.076 0.0000000000
52306  34.767  -34.110  9.816 0.0000000000
51339  34.793  -34.902  9.721 0.0000000000
112417  31.845  -35.962  11.160 0.0000000000
50337  31.220  -36.103  11.292 0.0000000000
124419  31.571  -36.591  10.764 0.0000000000
120348  31.344  -38.236  10.322 0.0000000000
48493  32.049  -38.329  10.086 0.0000000000
47580  34.762  -40.481  11.128 0.0000000000
121611  34.690  -40.824  11.992 0.0000000000
46686  35.069  -41.055  12.609 0.0000000000
46687  34.163  -41.194  12.660 0.0000000000
30456  28.613  -57.926  18.090 0.0000000000
29373  28.869  -58.365  18.548 0.0000000000
27293  14.073  -60.861  18.854 0.0000000000
25322  13.807  -62.641  20.256 0.0000000000
22312  11.670  -65.665  20.500 0.0000000000
20213  7.574  -68.022  20.573 0.0000000000
19257  7.831  -68.806  20.729 0.0000000000
20200  6.354  -68.178  21.347 0.0000000000
118485  5.918  -67.670  22.164 0.0000000000
33595  25.391  -54.145  17.195 0.0000000000
110771  24.855  -54.612  16.712 0.0000000000
124409  20.121  -53.658  18.651 0.0000000000
32512  20.826  -55.831  20.745 0.0000000000
120299  27.553  -42.453  16.154 0.0000000000
44973  27.500  -42.762  14.938 0.0000000000
40405  30.244  -47.545  15.303 0.0000000000
41254  29.656  -46.954  14.635 0.0000000000
41252  31.356  -46.297  15.421 0.0000000000
41251  31.947  -45.866  15.838 0.0000000000
42133  32.393  -45.310  15.520 0.0000000000
56001  47.988  -30.082  4.318 0.0000000000
51291  34.203  -34.843  13.726 0.0000000000
51293  32.664  -35.237  13.636 0.0000000000
51304  31.527  -35.520  12.736 0.0000000000
109291  30.070  -36.099  12.191 0.0000000000
50339  29.756  -36.725  11.726 0.0000000000
50322  29.301  -36.628  12.423 0.0000000000
49396  29.365  -37.363  11.841 0.0000000000
48482  29.594  -37.995  11.533 0.0000000000
47572  29.569  -39.105  12.649 0.0000000000
29342  18.148  -58.098  20.524 0.0000000000
29361  16.555  -58.584  18.871 0.0000000000
28327  15.768  -58.961  18.659 0.0000000000
116825  15.129  -58.984  18.592 0.0000000000
28329  14.645  -59.409  18.641 0.0000000000
30428  13.865  -56.764  19.747 0.0000000000
30443  14.257  -57.253  18.827 0.0000000000
28331  12.800  -59.794  18.453 0.0000000000
27280  10.861  -60.299  19.872 0.0000000000
27281  10.181  -60.737  20.414 0.0000000000
121641  21.639  -50.931  20.943 0.0000000000
36547  21.175  -50.959  20.100 0.0000000000
34580  19.343  -52.555  18.562 0.0000000000
35563  19.192  -51.800  20.636 0.0000000000
34535  18.148  -52.845  20.912 0.0000000000
35564  18.569  -52.209  20.141 0.0000000000
118572  18.779  -52.514  18.738 0.0000000000
31469  18.513  -56.052  18.749 0.0000000000
105116  18.379  -56.888  19.260 0.0000000000
30426  18.304  -57.575  19.874 0.0000000000
42118  28.102  -45.235  18.064 0.0000000000
40378  26.615  -47.770  17.141 0.0000000000
40391  26.515  -46.980  16.902 0.0000000000
40407  27.296  -47.422  15.199 0.0000000000
122436  28.100  -49.540  16.033 0.0000000000
38572  28.603  -48.995  15.532 0.0000000000
39509  29.359  -48.094  15.070 0.0000000000
39473  31.727  -48.519  17.268 0.0000000000
39472  32.168  -48.222  17.893 0.0000000000
58868  46.709  -27.755  5.956 0.0000000000
57910  44.324  -28.704  6.427 0.0000000000
56975  45.503  -29.452  5.973 0.0000000000
106890  45.050  -30.135  6.094 0.0000000000
55994  46.517  -30.012  5.385 0.0000000000
52301  39.447  -34.367  8.869 0.0000000000
53314  37.112  -33.143  8.705 0.0000000000
52321  36.619  -33.872  8.794 0.0000000000
112253  38.832  -34.763  8.856 0.0000000000
50347  39.688  -36.610  10.142 0.0000000000
52278  33.881  -34.203  10.997 0.0000000000
121345  34.930  -35.723  9.765 0.0000000000
116478  32.260  -35.958  10.876 0.0000000000
104887  33.399  -36.003  10.301 0.0000000000
103532  33.614  -36.831  9.982 0.0000000000
48488  37.293  -38.515  10.412 0.0000000000
48487  38.093  -38.075  10.551 0.0000000000
32571  30.206  -55.132  16.358 0.0000000000
32557  30.902  -55.405  17.178 0.0000000000
56955  39.771  -29.354  10.285 0.0000000000
26247  9.632  -61.132  21.233 0.0000000000
26262  9.890  -61.531  20.162 0.0000000000
25345  9.907  -63.116  19.386 0.0000000000
23342  10.286  -64.300  19.443 0.0000000000
22324  10.491  -65.059  19.632 0.0000000000
21242  11.172  -66.338  20.499 0.0000000000
23317  8.057  -64.120  22.205 0.0000000000
22314  9.176  -65.815  19.877 0.0000000000
21243  10.509  -66.726  20.230 0.0000000000
20196  11.199  -67.231  21.816 0.0000000000
19241  10.312  -68.189  21.729 0.0000000000
16230  8.247  -71.216  23.161 0.0000000000
18211  4.631  -69.050  23.000 0.0000000000
40364  26.923  -47.684  19.339 0.0000000000
105614  28.758  -52.743  14.910 0.0000000000
34622  28.471  -53.569  14.832 0.0000000000
33621  28.527  -54.518  15.079 0.0000000000
31507  28.058  -56.704  16.506 0.0000000000
31523  25.692  -55.534  15.645 0.0000000000
31509  26.260  -56.493  16.022 0.0000000000
30487  26.600  -57.133  16.655 0.0000000000
35576  23.320  -51.503  19.096 0.0000000000
34577  22.724  -52.948  17.893 0.0000000000
32560  22.735  -54.543  17.680 0.0000000000
119099  21.459  -54.507  19.157 0.0000000000
31479  22.800  -55.936  18.644 0.0000000000
31478  23.284  -56.684  18.602 0.0000000000
30440  23.767  -57.327  19.150 0.0000000000
53309  42.194  -33.316  8.416 0.0000000000
53300  41.732  -33.898  9.161 0.0000000000
50265  28.654  -36.539  16.320 0.0000000000
123241  27.794  -37.139  15.358 0.0000000000
48456  27.503  -38.610  14.545 0.0000000000
48466  27.748  -38.741  13.982 0.0000000000
115227  28.216  -37.977  13.475 0.0000000000
48474  28.588  -38.378  13.166 0.0000000000
47573  29.000  -38.845  12.993 0.0000000000
47554  30.001  -39.845  12.943 0.0000000000
104774  27.792  -44.359  16.782 0.0000000000
44013  27.879  -43.582  16.486 0.0000000000
44022  27.495  -43.578  15.198 0.0000000000
41274  29.221  -46.299  14.005 0.0000000000
42145  28.817  -45.690  13.482 0.0000000000
42159  29.479  -45.146  13.151 0.0000000000
42160  28.566  -44.968  13.246 0.0000000000
44044  28.372  -44.156  13.039 0.0000000000
44986  27.810  -42.622  13.683 0.0000000000
45847  27.739  -41.804  13.475 0.0000000000
45863  27.983  -41.199  13.128 0.0000000000
45862  28.982  -41.183  12.897 0.0000000000
44995  29.680  -41.989  12.728 0.0000000000
46673  29.547  -40.400  13.082 0.0000000000
46672  30.447  -40.463  13.169 0.0000000000
46691  30.822  -40.095  12.877 0.0000000000
46671  31.939  -40.831  13.607 0.0000000000
45845  32.913  -41.573  14.163 0.0000000000
46657  33.092  -41.357  14.068 0.0000000000
34607  30.865  -53.826  16.005 0.0000000000
34606  31.498  -53.285  16.368 0.0000000000
35604  32.341  -52.574  17.294 0.0000000000
114625  32.550  -52.009  17.621 0.0000000000
33549  33.971  -54.568  19.334 0.0000000000
34570  33.599  -53.809  18.905 0.0000000000
36574  32.996  -51.136  18.460 0.0000000000
58866  48.535  -27.704  5.557 0.0000000000
58865  49.587  -27.698  5.794 0.0000000000
124326  50.084  -27.663  4.825 0.0000000000
56995  49.665  -29.395  3.169 0.0000000000
57931  49.550  -28.603  3.492 0.0000000000
58898  51.916  -27.727  2.562 0.0000000000
28328  15.227  -59.362  18.790 0.0000000000
30461  17.543  -56.465  18.424 0.0000000000
30475  28.798  -57.481  17.606 0.0000000000
34554  34.031  -53.266  19.224 0.0000000000
35625  29.863  -52.341  14.706 0.0000000000
36580  20.079  -51.491  18.906 0.0000000000
47557  27.935  -39.217  13.718 0.0000000000
48430  27.439  -38.370  16.153 0.0000000000
48455  27.774  -37.969  14.018 0.0000000000
49356  28.081  -37.102  16.094 0.0000000000
115549  29.162  -35.941  15.103 0.0000000000
120023  32.420  -40.103  11.488 0.0000000000
122457  44.027  -27.687  7.805 0.0000000000
