#!ascii label  , from subject sub-031 vox2ras=TkReg
1139
75972  -37.278  1.659  7.835 0.0000000000
77868  -47.374  3.991  -4.869 0.0000000000
80221  -42.481  6.589  11.223 0.0000000000
76030  -46.391  1.564  3.474 0.0000000000
74993  -45.842  0.282  13.487 0.0000000000
79491  -41.564  5.166  0.496 0.0000000000
119821  -46.144  11.042  1.879 0.0000000000
84845  -40.205  12.905  7.394 0.0000000000
74013  -37.012  -0.092  18.900 0.0000000000
74163  -41.995  -0.302  5.588 0.0000000000
76071  -43.603  1.372  0.401 0.0000000000
76934  -39.932  3.089  4.057 0.0000000000
83293  -45.300  10.111  12.452 0.0000000000
81799  -45.348  8.565  6.591 0.0000000000
115046  -45.345  11.061  7.312 0.0000000000
84893  -42.774  12.095  4.788 0.0000000000
86342  -44.564  14.563  9.823 0.0000000000
113062  -44.222  4.120  -7.537 0.0000000000
78555  -34.516  4.979  11.120 0.0000000000
79408  -38.660  5.103  9.595 0.0000000000
78601  -51.621  4.218  5.497 0.0000000000
110013  -46.695  1.664  8.047 0.0000000000
73229  -41.308  -1.659  9.693 0.0000000000
72336  -38.770  -2.259  14.255 0.0000000000
125987  -44.313  4.243  -4.076 0.0000000000
81136  -42.602  7.359  -5.378 0.0000000000
80256  -41.052  6.857  5.020 0.0000000000
109963  -43.356  8.631  0.784 0.0000000000
84997  -45.491  12.983  -5.664 0.0000000000
86381  -41.807  14.284  -1.420 0.0000000000
122739  -38.878  13.193  0.940 0.0000000000
75044  -39.611  0.191  6.434 0.0000000000
121002  -40.376  1.418  4.368 0.0000000000
76920  -38.527  2.200  6.197 0.0000000000
84038  -46.759  12.033  12.220 0.0000000000
83303  -45.546  10.370  9.164 0.0000000000
84834  -47.000  12.849  9.540 0.0000000000
84841  -45.459  12.700  8.085 0.0000000000
77037  -45.544  3.928  -6.075 0.0000000000
80197  -32.753  6.753  12.326 0.0000000000
125524  -35.635  6.118  12.544 0.0000000000
75015  -46.319  0.722  10.498 0.0000000000
112420  -44.015  -0.504  9.020 0.0000000000
74114  -43.570  -0.963  11.306 0.0000000000
74071  -38.434  -0.382  15.998 0.0000000000
73204  -33.400  -1.274  11.571 0.0000000000
119164  -32.009  0.960  10.520 0.0000000000
75004  -30.664  1.081  11.710 0.0000000000
76971  -47.301  2.532  1.184 0.0000000000
77822  -41.973  2.980  -0.045 0.0000000000
77003  -43.651  2.450  -1.532 0.0000000000
77852  -42.457  4.165  -2.348 0.0000000000
78705  -42.838  5.003  -4.790 0.0000000000
80347  -42.331  6.482  -2.937 0.0000000000
79403  -40.353  5.552  10.751 0.0000000000
80240  -39.844  6.119  7.708 0.0000000000
81038  -41.760  7.290  8.384 0.0000000000
123300  -46.785  9.725  3.785 0.0000000000
81830  -44.451  8.565  3.165 0.0000000000
82590  -45.871  10.380  1.488 0.0000000000
83369  -44.851  11.151  -2.416 0.0000000000
84958  -46.133  12.713  -0.982 0.0000000000
109737  -44.454  13.725  -2.651 0.0000000000
84947  -44.185  12.638  0.558 0.0000000000
84081  -41.587  11.874  6.007 0.0000000000
106385  -40.906  12.338  3.058 0.0000000000
84095  -39.645  11.627  4.621 0.0000000000
84108  -38.324  11.943  3.476 0.0000000000
84078  -38.759  11.878  5.436 0.0000000000
75070  -44.201  0.544  4.363 0.0000000000
76042  -45.205  1.018  1.967 0.0000000000
75084  -42.444  0.789  3.060 0.0000000000
76039  -41.536  1.776  2.380 0.0000000000
78633  -40.751  4.398  2.512 0.0000000000
81023  -44.553  8.040  12.466 0.0000000000
81790  -44.122  7.962  8.504 0.0000000000
81787  -45.775  8.518  9.061 0.0000000000
82546  -46.196  8.997  6.881 0.0000000000
84084  -45.267  10.748  5.074 0.0000000000
84909  -44.277  12.054  2.775 0.0000000000
84863  -44.382  12.162  6.690 0.0000000000
84839  -43.194  12.776  8.260 0.0000000000
112638  -41.940  13.548  8.468 0.0000000000
78733  -42.262  4.960  -7.965 0.0000000000
77734  -35.785  3.247  9.449 0.0000000000
78580  -37.682  4.205  8.416 0.0000000000
78569  -37.019  4.815  10.598 0.0000000000
107334  -38.326  5.534  12.522 0.0000000000
80186  -40.659  6.279  13.868 0.0000000000
118460  -39.283  9.201  13.571 0.0000000000
81766  -42.189  8.039  14.139 0.0000000000
76937  -49.138  2.697  4.420 0.0000000000
76923  -49.232  2.732  6.917 0.0000000000
75995  -46.380  1.574  6.288 0.0000000000
75046  -44.413  0.300  6.766 0.0000000000
73246  -40.945  -1.203  7.502 0.0000000000
74974  -44.927  -0.148  15.694 0.0000000000
74943  -40.756  0.556  18.167 0.0000000000
74047  -41.722  -0.964  16.519 0.0000000000
73184  -42.778  -1.543  13.699 0.0000000000
72357  -40.354  -2.480  12.247 0.0000000000
107619  -35.969  0.270  9.007 0.0000000000
78698  -47.622  6.550  -5.082 0.0000000000
76984  -45.793  2.141  -0.677 0.0000000000
107965  -46.138  4.310  -2.894 0.0000000000
78708  -46.732  6.407  -6.711 0.0000000000
79544  -45.382  5.864  -7.031 0.0000000000
80372  -43.488  6.777  -7.919 0.0000000000
81148  -42.743  7.465  -7.881 0.0000000000
78600  -39.109  4.384  6.042 0.0000000000
79449  -40.200  5.392  4.209 0.0000000000
80288  -41.665  6.150  2.687 0.0000000000
81057  -43.126  8.011  6.285 0.0000000000
117247  -42.777  7.429  3.226 0.0000000000
81106  -42.487  7.405  -0.022 0.0000000000
81857  -42.903  8.590  -1.848 0.0000000000
82627  -43.691  9.897  -6.557 0.0000000000
82635  -42.380  10.188  -8.090 0.0000000000
84938  -42.907  13.009  1.739 0.0000000000
85691  -40.708  14.122  -0.512 0.0000000000
84954  -38.619  13.634  -1.456 0.0000000000
124842  -37.315  13.494  -1.175 0.0000000000
84932  -35.955  13.032  0.356 0.0000000000
121335  -38.214  1.032  7.157 0.0000000000
75993  -38.864  1.415  6.106 0.0000000000
76914  -38.054  2.378  6.846 0.0000000000
84831  -47.155  12.489  10.769 0.0000000000
109369  -47.268  13.099  9.678 0.0000000000
77877  -46.627  4.859  -6.476 0.0000000000
74999  -45.781  0.341  12.022 0.0000000000
74125  -44.746  -0.242  10.956 0.0000000000
74107  -44.479  -0.529  12.285 0.0000000000
117396  -32.767  -0.621  13.395 0.0000000000
74111  -31.527  0.166  11.808 0.0000000000
76958  -47.974  2.543  2.590 0.0000000000
111831  -47.375  2.222  1.991 0.0000000000
77833  -41.780  3.883  -0.325 0.0000000000
77834  -42.297  3.260  -0.799 0.0000000000
78677  -42.138  4.513  -1.557 0.0000000000
79516  -42.172  5.588  -2.458 0.0000000000
79501  -41.941  5.933  -1.096 0.0000000000
80220  -41.604  6.242  10.816 0.0000000000
80225  -41.301  6.455  9.771 0.0000000000
80226  -42.160  6.914  10.197 0.0000000000
83322  -46.508  9.712  2.915 0.0000000000
123820  -46.660  9.916  2.489 0.0000000000
83343  -46.284  10.716  1.701 0.0000000000
83362  -46.093  11.608  0.047 0.0000000000
84941  -45.969  11.657  0.697 0.0000000000
84957  -46.128  12.857  -0.723 0.0000000000
84940  -44.907  12.063  1.111 0.0000000000
84846  -40.788  12.562  7.308 0.0000000000
84080  -40.873  11.659  5.338 0.0000000000
115357  -40.108  11.837  5.816 0.0000000000
84079  -39.431  11.715  5.303 0.0000000000
84859  -39.492  12.858  6.824 0.0000000000
75057  -42.655  0.109  5.120 0.0000000000
75069  -43.408  0.483  4.084 0.0000000000
122207  -42.296  0.348  4.518 0.0000000000
76014  -40.079  2.282  4.142 0.0000000000
76027  -41.259  1.501  3.164 0.0000000000
76945  -40.439  2.830  3.424 0.0000000000
77796  -40.978  3.497  2.141 0.0000000000
77795  -40.585  3.661  2.942 0.0000000000
82534  -45.096  9.435  12.712 0.0000000000
81783  -45.031  8.238  10.709 0.0000000000
82537  -45.455  9.318  10.713 0.0000000000
116037  -45.636  11.426  8.696 0.0000000000
82542  -45.936  9.358  8.468 0.0000000000
83309  -45.940  9.966  5.501 0.0000000000
84071  -45.263  11.025  5.887 0.0000000000
84083  -44.675  11.674  5.413 0.0000000000
84067  -44.928  12.048  6.820 0.0000000000
85642  -44.820  13.087  8.857 0.0000000000
84840  -44.348  12.754  8.167 0.0000000000
85641  -43.690  13.261  8.809 0.0000000000
84838  -42.234  12.900  8.193 0.0000000000
85634  -43.211  13.845  9.133 0.0000000000
77908  -42.936  4.022  -7.663 0.0000000000
77729  -35.299  3.549  9.889 0.0000000000
77730  -36.171  3.956  9.822 0.0000000000
107964  -36.142  4.509  10.652 0.0000000000
80202  -37.062  6.544  12.995 0.0000000000
79372  -37.413  5.768  12.606 0.0000000000
80184  -38.098  6.178  13.231 0.0000000000
79374  -39.600  5.561  12.818 0.0000000000
81003  -38.607  7.030  13.655 0.0000000000
83279  -38.115  10.083  12.387 0.0000000000
82519  -40.058  9.079  13.618 0.0000000000
82533  -41.185  9.897  12.134 0.0000000000
82527  -42.216  9.667  12.875 0.0000000000
83289  -41.474  10.560  11.258 0.0000000000
77771  -50.666  3.731  4.147 0.0000000000
77762  -50.215  3.303  5.481 0.0000000000
76907  -49.316  2.695  8.498 0.0000000000
76915  -48.036  2.241  7.544 0.0000000000
76921  -47.763  2.174  6.669 0.0000000000
75987  -46.447  1.659  7.203 0.0000000000
75047  -45.136  0.751  6.385 0.0000000000
75029  -45.386  0.789  7.810 0.0000000000
73230  -42.061  -1.449  9.284 0.0000000000
74142  -42.768  -0.995  8.150 0.0000000000
73238  -41.309  -1.438  8.608 0.0000000000
74927  -39.410  0.577  18.802 0.0000000000
74072  -39.850  -0.632  16.197 0.0000000000
73171  -40.471  -1.337  15.599 0.0000000000
73151  -42.274  -1.373  15.697 0.0000000000
72339  -41.542  -2.017  14.181 0.0000000000
72349  -41.307  -2.191  13.319 0.0000000000
111626  -39.754  -2.571  12.899 0.0000000000
75018  -35.307  0.899  9.244 0.0000000000
120057  -34.504  0.969  9.574 0.0000000000
79517  -48.636  6.480  -3.946 0.0000000000
76057  -44.192  1.141  0.886 0.0000000000
76058  -45.424  1.372  1.130 0.0000000000
76081  -44.671  1.490  -0.349 0.0000000000
125223  -44.060  3.592  -3.303 0.0000000000
77012  -44.939  3.095  -2.207 0.0000000000
77867  -45.058  4.356  -3.844 0.0000000000
78687  -46.041  5.015  -3.931 0.0000000000
77876  -45.205  5.259  -5.194 0.0000000000
78721  -45.860  6.061  -6.757 0.0000000000
78707  -44.638  5.222  -5.570 0.0000000000
80359  -42.420  6.435  -4.780 0.0000000000
108592  -43.351  5.917  -6.326 0.0000000000
125047  -42.743  6.932  -7.043 0.0000000000
80378  -43.053  7.218  -8.234 0.0000000000
81898  -42.995  8.426  -8.067 0.0000000000
78581  -38.120  4.717  8.993 0.0000000000
121968  -38.469  4.535  7.472 0.0000000000
79425  -38.819  5.093  7.854 0.0000000000
81049  -40.706  7.066  6.532 0.0000000000
80254  -39.852  5.906  5.967 0.0000000000
80266  -40.566  6.204  4.604 0.0000000000
80277  -40.865  5.948  3.819 0.0000000000
80278  -41.543  6.330  3.453 0.0000000000
81794  -44.199  8.060  7.781 0.0000000000
81052  -43.224  7.973  7.271 0.0000000000
81803  -44.318  8.445  5.946 0.0000000000
81838  -44.399  8.827  1.821 0.0000000000
126287  -43.823  8.147  3.483 0.0000000000
81094  -43.206  7.809  2.028 0.0000000000
81093  -42.567  7.319  1.699 0.0000000000
81842  -42.811  8.060  0.398 0.0000000000
81856  -42.611  8.158  -1.138 0.0000000000
81849  -43.029  8.731  -0.891 0.0000000000
84166  -45.787  12.345  -4.346 0.0000000000
83385  -44.094  10.428  -4.147 0.0000000000
83394  -44.757  11.674  -6.207 0.0000000000
83408  -44.063  10.876  -8.073 0.0000000000
84189  -43.976  11.912  -7.552 0.0000000000
83400  -42.610  11.007  -6.515 0.0000000000
84173  -44.077  12.563  -5.480 0.0000000000
84965  -43.435  13.773  -2.246 0.0000000000
84973  -43.427  13.186  -2.676 0.0000000000
84894  -43.544  12.176  4.387 0.0000000000
84924  -43.659  12.493  2.452 0.0000000000
109215  -42.787  12.646  2.928 0.0000000000
84921  -40.290  12.643  2.214 0.0000000000
84936  -40.580  13.276  1.339 0.0000000000
84935  -39.748  13.306  1.063 0.0000000000
85690  -39.994  14.058  -1.262 0.0000000000
85680  -39.221  14.044  -0.575 0.0000000000
85699  -38.288  14.005  -1.368 0.0000000000
125795  -38.448  13.614  -0.201 0.0000000000
84107  -37.441  11.954  3.463 0.0000000000
108158  -36.737  12.580  1.571 0.0000000000
84106  -36.574  12.124  2.783 0.0000000000
84917  -35.495  12.327  2.514 0.0000000000
128253  -40.452  -0.260  6.133 0.0000000000
75066  -40.950  0.644  4.770 0.0000000000
76005  -40.143  0.996  5.109 0.0000000000
110866  -39.708  1.896  4.941 0.0000000000
76928  -39.315  2.608  5.303 0.0000000000
83300  -45.529  10.141  11.518 0.0000000000
84059  -46.030  10.965  11.146 0.0000000000
84060  -46.418  11.923  10.272 0.0000000000
84063  -46.158  12.351  8.855 0.0000000000
84851  -45.507  12.437  7.872 0.0000000000
84843  -46.563  13.007  8.840 0.0000000000
85637  -46.483  13.456  9.524 0.0000000000
77886  -45.432  4.356  -6.914 0.0000000000
79387  -33.914  5.564  11.625 0.0000000000
111166  -35.343  5.215  11.526 0.0000000000
80199  -34.448  6.849  12.473 0.0000000000
75021  -46.163  0.825  9.620 0.0000000000
75028  -45.040  0.365  8.509 0.0000000000
74133  -44.892  -0.156  10.094 0.0000000000
74123  -43.294  -1.058  10.479 0.0000000000
73220  -42.680  -1.380  10.513 0.0000000000
127340  -37.782  0.377  16.868 0.0000000000
74086  -36.917  -0.571  15.173 0.0000000000
73214  -34.099  -1.192  10.613 0.0000000000
75012  -33.200  0.060  10.287 0.0000000000
74120  -32.522  -0.326  10.759 0.0000000000
75011  -31.464  1.018  10.838 0.0000000000
76983  -42.355  2.197  0.305 0.0000000000
76080  -43.833  1.519  -0.357 0.0000000000
77002  -42.896  2.721  -1.273 0.0000000000
77845  -43.165  3.090  -2.030 0.0000000000
77865  -42.834  4.074  -3.212 0.0000000000
78695  -43.138  4.477  -4.189 0.0000000000
78694  -42.602  4.786  -3.842 0.0000000000
80355  -42.279  6.227  -3.858 0.0000000000
81131  -42.288  7.138  -4.001 0.0000000000
108978  -39.850  5.435  10.039 0.0000000000
79417  -39.460  5.549  8.390 0.0000000000
80232  -40.077  5.998  8.452 0.0000000000
80242  -40.809  6.993  7.598 0.0000000000
81050  -41.293  7.364  6.344 0.0000000000
81805  -46.343  9.072  5.233 0.0000000000
81809  -44.503  8.426  4.996 0.0000000000
81811  -46.511  9.312  3.831 0.0000000000
82581  -45.257  9.650  1.762 0.0000000000
82589  -44.946  10.089  0.823 0.0000000000
83360  -44.162  10.155  -0.959 0.0000000000
83361  -45.058  10.914  -0.505 0.0000000000
84150  -45.713  12.012  -1.828 0.0000000000
84975  -46.251  13.161  -3.314 0.0000000000
84983  -45.479  13.629  -4.604 0.0000000000
85717  -45.860  13.297  -2.771 0.0000000000
109617  -44.073  13.724  -1.512 0.0000000000
109345  -43.304  13.838  -0.839 0.0000000000
84082  -41.879  11.788  5.131 0.0000000000
121542  -42.084  12.098  4.303 0.0000000000
84097  -41.236  11.780  4.501 0.0000000000
84111  -40.658  11.916  3.869 0.0000000000
84905  -39.933  12.104  3.197 0.0000000000
84919  -38.406  12.324  2.092 0.0000000000
84109  -39.268  11.767  3.864 0.0000000000
84094  -38.742  11.664  4.634 0.0000000000
84077  -38.039  11.906  5.176 0.0000000000
76029  -45.566  1.225  3.959 0.0000000000
112953  -45.662  1.268  2.904 0.0000000000
125747  -45.185  1.057  3.393 0.0000000000
109230  -43.776  0.656  2.684 0.0000000000
76041  -43.287  0.952  2.026 0.0000000000
75083  -41.758  0.903  3.474 0.0000000000
76028  -41.850  1.222  2.866 0.0000000000
76054  -42.020  1.686  1.764 0.0000000000
76982  -41.663  2.721  0.859 0.0000000000
77809  -41.332  3.583  1.299 0.0000000000
78656  -41.419  4.412  0.948 0.0000000000
128441  -43.390  7.216  12.648 0.0000000000
81026  -43.028  7.178  10.570 0.0000000000
81034  -44.565  7.888  10.330 0.0000000000
117474  -45.487  8.304  8.910 0.0000000000
81792  -45.821  8.519  8.303 0.0000000000
82540  -45.885  9.073  9.454 0.0000000000
82544  -46.146  8.815  7.874 0.0000000000
81800  -46.105  8.876  6.232 0.0000000000
82549  -46.270  9.142  5.837 0.0000000000
83314  -46.284  9.977  4.606 0.0000000000
121690  -45.517  10.642  3.282 0.0000000000
84115  -45.147  11.320  2.451 0.0000000000
84098  -44.753  11.221  3.920 0.0000000000
108202  -44.097  11.925  4.910 0.0000000000
84879  -43.457  12.071  5.127 0.0000000000
84850  -44.931  12.389  7.446 0.0000000000
84849  -43.815  12.423  7.487 0.0000000000
116944  -42.730  11.945  5.776 0.0000000000
84861  -42.152  12.125  6.770 0.0000000000
84847  -41.593  12.581  7.568 0.0000000000
85646  -40.905  13.024  7.809 0.0000000000
76903  -36.444  2.544  8.659 0.0000000000
76913  -37.520  2.476  7.491 0.0000000000
119622  -36.847  3.109  8.509 0.0000000000
114375  -37.407  4.332  9.201 0.0000000000
78574  -37.781  4.899  9.921 0.0000000000
79389  -36.072  5.327  11.859 0.0000000000
79400  -37.871  5.181  10.962 0.0000000000
79401  -38.641  5.191  10.547 0.0000000000
79402  -39.530  5.295  10.999 0.0000000000
79375  -40.342  5.509  12.554 0.0000000000
80204  -41.922  5.879  12.916 0.0000000000
81762  -38.025  8.751  13.597 0.0000000000
81764  -39.594  8.505  13.788 0.0000000000
81005  -40.964  7.204  14.288 0.0000000000
80188  -42.425  6.647  13.557 0.0000000000
81768  -43.663  8.295  13.553 0.0000000000
82529  -43.947  9.006  13.595 0.0000000000
83292  -44.853  10.078  12.940 0.0000000000
76947  -49.096  2.976  3.695 0.0000000000
120137  -47.756  2.155  4.340 0.0000000000
77742  -50.049  3.066  7.949 0.0000000000
77757  -50.533  3.435  6.180 0.0000000000
117238  -49.132  2.637  6.137 0.0000000000
76935  -47.681  2.129  5.250 0.0000000000
76018  -47.067  1.803  4.825 0.0000000000
75060  -45.096  0.833  5.515 0.0000000000
75045  -43.798  0.159  5.844 0.0000000000
74164  -42.893  -0.261  5.926 0.0000000000
74151  -44.049  -0.236  7.509 0.0000000000
74158  -42.839  -0.521  6.699 0.0000000000
74156  -41.369  -0.556  6.128 0.0000000000
74147  -40.343  -0.805  6.958 0.0000000000
74931  -43.111  1.109  18.531 0.0000000000
74045  -39.609  0.045  16.966 0.0000000000
74025  -41.116  -0.219  17.264 0.0000000000
74027  -43.018  -0.104  17.018 0.0000000000
74049  -43.468  -0.566  16.233 0.0000000000
74087  -44.227  -0.717  14.615 0.0000000000
109772  -44.306  -0.680  13.746 0.0000000000
73194  -43.294  -1.191  12.947 0.0000000000
73207  -41.698  -2.094  11.693 0.0000000000
72378  -40.659  -2.345  10.838 0.0000000000
75026  -37.245  0.832  8.221 0.0000000000
75962  -36.089  1.979  8.811 0.0000000000
76896  -35.187  2.688  9.451 0.0000000000
111189  -33.788  3.951  10.605 0.0000000000
78566  -33.299  4.334  10.830 0.0000000000
78712  -49.309  6.512  -4.879 0.0000000000
78711  -48.813  6.249  -5.436 0.0000000000
78710  -48.004  6.322  -6.334 0.0000000000
76956  -46.750  2.035  1.535 0.0000000000
76985  -46.353  2.161  0.169 0.0000000000
109980  -44.937  1.904  -1.001 0.0000000000
77005  -45.385  2.605  -1.494 0.0000000000
77856  -46.685  4.109  -2.250 0.0000000000
78688  -46.883  5.345  -3.706 0.0000000000
78697  -47.068  6.497  -5.655 0.0000000000
78709  -47.565  6.352  -6.517 0.0000000000
77888  -47.011  6.079  -7.172 0.0000000000
77898  -45.988  5.505  -7.041 0.0000000000
78729  -45.237  5.429  -7.395 0.0000000000
78719  -43.414  5.411  -5.748 0.0000000000
79553  -44.753  5.795  -7.471 0.0000000000
78749  -44.098  5.886  -8.532 0.0000000000
79564  -43.445  6.152  -8.758 0.0000000000
80382  -42.646  6.492  -8.542 0.0000000000
80376  -41.438  7.169  -7.512 0.0000000000
77748  -37.964  3.235  7.188 0.0000000000
77755  -38.842  3.547  6.104 0.0000000000
78608  -39.495  4.370  5.073 0.0000000000
79432  -39.350  5.353  6.461 0.0000000000
79437  -39.550  5.135  5.570 0.0000000000
78609  -39.824  4.524  4.266 0.0000000000
79470  -40.629  5.023  2.988 0.0000000000
79471  -41.199  5.302  2.333 0.0000000000
80314  -41.728  5.971  0.918 0.0000000000
81039  -42.575  7.605  8.685 0.0000000000
121383  -42.486  7.758  6.882 0.0000000000
127612  -42.138  7.554  5.028 0.0000000000
123949  -43.623  8.092  4.525 0.0000000000
81066  -42.716  7.709  4.612 0.0000000000
118278  -42.427  7.337  3.814 0.0000000000
80279  -42.233  6.817  3.113 0.0000000000
80301  -42.077  6.701  1.313 0.0000000000
80315  -42.075  6.633  0.339 0.0000000000
80328  -42.106  6.653  -1.021 0.0000000000
81871  -42.601  7.984  -3.512 0.0000000000
82607  -43.406  9.440  -2.390 0.0000000000
82613  -43.400  9.556  -3.497 0.0000000000
81879  -43.091  8.958  -5.685 0.0000000000
81899  -43.344  9.553  -8.508 0.0000000000
82634  -42.263  9.470  -8.116 0.0000000000
84165  -43.990  12.760  -4.281 0.0000000000
84939  -43.878  12.560  1.507 0.0000000000
123408  -43.335  13.028  0.939 0.0000000000
85684  -42.568  13.601  0.586 0.0000000000
107611  -41.799  12.573  2.966 0.0000000000
84937  -41.398  13.329  1.389 0.0000000000
85692  -41.291  14.310  -0.752 0.0000000000
124781  -40.478  13.935  -1.426 0.0000000000
84142  -40.325  12.478  -0.769 0.0000000000
84141  -39.377  12.703  -0.954 0.0000000000
125341  -37.565  12.521  1.544 0.0000000000
84945  -36.754  13.236  -0.544 0.0000000000
86352  -40.607  14.114  8.128 0.0000000000
85645  -39.651  13.544  7.386 0.0000000000
85660  -38.929  13.569  6.835 0.0000000000
84857  -37.784  12.845  6.182 0.0000000000
84876  -37.481  12.380  5.604 0.0000000000
75034  -37.770  0.940  7.642 0.0000000000
75984  -37.814  1.675  7.240 0.0000000000
77878  -47.501  5.548  -6.432 0.0000000000
75001  -46.854  0.894  12.623 0.0000000000
111515  -46.140  0.540  12.711 0.0000000000
74108  -45.119  -0.122  12.202 0.0000000000
113597  -45.482  0.139  12.842 0.0000000000
106109  -47.765  2.287  3.457 0.0000000000
76957  -47.112  2.035  2.918 0.0000000000
122360  -41.584  4.428  0.194 0.0000000000
78667  -41.997  4.024  -1.012 0.0000000000
78666  -41.769  5.038  -0.592 0.0000000000
79509  -42.027  5.404  -1.603 0.0000000000
80213  -41.901  5.902  11.860 0.0000000000
84116  -46.139  10.500  2.275 0.0000000000
82574  -46.383  10.076  2.083 0.0000000000
84117  -46.303  10.665  1.821 0.0000000000
84123  -46.240  11.094  1.425 0.0000000000
84122  -45.472  11.490  1.586 0.0000000000
84860  -40.226  12.303  6.692 0.0000000000
84878  -39.276  12.214  6.095 0.0000000000
118020  -42.873  0.345  4.495 0.0000000000
75056  -41.786  0.231  4.949 0.0000000000
76954  -40.827  2.960  2.728 0.0000000000
77783  -40.102  3.846  3.674 0.0000000000
119198  -45.193  8.880  12.099 0.0000000000
82535  -45.333  9.445  11.846 0.0000000000
84065  -45.684  12.048  7.951 0.0000000000
119854  -45.531  10.701  8.166 0.0000000000
83306  -45.699  10.125  6.538 0.0000000000
115991  -45.182  11.474  6.635 0.0000000000
119575  -45.263  12.032  7.324 0.0000000000
85635  -44.135  13.698  9.415 0.0000000000
86341  -43.589  14.469  9.453 0.0000000000
77047  -44.328  3.579  -6.927 0.0000000000
77046  -43.330  3.446  -7.133 0.0000000000
77909  -43.701  4.439  -8.011 0.0000000000
78567  -34.605  4.043  10.460 0.0000000000
78568  -35.510  4.149  10.316 0.0000000000
78556  -35.341  4.634  10.868 0.0000000000
125863  -37.174  7.303  13.202 0.0000000000
80183  -37.709  7.095  13.411 0.0000000000
79359  -38.899  6.231  13.492 0.0000000000
81002  -38.102  7.832  13.576 0.0000000000
83288  -40.526  10.408  11.232 0.0000000000
78610  -51.293  3.930  4.805 0.0000000000
77772  -50.761  3.492  4.939 0.0000000000
77763  -50.981  3.702  5.601 0.0000000000
75988  -47.188  1.986  7.366 0.0000000000
75973  -45.993  1.325  7.913 0.0000000000
75986  -45.693  1.233  6.970 0.0000000000
73239  -42.130  -1.314  8.527 0.0000000000
73237  -40.489  -1.414  8.268 0.0000000000
73228  -40.396  -1.678  9.155 0.0000000000
74941  -38.186  0.467  18.131 0.0000000000
73170  -39.578  -1.209  15.463 0.0000000000
73183  -40.084  -1.813  14.885 0.0000000000
106270  -41.008  -1.804  14.911 0.0000000000
72337  -39.636  -2.275  14.256 0.0000000000
72348  -39.950  -2.446  13.610 0.0000000000
72347  -39.221  -2.516  13.576 0.0000000000
74122  -34.662  -0.530  9.954 0.0000000000
122718  -34.806  0.282  9.570 0.0000000000
75013  -34.136  0.205  9.900 0.0000000000
77857  -47.502  4.524  -2.157 0.0000000000
76072  -44.217  1.283  0.191 0.0000000000
77875  -43.979  4.491  -4.650 0.0000000000
80365  -42.589  6.682  -5.967 0.0000000000
120181  -42.692  7.518  -6.831 0.0000000000
81888  -42.703  8.293  -6.417 0.0000000000
108434  -38.318  4.637  8.171 0.0000000000
79416  -38.811  5.089  8.724 0.0000000000
81054  -40.845  7.005  5.844 0.0000000000
80255  -40.394  6.409  5.471 0.0000000000
80267  -41.312  6.563  4.212 0.0000000000
81795  -45.200  8.349  7.550 0.0000000000
81798  -44.219  8.277  6.895 0.0000000000
82580  -44.132  9.195  1.191 0.0000000000
81837  -43.605  8.443  1.559 0.0000000000
81836  -42.902  7.972  1.221 0.0000000000
81843  -43.220  8.696  -0.055 0.0000000000
84175  -46.379  13.080  -4.839 0.0000000000
84174  -45.558  12.488  -5.363 0.0000000000
84181  -45.046  12.448  -6.109 0.0000000000
83402  -44.393  11.690  -7.296 0.0000000000
84190  -44.506  12.246  -6.729 0.0000000000
84180  -43.996  12.334  -6.686 0.0000000000
84996  -44.790  12.801  -5.858 0.0000000000
85708  -42.497  14.046  -1.735 0.0000000000
84964  -42.381  13.621  -2.031 0.0000000000
85707  -41.610  14.099  -1.663 0.0000000000
84907  -42.883  12.389  3.934 0.0000000000
84920  -39.392  12.479  2.116 0.0000000000
84092  -36.909  11.947  3.962 0.0000000000
75054  -39.904  0.523  5.742 0.0000000000
76004  -39.463  1.250  5.542 0.0000000000
76003  -39.055  2.016  5.592 0.0000000000
76927  -38.922  2.819  5.845 0.0000000000
108974  -45.845  10.966  12.119 0.0000000000
84050  -46.604  11.801  11.735 0.0000000000
84842  -45.926  12.732  8.319 0.0000000000
112326  -47.426  13.638  9.936 0.0000000000
86343  -45.654  14.282  10.102 0.0000000000
77031  -45.709  3.294  -5.178 0.0000000000
80211  -33.367  6.117  12.012 0.0000000000
80212  -34.167  6.140  12.222 0.0000000000
80198  -33.667  6.736  12.436 0.0000000000
75955  -46.667  1.141  10.203 0.0000000000
75020  -45.369  0.339  9.385 0.0000000000
75014  -45.611  0.355  10.393 0.0000000000
74115  -44.248  -0.585  11.500 0.0000000000
74124  -44.083  -0.576  10.530 0.0000000000
73209  -42.943  -1.352  11.135 0.0000000000
73199  -34.498  -1.685  12.459 0.0000000000
73205  -34.111  -1.559  11.430 0.0000000000
73213  -33.422  -1.345  10.941 0.0000000000
74121  -33.240  -0.840  10.664 0.0000000000
74113  -32.765  -0.949  11.315 0.0000000000
75005  -31.198  0.750  11.428 0.0000000000
76994  -42.632  2.446  -0.492 0.0000000000
77844  -42.498  3.563  -1.665 0.0000000000
124171  -42.791  3.587  -2.470 0.0000000000
78686  -42.457  4.817  -2.892 0.0000000000
79525  -42.364  5.567  -3.362 0.0000000000
79410  -40.050  5.628  9.152 0.0000000000
80224  -40.536  5.810  9.849 0.0000000000
113825  -41.362  6.773  8.880 0.0000000000
80234  -41.059  6.863  8.220 0.0000000000
81043  -40.942  7.348  7.035 0.0000000000
81044  -41.409  7.320  7.634 0.0000000000
120520  -46.589  9.436  4.359 0.0000000000
81810  -45.858  8.834  4.570 0.0000000000
82582  -46.628  10.142  2.029 0.0000000000
82572  -46.062  9.657  2.486 0.0000000000
83354  -45.311  10.770  0.232 0.0000000000
121376  -46.204  12.455  -0.483 0.0000000000
84144  -45.801  11.794  -0.899 0.0000000000
84151  -46.121  12.625  -1.330 0.0000000000
84160  -46.130  12.870  -2.218 0.0000000000
84966  -46.098  12.908  -2.019 0.0000000000
85711  -45.828  13.147  -1.702 0.0000000000
85695  -44.490  13.103  -0.511 0.0000000000
85704  -45.146  13.400  -1.364 0.0000000000
85694  -43.392  13.397  0.110 0.0000000000
117707  -40.100  11.568  5.144 0.0000000000
84096  -40.409  11.643  4.596 0.0000000000
84110  -39.977  11.769  4.045 0.0000000000
75071  -44.944  0.894  4.650 0.0000000000
115207  -44.782  0.831  3.791 0.0000000000
75085  -43.223  0.560  3.298 0.0000000000
75086  -44.036  0.577  3.505 0.0000000000
75097  -43.036  0.726  2.656 0.0000000000
75067  -41.687  0.588  4.219 0.0000000000
76015  -41.044  1.089  3.880 0.0000000000
76946  -40.903  2.204  2.872 0.0000000000
76969  -42.119  1.908  1.083 0.0000000000
76968  -41.599  2.244  1.645 0.0000000000
122180  -41.331  2.906  1.629 0.0000000000
78644  -41.148  4.413  1.765 0.0000000000
81022  -43.871  7.645  12.063 0.0000000000
81027  -43.822  7.551  10.986 0.0000000000
81028  -44.562  7.897  11.416 0.0000000000
81786  -45.266  8.264  9.649 0.0000000000
83302  -45.604  10.157  10.337 0.0000000000
83305  -45.806  9.761  7.546 0.0000000000
114107  -46.726  9.976  3.839 0.0000000000
84099  -45.414  10.568  4.251 0.0000000000
84880  -43.994  12.095  5.789 0.0000000000
84862  -43.292  12.150  6.697 0.0000000000
84848  -42.674  12.439  7.563 0.0000000000
127220  -41.525  13.119  8.114 0.0000000000
77907  -42.349  4.156  -7.596 0.0000000000
79550  -41.620  5.598  -7.530 0.0000000000
77740  -36.426  3.312  9.085 0.0000000000
125855  -36.551  4.453  10.212 0.0000000000
78573  -36.809  3.948  9.336 0.0000000000
121101  -36.944  4.430  9.832 0.0000000000
79370  -35.511  5.691  12.192 0.0000000000
79391  -37.758  5.370  11.850 0.0000000000
79392  -38.719  5.229  11.650 0.0000000000
79361  -40.200  5.790  13.326 0.0000000000
79376  -41.135  5.601  12.277 0.0000000000
80203  -41.037  5.757  13.168 0.0000000000
82524  -38.512  9.585  13.213 0.0000000000
82517  -37.742  9.486  13.337 0.0000000000
82518  -38.660  9.038  13.676 0.0000000000
81763  -38.755  8.150  13.708 0.0000000000
82520  -41.507  8.587  13.936 0.0000000000
81765  -40.666  8.295  14.018 0.0000000000
114273  -41.492  7.848  14.252 0.0000000000
81006  -41.949  7.222  14.234 0.0000000000
81007  -42.691  7.473  13.862 0.0000000000
81008  -43.293  7.731  13.576 0.0000000000
81767  -42.935  8.212  13.844 0.0000000000
83281  -43.027  10.005  12.590 0.0000000000
82528  -43.195  9.330  13.375 0.0000000000
83282  -44.041  9.694  13.210 0.0000000000
83291  -43.886  10.489  12.550 0.0000000000
78621  -50.960  4.111  3.254 0.0000000000
77770  -49.764  3.333  4.070 0.0000000000
116550  -48.433  2.580  3.842 0.0000000000
76936  -48.424  2.382  4.819 0.0000000000
110556  -49.318  2.726  7.675 0.0000000000
108875  -49.789  3.003  7.190 0.0000000000
77749  -50.459  3.358  7.023 0.0000000000
77756  -49.839  3.107  6.367 0.0000000000
75996  -47.021  1.947  6.543 0.0000000000
76929  -47.552  2.081  6.002 0.0000000000
76007  -47.004  1.868  5.710 0.0000000000
76006  -46.369  1.540  5.366 0.0000000000
76016  -45.635  1.313  4.988 0.0000000000
111308  -45.731  1.211  5.924 0.0000000000
110015  -44.575  0.510  5.953 0.0000000000
74159  -43.553  -0.248  6.671 0.0000000000
74132  -44.683  -0.099  9.162 0.0000000000
74144  -44.368  -0.114  8.356 0.0000000000
122392  -43.634  -0.551  8.243 0.0000000000
73247  -41.873  -1.216  7.778 0.0000000000
74150  -43.214  -0.566  7.408 0.0000000000
74149  -42.401  -0.794  7.216 0.0000000000
74157  -42.160  -0.583  6.375 0.0000000000
74148  -41.594  -0.844  6.928 0.0000000000
122515  -40.932  -0.812  6.665 0.0000000000
74975  -45.703  0.191  15.177 0.0000000000
74928  -40.300  0.706  19.006 0.0000000000
74929  -41.290  0.949  19.039 0.0000000000
74930  -42.239  1.039  18.775 0.0000000000
74044  -38.331  0.184  16.654 0.0000000000
74960  -38.883  0.364  17.167 0.0000000000
112906  -39.008  -0.225  16.504 0.0000000000
74046  -40.827  -0.899  16.388 0.0000000000
127711  -40.328  -0.331  16.880 0.0000000000
74026  -42.109  -0.285  17.240 0.0000000000
74961  -43.838  0.096  16.719 0.0000000000
74048  -42.624  -0.804  16.413 0.0000000000
73173  -42.806  -1.483  14.731 0.0000000000
73174  -43.550  -1.114  14.888 0.0000000000
73185  -43.597  -1.125  13.960 0.0000000000
74097  -44.045  -0.790  13.043 0.0000000000
72358  -41.137  -2.324  12.424 0.0000000000
73201  -41.889  -2.042  12.597 0.0000000000
72368  -40.928  -2.354  11.537 0.0000000000
72367  -40.168  -2.522  11.368 0.0000000000
74130  -36.665  -0.397  9.036 0.0000000000
74139  -37.431  -0.770  8.868 0.0000000000
123397  -37.265  -0.022  8.524 0.0000000000
74138  -36.629  0.580  8.685 0.0000000000
75019  -36.016  1.198  8.854 0.0000000000
75960  -34.871  1.769  9.416 0.0000000000
113776  -32.807  0.926  10.251 0.0000000000
75952  -32.360  1.704  10.298 0.0000000000
78565  -32.492  4.160  10.739 0.0000000000
77727  -33.100  3.623  10.537 0.0000000000
78553  -32.816  4.842  11.116 0.0000000000
123866  -50.072  6.190  -4.481 0.0000000000
79528  -49.262  6.674  -4.659 0.0000000000
79527  -48.402  6.734  -5.242 0.0000000000
79535  -48.669  6.595  -5.343 0.0000000000
79534  -48.281  6.534  -5.849 0.0000000000
121473  -48.386  6.078  -5.849 0.0000000000
79526  -47.938  6.618  -6.054 0.0000000000
107894  -46.102  1.468  1.905 0.0000000000
76073  -45.519  1.594  0.136 0.0000000000
76995  -43.371  2.051  -0.837 0.0000000000
76996  -44.121  1.776  -1.067 0.0000000000
77004  -44.460  2.430  -1.585 0.0000000000
77855  -45.422  3.913  -2.899 0.0000000000
77846  -45.810  3.467  -2.116 0.0000000000
125631  -47.180  4.842  -2.833 0.0000000000
78696  -45.971  5.642  -5.064 0.0000000000
78722  -46.545  6.124  -7.145 0.0000000000
79545  -45.788  5.792  -6.867 0.0000000000
78706  -43.624  4.877  -5.184 0.0000000000
79552  -43.773  6.222  -7.510 0.0000000000
79558  -44.055  6.106  -8.392 0.0000000000
79559  -44.521  5.834  -8.004 0.0000000000
78748  -43.768  5.869  -8.688 0.0000000000
79565  -43.732  6.027  -8.731 0.0000000000
80383  -43.171  6.450  -8.702 0.0000000000
81152  -42.765  6.910  -8.364 0.0000000000
123344  -42.010  6.913  -8.185 0.0000000000
81147  -42.186  7.579  -7.997 0.0000000000
77747  -37.390  3.365  7.976 0.0000000000
78595  -38.451  3.988  6.795 0.0000000000
77760  -39.278  3.461  5.384 0.0000000000
79426  -39.297  5.549  7.378 0.0000000000
80248  -39.710  6.138  6.828 0.0000000000
79438  -39.957  5.739  5.089 0.0000000000
126444  -39.720  5.051  4.802 0.0000000000
78620  -40.256  4.760  3.609 0.0000000000
79461  -41.132  5.667  3.143 0.0000000000
79480  -41.434  5.233  1.396 0.0000000000
80300  -41.677  6.044  1.821 0.0000000000
81033  -43.712  7.633  9.952 0.0000000000
81032  -42.799  7.441  9.600 0.0000000000
81040  -43.473  7.818  9.029 0.0000000000
81051  -42.078  7.677  6.236 0.0000000000
81056  -42.485  7.752  5.490 0.0000000000
81824  -45.417  8.841  3.788 0.0000000000
81823  -44.407  8.353  4.045 0.0000000000
81085  -43.416  7.897  2.916 0.0000000000
81078  -43.292  7.802  3.787 0.0000000000
81084  -42.683  7.334  2.540 0.0000000000
81101  -42.439  7.402  0.844 0.0000000000
118559  -42.186  6.867  -0.399 0.0000000000
120085  -42.556  7.724  -1.693 0.0000000000
81864  -42.602  7.929  -2.520 0.0000000000
81865  -42.957  8.700  -2.940 0.0000000000
83368  -43.980  10.273  -1.890 0.0000000000
83393  -44.213  10.639  -5.645 0.0000000000
82620  -43.541  9.668  -4.856 0.0000000000
81889  -43.420  9.183  -7.591 0.0000000000
83413  -43.086  10.584  -8.412 0.0000000000
82641  -42.894  9.920  -8.770 0.0000000000
81897  -41.470  8.896  -7.370 0.0000000000
82626  -41.964  10.329  -7.111 0.0000000000
85715  -45.089  13.706  -3.573 0.0000000000
84982  -44.604  13.561  -4.052 0.0000000000
84158  -43.931  13.107  -3.459 0.0000000000
84149  -42.716  12.235  -2.365 0.0000000000
84157  -43.306  12.059  -3.302 0.0000000000
114935  -44.533  11.630  3.339 0.0000000000
84925  -44.519  12.056  2.012 0.0000000000
84906  -41.492  12.172  3.726 0.0000000000
85682  -40.830  13.720  0.596 0.0000000000
85683  -41.542  13.915  0.402 0.0000000000
85701  -40.757  14.171  -1.348 0.0000000000
85700  -38.944  14.085  -1.408 0.0000000000
84955  -39.721  13.789  -1.350 0.0000000000
85688  -37.926  13.919  -1.349 0.0000000000
84953  -37.809  13.481  -1.409 0.0000000000
84952  -36.986  13.108  -1.157 0.0000000000
86363  -39.143  14.445  7.272 0.0000000000
85659  -38.147  13.562  6.551 0.0000000000
75043  -38.824  0.716  6.740 0.0000000000
75994  -39.313  0.786  6.066 0.0000000000
75985  -38.327  1.562  6.685 0.0000000000
84818  -47.223  12.415  11.776 0.0000000000
84832  -47.955  12.896  11.061 0.0000000000
85638  -47.986  13.496  10.158 0.0000000000
120955  -48.070  13.920  10.090 0.0000000000
81013  -32.424  7.630  12.607 0.0000000000
75000  -46.468  0.781  11.906 0.0000000000
75008  -46.068  0.570  11.197 0.0000000000
128343  -45.163  0.002  10.682 0.0000000000
75007  -45.324  0.098  11.294 0.0000000000
74116  -44.799  -0.310  11.654 0.0000000000
74106  -43.801  -0.929  12.180 0.0000000000
74105  -33.046  -1.010  12.405 0.0000000000
74112  -32.077  -0.299  11.450 0.0000000000
74104  -32.242  -0.538  12.408 0.0000000000
77784  -48.725  2.913  2.982 0.0000000000
111901  -42.252  4.896  -2.161 0.0000000000
80338  -42.123  6.349  -1.833 0.0000000000
80219  -40.924  5.951  10.516 0.0000000000
81031  -41.981  7.142  9.248 0.0000000000
82573  -46.838  9.722  3.167 0.0000000000
83355  -46.052  10.874  0.844 0.0000000000
84134  -46.020  11.363  0.750 0.0000000000
84949  -46.333  12.106  -0.192 0.0000000000
84948  -45.592  12.356  0.174 0.0000000000
114465  -41.156  12.141  6.816 0.0000000000
84069  -40.782  11.914  6.159 0.0000000000
75058  -43.514  0.329  4.948 0.0000000000
75068  -42.516  0.535  3.863 0.0000000000
76026  -40.619  1.833  3.592 0.0000000000
76955  -41.179  2.595  2.230 0.0000000000
81778  -44.885  8.683  12.671 0.0000000000
81780  -45.028  8.288  11.807 0.0000000000
81781  -45.200  8.746  11.164 0.0000000000
81784  -45.506  8.623  10.047 0.0000000000
84070  -44.838  11.966  6.140 0.0000000000
85640  -42.753  13.380  8.649 0.0000000000
86350  -42.440  14.052  8.856 0.0000000000
78734  -43.084  4.856  -8.427 0.0000000000
80201  -36.089  6.634  12.730 0.0000000000
79371  -36.354  5.831  12.557 0.0000000000
125210  -39.038  5.379  12.431 0.0000000000
79373  -38.905  5.756  13.024 0.0000000000
80185  -39.416  6.569  13.759 0.0000000000
82525  -39.559  9.520  13.046 0.0000000000
82526  -40.506  9.490  12.991 0.0000000000
117605  -41.439  9.354  13.278 0.0000000000
82521  -42.414  8.901  13.735 0.0000000000
83280  -42.093  10.159  11.969 0.0000000000
115256  -50.242  3.341  4.703 0.0000000000
77761  -49.728  2.916  4.930 0.0000000000
76905  -48.047  2.208  8.360 0.0000000000
76922  -48.538  2.434  6.748 0.0000000000
112419  -45.104  0.654  7.131 0.0000000000
74143  -43.285  -0.911  8.970 0.0000000000
73240  -42.632  -1.225  8.932 0.0000000000
118879  -38.734  -0.971  15.355 0.0000000000
124287  -39.110  -0.691  15.884 0.0000000000
73150  -41.373  -1.412  15.701 0.0000000000
73172  -41.888  -1.715  14.927 0.0000000000
114824  -42.234  -1.789  14.222 0.0000000000
73193  -42.081  -1.924  13.484 0.0000000000
116581  -40.518  -2.407  13.113 0.0000000000
73224  -36.331  -1.253  9.605 0.0000000000
112612  -35.973  -0.497  9.346 0.0000000000
75954  -34.151  1.717  9.764 0.0000000000
78689  -47.762  5.737  -3.565 0.0000000000
118993  -44.783  1.130  1.269 0.0000000000
111749  -44.815  1.271  0.518 0.0000000000
128413  -45.255  1.679  -0.512 0.0000000000
77011  -43.978  3.033  -2.333 0.0000000000
77854  -44.664  3.524  -2.875 0.0000000000
78720  -44.508  5.486  -6.218 0.0000000000
79542  -42.781  5.825  -5.440 0.0000000000
79551  -43.002  6.400  -6.602 0.0000000000
80371  -43.186  6.824  -7.779 0.0000000000
81141  -42.837  7.399  -7.978 0.0000000000
78588  -38.008  4.033  7.633 0.0000000000
78589  -38.851  4.851  6.973 0.0000000000
80241  -40.334  6.749  7.148 0.0000000000
80249  -40.293  6.558  6.300 0.0000000000
79460  -40.583  5.371  3.525 0.0000000000
81046  -43.269  7.918  8.162 0.0000000000
81067  -43.410  8.106  5.296 0.0000000000
110623  -44.000  8.343  2.288 0.0000000000
81848  -42.716  8.091  -0.435 0.0000000000
83379  -44.840  11.308  -3.574 0.0000000000
83386  -44.815  11.507  -4.858 0.0000000000
83401  -44.251  10.812  -7.200 0.0000000000
122517  -43.999  11.489  -7.926 0.0000000000
83407  -42.689  10.883  -7.750 0.0000000000
84179  -43.344  11.595  -7.219 0.0000000000
84172  -43.312  11.823  -6.009 0.0000000000
84974  -44.245  13.555  -3.025 0.0000000000
84908  -43.718  12.313  3.451 0.0000000000
84922  -41.187  12.808  2.218 0.0000000000
85681  -40.157  13.702  0.084 0.0000000000
85689  -38.365  14.166  -1.152 0.0000000000
84946  -37.704  13.700  -0.695 0.0000000000
84918  -37.532  12.189  2.557 0.0000000000
121371  -35.757  12.710  1.518 0.0000000000
74162  -41.177  -0.023  5.475 0.0000000000
75055  -40.539  0.371  5.444 0.0000000000
117091  -39.632  2.825  4.702 0.0000000000
114494  -45.772  11.186  9.718 0.0000000000
85643  -46.033  13.078  8.564 0.0000000000
85636  -45.232  13.597  9.532 0.0000000000
77897  -45.094  4.654  -7.409 0.0000000000
79388  -34.729  5.623  11.869 0.0000000000
79369  -34.959  6.172  12.318 0.0000000000
128097  -33.934  7.194  12.600 0.0000000000
80200  -35.278  6.747  12.523 0.0000000000
75963  -46.812  1.357  9.529 0.0000000000
75974  -46.355  1.325  8.758 0.0000000000
75030  -45.710  0.846  8.659 0.0000000000
121225  -44.288  -0.444  9.693 0.0000000000
74131  -43.634  -0.776  9.735 0.0000000000
73231  -42.828  -1.231  9.724 0.0000000000
73219  -42.094  -1.570  10.171 0.0000000000
74022  -37.524  0.314  17.746 0.0000000000
74043  -37.129  0.292  16.701 0.0000000000
111604  -37.013  0.129  15.823 0.0000000000
74070  -36.383  -0.070  15.630 0.0000000000
73169  -37.806  -0.566  15.380 0.0000000000
126241  -33.868  -0.474  10.309 0.0000000000
122685  -32.437  0.345  10.532 0.0000000000
75006  -31.847  0.329  10.948 0.0000000000
76070  -42.860  1.586  0.709 0.0000000000
76079  -43.080  1.772  -0.092 0.0000000000
77853  -43.309  3.497  -2.841 0.0000000000
77866  -43.522  3.993  -3.674 0.0000000000
79533  -42.468  5.566  -4.336 0.0000000000
79409  -39.363  5.340  9.337 0.0000000000
80233  -40.700  6.234  8.893 0.0000000000
110059  -40.428  6.522  8.014 0.0000000000
81804  -45.559  8.707  5.624 0.0000000000
119144  -45.702  9.228  3.175 0.0000000000
81831  -44.939  9.048  2.444 0.0000000000
82588  -43.821  9.402  0.370 0.0000000000
82596  -44.377  10.136  -0.092 0.0000000000
111472  -44.853  11.039  -1.392 0.0000000000
84159  -45.762  12.426  -3.066 0.0000000000
84167  -46.628  13.029  -4.118 0.0000000000
84984  -46.429  13.257  -4.377 0.0000000000
85729  -45.860  13.378  -5.082 0.0000000000
85723  -46.070  13.569  -3.881 0.0000000000
85716  -45.296  13.645  -3.039 0.0000000000
85710  -44.956  13.817  -2.219 0.0000000000
85709  -43.694  13.946  -2.075 0.0000000000
121078  -43.113  14.024  -1.541 0.0000000000
85703  -42.396  14.289  -1.061 0.0000000000
84904  -39.061  12.141  3.021 0.0000000000
84093  -37.781  11.831  4.302 0.0000000000
84892  -37.193  12.041  4.872 0.0000000000
75087  -44.708  0.865  2.864 0.0000000000
75098  -44.238  0.878  1.827 0.0000000000
76056  -43.479  1.181  1.214 0.0000000000
76040  -42.374  1.185  2.308 0.0000000000
76055  -42.688  1.417  1.516 0.0000000000
77821  -41.576  3.648  0.468 0.0000000000
81021  -43.201  7.149  11.642 0.0000000000
81041  -44.588  7.987  9.242 0.0000000000
81791  -45.007  8.166  8.382 0.0000000000
122531  -46.003  8.680  8.596 0.0000000000
81796  -45.946  8.765  7.277 0.0000000000
82551  -46.380  9.408  4.768 0.0000000000
123683  -46.714  9.718  4.137 0.0000000000
115737  -44.629  11.384  4.646 0.0000000000
84895  -44.186  11.882  4.118 0.0000000000
76904  -36.983  2.470  8.144 0.0000000000
77741  -37.097  3.716  8.754 0.0000000000
123693  -35.904  4.873  11.273 0.0000000000
78557  -36.553  5.025  11.282 0.0000000000
79390  -36.872  5.403  11.978 0.0000000000
78558  -37.230  5.181  11.327 0.0000000000
113221  -39.213  5.302  10.111 0.0000000000
79393  -39.609  5.259  12.048 0.0000000000
79394  -40.337  5.411  11.689 0.0000000000
79395  -41.026  5.728  11.337 0.0000000000
81004  -39.434  7.478  13.858 0.0000000000
108281  -40.112  6.880  13.990 0.0000000000
110844  -40.165  7.686  14.008 0.0000000000
80187  -41.548  6.375  13.825 0.0000000000
80214  -42.706  6.554  12.475 0.0000000000
119886  -43.141  7.152  13.298 0.0000000000
81018  -43.897  7.672  13.137 0.0000000000
82522  -43.276  8.753  13.703 0.0000000000
81777  -44.347  8.473  13.230 0.0000000000
82530  -44.590  9.270  13.221 0.0000000000
77786  -50.266  3.575  3.285 0.0000000000
77785  -49.523  3.266  3.171 0.0000000000
128302  -48.222  2.571  3.205 0.0000000000
76031  -47.097  1.854  3.904 0.0000000000
123911  -49.612  2.895  5.637 0.0000000000
76931  -49.087  2.596  5.291 0.0000000000
76930  -48.306  2.396  5.834 0.0000000000
76017  -46.344  1.579  4.426 0.0000000000
75059  -44.365  0.533  5.215 0.0000000000
127845  -43.220  0.077  5.450 0.0000000000
75037  -44.712  0.337  7.696 0.0000000000
74155  -39.859  -0.408  6.748 0.0000000000
75036  -39.202  -0.201  7.232 0.0000000000
75035  -38.434  0.373  7.516 0.0000000000
75866  -42.870  1.207  19.530 0.0000000000
75881  -43.695  1.421  19.309 0.0000000000
74932  -43.949  1.131  18.204 0.0000000000
74942  -38.775  0.616  17.959 0.0000000000
74023  -39.467  0.511  17.716 0.0000000000
74024  -40.224  0.271  17.488 0.0000000000
74944  -41.666  0.595  18.054 0.0000000000
74945  -42.595  0.589  17.854 0.0000000000
74946  -43.464  0.583  17.575 0.0000000000
74947  -44.270  0.666  17.239 0.0000000000
74962  -44.637  0.179  16.464 0.0000000000
74050  -44.231  -0.368  16.021 0.0000000000
74073  -43.120  -1.094  15.595 0.0000000000
74074  -43.859  -0.774  15.470 0.0000000000
74075  -44.449  -0.494  15.338 0.0000000000
74076  -44.935  -0.267  14.848 0.0000000000
74088  -44.838  -0.351  14.010 0.0000000000
74099  -45.296  -0.066  13.526 0.0000000000
74098  -44.823  -0.388  13.090 0.0000000000
111309  -43.120  -1.485  11.962 0.0000000000
110076  -42.585  -1.630  12.778 0.0000000000
111310  -42.371  -1.768  11.924 0.0000000000
122314  -42.641  -1.536  11.521 0.0000000000
73208  -42.252  -1.665  11.076 0.0000000000
73218  -41.390  -1.983  10.722 0.0000000000
73217  -40.631  -2.037  10.106 0.0000000000
72346  -38.367  -2.423  13.503 0.0000000000
72355  -38.843  -2.583  12.655 0.0000000000
72356  -39.563  -2.543  12.023 0.0000000000
126076  -38.622  -2.529  11.249 0.0000000000
72366  -39.335  -2.550  11.088 0.0000000000
72377  -40.025  -2.427  10.553 0.0000000000
72384  -39.825  -2.138  9.797 0.0000000000
75971  -36.655  1.609  8.464 0.0000000000
76897  -35.908  2.630  9.093 0.0000000000
75961  -35.544  1.875  9.093 0.0000000000
119127  -33.683  0.926  9.883 0.0000000000
77728  -33.840  3.314  10.332 0.0000000000
115494  -33.979  4.459  10.819 0.0000000000
78554  -33.608  4.962  11.140 0.0000000000
79386  -33.124  5.471  11.509 0.0000000000
80210  -32.573  5.984  11.757 0.0000000000
79385  -31.810  5.710  11.429 0.0000000000
78699  -49.470  5.623  -4.617 0.0000000000
77879  -48.000  5.255  -5.558 0.0000000000
76043  -46.430  1.624  2.680 0.0000000000
124429  -46.788  1.840  2.204 0.0000000000
76059  -46.132  1.831  0.970 0.0000000000
76970  -46.724  2.310  0.856 0.0000000000
77847  -46.381  2.975  -1.341 0.0000000000
77887  -46.324  5.409  -7.025 0.0000000000
77910  -44.608  4.913  -8.027 0.0000000000
79543  -44.238  5.780  -6.811 0.0000000000
78737  -44.920  5.701  -7.334 0.0000000000
78736  -44.611  5.599  -8.031 0.0000000000
78735  -43.972  5.449  -8.561 0.0000000000
78747  -43.423  5.824  -8.769 0.0000000000
78746  -42.913  5.572  -8.670 0.0000000000
80379  -43.414  6.366  -8.653 0.0000000000
79563  -42.990  5.789  -9.044 0.0000000000
79557  -42.421  5.861  -8.447 0.0000000000
80377  -41.823  6.411  -7.963 0.0000000000
77754  -38.459  3.040  6.483 0.0000000000
77769  -39.649  3.685  4.494 0.0000000000
78632  -40.459  4.347  3.148 0.0000000000
81045  -42.309  7.710  7.708 0.0000000000
113144  -41.736  7.519  6.960 0.0000000000
81055  -41.635  7.389  5.496 0.0000000000
81065  -41.847  7.241  4.536 0.0000000000
81077  -41.886  6.871  3.807 0.0000000000
80289  -42.175  6.704  2.219 0.0000000000
128718  -41.794  5.807  0.141 0.0000000000
80327  -41.951  6.162  -0.431 0.0000000000
119073  -42.277  7.085  -1.530 0.0000000000
81112  -42.361  7.452  -0.886 0.0000000000
81878  -42.612  8.060  -4.783 0.0000000000
82595  -43.600  9.416  -0.501 0.0000000000
82600  -43.452  9.417  -1.405 0.0000000000
83378  -44.029  10.301  -2.935 0.0000000000
81872  -43.041  8.766  -4.129 0.0000000000
82636  -43.943  10.032  -8.061 0.0000000000
81906  -42.808  9.057  -8.415 0.0000000000
81905  -42.136  8.478  -7.908 0.0000000000
84990  -44.746  13.323  -5.032 0.0000000000
127907  -42.729  14.049  -0.265 0.0000000000
85693  -42.052  14.263  -0.328 0.0000000000
126148  -42.227  12.411  3.587 0.0000000000
84923  -42.073  12.928  2.108 0.0000000000
120456  -42.132  13.379  1.289 0.0000000000
85702  -41.741  14.424  -1.032 0.0000000000
86380  -41.299  14.246  -1.401 0.0000000000
84962  -40.992  14.009  -1.544 0.0000000000
84956  -40.800  13.340  -1.299 0.0000000000
84140  -38.295  12.742  -1.212 0.0000000000
84934  -38.000  13.104  0.732 0.0000000000
84933  -37.069  13.124  0.439 0.0000000000
127103  -35.269  12.886  0.701 0.0000000000
86349  -41.692  14.252  8.609 0.0000000000
85639  -41.126  13.673  8.264 0.0000000000
121034  -40.414  13.554  7.811 0.0000000000
86987  -40.599  14.933  8.058 0.0000000000
121013  -39.988  14.255  7.771 0.0000000000
84858  -38.656  12.820  6.422 0.0000000000
120514  -38.470  14.205  6.833 0.0000000000
84877  -38.330  12.296  5.857 0.0000000000
72338  -40.594  -2.227  14.079 0.0000000000
74925  -37.804  0.163  18.926 0.0000000000
74959  -38.237  0.468  17.370 0.0000000000
76916  -48.750  2.519  7.394 0.0000000000
79360  -39.487  5.943  13.453 0.0000000000
81146  -41.584  7.927  -7.594 0.0000000000
81153  -43.029  6.840  -8.429 0.0000000000
82642  -43.544  10.307  -8.501 0.0000000000
83414  -43.668  10.909  -8.264 0.0000000000
83415  -44.180  11.885  -7.533 0.0000000000
84182  -45.905  12.960  -5.406 0.0000000000
84188  -43.480  11.231  -7.949 0.0000000000
84991  -45.362  13.316  -5.305 0.0000000000
84992  -46.188  13.251  -4.985 0.0000000000
85730  -46.171  13.427  -4.676 0.0000000000
107174  -38.918  -2.542  11.772 0.0000000000
109389  -37.727  0.055  16.209 0.0000000000
121293  -51.322  4.019  5.955 0.0000000000
121856  -48.660  2.449  8.078 0.0000000000
122694  -39.984  6.247  13.741 0.0000000000
123015  -31.778  -0.244  12.041 0.0000000000
124819  -40.822  9.038  13.663 0.0000000000
