#!ascii label  , from subject sub-031 vox2ras=TkReg
858
85609  -48.837  13.957  11.453 0.0000000000
116161  -40.822  29.485  0.802 0.0000000000
91638  -38.934  23.659  7.838 0.0000000000
89984  -47.445  20.797  3.481 0.0000000000
109163  -46.902  28.804  -0.321 0.0000000000
92292  -44.209  24.412  1.508 0.0000000000
90578  -46.663  20.897  -1.196 0.0000000000
89979  -41.651  21.169  4.015 0.0000000000
83288  -40.526  10.408  11.232 0.0000000000
109305  -42.065  14.685  11.345 0.0000000000
97478  -36.904  32.867  2.834 0.0000000000
96428  -41.239  31.062  -0.715 0.0000000000
95925  -45.881  29.630  -5.197 0.0000000000
89371  -43.306  19.592  9.501 0.0000000000
119579  -39.433  26.141  4.141 0.0000000000
116816  -44.515  23.444  5.709 0.0000000000
89387  -47.760  19.662  8.813 0.0000000000
88796  -42.495  17.927  7.571 0.0000000000
125021  -38.713  17.447  6.848 0.0000000000
86344  -47.228  14.584  10.424 0.0000000000
92946  -47.537  25.887  -2.615 0.0000000000
92318  -48.495  24.346  -1.813 0.0000000000
91143  -46.326  21.265  -4.554 0.0000000000
106600  -43.168  21.528  -1.690 0.0000000000
84830  -41.041  12.331  10.415 0.0000000000
86321  -38.985  15.044  11.214 0.0000000000
97456  -36.701  33.377  5.911 0.0000000000
125394  -42.944  30.218  -2.779 0.0000000000
89368  -40.492  19.447  9.684 0.0000000000
89922  -40.812  20.844  7.573 0.0000000000
95330  -37.972  29.942  1.661 0.0000000000
94187  -39.094  27.086  1.696 0.0000000000
91097  -46.449  22.214  2.392 0.0000000000
92268  -44.662  24.713  4.807 0.0000000000
91658  -47.520  22.783  5.226 0.0000000000
90488  -46.358  21.420  6.753 0.0000000000
89933  -47.561  20.804  6.338 0.0000000000
88799  -45.488  18.695  8.181 0.0000000000
89415  -44.519  19.834  5.855 0.0000000000
89410  -39.780  19.696  5.729 0.0000000000
94813  -44.076  29.148  0.293 0.0000000000
126308  -42.606  26.232  0.502 0.0000000000
92923  -44.952  25.559  -0.423 0.0000000000
91115  -46.416  22.592  -0.228 0.0000000000
90541  -46.421  21.024  1.348 0.0000000000
106881  -44.153  20.798  3.754 0.0000000000
90539  -44.003  21.703  1.427 0.0000000000
90537  -40.941  21.910  1.500 0.0000000000
83281  -43.027  10.005  12.590 0.0000000000
120508  -43.887  12.629  11.558 0.0000000000
107679  -45.026  15.043  11.899 0.0000000000
116246  -38.303  32.870  6.190 0.0000000000
96948  -38.573  32.847  3.671 0.0000000000
96408  -39.639  31.871  1.835 0.0000000000
96411  -42.018  31.686  1.132 0.0000000000
95876  -43.982  30.420  -0.051 0.0000000000
95373  -46.194  29.539  -2.216 0.0000000000
94852  -46.050  28.293  -4.148 0.0000000000
94295  -45.919  28.198  -5.867 0.0000000000
120088  -39.543  17.603  11.384 0.0000000000
88179  -42.725  17.604  11.508 0.0000000000
88744  -45.752  17.777  11.521 0.0000000000
92852  -39.147  25.901  6.352 0.0000000000
92892  -41.598  25.394  2.888 0.0000000000
92861  -42.697  25.549  5.621 0.0000000000
91643  -42.105  24.003  6.462 0.0000000000
90485  -43.046  21.431  7.091 0.0000000000
89373  -46.221  19.695  9.487 0.0000000000
88191  -48.690  17.622  10.750 0.0000000000
87593  -45.515  16.911  10.101 0.0000000000
87600  -43.344  16.294  8.986 0.0000000000
86994  -41.173  15.963  8.005 0.0000000000
89413  -42.628  19.665  5.827 0.0000000000
88804  -40.932  18.171  7.043 0.0000000000
86363  -39.143  14.445  7.272 0.0000000000
84808  -47.391  13.036  12.194 0.0000000000
85632  -48.394  13.422  10.665 0.0000000000
121431  -48.629  13.892  10.516 0.0000000000
92954  -46.843  25.423  -3.199 0.0000000000
91723  -47.323  23.261  -3.842 0.0000000000
91715  -45.192  22.710  -3.366 0.0000000000
91134  -44.052  21.603  -3.391 0.0000000000
91060  -39.698  22.388  7.756 0.0000000000
117155  -39.348  29.197  1.241 0.0000000000
108633  -47.851  21.540  3.065 0.0000000000
91667  -47.407  22.653  4.508 0.0000000000
124169  -48.286  21.833  4.192 0.0000000000
90500  -48.226  21.997  5.806 0.0000000000
89964  -47.902  20.952  4.493 0.0000000000
89417  -46.614  20.327  6.079 0.0000000000
89963  -46.766  20.720  4.498 0.0000000000
94824  -45.411  28.570  -0.082 0.0000000000
125102  -44.417  27.808  -0.283 0.0000000000
118160  -46.149  27.336  -0.583 0.0000000000
114990  -48.057  20.695  -1.717 0.0000000000
91701  -47.661  23.253  -1.505 0.0000000000
90567  -47.443  21.053  -0.739 0.0000000000
91108  -46.517  21.698  0.406 0.0000000000
106173  -46.532  21.498  -0.027 0.0000000000
106761  -45.307  21.460  1.092 0.0000000000
106719  -45.601  21.464  0.009 0.0000000000
90563  -41.599  21.863  -0.540 0.0000000000
85615  -41.735  13.922  11.089 0.0000000000
128176  -42.549  12.471  11.037 0.0000000000
86325  -42.676  13.905  11.209 0.0000000000
85605  -44.078  13.951  11.542 0.0000000000
86309  -43.688  14.723  11.570 0.0000000000
97468  -36.700  33.128  3.645 0.0000000000
97463  -38.354  33.238  4.561 0.0000000000
97480  -38.471  32.791  3.158 0.0000000000
96407  -39.130  32.027  2.155 0.0000000000
96953  -38.165  32.531  2.419 0.0000000000
96420  -39.893  31.321  -0.252 0.0000000000
96413  -40.570  32.015  0.758 0.0000000000
123945  -41.608  31.433  0.286 0.0000000000
96416  -43.286  30.882  0.554 0.0000000000
95875  -42.962  30.604  -0.498 0.0000000000
95908  -44.503  29.632  -3.743 0.0000000000
95896  -44.548  29.743  -2.683 0.0000000000
95385  -46.212  29.252  -3.331 0.0000000000
124204  -46.307  28.635  -3.111 0.0000000000
94853  -46.422  29.013  -3.789 0.0000000000
94282  -45.686  27.855  -5.088 0.0000000000
95411  -46.602  29.503  -5.862 0.0000000000
89899  -36.059  20.194  9.910 0.0000000000
88772  -35.767  18.803  10.907 0.0000000000
88773  -36.704  18.863  10.691 0.0000000000
88175  -38.669  17.490  11.369 0.0000000000
88775  -38.360  18.577  10.757 0.0000000000
89369  -41.517  19.379  9.761 0.0000000000
88778  -41.208  18.497  11.020 0.0000000000
88779  -42.525  18.710  10.810 0.0000000000
88180  -44.259  17.599  11.517 0.0000000000
88781  -43.882  18.983  10.711 0.0000000000
94159  -38.054  26.839  5.164 0.0000000000
93532  -37.975  27.050  6.123 0.0000000000
93534  -39.809  26.351  5.795 0.0000000000
92904  -43.175  25.311  1.338 0.0000000000
92902  -41.654  25.549  1.706 0.0000000000
92894  -42.978  25.262  2.426 0.0000000000
92264  -45.067  24.164  5.186 0.0000000000
92869  -43.590  25.498  5.311 0.0000000000
92260  -43.624  24.821  5.748 0.0000000000
92258  -41.837  25.072  6.367 0.0000000000
91644  -43.203  24.141  6.027 0.0000000000
90492  -42.509  22.075  6.733 0.0000000000
116405  -44.170  22.666  6.177 0.0000000000
89918  -47.293  20.361  8.204 0.0000000000
89917  -46.428  20.477  8.208 0.0000000000
89907  -47.709  19.914  8.842 0.0000000000
89361  -47.442  19.304  10.183 0.0000000000
88788  -48.339  18.741  9.715 0.0000000000
116316  -47.152  17.153  10.497 0.0000000000
88786  -46.971  18.320  9.347 0.0000000000
88798  -44.226  18.634  7.427 0.0000000000
88195  -44.025  17.499  8.601 0.0000000000
88199  -43.339  17.630  8.019 0.0000000000
87599  -42.659  16.445  8.585 0.0000000000
121484  -41.984  17.331  7.829 0.0000000000
115410  -42.999  21.164  3.417 0.0000000000
89960  -43.453  20.697  4.535 0.0000000000
89958  -41.852  20.719  4.736 0.0000000000
88802  -38.821  18.156  6.637 0.0000000000
123662  -40.343  18.522  6.783 0.0000000000
88212  -39.322  17.603  6.975 0.0000000000
86992  -39.704  16.127  7.438 0.0000000000
87009  -39.072  15.504  7.220 0.0000000000
120514  -38.470  14.205  6.833 0.0000000000
108974  -45.845  10.966  12.119 0.0000000000
86343  -45.654  14.282  10.102 0.0000000000
94255  -47.363  27.122  -1.390 0.0000000000
92925  -47.519  26.189  -1.057 0.0000000000
92947  -48.331  25.327  -2.310 0.0000000000
91145  -48.482  22.380  -3.606 0.0000000000
90033  -46.451  20.608  -3.669 0.0000000000
126052  -44.786  21.318  -1.965 0.0000000000
90590  -44.007  21.513  -3.266 0.0000000000
84058  -40.547  11.597  10.444 0.0000000000
84829  -40.104  12.464  10.328 0.0000000000
86323  -40.528  14.569  11.171 0.0000000000
97467  -35.321  33.016  3.589 0.0000000000
126524  -42.200  30.454  -2.119 0.0000000000
95943  -43.538  30.416  -5.277 0.0000000000
95945  -46.368  30.099  -6.041 0.0000000000
89366  -38.719  19.451  9.625 0.0000000000
89911  -40.401  20.348  8.248 0.0000000000
89912  -41.315  20.302  8.172 0.0000000000
93553  -39.384  26.062  3.141 0.0000000000
91673  -44.730  23.727  1.895 0.0000000000
92285  -44.251  24.402  2.519 0.0000000000
91665  -45.517  23.285  3.754 0.0000000000
91648  -45.976  23.476  5.146 0.0000000000
117687  -46.067  23.415  5.279 0.0000000000
90495  -45.649  22.185  6.186 0.0000000000
91069  -47.834  22.391  5.936 0.0000000000
89930  -47.825  21.375  6.473 0.0000000000
106175  -47.670  19.998  7.965 0.0000000000
88791  -46.636  18.921  8.550 0.0000000000
89391  -46.002  19.463  7.192 0.0000000000
89399  -45.089  19.526  6.642 0.0000000000
89398  -44.029  19.419  6.447 0.0000000000
89957  -40.951  20.822  4.657 0.0000000000
127371  -37.229  24.728  7.243 0.0000000000
94812  -42.657  28.991  0.617 0.0000000000
94811  -41.722  28.229  0.555 0.0000000000
94214  -42.524  27.883  0.358 0.0000000000
93588  -43.890  26.111  0.002 0.0000000000
92299  -44.090  25.087  0.582 0.0000000000
106239  -46.580  25.501  -0.881 0.0000000000
92307  -45.509  24.763  -0.547 0.0000000000
91678  -44.780  23.951  0.821 0.0000000000
91096  -46.001  22.430  1.618 0.0000000000
90528  -47.116  20.865  1.959 0.0000000000
89998  -47.439  20.814  2.210 0.0000000000
89982  -45.301  20.861  3.586 0.0000000000
89996  -45.551  21.001  2.631 0.0000000000
90526  -43.817  21.546  2.284 0.0000000000
110724  -43.002  21.488  2.783 0.0000000000
90565  -43.252  21.887  -0.304 0.0000000000
90538  -42.029  21.909  1.463 0.0000000000
122200  -41.561  11.387  10.754 0.0000000000
84046  -43.528  11.273  11.768 0.0000000000
84047  -44.665  10.921  12.443 0.0000000000
84817  -45.712  12.000  12.413 0.0000000000
117967  -45.879  13.193  12.272 0.0000000000
120070  -46.846  14.467  12.136 0.0000000000
106350  -37.889  32.384  4.886 0.0000000000
96946  -38.335  32.642  4.258 0.0000000000
127560  -37.441  31.580  3.160 0.0000000000
95863  -38.135  30.853  2.150 0.0000000000
123196  -39.275  31.075  2.049 0.0000000000
113807  -40.290  30.938  1.440 0.0000000000
96960  -37.538  32.254  1.486 0.0000000000
96962  -40.195  32.051  1.453 0.0000000000
126628  -40.733  32.093  1.418 0.0000000000
95335  -42.015  30.627  1.144 0.0000000000
95343  -42.881  30.272  0.913 0.0000000000
95873  -44.364  30.037  0.282 0.0000000000
95353  -45.670  29.676  -0.045 0.0000000000
95885  -43.768  30.192  -1.125 0.0000000000
127146  -45.452  29.887  -1.017 0.0000000000
94834  -47.034  28.945  -0.800 0.0000000000
93618  -46.689  27.587  -2.200 0.0000000000
93625  -46.512  26.540  -3.026 0.0000000000
121247  -44.934  26.658  -4.042 0.0000000000
94281  -44.930  27.243  -5.084 0.0000000000
95412  -46.920  29.354  -6.784 0.0000000000
87582  -39.319  16.715  11.502 0.0000000000
109647  -41.164  16.200  11.652 0.0000000000
88776  -39.573  18.575  10.758 0.0000000000
88761  -41.019  18.000  11.364 0.0000000000
87585  -41.968  16.160  11.665 0.0000000000
87564  -43.836  16.207  11.675 0.0000000000
87566  -45.340  16.455  11.797 0.0000000000
87568  -47.002  16.379  11.944 0.0000000000
92256  -39.351  24.993  6.916 0.0000000000
113349  -40.656  26.932  0.894 0.0000000000
93565  -39.970  25.856  2.422 0.0000000000
93554  -40.232  25.782  4.125 0.0000000000
92881  -43.145  25.312  3.847 0.0000000000
92868  -41.925  25.931  4.814 0.0000000000
93535  -40.556  26.193  5.724 0.0000000000
119763  -40.673  26.125  6.145 0.0000000000
111185  -40.897  25.326  6.479 0.0000000000
92253  -40.200  24.045  7.273 0.0000000000
91062  -41.185  22.285  7.119 0.0000000000
90484  -42.176  21.411  7.207 0.0000000000
89914  -43.128  20.398  8.149 0.0000000000
90487  -45.087  21.326  6.809 0.0000000000
89915  -44.081  20.415  8.104 0.0000000000
89372  -44.163  19.670  9.497 0.0000000000
88782  -45.379  18.877  10.718 0.0000000000
88746  -47.606  17.895  11.361 0.0000000000
86953  -49.080  15.866  11.237 0.0000000000
87595  -48.164  16.171  10.799 0.0000000000
86982  -46.674  15.690  10.630 0.0000000000
123758  -45.105  16.101  10.119 0.0000000000
88196  -45.719  18.203  8.920 0.0000000000
87592  -44.614  16.576  9.695 0.0000000000
86979  -43.831  15.268  9.553 0.0000000000
86989  -42.297  14.888  8.933 0.0000000000
86349  -41.692  14.252  8.609 0.0000000000
89961  -44.543  20.597  4.484 0.0000000000
89414  -43.558  19.719  5.795 0.0000000000
89397  -43.132  19.229  6.390 0.0000000000
89411  -40.685  19.712  5.856 0.0000000000
88825  -41.106  18.929  6.430 0.0000000000
88795  -41.516  17.786  7.522 0.0000000000
115175  -41.276  17.024  7.829 0.0000000000
86993  -40.315  15.779  7.757 0.0000000000
85608  -48.158  13.490  11.835 0.0000000000
84832  -47.955  12.896  11.061 0.0000000000
85619  -48.415  13.415  11.293 0.0000000000
85620  -48.940  13.832  10.963 0.0000000000
92953  -45.677  25.233  -3.259 0.0000000000
92327  -45.573  24.003  -3.264 0.0000000000
91059  -39.064  22.892  8.183 0.0000000000
95334  -40.087  29.824  1.072 0.0000000000
94799  -39.974  28.634  1.021 0.0000000000
89999  -47.962  20.835  2.879 0.0000000000
91090  -48.225  21.212  3.439 0.0000000000
89985  -48.232  21.022  3.649 0.0000000000
89986  -48.238  21.187  4.244 0.0000000000
94226  -46.293  28.322  -0.325 0.0000000000
94227  -46.967  27.867  -0.636 0.0000000000
90579  -47.615  20.746  -1.298 0.0000000000
112123  -47.163  21.054  -0.599 0.0000000000
90566  -46.416  21.241  -0.506 0.0000000000
90577  -45.593  21.313  -1.062 0.0000000000
86324  -41.218  14.655  11.277 0.0000000000
85604  -43.359  14.182  11.407 0.0000000000
86308  -42.886  14.750  11.455 0.0000000000
117216  -37.755  33.160  3.430 0.0000000000
97479  -37.954  33.035  3.024 0.0000000000
96427  -40.273  31.159  -1.290 0.0000000000
119282  -39.273  31.352  -1.318 0.0000000000
96421  -40.838  31.390  0.134 0.0000000000
96429  -42.129  31.098  -0.313 0.0000000000
95384  -45.625  29.445  -4.116 0.0000000000
95398  -46.240  29.102  -4.535 0.0000000000
94864  -46.305  28.838  -5.079 0.0000000000
89353  -36.671  19.642  10.097 0.0000000000
89354  -37.370  19.224  10.241 0.0000000000
88774  -37.620  18.615  10.738 0.0000000000
89370  -42.455  19.470  9.547 0.0000000000
89359  -42.256  19.159  10.243 0.0000000000
89360  -43.060  19.197  10.308 0.0000000000
88780  -43.220  18.705  10.887 0.0000000000
111318  -43.789  19.400  10.106 0.0000000000
93552  -38.737  26.343  3.588 0.0000000000
93541  -38.957  26.383  4.828 0.0000000000
93533  -38.820  26.574  5.802 0.0000000000
92291  -43.792  24.974  1.118 0.0000000000
92284  -43.627  24.843  1.982 0.0000000000
91646  -44.940  24.092  5.318 0.0000000000
92261  -44.232  24.753  5.412 0.0000000000
91645  -44.077  24.267  5.617 0.0000000000
91065  -43.703  23.274  6.063 0.0000000000
89919  -47.631  20.114  8.086 0.0000000000
89375  -48.066  19.428  9.341 0.0000000000
89376  -48.195  19.150  9.369 0.0000000000
88787  -48.088  18.638  9.535 0.0000000000
88792  -47.779  19.096  8.900 0.0000000000
88797  -43.416  18.319  7.493 0.0000000000
118949  -42.613  17.192  8.141 0.0000000000
90514  -42.318  21.394  3.370 0.0000000000
89980  -42.595  20.971  4.100 0.0000000000
107881  -38.978  16.588  6.986 0.0000000000
87008  -38.513  15.762  6.949 0.0000000000
107758  -38.114  16.334  6.846 0.0000000000
84049  -46.246  11.676  12.358 0.0000000000
120233  -46.561  14.157  10.158 0.0000000000
121366  -47.244  26.648  -2.194 0.0000000000
93619  -47.910  26.171  -1.723 0.0000000000
92955  -47.899  25.189  -2.980 0.0000000000
121678  -46.576  22.194  -4.331 0.0000000000
91724  -48.093  23.033  -3.834 0.0000000000
91144  -47.500  21.928  -4.364 0.0000000000
90035  -47.913  20.688  -3.966 0.0000000000
90600  -46.212  20.819  -4.413 0.0000000000
108709  -45.372  20.830  -4.079 0.0000000000
91142  -45.367  21.038  -4.419 0.0000000000
123543  -43.382  21.718  -3.165 0.0000000000
84828  -39.145  12.622  10.353 0.0000000000
86322  -39.848  14.828  11.176 0.0000000000
97466  -34.485  33.072  4.098 0.0000000000
95964  -44.067  30.782  -6.071 0.0000000000
96481  -43.109  31.088  -5.893 0.0000000000
124095  -39.634  21.617  7.819 0.0000000000
89921  -39.939  20.922  7.738 0.0000000000
93564  -39.349  26.362  2.132 0.0000000000
91674  -45.506  23.013  2.448 0.0000000000
92286  -44.908  23.882  3.082 0.0000000000
91675  -46.082  22.647  3.253 0.0000000000
91657  -46.885  23.157  4.931 0.0000000000
91649  -46.994  23.086  5.318 0.0000000000
91068  -47.190  22.865  5.621 0.0000000000
91072  -47.663  22.587  5.562 0.0000000000
89934  -47.989  21.293  6.308 0.0000000000
121040  -48.092  21.705  6.090 0.0000000000
89393  -47.608  20.648  7.190 0.0000000000
89392  -47.160  19.889  7.448 0.0000000000
89401  -47.160  20.291  6.790 0.0000000000
89416  -45.572  19.955  5.918 0.0000000000
88807  -44.398  19.083  6.956 0.0000000000
114876  -43.386  28.613  0.297 0.0000000000
93596  -44.562  26.310  -0.449 0.0000000000
93595  -44.014  26.926  -0.398 0.0000000000
92914  -44.241  25.536  0.077 0.0000000000
92937  -48.204  25.374  -1.609 0.0000000000
92317  -47.671  24.456  -1.287 0.0000000000
91693  -46.780  23.443  -0.919 0.0000000000
91692  -45.892  23.762  -0.449 0.0000000000
91685  -45.188  24.074  0.012 0.0000000000
91686  -45.638  23.362  0.320 0.0000000000
91679  -45.405  23.096  1.275 0.0000000000
91107  -46.169  22.420  0.759 0.0000000000
90542  -46.554  21.188  1.212 0.0000000000
91102  -46.614  21.609  1.534 0.0000000000
90007  -46.991  20.880  1.681 0.0000000000
89997  -46.520  20.888  2.007 0.0000000000
108026  -44.652  21.427  1.823 0.0000000000
108094  -43.929  21.457  -2.430 0.0000000000
107182  -44.343  21.577  -0.953 0.0000000000
90551  -41.366  21.984  0.540 0.0000000000
90552  -42.290  22.035  0.226 0.0000000000
84813  -41.876  12.354  10.744 0.0000000000
84814  -43.003  12.981  11.199 0.0000000000
84815  -43.280  12.120  11.362 0.0000000000
119979  -44.286  11.761  11.920 0.0000000000
84816  -44.859  12.265  12.073 0.0000000000
86310  -44.541  14.486  11.719 0.0000000000
85606  -44.935  13.616  11.898 0.0000000000
112969  -45.452  14.127  11.985 0.0000000000
125793  -46.558  13.707  12.219 0.0000000000
86311  -45.969  14.697  11.966 0.0000000000
96935  -38.326  32.575  6.898 0.0000000000
109899  -38.012  32.630  5.911 0.0000000000
96941  -37.071  32.494  5.388 0.0000000000
97449  -35.728  33.819  6.531 0.0000000000
123182  -38.611  33.011  4.459 0.0000000000
96402  -38.246  32.237  3.267 0.0000000000
96405  -37.795  31.382  2.671 0.0000000000
115634  -38.985  31.493  2.071 0.0000000000
95866  -39.740  30.930  1.799 0.0000000000
96961  -38.499  32.207  1.691 0.0000000000
107569  -39.145  32.185  0.892 0.0000000000
96414  -41.465  32.102  1.035 0.0000000000
96963  -40.791  32.147  1.253 0.0000000000
96410  -41.272  32.047  1.344 0.0000000000
95867  -41.073  31.623  1.460 0.0000000000
95868  -41.767  31.490  1.309 0.0000000000
95869  -42.533  31.201  1.160 0.0000000000
95872  -43.810  30.341  0.333 0.0000000000
95877  -44.869  30.035  0.044 0.0000000000
95352  -44.921  29.808  0.150 0.0000000000
95905  -42.283  30.403  -2.701 0.0000000000
95894  -42.807  30.310  -1.879 0.0000000000
95895  -43.678  30.022  -2.262 0.0000000000
95887  -45.528  29.756  -1.926 0.0000000000
95363  -46.197  29.623  -0.982 0.0000000000
95374  -46.602  29.270  -1.466 0.0000000000
94254  -47.195  28.168  -1.107 0.0000000000
94842  -46.710  28.718  -1.931 0.0000000000
94268  -46.008  27.656  -3.364 0.0000000000
127068  -46.292  28.166  -2.642 0.0000000000
119349  -45.879  26.061  -3.401 0.0000000000
93624  -45.558  26.745  -3.657 0.0000000000
94267  -45.382  27.315  -4.308 0.0000000000
94294  -45.249  27.623  -5.875 0.0000000000
87580  -37.374  16.754  11.304 0.0000000000
87583  -40.309  16.364  11.536 0.0000000000
88176  -40.213  17.159  11.497 0.0000000000
89367  -39.590  19.457  9.605 0.0000000000
89356  -39.242  19.043  10.205 0.0000000000
89357  -40.046  19.034  10.310 0.0000000000
88762  -41.947  18.114  11.318 0.0000000000
126648  -42.042  17.382  11.616 0.0000000000
117069  -41.667  16.832  11.680 0.0000000000
87586  -42.500  16.818  11.661 0.0000000000
120887  -43.120  16.381  11.622 0.0000000000
87587  -43.473  17.074  11.572 0.0000000000
88181  -44.981  18.134  11.332 0.0000000000
87565  -44.436  16.786  11.647 0.0000000000
88159  -45.117  17.321  11.611 0.0000000000
87567  -46.244  16.064  11.886 0.0000000000
88160  -46.134  16.998  11.698 0.0000000000
93524  -38.557  26.644  6.145 0.0000000000
92255  -38.458  25.153  6.838 0.0000000000
93585  -41.593  27.086  0.505 0.0000000000
94213  -40.972  27.666  0.568 0.0000000000
92893  -42.195  25.377  2.260 0.0000000000
92891  -40.828  25.559  2.050 0.0000000000
92878  -40.722  25.457  3.128 0.0000000000
92879  -41.263  25.505  4.094 0.0000000000
92276  -44.410  24.492  3.717 0.0000000000
92275  -43.701  24.898  3.127 0.0000000000
92882  -43.961  25.030  4.305 0.0000000000
93536  -42.875  25.748  5.363 0.0000000000
107061  -42.988  25.731  4.806 0.0000000000
117566  -42.145  25.947  5.408 0.0000000000
93543  -40.972  25.898  5.076 0.0000000000
108333  -41.376  26.035  5.520 0.0000000000
93527  -40.973  26.225  5.864 0.0000000000
92860  -41.807  25.860  5.673 0.0000000000
91642  -41.035  24.357  6.942 0.0000000000
92257  -40.186  24.749  6.954 0.0000000000
91640  -40.514  23.584  7.284 0.0000000000
91641  -41.191  23.298  7.006 0.0000000000
89924  -42.628  20.864  7.609 0.0000000000
89925  -43.549  20.824  7.506 0.0000000000
89385  -45.757  20.065  8.829 0.0000000000
89916  -45.169  20.408  8.082 0.0000000000
89384  -44.631  20.006  8.776 0.0000000000
122448  -45.120  19.679  9.481 0.0000000000
127973  -45.526  19.397  10.049 0.0000000000
88768  -48.366  18.402  10.613 0.0000000000
89347  -47.847  18.934  10.570 0.0000000000
88747  -48.519  17.930  11.140 0.0000000000
88163  -48.910  17.200  11.251 0.0000000000
88185  -49.116  17.075  11.012 0.0000000000
87596  -48.692  15.896  10.962 0.0000000000
88192  -48.865  16.781  10.891 0.0000000000
88189  -46.548  17.463  10.087 0.0000000000
108664  -47.288  16.413  10.671 0.0000000000
87594  -46.402  16.638  10.543 0.0000000000
109125  -45.763  15.943  10.533 0.0000000000
88800  -46.260  19.307  7.865 0.0000000000
88187  -44.862  17.448  9.299 0.0000000000
87601  -43.950  16.891  9.194 0.0000000000
87591  -43.926  16.085  9.432 0.0000000000
122262  -43.381  15.666  9.280 0.0000000000
86978  -43.064  15.052  9.365 0.0000000000
86990  -42.805  15.663  8.936 0.0000000000
87598  -42.041  15.759  8.542 0.0000000000
86988  -41.414  15.029  8.542 0.0000000000
86348  -41.065  14.373  8.375 0.0000000000
86987  -40.599  14.933  8.058 0.0000000000
89939  -43.059  20.237  5.277 0.0000000000
89435  -40.324  20.318  5.252 0.0000000000
108454  -41.832  18.428  6.987 0.0000000000
88198  -40.707  17.519  7.526 0.0000000000
114634  -39.759  15.161  7.640 0.0000000000
121013  -39.988  14.255  7.771 0.0000000000
84807  -47.094  12.430  12.236 0.0000000000
84818  -47.223  12.415  11.776 0.0000000000
84835  -47.776  13.076  10.177 0.0000000000
92336  -47.644  24.469  -3.368 0.0000000000
92335  -46.592  24.307  -3.450 0.0000000000
91722  -46.183  23.011  -3.672 0.0000000000
119389  -45.612  21.715  -4.311 0.0000000000
91135  -44.791  21.492  -3.862 0.0000000000
90482  -40.411  21.717  7.461 0.0000000000
94798  -38.515  29.323  1.435 0.0000000000
94202  -39.574  27.667  1.203 0.0000000000
91088  -47.128  22.234  3.336 0.0000000000
91089  -48.062  22.021  3.804 0.0000000000
91081  -47.884  22.456  5.304 0.0000000000
91073  -48.059  22.238  5.503 0.0000000000
90506  -48.241  21.812  5.229 0.0000000000
89965  -48.217  21.365  4.890 0.0000000000
89944  -47.993  21.135  5.567 0.0000000000
89943  -47.201  20.698  5.409 0.0000000000
89942  -46.089  20.407  5.281 0.0000000000
89941  -45.007  20.280  5.221 0.0000000000
94216  -44.295  28.560  0.044 0.0000000000
94225  -45.170  27.400  -0.509 0.0000000000
93597  -45.502  26.474  -0.655 0.0000000000
91702  -48.448  23.182  -2.170 0.0000000000
91122  -47.881  21.974  -1.632 0.0000000000
91121  -47.137  22.226  -0.911 0.0000000000
122204  -46.829  21.665  -0.297 0.0000000000
90554  -46.297  21.328  0.743 0.0000000000
90553  -44.262  21.779  0.389 0.0000000000
90564  -42.411  21.763  -1.012 0.0000000000
83280  -42.093  10.159  11.969 0.0000000000
85631  -41.393  13.162  10.732 0.0000000000
114353  -42.183  13.153  10.981 0.0000000000
85616  -43.552  13.483  11.395 0.0000000000
85617  -44.427  13.127  11.726 0.0000000000
86948  -44.151  15.344  11.703 0.0000000000
96936  -38.599  32.750  7.156 0.0000000000
124801  -35.937  33.212  5.174 0.0000000000
97462  -37.205  33.366  4.711 0.0000000000
109350  -37.973  33.437  3.957 0.0000000000
97469  -38.482  33.141  3.753 0.0000000000
114897  -38.484  32.503  3.052 0.0000000000
96954  -38.593  32.221  2.438 0.0000000000
96955  -39.307  32.036  1.798 0.0000000000
122628  -39.084  31.404  -0.527 0.0000000000
111526  -40.157  32.059  1.035 0.0000000000
96422  -42.211  31.602  0.799 0.0000000000
96415  -42.750  31.341  1.005 0.0000000000
96423  -42.760  31.213  0.489 0.0000000000
95907  -43.586  29.960  -3.260 0.0000000000
95897  -45.572  29.602  -3.014 0.0000000000
95386  -46.435  29.180  -2.645 0.0000000000
89903  -35.501  20.810  9.647 0.0000000000
89898  -35.286  20.117  10.169 0.0000000000
89352  -35.946  19.531  10.474 0.0000000000
88174  -37.772  17.487  11.328 0.0000000000
88758  -38.113  18.110  11.177 0.0000000000
88759  -38.992  18.182  11.125 0.0000000000
89358  -40.907  19.040  10.483 0.0000000000
121995  -41.735  18.852  10.648 0.0000000000
88763  -42.938  18.237  11.274 0.0000000000
109482  -43.529  17.889  11.462 0.0000000000
88764  -43.682  18.414  11.188 0.0000000000
122451  -44.143  18.153  11.374 0.0000000000
93525  -39.550  26.536  6.016 0.0000000000
92912  -42.795  25.785  0.751 0.0000000000
93586  -42.042  26.085  0.817 0.0000000000
92903  -42.431  25.482  1.458 0.0000000000
125466  -42.462  25.392  3.093 0.0000000000
92263  -44.482  24.741  5.258 0.0000000000
92870  -44.142  25.170  5.194 0.0000000000
92863  -43.945  25.039  5.495 0.0000000000
92857  -43.707  25.041  5.651 0.0000000000
92856  -43.253  25.119  5.820 0.0000000000
92855  -42.406  25.246  6.017 0.0000000000
92259  -42.791  24.866  6.079 0.0000000000
91063  -41.907  22.715  6.690 0.0000000000
91064  -42.774  23.002  6.288 0.0000000000
90493  -43.487  22.182  6.477 0.0000000000
90486  -44.002  21.321  6.902 0.0000000000
89928  -46.937  20.957  7.514 0.0000000000
89906  -46.936  20.134  8.977 0.0000000000
89374  -47.498  19.659  9.516 0.0000000000
89363  -48.354  19.037  9.719 0.0000000000
88784  -48.426  18.400  10.192 0.0000000000
110435  -48.075  17.210  10.621 0.0000000000
109794  -48.435  18.113  10.042 0.0000000000
88190  -47.767  17.837  9.922 0.0000000000
122770  -44.720  18.486  7.858 0.0000000000
88790  -44.785  18.036  8.432 0.0000000000
88200  -44.112  18.008  7.882 0.0000000000
88194  -43.282  17.030  8.645 0.0000000000
87603  -41.945  16.638  8.165 0.0000000000
89981  -43.377  20.962  3.789 0.0000000000
89959  -42.609  20.629  4.832 0.0000000000
89938  -42.161  20.263  5.359 0.0000000000
88823  -39.137  18.977  6.086 0.0000000000
88824  -40.103  19.052  6.266 0.0000000000
88803  -39.596  18.420  6.747 0.0000000000
88213  -40.099  17.838  7.184 0.0000000000
121350  -40.217  17.310  7.490 0.0000000000
87617  -39.749  17.064  7.383 0.0000000000
86362  -38.460  14.969  6.966 0.0000000000
94228  -47.347  27.601  -0.857 0.0000000000
93599  -47.378  27.033  -0.866 0.0000000000
93609  -47.645  26.599  -1.159 0.0000000000
92938  -48.677  24.635  -2.196 0.0000000000
127251  -48.180  23.804  -3.544 0.0000000000
91725  -48.652  23.498  -3.280 0.0000000000
91703  -48.924  23.193  -2.785 0.0000000000
90580  -48.585  21.459  -3.269 0.0000000000
90026  -48.083  20.482  -3.267 0.0000000000
90020  -46.882  20.636  -2.341 0.0000000000
121844  -45.691  20.979  -2.141 0.0000000000
90592  -45.755  20.794  -3.181 0.0000000000
90591  -44.714  20.998  -3.223 0.0000000000
83298  -40.035  10.945  10.599 0.0000000000
84057  -39.574  11.717  10.377 0.0000000000
85628  -38.775  13.558  10.560 0.0000000000
85629  -39.677  13.365  10.494 0.0000000000
85630  -40.558  13.221  10.557 0.0000000000
85614  -40.913  13.915  11.014 0.0000000000
97455  -35.361  33.430  5.775 0.0000000000
97461  -35.714  33.137  4.371 0.0000000000
97477  -35.516  32.760  2.804 0.0000000000
95883  -41.607  30.780  -1.350 0.0000000000
95906  -42.635  30.381  -3.639 0.0000000000
95923  -43.543  30.093  -4.249 0.0000000000
95924  -44.600  29.833  -4.781 0.0000000000
95944  -44.882  30.191  -5.688 0.0000000000
111874  -39.518  20.377  8.364 0.0000000000
89379  -39.974  19.772  8.850 0.0000000000
89380  -40.920  19.763  8.862 0.0000000000
89381  -41.862  19.763  8.802 0.0000000000
92277  -45.097  24.097  4.307 0.0000000000
91666  -46.494  22.976  4.244 0.0000000000
91656  -45.878  23.592  4.844 0.0000000000
92269  -45.159  24.180  5.130 0.0000000000
91066  -45.442  23.198  5.572 0.0000000000
91067  -46.328  22.768  5.777 0.0000000000
90496  -47.103  22.209  6.209 0.0000000000
91070  -48.011  22.263  5.817 0.0000000000
90497  -47.827  21.894  6.275 0.0000000000
90489  -47.441  21.411  6.748 0.0000000000
89929  -47.472  20.704  7.298 0.0000000000
89386  -47.361  19.579  8.262 0.0000000000
89400  -46.323  19.807  6.636 0.0000000000
89390  -45.130  19.018  7.434 0.0000000000
88806  -43.660  18.859  6.917 0.0000000000
89978  -40.769  21.279  3.918 0.0000000000
88211  -38.193  17.671  6.541 0.0000000000
95342  -41.799  29.430  0.812 0.0000000000
94800  -40.880  28.498  0.621 0.0000000000
112375  -42.515  26.843  0.317 0.0000000000
94215  -43.438  27.565  0.037 0.0000000000
93587  -43.208  26.384  0.185 0.0000000000
92913  -43.544  25.535  0.529 0.0000000000
114721  -44.266  24.607  0.831 0.0000000000
93598  -46.612  26.587  -0.746 0.0000000000
92924  -45.763  25.740  -0.732 0.0000000000
92308  -46.584  24.508  -0.863 0.0000000000
92300  -44.617  24.740  0.159 0.0000000000
91098  -47.201  21.482  2.471 0.0000000000
90529  -47.599  20.841  2.747 0.0000000000
125775  -47.498  20.780  2.737 0.0000000000
111933  -46.296  20.839  3.779 0.0000000000
89983  -46.622  20.820  2.851 0.0000000000
121144  -44.658  21.069  3.133 0.0000000000
90540  -45.577  21.142  1.849 0.0000000000
90527  -44.648  21.271  2.486 0.0000000000
90515  -43.781  21.238  3.118 0.0000000000
106762  -43.126  21.913  0.894 0.0000000000
83299  -40.843  10.923  10.691 0.0000000000
83289  -41.474  10.560  11.258 0.0000000000
83290  -42.591  10.742  11.560 0.0000000000
84045  -42.537  11.685  11.129 0.0000000000
83291  -43.886  10.489  12.550 0.0000000000
114466  -45.270  10.590  12.472 0.0000000000
84048  -45.463  11.355  12.379 0.0000000000
84806  -46.321  12.294  12.434 0.0000000000
85618  -45.346  12.740  12.200 0.0000000000
127728  -46.695  12.806  12.376 0.0000000000
85607  -47.597  13.883  12.140 0.0000000000
107903  -38.396  33.088  6.412 0.0000000000
97457  -38.049  33.257  5.573 0.0000000000
96943  -38.422  33.005  5.369 0.0000000000
96942  -38.354  32.831  5.222 0.0000000000
96397  -37.453  31.970  3.871 0.0000000000
96401  -36.651  31.391  3.249 0.0000000000
96404  -36.942  31.005  2.751 0.0000000000
125325  -37.281  30.659  2.377 0.0000000000
96406  -38.634  31.820  2.468 0.0000000000
95864  -38.818  30.557  1.721 0.0000000000
95333  -39.394  30.133  1.362 0.0000000000
96952  -37.210  32.516  2.187 0.0000000000
96409  -40.484  31.886  1.596 0.0000000000
124593  -41.057  30.625  1.147 0.0000000000
127545  -41.425  30.027  0.917 0.0000000000
118256  -43.517  29.545  0.516 0.0000000000
95871  -43.211  30.879  0.863 0.0000000000
95344  -43.682  30.171  0.537 0.0000000000
95345  -44.321  29.763  0.329 0.0000000000
94814  -45.095  29.369  0.154 0.0000000000
94825  -46.325  29.188  -0.092 0.0000000000
95884  -42.179  30.563  -1.437 0.0000000000
114838  -44.624  29.930  -1.616 0.0000000000
95886  -44.794  30.067  -0.576 0.0000000000
95878  -45.677  29.803  -0.270 0.0000000000
95354  -46.354  29.377  -0.220 0.0000000000
94241  -47.077  28.512  -0.544 0.0000000000
94266  -44.510  26.924  -4.385 0.0000000000
94875  -46.518  28.690  -6.495 0.0000000000
86964  -38.667  15.887  11.440 0.0000000000
87581  -38.259  16.723  11.467 0.0000000000
86965  -39.611  15.708  11.410 0.0000000000
118877  -40.591  15.394  11.423 0.0000000000
86966  -41.553  15.428  11.495 0.0000000000
89355  -38.537  19.013  10.255 0.0000000000
121748  -38.944  18.665  10.628 0.0000000000
122678  -39.766  18.145  11.189 0.0000000000
88777  -40.414  18.460  10.985 0.0000000000
88760  -40.303  17.831  11.376 0.0000000000
87584  -40.933  16.919  11.610 0.0000000000
86967  -42.376  15.446  11.539 0.0000000000
86968  -42.623  16.102  11.633 0.0000000000
86947  -43.229  15.565  11.608 0.0000000000
108284  -44.696  15.930  11.841 0.0000000000
86949  -45.591  15.580  11.883 0.0000000000
86950  -47.052  15.696  12.110 0.0000000000
108698  -48.387  14.915  12.063 0.0000000000
121697  -37.558  25.245  6.812 0.0000000000
92251  -38.725  24.402  7.387 0.0000000000
93574  -39.823  26.794  1.380 0.0000000000
93576  -41.133  26.155  1.130 0.0000000000
93575  -40.394  26.182  1.464 0.0000000000
112284  -43.593  25.448  4.748 0.0000000000
92880  -42.246  25.490  4.006 0.0000000000
93542  -39.936  26.169  5.014 0.0000000000
93526  -40.328  26.445  5.942 0.0000000000
124290  -39.988  26.296  6.154 0.0000000000
92854  -41.453  25.814  6.058 0.0000000000
92853  -40.046  25.583  6.475 0.0000000000
92252  -39.528  24.193  7.371 0.0000000000
91639  -39.763  23.360  7.635 0.0000000000
91061  -40.457  22.764  7.406 0.0000000000
90491  -41.812  21.965  6.984 0.0000000000
90483  -41.341  21.464  7.253 0.0000000000
89923  -41.723  20.821  7.577 0.0000000000
89913  -42.226  20.338  8.160 0.0000000000
89382  -42.760  19.856  8.763 0.0000000000
128160  -44.821  22.671  6.059 0.0000000000
90494  -44.488  21.996  6.438 0.0000000000
89927  -45.751  20.849  7.421 0.0000000000
89926  -44.561  20.746  7.362 0.0000000000
89383  -43.659  19.976  8.780 0.0000000000
112370  -44.597  19.334  10.249 0.0000000000
88765  -46.079  18.368  11.225 0.0000000000
88783  -46.745  18.889  10.682 0.0000000000
88766  -47.166  18.445  11.110 0.0000000000
88745  -46.614  17.826  11.509 0.0000000000
88161  -47.129  17.147  11.649 0.0000000000
87569  -48.438  16.455  11.655 0.0000000000
86314  -49.010  14.756  11.590 0.0000000000
86338  -49.151  14.668  11.110 0.0000000000
86984  -48.434  15.246  10.744 0.0000000000
86983  -47.615  15.450  10.645 0.0000000000
112759  -46.102  14.974  10.522 0.0000000000
86981  -45.246  15.246  10.266 0.0000000000
88188  -45.847  17.711  9.626 0.0000000000
86980  -44.533  15.674  9.809 0.0000000000
86341  -43.589  14.469  9.453 0.0000000000
86340  -42.884  14.455  9.207 0.0000000000
89962  -45.610  20.590  4.476 0.0000000000
89940  -44.002  20.284  5.226 0.0000000000
88805  -42.785  18.627  6.948 0.0000000000
89412  -41.659  19.682  5.884 0.0000000000
89396  -42.191  19.064  6.381 0.0000000000
110753  -40.428  16.700  7.670 0.0000000000
84819  -47.699  12.909  11.763 0.0000000000
86312  -47.601  14.882  12.189 0.0000000000
86313  -48.475  14.221  11.992 0.0000000000
86326  -49.145  14.359  11.174 0.0000000000
86327  -49.199  15.039  11.259 0.0000000000
86337  -49.071  14.159  10.923 0.0000000000
86345  -48.178  14.551  10.477 0.0000000000
86346  -48.817  14.523  10.769 0.0000000000
86951  -47.909  15.805  12.101 0.0000000000
86952  -48.638  15.506  11.922 0.0000000000
86976  -49.086  15.432  11.199 0.0000000000
86985  -48.931  15.083  10.921 0.0000000000
87570  -49.023  16.348  11.340 0.0000000000
87588  -49.093  16.598  11.166 0.0000000000
87589  -49.049  16.320  11.159 0.0000000000
88162  -48.040  17.206  11.470 0.0000000000
88177  -40.788  17.481  11.494 0.0000000000
88178  -41.403  17.462  11.555 0.0000000000
88182  -48.835  17.650  10.857 0.0000000000
88183  -49.121  17.037  11.106 0.0000000000
88767  -48.026  18.429  11.022 0.0000000000
89348  -48.365  18.916  10.151 0.0000000000
89362  -48.135  19.283  9.888 0.0000000000
89945  -48.190  21.587  5.703 0.0000000000
90021  -48.004  20.488  -2.257 0.0000000000
90025  -47.465  20.484  -3.113 0.0000000000
90034  -47.290  20.585  -3.957 0.0000000000
90498  -48.084  21.996  6.102 0.0000000000
90516  -48.301  21.459  4.294 0.0000000000
90593  -48.294  20.801  -3.492 0.0000000000
90599  -44.721  21.196  -3.839 0.0000000000
90601  -47.242  20.953  -4.428 0.0000000000
90602  -48.146  21.182  -4.078 0.0000000000
91082  -48.171  22.049  4.918 0.0000000000
91123  -48.498  21.916  -2.552 0.0000000000
91136  -48.843  22.416  -3.043 0.0000000000
91716  -49.017  23.123  -3.073 0.0000000000
92319  -48.766  24.125  -2.299 0.0000000000
92328  -48.485  24.467  -2.951 0.0000000000
92329  -48.827  23.863  -2.734 0.0000000000
92862  -43.467  25.313  5.614 0.0000000000
92936  -47.479  25.310  -1.128 0.0000000000
94826  -46.859  29.048  -0.248 0.0000000000
95364  -46.720  29.259  -0.556 0.0000000000
95893  -41.677  30.626  -2.283 0.0000000000
106984  -46.477  19.338  10.134 0.0000000000
107384  -46.517  15.238  12.033 0.0000000000
109662  -44.397  18.574  11.055 0.0000000000
111365  -47.950  22.305  4.755 0.0000000000
118083  -48.402  20.787  -2.688 0.0000000000
122521  -49.077  15.493  11.424 0.0000000000
122711  -47.669  16.581  11.807 0.0000000000
127553  -40.453  26.005  5.100 0.0000000000
127896  -44.530  18.953  10.722 0.0000000000
128717  -48.709  24.658  -1.928 0.0000000000
