#!ascii label  , from subject sub-031 vox2ras=TkReg
962
16590  38.413  -68.254  -34.148 0.3000000119
110661  35.109  -60.446  -36.385 0.6000000238
126095  32.663  -59.451  -34.747 0.6999999881
24266  31.996  -59.474  -34.392 0.6999999881
15701  37.915  -68.638  -34.509 0.4000000060
124558  37.764  -65.349  -38.593 0.4000000060
16576  37.997  -67.254  -34.079 0.5000000000
18442  38.514  -65.681  -33.445 0.5000000000
22306  35.531  -61.086  -36.749 0.6999999881
23320  34.313  -60.206  -36.079 0.6999999881
24301  34.866  -59.962  -36.075 0.5000000000
24264  33.971  -60.042  -34.093 0.6000000238
24280  33.370  -59.552  -34.908 0.6000000238
24265  33.103  -59.857  -33.860 0.6999999881
24251  31.950  -60.036  -32.552 0.6999999881
15712  37.363  -68.396  -35.368 0.5000000000
18470  37.803  -65.847  -38.381 0.4000000060
16591  37.625  -67.794  -34.604 0.6000000238
19434  37.033  -64.974  -38.579 0.4000000060
21309  36.976  -63.242  -37.965 0.5000000000
18451  37.639  -65.780  -34.706 0.6000000238
20320  36.231  -63.175  -37.654 0.6000000238
22316  36.031  -61.735  -37.255 0.6000000238
18443  37.781  -65.685  -33.917 0.6000000238
125635  34.752  -59.738  -35.594 0.6000000238
24263  34.872  -60.086  -34.133 0.6000000238
23271  34.816  -61.024  -31.269 0.6999999881
23293  33.704  -60.431  -33.164 0.6999999881
23283  34.005  -60.857  -32.115 0.6999999881
23284  32.932  -60.372  -32.573 0.6999999881
112392  33.967  -61.106  -30.894 0.6999999881
122222  33.161  -60.753  -31.359 0.6999999881
23272  32.258  -60.385  -31.580 0.6999999881
23260  33.295  -60.916  -30.361 0.6999999881
123235  36.998  -68.427  -36.304 0.5000000000
17520  37.806  -66.713  -36.976 0.5000000000
17524  37.672  -66.518  -37.998 0.5000000000
19433  38.067  -64.731  -38.500 0.4000000060
17512  37.647  -66.315  -35.774 0.5000000000
21308  38.011  -63.239  -38.272 0.5000000000
22315  36.972  -61.654  -37.610 0.6000000238
20297  38.218  -63.468  -34.266 0.6000000238
19412  37.917  -64.401  -34.594 0.5000000000
21286  38.795  -63.110  -35.428 0.5000000000
24300  35.768  -60.094  -36.237 0.6999999881
24278  35.215  -59.738  -34.953 0.6000000238
23291  35.378  -60.445  -33.189 0.6000000238
23282  35.046  -60.790  -32.275 0.6000000238
23292  34.495  -60.537  -33.167 0.6000000238
24238  31.349  -59.932  -31.692 0.6999999881
23259  34.658  -61.074  -30.268 0.6000000238
23261  32.545  -60.595  -30.637 0.6999999881
24226  31.548  -59.928  -30.063 0.6999999881
113457  33.946  -61.107  -30.035 0.6999999881
19432  38.664  -64.505  -38.152 0.4000000060
18468  38.235  -65.921  -37.721 0.4000000060
123173  38.452  -62.594  -38.127 0.5000000000
21303  37.488  -62.449  -37.985 0.6000000238
18459  38.586  -65.231  -36.676 0.4000000060
23327  36.425  -60.963  -37.031 0.6000000238
19422  38.304  -64.608  -35.833 0.4000000060
20315  39.448  -63.934  -37.406 0.4000000060
20307  39.155  -63.768  -36.434 0.4000000060
21295  39.953  -62.461  -36.746 0.4000000060
24299  36.795  -59.945  -36.298 0.6999999881
24277  36.130  -59.648  -34.955 0.6000000238
110452  35.891  -60.024  -34.040 0.6000000238
23281  35.887  -60.567  -32.406 0.6000000238
129567  36.100  -60.296  -33.146 0.6000000238
23258  35.492  -60.858  -30.559 0.6000000238
127041  31.099  -59.668  -30.686 0.6999999881
24211  31.943  -59.723  -29.420 0.6999999881
23247  33.463  -60.701  -29.423 0.6000000238
24210  32.650  -60.243  -29.317 0.6000000238
19429  38.980  -64.584  -37.714 0.4000000060
21302  39.294  -62.389  -37.813 0.4000000060
23326  37.552  -60.896  -37.376 0.6999999881
21301  39.926  -62.502  -37.340 0.4000000060
24287  37.431  -59.523  -35.760 0.8000000119
21285  39.476  -62.405  -35.752 0.5000000000
24288  36.428  -59.700  -35.688 0.6999999881
123952  36.687  -59.733  -34.282 0.6000000238
23269  36.446  -60.456  -31.754 0.5000000000
23280  36.663  -60.218  -32.619 0.6000000238
24227  30.467  -59.064  -30.495 0.6999999881
24208  35.760  -60.264  -29.098 0.6000000238
23245  35.261  -60.767  -29.605 0.6000000238
25141  31.192  -58.182  -29.295 0.8000000119
23232  34.897  -60.444  -28.693 0.6000000238
23233  34.032  -60.442  -28.561 0.6000000238
22313  39.211  -61.523  -37.609 0.5000000000
22314  38.231  -61.710  -37.836 0.6000000238
22312  39.877  -61.734  -37.397 0.5000000000
23314  40.348  -59.923  -36.283 0.6999999881
114841  40.174  -61.157  -37.050 0.4000000060
24276  37.108  -59.390  -34.968 0.6999999881
24261  37.320  -59.516  -33.985 0.6999999881
24237  37.165  -59.981  -31.959 0.6000000238
24250  37.422  -59.598  -32.928 0.6000000238
117612  36.887  -60.225  -31.223 0.6000000238
122109  30.491  -57.875  -29.597 0.6000000238
23244  36.073  -60.516  -29.967 0.6000000238
25140  31.878  -58.917  -28.983 0.6999999881
24194  34.454  -59.776  -27.865 0.6999999881
24195  33.730  -59.900  -28.075 0.6999999881
119723  32.564  -59.548  -28.794 0.6999999881
23316  39.171  -60.215  -37.001 0.5000000000
24297  38.742  -59.622  -36.626 0.6000000238
23317  38.154  -60.213  -37.048 0.6000000238
116017  40.438  -57.897  -36.349 0.6999999881
23315  39.934  -60.292  -36.692 0.6000000238
24298  37.776  -59.795  -36.439 0.6999999881
25195  40.923  -57.717  -36.233 0.6999999881
24285  40.602  -59.276  -36.087 0.6999999881
25194  37.972  -59.006  -35.308 0.6999999881
25181  37.928  -58.995  -33.680 0.6999999881
24235  37.822  -59.339  -31.996 0.5000000000
25173  38.126  -58.888  -32.769 0.6000000238
27058  29.386  -56.474  -30.015 0.5000000000
24223  37.549  -59.230  -30.470 0.6000000238
24236  37.411  -59.645  -31.214 0.6000000238
27047  31.074  -56.794  -29.553 0.6000000238
27057  30.425  -56.231  -29.902 0.5000000000
24192  36.256  -59.364  -28.860 0.6000000238
24224  36.851  -59.998  -30.409 0.6000000238
26133  32.262  -57.935  -28.824 0.6000000238
27957  31.938  -55.607  -30.617 0.5000000000
25126  35.793  -59.057  -28.065 0.6999999881
24193  35.370  -59.777  -28.263 0.6999999881
25114  33.738  -58.514  -27.138 0.6999999881
25127  33.238  -58.693  -27.791 0.6999999881
27031  32.971  -57.164  -28.963 0.5000000000
25113  34.358  -58.851  -27.102 0.6999999881
26106  33.323  -57.909  -27.515 0.6000000238
24286  38.337  -59.226  -35.997 0.6000000238
25192  39.673  -57.996  -36.190 0.6999999881
25198  39.243  -58.915  -36.315 0.6000000238
27096  40.312  -56.527  -36.117 0.6999999881
25188  38.249  -58.500  -35.028 0.6999999881
126117  38.470  -58.385  -33.456 0.6999999881
25180  38.352  -58.464  -34.351 0.6999999881
25161  38.425  -58.639  -31.941 0.6000000238
27959  29.787  -55.585  -30.331 0.4000000060
25151  38.046  -59.001  -31.189 0.5000000000
27967  32.213  -55.102  -31.014 0.4000000060
25125  36.404  -58.508  -28.334 0.6000000238
25139  37.067  -58.530  -28.979 0.6000000238
27046  32.596  -57.061  -29.224 0.5000000000
27055  32.564  -56.037  -30.226 0.5000000000
26119  32.902  -57.963  -28.274 0.5000000000
27947  33.299  -55.788  -29.625 0.4000000060
120010  35.017  -58.556  -26.994 0.6000000238
25102  34.035  -58.198  -26.767 0.6999999881
27020  33.354  -57.028  -27.269 0.5000000000
26184  39.662  -57.175  -35.918 0.6000000238
26185  39.178  -57.757  -35.615 0.6999999881
25193  38.716  -58.446  -35.678 0.6999999881
28004  40.328  -55.814  -35.785 0.6999999881
27092  39.740  -56.516  -35.431 0.6999999881
26173  38.838  -57.858  -34.182 0.6000000238
26167  38.911  -57.762  -33.173 0.6000000238
128058  38.425  -58.159  -30.491 0.6000000238
128452  38.521  -58.235  -31.109 0.5000000000
124054  38.156  -58.612  -30.468 0.6000000238
125065  36.884  -58.119  -28.491 0.6000000238
25138  37.667  -58.672  -29.755 0.6000000238
27054  33.186  -55.698  -30.236 0.4000000060
27956  32.754  -55.417  -30.688 0.5000000000
28856  32.869  -54.781  -31.222 0.4000000060
25112  35.770  -58.354  -27.509 0.6000000238
28846  33.289  -55.096  -30.693 0.4000000060
25101  34.552  -58.097  -26.745 0.6000000238
27008  33.712  -56.851  -26.753 0.5000000000
117455  39.544  -56.650  -34.566 0.6999999881
26181  39.245  -57.289  -35.007 0.6000000238
27988  40.283  -54.935  -34.215 0.6999999881
27083  39.601  -56.380  -33.628 0.6000000238
26172  39.302  -57.207  -33.928 0.6000000238
28893  40.780  -54.211  -35.065 0.6999999881
26166  39.323  -57.091  -32.866 0.5000000000
26131  38.436  -57.284  -29.711 0.6000000238
26143  38.633  -57.612  -30.541 0.6000000238
129700  38.228  -57.673  -29.375 0.6000000238
26116  37.382  -57.774  -28.606 0.5000000000
26117  36.634  -57.683  -28.051 0.6000000238
25100  35.270  -57.845  -26.904 0.6000000238
27976  40.107  -55.302  -33.093 0.6999999881
126746  39.745  -55.869  -33.037 0.6999999881
27067  39.439  -56.346  -31.615 0.6000000238
27052  39.226  -56.196  -30.758 0.5000000000
27043  38.366  -56.354  -29.412 0.6000000238
27053  38.792  -56.732  -30.247 0.6000000238
27029  37.101  -56.166  -28.182 0.6000000238
27030  36.609  -56.761  -27.768 0.6000000238
27007  34.250  -56.670  -26.511 0.5000000000
23289  39.934  -60.060  -33.772 0.5000000000
23301  40.243  -60.055  -34.897 0.5000000000
25179  40.545  -58.777  -33.495 0.5000000000
119426  40.395  -59.441  -34.348 0.5000000000
25191  40.854  -58.586  -35.898 0.6999999881
26180  41.629  -57.097  -35.442 0.6999999881
25187  40.869  -58.683  -35.083 0.5000000000
25178  41.133  -57.816  -34.439 0.5000000000
25190  41.109  -57.787  -36.049 0.6999999881
26183  41.586  -57.062  -36.000 0.6999999881
127390  41.391  -56.002  -36.615 0.6999999881
116382  39.194  -67.688  -33.910 0.3000000119
121682  32.375  -59.834  -33.448 0.6999999881
24279  34.241  -59.683  -35.095 0.6000000238
23308  40.166  -60.738  -36.401 0.6000000238
23257  36.277  -60.556  -30.880 0.6000000238
24196  33.185  -59.428  -28.176 0.6999999881
25128  32.671  -58.763  -28.467 0.6999999881
26134  31.697  -57.368  -29.278 0.6000000238
24181  33.766  -59.291  -27.548 0.6999999881
27056  31.521  -56.178  -30.059 0.5000000000
27958  30.850  -55.538  -30.382 0.5000000000
26118  33.073  -57.176  -28.204 0.5000000000
129439  38.596  -58.294  -32.656 0.5000000000
27989  39.919  -55.669  -33.749 0.6999999881
27068  39.079  -57.067  -31.175 0.5000000000
121208  37.341  -57.007  -28.324 0.6000000238
26105  35.963  -57.358  -27.330 0.6000000238
27078  39.539  -56.382  -32.543 0.6000000238
26132  38.090  -57.252  -28.897 0.6000000238
27977  39.762  -55.668  -32.146 0.5000000000
27986  42.585  -54.409  -34.181 0.6000000238
30635  46.972  -51.954  -34.589 0.6000000238
32521  47.175  -50.873  -33.846 0.4000000060
29733  43.300  -52.708  -34.632 0.5000000000
27998  42.211  -54.882  -35.819 0.6000000238
19431  35.427  -64.260  -37.293 0.5000000000
31549  48.046  -51.153  -33.021 0.4000000060
21305  35.837  -62.558  -37.318 0.5000000000
21296  35.031  -62.342  -36.601 0.5000000000
28881  44.042  -53.357  -33.766 0.5000000000
31541  48.486  -51.011  -31.998 0.4000000060
21306  35.462  -62.687  -37.036 0.5000000000
21297  34.112  -61.066  -36.086 0.5000000000
31574  45.686  -51.590  -34.563 0.6000000238
116689  34.758  -61.564  -36.423 0.5000000000
29734  42.960  -53.494  -34.368 0.5000000000
27093  42.216  -55.791  -36.108 0.6000000238
31512  49.242  -51.200  -29.995 0.4000000060
31499  49.466  -51.433  -29.648 0.4000000060
32531  46.575  -51.148  -34.313 0.4000000060
21289  32.599  -61.549  -35.580 0.5000000000
30637  44.956  -51.892  -34.576 0.5000000000
22301  33.175  -60.661  -35.979 0.5000000000
22308  32.001  -60.417  -36.233 0.5000000000
29747  42.467  -53.365  -35.069 0.6000000238
28894  42.112  -54.173  -35.704 0.6000000238
27098  41.669  -56.121  -36.509 0.6000000238
24291  33.427  -59.562  -35.697 0.5000000000
23322  31.948  -59.603  -36.305 0.5000000000
22302  31.455  -61.402  -35.781 0.4000000060
29746  42.660  -52.737  -34.892 0.5000000000
30627  43.611  -52.061  -34.739 0.5000000000
30639  42.310  -52.966  -35.028 0.6000000238
29748  41.794  -53.241  -35.006 0.6000000238
28001  42.041  -54.988  -36.192 0.6000000238
29749  41.180  -53.646  -34.630 0.6000000238
28003  41.099  -55.307  -36.214 0.6000000238
32509  48.176  -50.819  -32.627 0.4000000060
130150  48.646  -50.841  -30.999 0.4000000060
24282  31.437  -59.381  -35.300 0.5000000000
23311  31.266  -59.626  -36.311 0.5000000000
129057  30.211  -61.584  -36.187 0.4000000060
24281  32.106  -59.243  -35.453 0.6000000238
22309  30.899  -60.913  -36.228 0.4000000060
31562  44.231  -51.361  -34.275 0.6000000238
30628  42.594  -51.932  -34.281 0.6000000238
111746  42.220  -52.640  -34.594 0.6000000238
29735  41.607  -53.074  -34.103 0.6000000238
32481  49.570  -51.287  -29.573 0.4000000060
24294  30.992  -59.519  -35.965 0.5000000000
23313  29.874  -61.007  -36.084 0.4000000060
22303  28.931  -61.710  -35.739 0.4000000060
113013  45.889  -50.453  -32.391 0.6000000238
124140  46.725  -50.390  -32.488 0.4000000060
31550  43.488  -51.131  -33.208 0.6000000238
32523  45.096  -51.069  -34.189 0.6000000238
31576  43.428  -51.695  -34.517 0.5000000000
31565  42.291  -51.780  -33.258 0.6000000238
31564  42.979  -51.446  -33.782 0.5000000000
29736  41.030  -53.706  -33.387 0.6000000238
31498  50.049  -51.667  -28.808 0.4000000060
32493  47.933  -50.449  -30.677 0.4000000060
115475  31.024  -59.804  -33.457 0.6000000238
24284  30.130  -60.251  -34.536 0.5000000000
23305  28.425  -61.565  -34.604 0.5000000000
22295  28.136  -62.269  -35.492 0.5000000000
32503  46.335  -50.396  -31.621 0.4000000060
32494  47.288  -50.333  -31.151 0.4000000060
32504  45.080  -50.721  -31.759 0.5000000000
31543  43.326  -51.249  -32.083 0.5000000000
31544  42.544  -51.484  -31.631 0.5000000000
30617  41.742  -52.224  -32.678 0.6000000238
29721  41.467  -52.922  -33.029 0.6000000238
28865  40.515  -54.551  -33.223 0.6000000238
32474  48.429  -50.311  -28.761 0.4000000060
32473  49.344  -50.798  -29.406 0.4000000060
32466  49.352  -50.693  -28.618 0.4000000060
32465  50.271  -51.385  -28.484 0.4000000060
111676  47.602  -50.165  -28.984 0.4000000060
124878  47.705  -50.310  -29.800 0.4000000060
24269  29.918  -60.103  -33.437 0.6000000238
23285  28.645  -60.423  -32.637 0.5000000000
23295  28.268  -61.126  -33.400 0.4000000060
32495  46.249  -50.421  -30.592 0.4000000060
32505  44.184  -50.897  -32.519 0.5000000000
31552  42.102  -51.779  -32.171 0.5000000000
30609  41.515  -52.182  -31.708 0.6000000238
28853  40.590  -54.092  -32.325 0.6000000238
28866  40.172  -54.871  -32.242 0.6000000238
122874  48.421  -50.410  -27.231 0.4000000060
110386  30.727  -59.641  -32.144 0.6000000238
24253  30.448  -59.799  -32.878 0.6000000238
127623  29.358  -60.266  -33.032 0.5000000000
23296  26.657  -61.271  -33.554 0.5000000000
120765  46.874  -50.280  -29.278 0.4000000060
32486  45.328  -50.704  -30.149 0.4000000060
32496  44.681  -50.945  -30.757 0.5000000000
108511  43.092  -51.276  -31.089 0.5000000000
30610  40.838  -52.677  -31.409 0.5000000000
32458  49.994  -51.080  -27.435 0.4000000060
24240  30.097  -59.514  -31.956 0.6000000238
24255  28.761  -59.797  -31.907 0.5000000000
117476  27.801  -59.956  -31.864 0.5000000000
31533  43.775  -51.275  -30.509 0.5000000000
31534  42.258  -51.437  -30.719 0.4000000060
30603  41.079  -51.890  -30.891 0.4000000060
29714  40.469  -53.529  -31.513 0.4000000060
28854  40.140  -54.314  -31.431 0.6000000238
130195  39.534  -55.741  -31.238 0.4000000060
32459  48.700  -50.493  -26.720 0.4000000060
110534  47.454  -50.317  -27.468 0.4000000060
32468  46.864  -50.346  -27.647 0.4000000060
25143  29.948  -57.909  -29.871 0.5000000000
24241  29.308  -59.392  -31.541 0.5000000000
24242  28.370  -59.191  -31.369 0.5000000000
130187  27.230  -59.550  -31.903 0.4000000060
31517  43.585  -51.506  -29.666 0.5000000000
118778  42.703  -51.596  -29.374 0.5000000000
31518  42.026  -51.407  -29.878 0.6000000238
30604  40.385  -52.166  -30.545 0.4000000060
29715  40.074  -53.753  -30.869 0.4000000060
27954  39.374  -55.358  -30.552 0.4000000060
31536  40.718  -51.609  -30.092 0.5000000000
25153  29.271  -57.930  -30.226 0.5000000000
25162  28.996  -58.622  -30.822 0.6000000238
26145  28.817  -57.243  -30.189 0.4000000060
28835  39.329  -53.815  -29.807 0.5000000000
27955  38.920  -55.838  -30.000 0.5000000000
31506  41.010  -51.446  -28.747 0.5000000000
31519  41.233  -51.410  -29.559 0.5000000000
30591  40.024  -51.857  -29.798 0.5000000000
121564  39.475  -53.088  -29.848 0.5000000000
32461  47.029  -50.391  -26.888 0.4000000060
27922  36.505  -55.984  -27.705 0.5000000000
27945  38.461  -55.478  -29.515 0.4000000060
28836  38.991  -54.802  -29.787 0.5000000000
31521  39.728  -51.765  -29.006 0.5000000000
31520  40.485  -51.560  -29.241 0.5000000000
123531  28.959  -55.747  -30.531 0.4000000060
27936  36.778  -55.263  -28.138 0.4000000060
28825  37.017  -54.300  -28.251 0.4000000060
27935  37.408  -55.645  -28.564 0.5000000000
28837  38.169  -54.771  -29.219 0.5000000000
29698  38.571  -53.767  -29.293 0.5000000000
111745  39.089  -53.143  -29.526 0.5000000000
30581  38.452  -52.087  -28.403 0.5000000000
29688  38.102  -53.098  -28.668 0.4000000060
109635  32.742  -59.347  -35.592 0.5000000000
24267  31.255  -59.690  -34.300 0.6000000238
108490  33.760  -60.323  -36.038 0.6000000238
24252  31.175  -59.765  -32.689 0.6000000238
20321  35.731  -63.506  -37.438 0.5000000000
26136  30.167  -57.474  -29.643 0.5000000000
27966  39.771  -55.073  -31.323 0.4000000060
23321  32.826  -59.924  -36.224 0.5000000000
24292  32.220  -59.256  -35.993 0.5000000000
23312  30.739  -60.100  -36.265 0.4000000060
123923  29.177  -61.925  -36.136 0.4000000060
32511  45.130  -50.593  -32.897 0.6000000238
23303  30.439  -60.218  -35.668 0.6000000238
23304  29.577  -60.929  -35.144 0.4000000060
32484  46.999  -50.280  -30.167 0.4000000060
24268  30.658  -59.995  -33.951 0.6000000238
23294  29.195  -60.630  -33.806 0.5000000000
125871  27.307  -62.186  -35.158 0.5000000000
21294  27.473  -62.961  -35.778 0.5000000000
22290  27.401  -61.542  -33.940 0.5000000000
24254  29.554  -59.872  -32.465 0.5000000000
31535  41.490  -51.524  -30.365 0.5000000000
23286  27.474  -60.790  -32.817 0.5000000000
117701  44.234  -51.449  -29.208 0.5000000000
25152  29.845  -58.474  -30.410 0.6000000238
28844  39.667  -54.394  -30.520 0.3000000119
29699  37.736  -54.044  -28.785 0.4000000060
14665  40.780  -69.857  -25.714 0.3000000119
14667  38.628  -69.330  -25.728 0.3000000119
14666  39.656  -69.652  -25.663 0.3000000119
16466  37.661  -67.304  -25.382 0.3000000119
15553  38.134  -68.329  -25.232 0.3000000119
15543  38.770  -68.151  -24.756 0.3000000119
17402  37.333  -66.452  -25.755 0.3000000119
17401  38.227  -66.435  -25.326 0.3000000119
17370  41.084  -66.728  -23.837 0.3000000119
17385  39.479  -66.755  -24.598 0.3000000119
18359  37.828  -65.749  -26.000 0.3000000119
17384  40.323  -66.624  -24.393 0.3000000119
18355  41.244  -65.338  -25.340 0.3000000119
17399  40.592  -65.871  -24.978 0.3000000119
18357  39.594  -65.499  -25.593 0.4000000060
18358  38.696  -65.583  -25.727 0.4000000060
18381  38.144  -65.086  -27.589 0.4000000060
130042  37.707  -65.315  -28.306 0.3000000119
19318  42.039  -64.640  -26.758 0.3000000119
18368  40.880  -64.945  -25.878 0.4000000060
19320  39.928  -64.711  -26.913 0.4000000060
18369  39.284  -65.054  -26.293 0.4000000060
18366  42.479  -64.811  -26.134 0.3000000119
19339  38.824  -64.644  -27.898 0.4000000060
19316  43.883  -64.706  -26.744 0.4000000060
19317  43.005  -64.739  -26.788 0.4000000060
127678  38.420  -64.934  -28.575 0.4000000060
18399  39.290  -65.055  -29.745 0.3000000119
19319  40.959  -64.670  -26.667 0.3000000119
19337  40.483  -64.407  -27.596 0.4000000060
19334  43.518  -64.598  -27.424 0.4000000060
19361  40.472  -64.320  -29.246 0.5000000000
19350  40.030  -64.319  -28.423 0.4000000060
18430  38.352  -64.637  -33.369 0.5000000000
19333  44.444  -64.426  -27.404 0.4000000060
19351  39.209  -64.540  -28.481 0.4000000060
16575  40.488  -67.580  -34.116 0.3000000119
18428  40.461  -65.382  -33.655 0.4000000060
17472  41.061  -66.605  -31.573 0.3000000119
19430  35.710  -64.491  -37.847 0.4000000060
18469  35.166  -65.123  -37.588 0.4000000060
22294  39.309  -61.700  -34.981 0.4000000060
115864  39.306  -61.238  -34.234 0.4000000060
21278  38.710  -62.490  -34.578 0.4000000060
19335  42.533  -64.485  -27.486 0.4000000060
19336  41.498  -64.411  -27.513 0.3000000119
118798  40.971  -64.197  -28.374 0.5000000000
22289  38.891  -61.902  -33.844 0.4000000060
20289  38.437  -63.680  -33.362 0.4000000060
129845  43.973  -64.508  -27.993 0.4000000060
18441  39.930  -66.063  -33.679 0.4000000060
20281  39.896  -63.724  -32.842 0.5000000000
19372  40.015  -64.730  -29.991 0.5000000000
18440  41.242  -66.267  -34.238 0.4000000060
130093  41.106  -67.386  -34.115 0.4000000060
18420  40.354  -65.820  -31.152 0.3000000119
17490  41.496  -67.053  -34.091 0.4000000060
19428  35.130  -63.904  -36.547 0.4000000060
23307  40.492  -60.047  -35.886 0.4000000060
19348  43.069  -64.339  -28.262 0.4000000060
19349  41.982  -64.193  -28.284 0.4000000060
21272  38.996  -62.173  -32.927 0.4000000060
21262  38.727  -62.968  -33.010 0.5000000000
115181  43.087  -64.147  -29.213 0.4000000060
115994  42.354  -64.059  -28.960 0.4000000060
117265  39.268  -62.868  -32.745 0.5000000000
19357  44.781  -64.324  -29.257 0.4000000060
111629  44.213  -64.286  -30.275 0.4000000060
19359  42.199  -64.216  -29.885 0.4000000060
129010  41.480  -64.253  -30.031 0.5000000000
19370  41.649  -64.481  -30.645 0.5000000000
22284  39.526  -61.488  -32.673 0.4000000060
118296  40.121  -63.079  -32.627 0.5000000000
117618  45.266  -64.293  -30.202 0.4000000060
19379  42.159  -64.964  -31.756 0.5000000000
20280  40.983  -63.864  -33.036 0.4000000060
116766  41.436  -65.661  -31.536 0.4000000060
18427  42.396  -66.159  -33.696 0.4000000060
126291  42.486  -65.811  -34.290 0.4000000060
19388  42.039  -64.681  -34.171 0.4000000060
23279  39.684  -60.612  -32.847 0.4000000060
24249  40.453  -59.349  -32.421 0.3000000119
110646  43.182  -64.234  -30.172 0.4000000060
109500  43.535  -64.340  -31.310 0.4000000060
22283  40.042  -61.136  -32.149 0.4000000060
22304  28.522  -62.603  -36.108 0.4000000060
125119  46.451  -62.916  -31.022 0.4000000060
20268  45.600  -64.135  -31.005 0.4000000060
19378  43.092  -64.665  -32.303 0.5000000000
18418  42.912  -65.504  -33.252 0.5000000000
22282  40.852  -61.808  -32.004 0.5000000000
21261  40.918  -62.967  -32.451 0.4000000060
20272  46.046  -63.517  -31.274 0.4000000060
20279  42.070  -63.808  -33.513 0.4000000060
18438  42.737  -65.252  -34.402 0.4000000060
26171  41.235  -57.171  -33.348 0.4000000060
23268  40.294  -60.160  -32.012 0.3000000119
19368  44.688  -64.296  -31.426 0.4000000060
129702  44.667  -64.246  -32.437 0.4000000060
23267  41.089  -60.191  -31.533 0.3000000119
20276  45.573  -63.208  -32.556 0.4000000060
20277  44.953  -63.523  -33.432 0.4000000060
19376  44.639  -64.125  -33.328 0.4000000060
19386  44.077  -64.541  -33.986 0.5000000000
22271  46.120  -61.980  -32.282 0.4000000060
21269  45.413  -62.008  -33.240 0.4000000060
21270  43.929  -63.391  -34.065 0.4000000060
21271  43.093  -63.625  -33.920 0.4000000060
21260  41.977  -62.813  -32.755 0.4000000060
121736  41.522  -56.929  -34.354 0.4000000060
20278  44.343  -63.895  -34.009 0.4000000060
15657  35.744  -68.720  -31.135 0.3000000119
17383  41.711  -66.104  -23.924 0.3000000119
18354  42.733  -65.084  -25.535 0.3000000119
19307  43.322  -64.846  -26.154 0.4000000060
19345  45.059  -64.093  -27.863 0.4000000060
110266  45.330  -64.141  -28.694 0.4000000060
20258  45.833  -63.831  -29.051 0.4000000060
21241  46.439  -63.207  -30.320 0.4000000060
25171  41.156  -58.160  -32.208 0.3000000119
113811  46.472  -62.171  -31.205 0.4000000060
27077  41.655  -56.722  -32.656 0.4000000060
26153  41.823  -58.023  -31.845 0.4000000060
24233  41.704  -59.522  -31.515 0.4000000060
23274  46.338  -60.551  -32.563 0.4000000060
125410  44.775  -62.220  -33.564 0.4000000060
21258  44.100  -62.471  -33.643 0.4000000060
126333  42.423  -60.862  -31.865 0.3000000119
22273  41.553  -61.034  -31.722 0.4000000060
23275  45.558  -60.486  -33.161 0.4000000060
19391  38.800  -64.232  -33.052 0.4000000060
27082  41.709  -56.365  -33.517 0.4000000060
15566  37.760  -68.920  -25.903 0.3000000119
15552  38.993  -68.969  -24.934 0.3000000119
15554  37.277  -68.038  -25.687 0.3000000119
14742  35.089  -69.180  -30.669 0.3000000119
15636  36.204  -68.187  -30.745 0.3000000119
124346  38.817  -66.812  -24.816 0.3000000119
18348  41.108  -66.001  -24.553 0.3000000119
115020  39.105  -66.134  -25.118 0.4000000060
18370  38.419  -65.279  -26.601 0.4000000060
18356  40.403  -65.435  -25.487 0.3000000119
18367  41.614  -64.796  -26.018 0.3000000119
116235  40.180  -64.971  -26.094 0.4000000060
19338  39.542  -64.475  -27.741 0.4000000060
18353  43.490  -64.941  -25.412 0.3000000119
19332  45.018  -64.020  -27.034 0.4000000060
18411  40.509  -65.020  -30.806 0.5000000000
17471  41.861  -66.710  -32.590 0.3000000119
19371  40.886  -64.413  -30.215 0.5000000000
19356  45.565  -64.167  -29.412 0.4000000060
19401  43.414  -64.906  -34.208 0.4000000060
21259  43.067  -62.528  -33.266 0.4000000060
28880  45.070  -53.917  -33.747 0.4000000060
28863  44.229  -54.336  -33.165 0.4000000060
29731  46.425  -53.438  -34.207 0.4000000060
30625  47.248  -52.280  -34.258 0.3000000119
110172  45.313  -53.244  -34.177 0.5000000000
28864  43.326  -54.194  -33.301 0.4000000060
27014  44.637  -56.082  -27.886 0.3000000119
27025  45.248  -56.272  -28.379 0.3000000119
30563  45.872  -53.200  -27.934 0.3000000119
30577  46.823  -52.158  -29.434 0.3000000119
31501  48.141  -51.710  -29.752 0.3000000119
31530  48.803  -50.957  -31.071 0.3000000119
27933  45.319  -55.474  -27.906 0.3000000119
29676  45.533  -53.895  -27.181 0.3000000119
29675  46.170  -52.913  -26.929 0.3000000119
27015  43.749  -56.016  -27.850 0.3000000119
27919  44.407  -55.696  -27.260 0.3000000119
30576  47.481  -52.091  -28.874 0.3000000119
30561  49.773  -52.041  -28.872 0.3000000119
28803  45.377  -54.733  -26.758 0.3000000119
30543  46.907  -52.671  -26.245 0.3000000119
113269  46.867  -52.507  -27.916 0.3000000119
119340  45.594  -54.696  -25.328 0.3000000119
29651  45.757  -53.854  -25.624 0.3000000119
124799  47.314  -52.972  -24.948 0.3000000119
29640  45.973  -53.957  -24.850 0.3000000119
29638  47.739  -53.411  -24.458 0.3000000119
27903  44.724  -55.476  -26.608 0.3000000119
30542  48.031  -52.500  -26.673 0.3000000119
30541  49.369  -52.616  -27.367 0.3000000119
30559  51.049  -52.282  -28.135 0.3000000119
28778  45.728  -54.867  -24.584 0.3000000119
30525  47.562  -52.717  -25.692 0.3000000119
29661  50.934  -53.335  -27.094 0.3000000119
29623  47.197  -53.985  -23.771 0.3000000119
29637  48.939  -53.607  -24.798 0.3000000119
28777  49.588  -54.471  -24.302 0.3000000119
31466  51.009  -51.741  -28.080 0.3000000119
30539  51.167  -52.840  -27.413 0.3000000119
31465  51.240  -52.383  -27.521 0.3000000119
32442  49.391  -50.842  -26.250 0.3000000119
32460  47.806  -50.361  -26.878 0.3000000119
32428  48.692  -50.555  -25.014 0.3000000119
32443  48.456  -50.419  -25.811 0.3000000119
32444  47.869  -50.322  -26.000 0.3000000119
30615  47.101  -52.547  -33.530 0.3000000119
128846  46.169  -53.259  -34.407 0.4000000060
31514  48.731  -51.409  -30.460 0.3000000119
124017  50.187  -52.452  -28.305 0.3000000119
27985  45.526  -54.664  -33.474 0.5000000000
27918  45.058  -55.351  -27.168 0.3000000119
108250  47.403  -52.458  -27.247 0.3000000119
125540  46.497  -52.529  -28.562 0.3000000119
30589  46.841  -52.043  -30.337 0.3000000119
31542  48.190  -51.305  -32.101 0.3000000119
29663  45.614  -53.835  -26.402 0.3000000119
27902  45.187  -55.231  -26.370 0.3000000119
108368  48.833  -52.392  -27.878 0.3000000119
29650  46.530  -53.158  -25.356 0.3000000119
28756  48.902  -54.768  -23.211 0.3000000119
28755  50.285  -55.286  -23.796 0.3000000119
30524  48.725  -52.722  -26.255 0.3000000119
114745  46.787  -54.811  -23.343 0.3000000119
29636  50.348  -54.295  -25.460 0.3000000119
24232  42.627  -59.667  -31.674 0.3000000119
24231  43.458  -59.913  -32.167 0.4000000060
25168  46.352  -58.514  -33.173 0.4000000060
25169  45.526  -58.700  -33.253 0.4000000060
25159  42.435  -58.748  -31.673 0.3000000119
26160  46.398  -57.564  -33.269 0.4000000060
117378  43.585  -58.333  -32.084 0.4000000060
26161  45.467  -57.052  -33.301 0.4000000060
27072  46.626  -56.855  -33.019 0.3000000119
26151  43.609  -57.388  -31.953 0.3000000119
112529  44.368  -56.929  -32.315 0.4000000060
27073  46.085  -56.592  -33.590 0.4000000060
27973  43.526  -55.483  -32.321 0.3000000119
27074  44.520  -56.113  -32.465 0.4000000060
117726  45.948  -55.060  -33.483 0.4000000060
27066  42.786  -57.039  -31.845 0.3000000119
110569  42.716  -55.802  -32.275 0.3000000119
27975  42.095  -55.904  -32.728 0.3000000119
26163  42.010  -57.222  -32.016 0.3000000119
126097  45.570  -56.178  -33.321 0.4000000060
26162  44.733  -57.901  -32.677 0.4000000060
19306  44.114  -64.708  -26.028 0.3000000119
22281  44.309  -61.462  -33.275 0.3000000119
19286  46.601  -64.088  -23.550 0.3000000119
19287  45.705  -64.450  -23.920 0.3000000119
19297  45.290  -64.265  -24.849 0.3000000119
19315  44.616  -64.361  -26.541 0.3000000119
24248  44.318  -59.798  -32.717 0.3000000119
22280  45.086  -61.313  -33.405 0.3000000119
21144  46.516  -62.920  -23.727 0.3000000119
19304  45.507  -63.775  -25.263 0.3000000119
19296  46.147  -63.800  -24.365 0.3000000119
19314  45.161  -63.873  -26.165 0.3000000119
20240  45.245  -63.649  -27.464 0.3000000119
24247  45.370  -59.644  -33.224 0.3000000119
21129  45.660  -62.596  -22.846 0.3000000119
21163  46.091  -62.856  -24.333 0.3000000119
21145  45.995  -62.584  -23.677 0.3000000119
20220  45.501  -63.355  -25.710 0.3000000119
20215  45.904  -63.320  -24.790 0.3000000119
21181  45.279  -63.082  -27.108 0.3000000119
113317  45.377  -62.433  -24.436 0.3000000119
21164  44.941  -62.105  -25.209 0.3000000119
21171  45.404  -62.847  -26.241 0.3000000119
21172  45.130  -62.233  -25.976 0.3000000119
21213  45.618  -63.207  -28.538 0.3000000119
21227  46.130  -63.300  -29.449 0.3000000119
120659  46.446  -62.596  -30.521 0.3000000119
21146  45.013  -62.395  -23.661 0.3000000119
21196  45.194  -62.844  -27.687 0.3000000119
21182  45.050  -62.552  -26.810 0.3000000119
21228  45.637  -62.568  -29.126 0.3000000119
114995  46.127  -59.202  -33.200 0.3000000119
22181  44.195  -61.841  -25.220 0.3000000119
22182  43.441  -61.726  -24.928 0.3000000119
22200  44.456  -61.856  -25.842 0.3000000119
22213  44.576  -62.045  -26.618 0.3000000119
22237  45.001  -62.484  -28.373 0.3000000119
22249  46.240  -62.629  -29.865 0.3000000119
129168  46.505  -61.664  -31.593 0.3000000119
24246  46.197  -59.836  -32.906 0.3000000119
25167  47.267  -58.417  -32.371 0.3000000119
23278  43.258  -61.100  -32.455 0.3000000119
22214  43.755  -61.700  -26.456 0.3000000119
118038  44.190  -61.932  -28.185 0.3000000119
22250  45.549  -61.978  -29.769 0.3000000119
22262  46.707  -61.208  -31.082 0.3000000119
19305  44.878  -64.265  -25.717 0.3000000119
19295  46.641  -63.572  -23.682 0.3000000119
14657  39.998  -69.316  -24.797 0.3000000119
15737  36.737  -67.517  -38.110 0.5000000000
16452  39.070  -67.532  -24.538 0.3000000119
16453  38.405  -67.422  -24.946 0.3000000119
16467  36.910  -67.198  -25.819 0.3000000119
16619  37.310  -67.210  -37.562 0.5000000000
17400  39.935  -66.060  -25.054 0.3000000119
17416  36.721  -66.507  -26.295 0.3000000119
17481  41.890  -66.922  -33.593 0.4000000060
17491  40.770  -66.906  -34.151 0.4000000060
17492  39.471  -66.781  -33.742 0.4000000060
17493  38.324  -66.548  -33.790 0.5000000000
17494  37.779  -66.384  -34.202 0.6000000238
17501  37.569  -66.789  -34.784 0.6000000238
18371  37.586  -65.560  -26.856 0.4000000060
18419  42.266  -65.880  -32.619 0.4000000060
18426  43.009  -65.536  -34.145 0.4000000060
18429  39.162  -65.067  -33.158 0.4000000060
18439  42.029  -66.342  -34.216 0.4000000060
18460  37.897  -65.463  -35.772 0.4000000060
18464  38.731  -65.283  -37.437 0.4000000060
18465  38.268  -65.869  -36.847 0.4000000060
18467  38.425  -65.214  -38.170 0.4000000060
18471  37.123  -65.747  -38.682 0.4000000060
18473  35.482  -65.244  -38.116 0.4000000060
19321  39.000  -64.796  -27.160 0.4000000060
19346  44.650  -64.296  -28.283 0.4000000060
19347  43.927  -64.271  -28.702 0.4000000060
19358  43.832  -64.202  -29.492 0.4000000060
19360  41.446  -64.101  -29.293 0.4000000060
19362  39.635  -64.572  -29.166 0.4000000060
19369  42.546  -64.447  -30.989 0.4000000060
19377  44.087  -64.486  -32.731 0.4000000060
19380  41.226  -64.771  -31.031 0.5000000000
19387  43.622  -65.077  -33.756 0.5000000000
19389  40.852  -64.660  -33.513 0.4000000060
19390  39.607  -64.422  -33.059 0.5000000000
19400  43.755  -64.249  -34.249 0.4000000060
19402  41.845  -65.549  -34.360 0.4000000060
19403  37.835  -65.022  -33.695 0.6000000238
19413  37.589  -65.019  -34.130 0.6000000238
19423  37.727  -65.042  -34.926 0.5000000000
19427  39.111  -64.665  -36.990 0.4000000060
20214  46.443  -63.270  -24.035 0.3000000119
20227  45.275  -63.484  -26.629 0.3000000119
20251  45.406  -63.733  -28.269 0.3000000119
20267  46.053  -63.927  -30.048 0.4000000060
20273  45.233  -63.915  -32.246 0.4000000060
20282  38.943  -63.581  -32.888 0.4000000060
20287  44.582  -63.106  -33.868 0.4000000060
20288  42.994  -64.511  -34.386 0.4000000060
20290  37.906  -64.366  -33.804 0.6000000238
20306  39.576  -63.006  -36.388 0.4000000060
20314  39.799  -63.194  -37.078 0.4000000060
20316  35.312  -63.263  -36.834 0.4000000060
20318  39.506  -63.221  -37.655 0.4000000060
20319  39.099  -63.935  -37.951 0.4000000060
20322  38.453  -63.978  -38.262 0.4000000060
20323  37.490  -64.057  -38.294 0.4000000060
21165  44.307  -62.144  -24.487 0.3000000119
21195  45.337  -63.308  -27.823 0.3000000119
21249  46.153  -62.771  -31.860 0.4000000060
21256  45.692  -62.562  -32.736 0.4000000060
21257  45.208  -62.798  -33.445 0.4000000060
21273  38.546  -62.745  -33.552 0.4000000060
21293  28.359  -63.292  -36.152 0.4000000060
21304  36.523  -62.454  -37.639 0.6000000238
21307  38.929  -63.242  -38.128 0.5000000000
22201  43.571  -61.642  -25.655 0.3000000119
22224  44.670  -62.321  -27.492 0.3000000119
22226  43.026  -61.538  -27.163 0.3000000119
22263  46.291  -61.883  -30.440 0.3000000119
22272  42.605  -61.550  -32.357 0.3000000119
22274  40.667  -60.816  -31.744 0.5000000000
22278  46.499  -61.237  -32.013 0.3000000119
22279  45.794  -61.251  -32.937 0.4000000060
22288  39.257  -61.321  -33.333 0.5000000000
22300  39.969  -61.621  -36.267 0.5000000000
22305  40.176  -61.822  -37.024 0.4000000060
22307  34.721  -60.877  -36.375 0.5000000000
22310  30.463  -60.834  -36.199 0.4000000060
22311  29.756  -61.811  -36.196 0.4000000060
22317  35.349  -61.816  -36.852 0.5000000000
23246  34.400  -60.843  -29.388 0.6000000238
23248  32.780  -60.659  -29.913 0.6999999881
23262  31.774  -60.235  -30.754 0.6999999881
23264  46.977  -60.523  -31.537 0.3000000119
23265  42.913  -60.386  -31.947 0.3000000119
23266  41.998  -60.274  -31.530 0.4000000060
23270  35.669  -60.764  -31.512 0.6000000238
23276  44.842  -60.549  -33.248 0.3000000119
23277  43.893  -60.535  -32.656 0.3000000119
23290  39.594  -60.633  -34.005 0.4000000060
23302  39.871  -60.809  -35.310 0.4000000060
23309  33.479  -59.859  -36.015 0.6000000238
23310  32.732  -59.508  -36.065 0.5000000000
23318  37.141  -60.330  -36.852 0.6999999881
23319  35.787  -60.618  -36.602 0.6999999881
23323  31.185  -60.105  -36.428 0.5000000000
23324  39.627  -60.947  -37.279 0.5000000000
23325  38.658  -60.873  -37.413 0.6000000238
24180  35.117  -59.157  -27.487 0.6999999881
24207  36.935  -59.267  -29.706 0.6000000238
24209  33.236  -60.131  -28.642 0.6999999881
24212  31.140  -59.179  -29.705 0.6999999881
24225  32.139  -60.354  -29.976 0.6999999881
24228  29.873  -59.087  -31.109 0.6000000238
24234  40.881  -59.448  -31.777 0.3000000119
24239  30.590  -59.476  -31.389 0.6000000238
24256  26.944  -59.988  -32.311 0.4000000060
24260  40.115  -59.714  -33.039 0.5000000000
24262  36.724  -59.977  -33.506 0.6000000238
24275  40.638  -59.357  -35.539 0.6999999881
24283  30.814  -59.774  -35.053 0.5000000000
24289  35.490  -59.734  -35.657 0.6000000238
24290  34.131  -59.835  -35.845 0.6000000238
24293  31.627  -59.276  -36.006 0.5000000000
24295  40.267  -59.339  -36.363 0.6999999881
24296  39.624  -59.509  -36.575 0.5000000000
25137  38.284  -58.057  -29.896 0.6000000238
25142  30.483  -58.444  -29.819 0.6000000238
25160  41.452  -58.776  -31.721 0.4000000060
25170  44.533  -58.935  -32.721 0.4000000060
25172  40.727  -58.698  -32.342 0.3000000119
25186  41.232  -57.867  -35.669 0.6999999881
25189  37.819  -58.973  -34.584 0.6999999881
25196  40.644  -58.466  -36.182 0.6999999881
25197  40.053  -58.664  -36.443 0.6999999881
26097  34.755  -57.280  -26.642 0.6000000238
26098  34.098  -57.504  -26.626 0.5000000000
26099  33.704  -57.727  -26.894 0.6999999881
26135  30.767  -57.433  -29.472 0.6000000238
26144  29.582  -57.323  -29.821 0.5000000000
26152  42.682  -57.792  -31.832 0.3000000119
26154  39.380  -56.974  -32.011 0.6000000238
26155  39.032  -57.793  -31.995 0.5000000000
26164  41.351  -57.515  -32.489 0.4000000060
26165  40.807  -57.939  -32.993 0.3000000119
26182  38.676  -57.974  -35.028 0.6999999881
26186  41.334  -56.961  -36.243 0.6999999881
26187  40.293  -57.221  -36.247 0.6999999881
27019  35.377  -57.060  -26.898 0.6000000238
27044  37.783  -56.355  -28.681 0.6000000238
27045  33.002  -56.388  -29.626 0.5000000000
27048  30.179  -56.931  -29.607 0.5000000000
27075  43.416  -56.404  -31.959 0.3000000119
27076  42.359  -56.480  -32.145 0.3000000119
27090  42.334  -55.311  -35.091 0.6000000238
27091  42.066  -56.229  -35.014 0.4000000060
27094  41.930  -56.307  -36.274 0.6000000238
27095  40.958  -55.932  -36.549 0.6999999881
27097  42.052  -55.678  -36.337 0.6000000238
27099  40.980  -56.530  -36.448 0.6999999881
27887  44.754  -55.467  -25.785 0.3000000119
27934  45.086  -55.875  -27.767 0.3000000119
27937  33.117  -56.202  -27.881 0.5000000000
27946  37.922  -55.581  -29.044 0.5000000000
27971  46.674  -56.257  -32.678 0.3000000119
27972  44.666  -55.186  -32.783 0.4000000060
27974  42.748  -55.052  -32.829 0.3000000119
27983  46.192  -56.062  -33.483 0.4000000060
27984  45.895  -55.701  -33.526 0.4000000060
27987  42.231  -55.445  -33.731 0.4000000060
27999  40.502  -55.033  -35.372 0.6999999881
28000  39.905  -55.828  -34.692 0.6999999881
28002  41.671  -55.625  -36.461 0.6000000238
28758  46.331  -54.333  -24.095 0.3000000119
28776  50.814  -55.006  -24.960 0.3000000119
28792  45.505  -54.716  -26.038 0.3000000119
28813  45.334  -54.795  -27.470 0.3000000119
28824  37.443  -54.923  -28.737 0.4000000060
28847  31.278  -54.913  -30.848 0.5000000000
28878  46.045  -54.293  -33.781 0.4000000060
28879  46.000  -54.043  -34.038 0.5000000000
28882  40.697  -54.164  -34.154 0.6000000238
28891  42.363  -54.020  -35.207 0.6000000238
28892  41.539  -53.848  -35.394 0.6000000238
28895  41.951  -54.125  -35.753 0.6000000238
28896  41.440  -54.612  -35.874 0.6000000238
29622  48.303  -54.000  -23.813 0.3000000119
29639  46.757  -53.544  -24.528 0.3000000119
29649  49.756  -53.444  -26.106 0.3000000119
29662  46.137  -53.252  -26.083 0.3000000119
29708  40.191  -52.982  -30.801 0.4000000060
29709  39.769  -53.449  -30.296 0.5000000000
29722  41.033  -53.341  -32.265 0.6000000238
29732  45.709  -52.599  -34.565 0.5000000000
29745  44.469  -52.477  -34.376 0.5000000000
29755  42.173  -53.542  -35.310 0.6000000238
29756  41.976  -53.531  -35.419 0.6000000238
30511  48.240  -52.999  -25.273 0.3000000119
30523  49.959  -53.074  -27.089 0.3000000119
30540  50.739  -52.712  -27.870 0.3000000119
30560  50.739  -52.209  -28.485 0.3000000119
30562  48.152  -52.169  -28.361 0.3000000119
30592  39.438  -52.421  -29.453 0.5000000000
30593  38.754  -52.696  -29.077 0.5000000000
30601  46.932  -51.892  -31.280 0.3000000119
30605  39.854  -52.598  -30.128 0.5000000000
30614  47.629  -51.679  -33.712 0.4000000060
30618  41.350  -52.712  -32.176 0.6000000238
30626  46.612  -52.676  -34.498 0.4000000060
30636  46.163  -52.035  -34.708 0.6000000238
30638  42.810  -52.252  -34.873 0.5000000000
31447  50.633  -51.612  -27.023 0.3000000119
31483  50.869  -51.944  -28.478 0.3000000119
31500  48.854  -51.796  -29.407 0.3000000119
31513  49.082  -51.281  -30.296 0.4000000060
31515  47.727  -51.699  -30.186 0.3000000119
31529  49.113  -51.216  -30.697 0.4000000060
31531  48.062  -51.471  -30.970 0.3000000119
31532  44.463  -51.171  -29.920 0.5000000000
31540  49.050  -51.103  -31.440 0.4000000060
31545  41.806  -51.641  -31.211 0.5000000000
31551  42.734  -51.424  -32.700 0.5000000000
31560  47.631  -51.302  -33.709 0.4000000060
31561  47.146  -51.401  -34.279 0.4000000060
31563  43.680  -51.319  -34.016 0.5000000000
31573  46.446  -51.538  -34.558 0.6000000238
31575  44.954  -51.442  -34.401 0.6000000238
32467  48.272  -50.320  -27.807 0.4000000060
32472  49.835  -51.263  -29.124 0.4000000060
32475  46.841  -50.291  -28.449 0.4000000060
32482  49.281  -50.965  -30.051 0.4000000060
32483  48.515  -50.461  -29.569 0.4000000060
32497  44.010  -51.094  -31.429 0.5000000000
32501  48.335  -50.701  -31.660 0.4000000060
32502  47.530  -50.423  -32.141 0.4000000060
32510  47.461  -50.598  -33.015 0.4000000060
32512  44.384  -50.923  -33.667 0.6000000238
32520  47.903  -50.956  -33.315 0.4000000060
32522  46.069  -50.860  -34.090 0.4000000060
32532  45.807  -51.231  -34.424 0.4000000060
108066  41.951  -61.920  -32.350 0.4000000060
109076  45.577  -62.708  -25.244 0.3000000119
110375  47.293  -50.422  -26.236 0.4000000060
110716  39.848  -62.168  -32.411 0.5000000000
110741  41.816  -51.440  -29.076 0.6000000238
111173  47.528  -50.218  -28.178 0.4000000060
111777  31.623  -59.751  -33.451 0.6000000238
111802  42.899  -51.500  -30.215 0.5000000000
111949  43.496  -61.831  -33.031 0.4000000060
112931  36.351  -60.402  -36.605 0.6999999881
112981  41.974  -52.376  -33.704 0.6000000238
113144  32.174  -56.656  -29.651 0.5000000000
113506  44.178  -51.672  -34.477 0.6000000238
114991  37.920  -58.023  -29.146 0.6000000238
115345  46.902  -60.022  -32.131 0.3000000119
115350  49.215  -50.633  -27.719 0.4000000060
115913  45.755  -57.946  -33.331 0.4000000060
116044  42.031  -56.537  -35.993 0.6000000238
116393  46.830  -52.907  -34.198 0.4000000060
116893  45.353  -50.741  -33.692 0.6000000238
117295  48.572  -50.679  -30.323 0.4000000060
118925  43.504  -59.222  -32.117 0.4000000060
119475  45.506  -55.956  -28.262 0.3000000119
120482  36.412  -59.960  -29.583 0.6000000238
122681  38.410  -63.849  -35.286 0.5000000000
123178  37.387  -67.292  -35.675 0.5000000000
123414  38.981  -64.779  -29.103 0.3000000119
124576  40.797  -57.277  -36.301 0.6999999881
125411  42.043  -65.052  -25.587 0.3000000119
125505  47.021  -59.297  -32.399 0.3000000119
126050  45.475  -54.129  -27.827 0.3000000119
126297  42.123  -55.398  -36.270 0.6000000238
126361  40.180  -61.351  -36.805 0.4000000060
126548  45.326  -55.173  -25.748 0.3000000119
126573  46.278  -50.521  -33.264 0.6000000238
127060  47.426  -51.714  -34.169 0.3000000119
127898  32.557  -59.633  -34.098 0.6999999881
128068  38.801  -57.668  -31.208 0.5000000000
128476  49.008  -51.507  -30.005 0.4000000060
128495  45.516  -50.633  -30.941 0.4000000060
128513  43.586  -54.794  -32.705 0.4000000060
128681  35.451  -64.799  -37.720 0.4000000060
129076  41.687  -55.146  -36.275 0.6000000238
