#!ascii label  , from subject sub-031 vox2ras=TkReg
1754
4670  21.256  -82.885  -29.801 0.6999999881
4671  20.630  -82.721  -30.311 0.8000000119
118267  19.426  -81.638  -30.783 0.8000000119
5328  19.145  -81.223  -31.405 0.6999999881
3427  22.026  -83.881  -30.456 0.6000000238
4045  21.297  -83.405  -30.361 0.6000000238
4688  19.664  -82.115  -31.475 0.6000000238
3426  22.841  -84.012  -30.710 0.6000000238
110057  19.256  -80.913  -29.690 0.8000000119
5976  19.094  -80.908  -30.533 0.6999999881
6679  18.668  -79.467  -30.648 0.6999999881
6691  18.697  -79.261  -31.345 0.6999999881
4030  21.954  -83.282  -29.648 0.6000000238
5310  20.265  -82.091  -29.898 0.6999999881
6001  18.693  -79.859  -31.810 0.6999999881
4059  23.694  -83.877  -30.987 0.6000000238
4058  24.551  -83.683  -31.275 0.6000000238
3434  23.873  -84.024  -31.933 0.6000000238
126062  25.371  -84.143  -33.692 0.6000000238
3464  24.672  -84.288  -33.729 0.6000000238
6660  18.824  -79.758  -29.296 0.8000000119
109779  19.042  -77.842  -29.550 0.8000000119
8145  19.370  -77.154  -30.325 0.6999999881
8894  19.588  -76.210  -30.073 0.6999999881
9722  19.210  -75.461  -31.299 0.6999999881
5960  19.109  -80.490  -29.035 0.8000000119
7390  18.751  -78.885  -29.791 0.6999999881
8153  19.285  -77.406  -31.228 0.6999999881
5298  20.264  -81.700  -29.061 0.6999999881
5961  18.935  -80.336  -29.908 0.8000000119
7404  18.965  -78.093  -30.539 0.6999999881
4636  21.053  -82.044  -28.712 0.6999999881
4044  22.744  -83.589  -29.970 0.6999999881
4042  24.321  -83.474  -30.334 0.6000000238
4043  23.496  -83.628  -30.228 0.6000000238
4074  25.605  -83.730  -32.490 0.6000000238
4075  24.758  -83.871  -32.215 0.6000000238
4088  26.167  -83.937  -34.042 0.6000000238
129065  27.792  -84.410  -35.935 0.6999999881
3497  26.904  -84.652  -35.710 0.6000000238
2920  29.121  -85.774  -35.947 0.5000000000
125168  28.458  -85.104  -36.711 0.6000000238
113945  28.675  -86.310  -35.878 0.5000000000
120214  19.537  -76.811  -28.404 0.8999999762
8133  19.413  -76.958  -29.333 0.8000000119
9708  19.400  -75.373  -29.679 0.6999999881
6640  19.056  -79.889  -28.293 0.6999999881
7373  19.367  -78.309  -27.832 0.8999999762
9709  18.987  -74.923  -30.518 0.6999999881
5282  20.600  -81.530  -28.052 0.8000000119
5949  19.499  -80.568  -28.081 0.8000000119
120911  21.720  -82.243  -28.498 0.8000000119
4634  23.584  -82.446  -28.291 0.6999999881
4653  21.531  -82.599  -29.173 0.6999999881
4028  23.455  -83.324  -29.517 0.8000000119
4027  24.239  -83.209  -29.572 0.8000000119
4041  25.206  -83.344  -30.680 0.6999999881
4057  25.400  -83.560  -31.572 0.6999999881
4073  26.446  -83.466  -33.032 0.6000000238
4098  27.970  -83.697  -34.743 0.6999999881
3495  29.228  -85.048  -36.129 0.6999999881
125205  19.692  -77.341  -27.720 0.8999999762
120160  19.520  -75.536  -28.759 0.8000000119
10535  18.255  -74.296  -28.912 0.6999999881
6623  19.746  -79.634  -26.935 0.8000000119
115586  19.342  -79.276  -27.622 0.8000000119
121343  20.177  -81.025  -27.348 0.6999999881
4621  23.154  -82.006  -27.606 0.6999999881
4622  22.280  -82.021  -27.858 0.6000000238
114927  22.909  -82.446  -28.280 0.8000000119
4633  24.357  -82.387  -28.384 0.8000000119
4651  25.079  -83.053  -29.784 0.8000000119
4040  25.986  -83.214  -31.028 0.6999999881
4055  26.995  -83.000  -32.281 0.8000000119
4056  26.223  -83.394  -31.920 0.6999999881
4707  27.754  -82.507  -32.586 0.8000000119
4096  29.554  -84.147  -34.890 0.6999999881
4097  28.813  -83.757  -35.000 0.6999999881
4072  27.434  -83.042  -33.212 0.6999999881
3494  29.485  -84.830  -35.512 0.6999999881
3479  29.084  -84.362  -35.740 0.6999999881
10611  14.267  -74.724  -37.334 0.6000000238
11434  15.059  -74.579  -37.865 0.6000000238
11449  13.215  -74.121  -38.994 0.6000000238
12321  13.136  -72.796  -38.788 0.6999999881
8854  19.923  -76.023  -27.792 0.8999999762
10521  19.219  -74.390  -27.980 0.6999999881
126212  21.377  -80.925  -26.618 0.6000000238
5262  23.516  -81.476  -26.872 0.6000000238
5246  22.107  -80.920  -26.424 0.6000000238
4620  23.974  -81.945  -27.626 0.6999999881
5280  26.359  -81.363  -28.482 0.6999999881
4632  25.141  -82.282  -28.569 0.6999999881
13079  18.864  -71.927  -29.822 0.6999999881
13095  17.665  -71.839  -29.750 0.6999999881
4631  26.001  -82.214  -28.936 0.8000000119
115379  25.354  -82.627  -29.177 0.8000000119
13093  19.586  -72.201  -31.075 0.6000000238
119389  17.892  -71.969  -30.697 0.6000000238
12217  16.537  -72.416  -31.100 0.6999999881
4669  25.846  -82.970  -30.226 0.6999999881
13109  17.381  -72.189  -31.498 0.5000000000
12218  15.859  -72.799  -31.654 0.6999999881
4686  27.437  -82.427  -31.700 0.8000000119
4687  26.734  -82.951  -31.347 0.8000000119
13108  18.226  -72.042  -31.584 0.5000000000
13126  17.823  -72.141  -32.275 0.5000000000
4087  29.257  -83.372  -34.339 0.6999999881
111870  19.081  -71.855  -33.170 0.5000000000
13151  19.418  -71.920  -34.725 0.6000000238
12259  18.085  -72.435  -34.224 0.5000000000
118885  17.377  -72.512  -33.691 0.6000000238
12245  15.868  -72.938  -33.728 0.6999999881
11410  14.699  -73.972  -35.427 0.6999999881
108102  18.028  -72.671  -35.058 0.5000000000
12272  16.659  -73.222  -35.227 0.6000000238
11396  15.825  -73.453  -35.142 0.6000000238
11421  14.838  -74.328  -36.478 0.6000000238
13152  18.650  -72.307  -34.882 0.6000000238
11408  16.186  -73.895  -36.019 0.6000000238
12270  18.435  -72.730  -35.789 0.5000000000
12271  17.621  -73.196  -35.851 0.5000000000
11433  15.845  -74.199  -38.099 0.6000000238
110690  14.849  -73.571  -39.350 0.6000000238
12320  14.030  -73.095  -39.154 0.6999999881
120531  13.866  -71.478  -37.670 0.6000000238
13190  13.153  -71.642  -37.599 0.6999999881
11407  16.943  -73.735  -36.411 0.6000000238
11418  17.018  -73.884  -37.522 0.6000000238
11447  15.462  -73.993  -39.182 0.6000000238
13205  15.950  -72.379  -38.978 0.6999999881
114496  15.089  -70.913  -37.527 0.5000000000
114596  19.904  -74.712  -27.557 0.8999999762
5916  20.221  -79.953  -26.568 0.6000000238
6622  20.396  -79.334  -26.723 0.6999999881
10511  19.553  -73.873  -27.661 0.8000000119
10523  17.520  -73.893  -28.306 0.6999999881
11324  18.375  -73.242  -27.702 0.6999999881
12153  19.389  -72.807  -27.804 0.8000000119
5261  24.394  -81.379  -26.981 0.6999999881
115942  19.553  -72.187  -29.561 0.8000000119
13080  18.288  -71.811  -29.258 0.6000000238
12199  20.069  -72.322  -30.284 0.6999999881
112491  20.491  -72.306  -31.166 0.6000000238
5327  27.828  -81.800  -31.192 0.8000000119
5309  27.608  -81.722  -30.464 0.8000000119
5326  28.559  -81.386  -31.454 0.8000000119
12216  20.006  -72.053  -32.053 0.5000000000
4706  28.551  -82.227  -32.856 0.8000000119
13124  19.304  -71.916  -32.507 0.5000000000
12241  20.705  -71.757  -33.647 0.5000000000
13150  20.315  -71.669  -34.642 0.6000000238
13139  19.716  -71.766  -33.860 0.6000000238
123190  20.458  -71.668  -35.538 0.6000000238
13170  19.498  -72.102  -36.173 0.6000000238
129627  14.796  -69.998  -35.782 0.5000000000
12282  18.230  -73.343  -37.035 0.5000000000
13981  14.754  -70.438  -36.518 0.5000000000
113040  13.878  -70.523  -36.474 0.6000000238
12298  18.404  -73.336  -38.234 0.6000000238
11431  16.816  -73.551  -38.414 0.6999999881
13204  16.788  -72.383  -38.960 0.6999999881
13188  15.438  -71.504  -38.456 0.6999999881
12297  19.091  -73.232  -38.877 0.6000000238
14011  16.290  -71.455  -38.645 0.6000000238
115248  19.039  -73.013  -39.447 0.6999999881
13203  17.619  -72.518  -39.083 0.6000000238
14010  17.093  -71.496  -38.821 0.5000000000
8107  20.131  -77.387  -27.398 0.6999999881
120523  20.012  -76.655  -27.543 0.6999999881
9667  20.671  -75.093  -27.378 0.6999999881
10510  20.349  -74.136  -27.477 0.8000000119
126114  20.825  -73.495  -27.821 0.6999999881
12184  20.401  -72.504  -29.213 0.6999999881
12152  20.092  -72.691  -28.096 0.6999999881
16615  15.666  -67.393  -35.012 0.5000000000
12278  22.395  -72.262  -36.082 0.5000000000
13149  21.084  -71.669  -35.053 0.6000000238
15720  14.295  -68.320  -35.047 0.5000000000
12279  21.757  -71.796  -36.528 0.5000000000
126408  23.023  -72.757  -37.469 0.5000000000
113422  21.014  -71.800  -36.863 0.6000000238
12281  19.461  -72.572  -36.871 0.6000000238
115969  15.868  -70.744  -37.881 0.5000000000
12293  22.765  -72.361  -38.287 0.5000000000
13186  21.473  -72.095  -37.663 0.6000000238
12296  20.010  -73.046  -38.957 0.6000000238
12295  20.794  -72.632  -38.804 0.6000000238
112066  20.583  -76.637  -27.549 0.6999999881
8852  21.154  -75.849  -27.508 0.6999999881
10509  21.197  -74.462  -27.532 0.6999999881
126671  19.814  -72.359  -39.965 0.5000000000
11430  23.504  -73.026  -38.155 0.5000000000
13994  18.275  -70.588  -38.446 0.5000000000
12312  22.004  -72.008  -39.058 0.5000000000
12335  20.173  -72.741  -39.808 0.5000000000
12315  19.741  -73.037  -39.769 0.5000000000
13202  18.505  -72.599  -39.330 0.5000000000
14006  20.462  -70.876  -39.376 0.5000000000
14842  20.480  -69.245  -37.856 0.5000000000
126289  23.481  -70.954  -39.385 0.5000000000
14005  21.350  -70.558  -39.235 0.5000000000
14858  19.985  -70.178  -38.679 0.5000000000
109909  23.263  -71.879  -39.496 0.5000000000
14018  21.881  -71.201  -39.558 0.5000000000
14019  20.947  -71.529  -39.570 0.5000000000
12311  23.211  -72.290  -39.098 0.5000000000
13215  22.496  -71.546  -39.462 0.5000000000
14003  23.189  -70.350  -38.916 0.5000000000
17509  13.432  -66.181  -33.966 0.6000000238
16600  13.018  -66.770  -34.649 0.6000000238
18457  14.836  -65.517  -33.961 0.5000000000
17499  12.943  -66.239  -33.453 0.6999999881
17510  12.541  -66.367  -34.009 0.6000000238
15706  11.697  -67.359  -35.250 0.6000000238
16587  9.995  -67.508  -33.214 0.6999999881
16568  14.133  -66.245  -32.662 0.6000000238
116399  12.667  -66.388  -33.143 0.6999999881
17489  11.640  -66.682  -33.488 0.6999999881
16603  10.350  -67.451  -34.206 0.6999999881
16572  10.754  -67.512  -32.821 0.8000000119
16567  15.104  -66.361  -32.206 0.5000000000
18437  14.291  -65.520  -32.951 0.5000000000
16571  11.524  -67.194  -32.794 0.8000000119
16570  12.221  -67.154  -32.622 0.6000000238
13938  9.967  -70.247  -32.047 0.6999999881
17480  15.554  -65.995  -31.018 0.5000000000
109156  15.388  -64.573  -32.020 0.5000000000
14784  11.032  -68.945  -32.064 0.6999999881
15684  9.591  -68.380  -32.621 0.6999999881
15681  12.031  -67.852  -32.281 0.6999999881
16556  13.952  -67.493  -32.299 0.6999999881
13127  9.678  -71.265  -31.716 0.6999999881
14766  11.651  -69.651  -31.466 0.6999999881
16555  14.952  -67.252  -32.068 0.6000000238
15680  12.830  -67.696  -32.282 0.8000000119
16520  7.792  -67.834  -28.443 0.6999999881
14723  8.604  -69.357  -28.333 0.8000000119
18394  15.709  -65.925  -27.933 0.4000000060
13111  9.575  -72.015  -31.098 0.6999999881
17459  15.443  -66.063  -29.196 0.5000000000
13921  10.576  -70.870  -31.476 0.6999999881
16540  15.575  -67.031  -30.688 0.6000000238
15647  15.398  -67.866  -30.330 0.6000000238
15670  11.883  -68.760  -31.937 0.6999999881
15667  14.513  -68.136  -31.485 0.8000000119
14764  13.355  -69.226  -31.066 0.8000000119
20185  7.296  -64.361  -21.702 0.5000000000
20200  6.848  -64.083  -22.632 0.5000000000
20201  5.670  -64.141  -23.275 0.5000000000
19354  6.317  -64.524  -28.826 0.5000000000
18409  6.956  -65.471  -29.244 0.6000000238
19366  7.376  -64.768  -29.406 0.6000000238
19343  5.497  -64.479  -27.756 0.6000000238
111687  2.999  -63.560  -24.904 0.6000000238
16528  6.807  -66.303  -28.813 0.6999999881
18397  6.325  -65.495  -28.936 0.6999999881
123897  7.176  -67.182  -28.472 0.6999999881
17440  6.071  -66.510  -27.830 0.6999999881
13082  10.589  -71.726  -29.283 0.6999999881
13889  10.618  -71.077  -28.456 0.6999999881
111888  9.876  -70.541  -28.210 0.8000000119
16516  15.331  -66.741  -28.623 0.5000000000
13911  10.975  -71.139  -30.659 0.6999999881
15632  15.448  -67.150  -29.614 0.6000000238
13920  11.299  -70.462  -31.073 0.8000000119
14750  13.958  -69.292  -30.282 0.6999999881
13909  12.237  -70.295  -29.831 0.8000000119
14765  12.466  -69.425  -31.194 0.8000000119
21114  6.978  -63.347  -20.731 0.5000000000
21125  7.319  -63.205  -21.459 0.6000000238
21124  7.678  -62.553  -21.270 0.5000000000
21143  7.060  -63.026  -22.619 0.6000000238
20211  6.062  -63.157  -23.457 0.6000000238
20212  4.615  -62.957  -23.715 0.6000000238
22179  5.960  -62.399  -24.056 0.6000000238
21161  4.091  -62.088  -23.911 0.5000000000
110327  7.482  -63.898  -29.157 0.5000000000
20257  6.000  -64.154  -28.203 0.5000000000
19365  8.378  -64.526  -29.509 0.6000000238
20249  5.609  -63.759  -27.487 0.6000000238
20250  5.103  -64.161  -26.965 0.6999999881
21162  3.438  -62.605  -24.173 0.6000000238
18407  8.526  -65.396  -29.057 0.6000000238
17462  7.381  -65.995  -28.971 0.6999999881
17441  5.589  -65.709  -27.948 0.6999999881
18388  5.426  -65.048  -27.953 0.6999999881
19344  5.108  -64.777  -27.140 0.8000000119
20239  3.507  -63.647  -25.455 0.6999999881
17451  8.522  -66.822  -28.665 0.6999999881
16519  8.435  -67.638  -28.637 0.6999999881
123099  8.974  -67.414  -28.696 0.6999999881
15617  8.463  -68.446  -28.593 0.8000000119
14721  10.129  -69.588  -28.273 0.8000000119
15616  9.145  -68.957  -28.586 0.8000000119
16503  15.262  -67.806  -27.908 0.5000000000
15596  13.941  -69.464  -27.107 0.6000000238
13888  11.457  -70.635  -28.724 0.8000000119
117961  10.996  -70.236  -28.220 0.8000000119
15633  15.145  -68.284  -29.569 0.6000000238
14717  14.296  -69.356  -28.577 0.6999999881
13887  12.130  -70.241  -29.071 0.8000000119
14737  13.728  -69.565  -29.414 0.6999999881
14738  12.900  -69.910  -29.293 0.6999999881
14751  13.009  -69.771  -30.226 0.8000000119
21126  6.201  -62.414  -20.275 0.4000000060
113077  8.120  -62.232  -22.950 0.4000000060
110173  7.072  -62.373  -23.836 0.5000000000
22198  6.172  -62.183  -24.539 0.5000000000
20265  7.871  -64.137  -29.512 0.5000000000
21226  7.136  -63.189  -27.874 0.6000000238
21212  5.846  -62.987  -27.103 0.6000000238
21170  4.559  -62.006  -24.559 0.6000000238
120077  9.134  -64.767  -29.165 0.6000000238
20237  5.190  -63.363  -26.693 0.6999999881
20225  3.926  -62.915  -25.369 0.6999999881
18396  9.078  -65.624  -28.538 0.6000000238
15615  9.689  -68.484  -28.494 0.8000000119
15597  12.976  -69.275  -27.089 0.6999999881
14719  12.648  -69.803  -28.515 0.6999999881
14720  11.808  -69.963  -28.386 0.8000000119
14702  11.187  -69.461  -27.984 0.8000000119
14718  13.492  -69.670  -28.585 0.6999999881
22150  7.212  -61.390  -20.478 0.4000000060
22151  6.346  -61.643  -20.379 0.4000000060
111671  5.232  -61.452  -20.515 0.4000000060
22164  8.379  -62.206  -21.654 0.5000000000
22149  8.280  -61.590  -20.696 0.4000000060
22152  4.288  -61.454  -20.442 0.5000000000
22197  7.197  -62.028  -24.691 0.5000000000
22222  7.727  -61.767  -26.242 0.5000000000
21178  5.955  -62.210  -25.724 0.5000000000
22221  8.661  -61.472  -26.632 0.5000000000
21193  5.475  -62.631  -26.297 0.6999999881
17450  9.151  -66.718  -28.454 0.6000000238
15599  10.576  -68.713  -28.077 0.8000000119
15577  13.538  -69.076  -26.316 0.6000000238
118861  12.132  -68.941  -27.197 0.6000000238
16488  10.980  -67.784  -26.656 0.6999999881
114345  10.327  -67.456  -27.403 0.6999999881
14701  12.211  -69.350  -27.857 0.6999999881
23155  3.252  -60.742  -20.273 0.3000000119
22148  9.170  -61.607  -21.059 0.4000000060
23163  7.928  -60.784  -20.628 0.3000000119
23164  6.964  -60.501  -20.735 0.4000000060
23165  5.987  -60.707  -20.729 0.4000000060
122573  4.911  -60.651  -20.969 0.4000000060
23166  4.172  -60.379  -21.154 0.5000000000
22178  8.804  -61.962  -23.466 0.4000000060
24127  4.107  -59.641  -21.395 0.3000000119
109857  7.907  -62.140  -23.983 0.4000000060
22236  7.944  -61.888  -27.008 0.5000000000
22196  8.298  -61.785  -24.707 0.4000000060
22235  8.597  -61.711  -27.412 0.6000000238
113635  9.301  -61.708  -24.084 0.4000000060
22234  9.264  -61.433  -27.427 0.4000000060
22211  8.385  -61.528  -25.727 0.5000000000
16517  10.114  -67.938  -28.132 0.6999999881
15598  11.428  -68.808  -27.626 0.6999999881
118913  3.555  -61.183  -19.897 0.4000000060
24126  4.998  -59.898  -21.446 0.4000000060
25054  4.260  -58.858  -21.297 0.3000000119
22162  9.867  -61.437  -21.690 0.3000000119
22210  9.222  -61.457  -25.065 0.4000000060
23221  9.686  -61.120  -26.728 0.4000000060
23212  9.267  -61.250  -25.991 0.4000000060
24123  8.421  -60.203  -20.969 0.3000000119
24124  7.295  -59.960  -21.117 0.3000000119
24125  6.166  -59.827  -21.334 0.4000000060
24141  5.521  -59.063  -21.863 0.3000000119
24142  4.757  -59.189  -21.639 0.3000000119
24122  9.516  -60.335  -21.178 0.3000000119
22177  9.879  -61.623  -22.944 0.3000000119
23211  10.159  -61.141  -25.354 0.3000000119
22195  10.101  -61.381  -24.144 0.3000000119
117724  10.476  -60.786  -26.250 0.3000000119
24140  6.460  -59.081  -22.020 0.3000000119
25065  6.014  -58.348  -22.576 0.3000000119
24139  7.589  -59.363  -21.912 0.3000000119
25064  6.885  -58.500  -22.739 0.3000000119
23199  11.020  -60.768  -24.188 0.3000000119
122476  11.008  -60.704  -25.322 0.3000000119
23210  11.375  -60.296  -25.919 0.3000000119
24128  3.561  -59.282  -20.918 0.3000000119
24138  8.744  -59.508  -21.707 0.3000000119
124578  8.995  -58.929  -22.306 0.3000000119
23198  11.743  -60.198  -24.794 0.3000000119
12232  16.732  -72.483  -32.160 0.6000000238
12244  16.655  -72.643  -33.192 0.6999999881
11384  15.293  -73.252  -33.114 0.6999999881
11398  14.747  -73.732  -34.446 0.6999999881
22212  7.466  -61.825  -25.458 0.4000000060
21192  6.312  -62.450  -26.513 0.6000000238
25066  5.194  -58.542  -21.733 0.3000000119
4046  20.699  -83.347  -31.050 0.6999999881
125149  19.271  -77.604  -31.932 0.6999999881
4029  22.721  -83.228  -29.331 0.8000000119
4099  27.189  -84.089  -34.967 0.6000000238
110549  27.206  -83.540  -34.000 0.6999999881
5247  20.950  -81.259  -27.191 0.6000000238
10522  18.376  -74.055  -28.101 0.6999999881
4667  27.128  -82.330  -30.724 0.8000000119
126653  28.260  -83.297  -33.999 0.6999999881
4717  28.893  -82.720  -33.612 0.8000000119
13207  13.793  -72.179  -38.435 0.6999999881
12243  17.345  -72.358  -32.769 0.5000000000
11409  15.403  -73.934  -35.753 0.6000000238
13172  12.662  -71.212  -36.792 0.6000000238
12316  18.244  -73.219  -38.979 0.6999999881
12167  19.171  -72.424  -28.243 0.8000000119
12215  20.937  -72.307  -31.969 0.5000000000
12231  20.762  -71.977  -32.743 0.6000000238
13187  20.569  -72.404  -37.756 0.6000000238
13910  11.604  -70.754  -30.248 0.8000000119
1851  25.704  -88.219  -29.836 0.4000000060
1850  26.367  -87.839  -29.514 0.4000000060
2895  26.145  -86.010  -32.161 0.3000000119
1859  25.144  -87.356  -30.691 0.4000000060
1852  24.963  -88.553  -30.272 0.4000000060
3424  28.618  -84.376  -30.633 0.4000000060
3417  28.310  -84.281  -29.915 0.5000000000
3418  27.699  -84.848  -29.492 0.5000000000
3433  28.519  -84.740  -31.362 0.3000000119
2894  27.422  -85.032  -31.025 0.4000000060
2356  26.453  -86.740  -30.033 0.4000000060
110059  26.868  -85.472  -31.763 0.3000000119
2360  26.139  -86.079  -31.019 0.3000000119
2357  25.877  -87.117  -30.319 0.3000000119
2902  26.850  -85.900  -32.661 0.3000000119
3423  29.351  -84.518  -31.108 0.4000000060
4025  29.625  -83.611  -29.508 0.5000000000
3432  29.823  -84.819  -31.939 0.3000000119
108677  27.946  -85.235  -31.998 0.3000000119
2908  27.472  -86.266  -33.410 0.4000000060
124226  28.479  -85.656  -32.769 0.3000000119
2383  28.904  -86.212  -35.225 0.4000000060
2377  28.228  -86.385  -34.301 0.4000000060
2384  28.119  -86.638  -35.185 0.4000000060
3422  30.304  -84.482  -31.243 0.4000000060
4054  31.164  -84.264  -31.439 0.4000000060
3431  30.674  -84.534  -32.016 0.4000000060
3430  31.267  -84.169  -32.169 0.4000000060
4036  32.704  -83.145  -31.529 0.5000000000
2899  29.928  -85.134  -32.696 0.4000000060
3461  31.219  -84.125  -33.110 0.4000000060
2907  28.396  -86.036  -33.465 0.4000000060
2376  29.085  -85.984  -34.345 0.5000000000
2905  30.229  -84.884  -34.008 0.4000000060
2914  29.410  -85.681  -35.188 0.4000000060
3510  27.831  -84.927  -36.649 0.6000000238
2389  28.599  -86.046  -36.425 0.4000000060
4684  33.155  -82.524  -32.005 0.6000000238
4702  32.612  -82.718  -33.006 0.6000000238
4085  31.553  -83.568  -33.291 0.6000000238
4715  31.885  -83.033  -33.416 0.6000000238
4086  31.144  -83.403  -33.724 0.6000000238
121838  31.252  -82.763  -33.596 0.6999999881
2912  29.989  -84.945  -34.543 0.5000000000
4095  30.431  -83.934  -34.323 0.6000000238
4716  29.755  -82.912  -33.806 0.6999999881
5990  32.132  -80.890  -31.628 0.6999999881
128085  31.202  -80.663  -31.445 0.6999999881
5323  32.665  -81.580  -32.246 0.6000000238
5324  30.831  -81.381  -32.559 0.6999999881
116055  29.205  -81.144  -31.632 0.6999999881
5308  28.163  -81.262  -30.635 0.6999999881
5297  26.850  -81.761  -29.268 0.6999999881
5339  30.075  -81.722  -32.880 0.6999999881
5340  29.069  -81.600  -32.353 0.6999999881
4705  29.429  -82.197  -33.198 0.6999999881
6675  30.928  -79.920  -30.246 0.5000000000
5957  29.368  -80.152  -30.331 0.6000000238
5992  29.625  -80.841  -31.433 0.6999999881
5975  28.975  -80.742  -30.809 0.6000000238
5295  28.313  -80.740  -30.111 0.6999999881
5959  27.968  -80.313  -29.353 0.6999999881
5325  29.826  -81.163  -32.134 0.6999999881
5296  27.636  -81.257  -29.801 0.6999999881
5958  28.756  -80.172  -29.961 0.6000000238
6656  28.586  -79.709  -29.357 0.6000000238
5279  27.181  -80.962  -28.858 0.6000000238
6636  28.033  -79.456  -28.650 0.6000000238
5913  23.393  -80.204  -26.209 0.5000000000
7413  19.138  -78.159  -32.402 0.6000000238
6707  18.730  -79.827  -32.765 0.6000000238
5948  26.632  -80.607  -28.098 0.6000000238
5259  25.920  -80.931  -27.670 0.6000000238
5243  24.774  -80.710  -26.572 0.5000000000
5244  23.899  -80.784  -26.438 0.5000000000
9737  18.989  -75.741  -32.717 0.6000000238
114864  19.304  -75.937  -31.986 0.6000000238
8162  19.323  -77.240  -32.585 0.6000000238
6617  27.325  -79.508  -27.873 0.6000000238
5934  25.551  -80.532  -26.869 0.5000000000
5260  25.215  -81.236  -27.204 0.5000000000
108863  16.280  -75.341  -30.705 0.6000000238
9711  17.071  -74.717  -30.108 0.6000000238
108320  17.246  -74.940  -31.079 0.6000000238
9724  17.934  -74.940  -31.831 0.6000000238
9723  18.668  -74.991  -31.346 0.6000000238
10545  18.152  -74.580  -29.867 0.6000000238
9710  18.051  -74.716  -30.849 0.6000000238
111279  20.695  -77.512  -27.509 0.6000000238
5933  26.241  -80.240  -27.342 0.6000000238
9695  16.147  -75.116  -29.752 0.6000000238
12171  15.625  -73.489  -28.817 0.6000000238
10537  16.366  -74.627  -29.170 0.6000000238
12170  16.152  -73.052  -28.579 0.6000000238
10524  16.603  -74.023  -28.543 0.6000000238
12186  16.907  -72.072  -29.403 0.5000000000
11335  16.995  -73.277  -28.053 0.6000000238
12169  17.659  -72.557  -28.083 0.5000000000
108927  15.021  -76.426  -31.514 0.6999999881
8896  14.872  -75.938  -30.072 0.6000000238
9683  15.109  -74.725  -29.011 0.6000000238
12188  15.570  -73.029  -29.118 0.6000000238
12201  16.296  -72.298  -30.094 0.6000000238
9727  10.966  -75.483  -31.377 0.6000000238
9713  14.783  -75.406  -29.443 0.6000000238
10538  14.487  -74.669  -29.291 0.6000000238
11362  15.141  -73.093  -30.552 0.5000000000
10546  13.479  -74.626  -30.301 0.6000000238
112470  13.044  -74.407  -31.831 0.6000000238
10555  12.475  -74.750  -31.426 0.6000000238
10565  11.647  -74.858  -32.588 0.6000000238
9698  13.404  -75.440  -29.885 0.6000000238
127349  15.495  -72.918  -31.103 0.6000000238
11355  13.952  -74.091  -30.681 0.6000000238
11363  14.521  -73.556  -31.083 0.5000000000
11364  13.825  -73.991  -31.717 0.6000000238
10564  12.400  -74.589  -32.230 0.5000000000
10576  12.443  -74.645  -33.132 0.5000000000
12233  15.968  -72.891  -32.688 0.6000000238
126769  14.794  -73.495  -32.696 0.6000000238
10563  13.294  -74.298  -32.646 0.6000000238
10575  13.257  -74.433  -33.633 0.6000000238
117400  12.860  -74.728  -35.075 0.6999999881
10605  11.668  -75.209  -35.429 0.6999999881
9782  11.061  -75.303  -36.053 0.6999999881
9792  11.301  -75.277  -37.067 0.6999999881
11385  14.594  -73.716  -33.438 0.6000000238
10589  13.367  -74.472  -34.513 0.6999999881
10603  13.134  -74.650  -35.946 0.6999999881
10604  12.423  -74.982  -35.715 0.6999999881
10614  11.887  -75.175  -36.380 0.6999999881
10623  11.527  -75.199  -38.103 0.6000000238
10602  13.951  -74.321  -36.050 0.6000000238
6604  22.919  -79.726  -26.385 0.5000000000
5914  22.452  -80.280  -26.204 0.5000000000
6637  22.507  -79.127  -27.749 0.5000000000
6620  22.185  -79.290  -26.691 0.5000000000
6638  21.778  -78.853  -27.338 0.6000000238
6678  22.724  -79.346  -30.116 0.6000000238
6659  22.209  -78.920  -28.739 0.6000000238
6639  21.055  -78.419  -27.306 0.6000000238
8119  21.259  -77.851  -27.966 0.6000000238
7403  22.469  -79.006  -30.716 0.5000000000
8132  21.814  -78.075  -29.541 0.6000000238
9681  21.846  -75.671  -27.830 0.6000000238
8907  22.642  -77.065  -31.260 0.6000000238
9707  22.576  -75.536  -29.858 0.5000000000
9692  22.499  -75.654  -29.041 0.6000000238
9665  21.904  -74.886  -27.789 0.6000000238
9721  22.607  -75.440  -30.769 0.5000000000
10533  22.455  -74.836  -29.168 0.6000000238
12198  21.051  -72.589  -30.324 0.5000000000
11361  22.133  -73.176  -31.435 0.5000000000
12166  20.867  -72.917  -28.515 0.6000000238
11345  21.870  -73.473  -29.443 0.6000000238
2919  29.418  -85.364  -35.664 0.6000000238
128503  29.970  -83.536  -34.306 0.6999999881
6605  21.844  -79.755  -26.300 0.5000000000
11374  15.285  -73.173  -32.275 0.6000000238
121686  13.472  -74.439  -35.283 0.6999999881
6621  21.207  -79.146  -26.662 0.6000000238
126083  21.676  -74.112  -28.039 0.6000000238
117940  21.749  -73.071  -30.140 0.6000000238
2361  25.514  -86.491  -31.337 0.3000000119
2889  26.714  -85.667  -30.586 0.4000000060
2901  27.640  -85.724  -32.662 0.3000000119
2893  29.138  -85.322  -32.460 0.4000000060
2900  29.167  -85.704  -33.405 0.4000000060
4053  31.879  -83.715  -31.725 0.4000000060
3446  30.365  -84.816  -32.560 0.3000000119
4071  31.716  -83.731  -32.613 0.5000000000
4070  32.206  -83.291  -33.041 0.6000000238
119582  29.719  -85.365  -33.230 0.5000000000
3476  30.967  -84.015  -33.767 0.5000000000
2906  29.775  -85.378  -34.217 0.5000000000
4703  31.914  -82.508  -33.349 0.6000000238
5974  29.801  -80.436  -30.914 0.6999999881
11347  14.605  -73.958  -29.356 0.6000000238
9804  10.707  -75.292  -37.730 0.6000000238
7387  22.150  -78.798  -29.787 0.6000000238
8161  22.714  -77.922  -32.034 0.5000000000
7388  21.743  -78.408  -28.802 0.6000000238
126742  22.114  -77.043  -29.262 0.6000000238
115622  22.455  -77.394  -30.676 0.5000000000
8881  22.445  -76.321  -29.521 0.6000000238
8922  22.759  -76.531  -31.954 0.5000000000
10544  22.555  -74.726  -30.186 0.5000000000
11351  22.400  -73.994  -30.531 0.5000000000
532  20.695  -90.218  -22.054 0.4000000060
531  21.541  -90.479  -21.852 0.4000000060
356  21.256  -91.337  -23.063 0.5000000000
869  17.879  -89.626  -22.500 0.5000000000
544  17.410  -90.216  -22.562 0.5000000000
117509  16.276  -91.748  -21.814 0.5000000000
885  18.395  -89.803  -23.407 0.5000000000
877  19.056  -89.455  -22.866 0.5000000000
540  22.103  -90.622  -22.315 0.4000000060
115743  22.837  -89.997  -22.097 0.4000000060
108510  22.547  -90.537  -22.805 0.5000000000
1332  24.691  -89.307  -28.547 0.3000000119
1826  24.118  -88.619  -28.057 0.3000000119
117286  24.214  -89.716  -29.149 0.3000000119
932  24.906  -89.459  -29.351 0.3000000119
868  18.385  -89.180  -21.990 0.4000000060
534  17.807  -89.877  -21.820 0.5000000000
533  17.795  -90.851  -21.058 0.5000000000
867  19.247  -89.109  -22.203 0.4000000060
876  19.789  -89.676  -22.446 0.4000000060
524  21.047  -89.882  -21.083 0.3000000119
548  23.631  -89.607  -23.270 0.4000000060
117417  22.658  -89.876  -21.209 0.3000000119
865  23.947  -89.516  -22.234 0.4000000060
539  23.352  -89.847  -22.752 0.5000000000
110766  23.503  -89.576  -21.477 0.3000000119
1810  25.221  -88.026  -27.670 0.3000000119
1827  23.214  -88.405  -28.074 0.3000000119
126918  25.344  -89.035  -28.531 0.3000000119
1338  25.694  -89.106  -29.051 0.3000000119
1345  25.397  -89.037  -29.523 0.3000000119
128061  18.638  -88.813  -21.452 0.3000000119
111592  18.330  -89.136  -21.310 0.4000000060
1252  19.718  -88.375  -20.941 0.3000000119
521  22.990  -89.675  -20.443 0.3000000119
875  25.043  -88.899  -22.434 0.4000000060
115481  24.605  -88.908  -23.126 0.4000000060
864  24.568  -89.258  -21.748 0.4000000060
854  24.016  -89.224  -20.763 0.3000000119
2325  25.544  -87.066  -27.300 0.4000000060
2326  24.388  -87.027  -27.560 0.4000000060
116320  23.881  -85.872  -27.458 0.4000000060
2863  22.977  -85.595  -27.551 0.4000000060
3401  22.522  -84.821  -27.083 0.5000000000
1809  26.171  -88.135  -27.623 0.3000000119
1319  25.699  -88.571  -28.172 0.3000000119
1318  26.358  -88.374  -28.248 0.3000000119
1841  26.125  -88.651  -29.182 0.3000000119
2351  26.876  -87.438  -29.338 0.3000000119
1253  19.069  -88.065  -20.662 0.3000000119
1264  25.999  -88.449  -21.645 0.3000000119
1275  25.671  -88.637  -22.133 0.3000000119
1762  24.471  -88.169  -23.508 0.4000000060
1286  23.811  -88.190  -24.174 0.4000000060
845  24.488  -88.874  -19.875 0.3000000119
1251  25.882  -88.499  -21.121 0.3000000119
844  25.504  -88.598  -20.187 0.3000000119
853  25.006  -88.825  -21.008 0.3000000119
3365  21.688  -84.650  -25.280 0.5000000000
2824  21.986  -85.072  -24.527 0.5000000000
2837  28.069  -85.770  -25.020 0.3000000119
3361  27.229  -85.560  -25.752 0.3000000119
119888  27.932  -86.500  -25.537 0.3000000119
2847  26.761  -85.954  -26.409 0.3000000119
2861  25.302  -85.737  -27.076 0.4000000060
4011  23.484  -83.929  -26.203 0.5000000000
3384  22.656  -84.262  -26.337 0.5000000000
2312  27.075  -87.151  -26.418 0.3000000119
3399  24.390  -85.270  -27.142 0.4000000060
3400  23.506  -85.027  -27.199 0.5000000000
117219  23.239  -84.492  -26.734 0.5000000000
1808  27.019  -88.023  -27.646 0.3000000119
1825  26.826  -88.195  -28.306 0.3000000119
1840  26.813  -88.102  -28.802 0.3000000119
2350  27.397  -87.365  -28.888 0.3000000119
2883  27.625  -86.095  -29.094 0.4000000060
1743  26.187  -87.835  -21.813 0.3000000119
1754  25.002  -87.735  -22.761 0.4000000060
834  24.434  -89.204  -18.737 0.3000000119
120662  26.411  -88.355  -20.302 0.3000000119
1250  26.463  -88.226  -20.943 0.3000000119
2275  24.115  -86.954  -23.251 0.4000000060
125256  25.144  -88.774  -19.276 0.3000000119
2277  22.583  -86.027  -24.172 0.4000000060
3343  22.647  -84.341  -23.342 0.4000000060
2823  22.538  -85.061  -23.810 0.5000000000
2810  28.742  -84.804  -23.772 0.3000000119
3352  22.176  -84.246  -24.838 0.5000000000
112996  22.401  -84.285  -24.100 0.5000000000
118858  27.286  -84.863  -25.142 0.3000000119
3997  23.311  -83.465  -25.414 0.4000000060
3975  23.127  -83.187  -24.506 0.5000000000
2300  28.492  -86.602  -25.424 0.3000000119
3381  26.433  -85.017  -26.241 0.4000000060
3363  25.685  -84.444  -26.163 0.4000000060
3996  24.094  -83.474  -25.695 0.5000000000
3998  22.634  -83.703  -25.121 0.5000000000
126287  27.706  -87.365  -26.211 0.3000000119
2848  25.933  -85.252  -26.711 0.4000000060
3382  24.941  -84.650  -26.660 0.5000000000
3383  23.981  -84.525  -26.739 0.5000000000
1807  27.791  -87.596  -27.360 0.3000000119
1823  28.157  -87.495  -27.812 0.4000000060
2339  28.541  -87.034  -27.819 0.3000000119
2340  28.021  -87.209  -28.342 0.4000000060
2923  23.281  -85.148  -35.773 0.5000000000
2884  26.975  -86.379  -29.639 0.3000000119
118115  25.857  -88.858  -17.672 0.3000000119
1238  25.946  -88.503  -19.365 0.3000000119
2256  24.838  -86.441  -21.562 0.3000000119
833  25.362  -88.968  -18.351 0.3000000119
2798  23.977  -85.923  -21.820 0.3000000119
2811  22.882  -85.152  -23.127 0.5000000000
3329  22.890  -83.847  -22.812 0.4000000060
3328  23.190  -84.233  -22.033 0.3000000119
3327  29.788  -84.024  -22.809 0.3000000119
117516  23.398  -82.932  -23.597 0.5000000000
3350  27.835  -84.747  -24.357 0.3000000119
4597  23.934  -82.764  -24.298 0.4000000060
3362  26.405  -84.437  -25.547 0.4000000060
128440  25.493  -83.866  -25.522 0.4000000060
3974  24.753  -83.148  -24.999 0.4000000060
2311  28.230  -87.184  -25.844 0.3000000119
2299  28.917  -86.814  -25.706 0.3000000119
3995  24.881  -83.853  -25.929 0.4000000060
2323  28.919  -86.822  -27.113 0.3000000119
2858  29.307  -86.079  -27.037 0.4000000060
2859  28.666  -85.983  -27.854 0.4000000060
2915  22.894  -85.062  -34.916 0.5000000000
3412  28.378  -84.676  -28.289 0.5000000000
2922  24.211  -84.887  -36.044 0.5000000000
1224  26.298  -88.474  -18.506 0.3000000119
9752  18.611  -75.777  -33.386 0.5000000000
4569  23.709  -82.965  -22.661 0.3000000119
3924  23.475  -83.686  -21.788 0.3000000119
9751  19.040  -76.129  -33.385 0.5000000000
8941  17.239  -75.976  -34.018 0.6000000238
4562  30.281  -82.968  -22.565 0.3000000119
3941  28.959  -83.586  -23.168 0.3000000119
3326  30.536  -84.203  -22.790 0.3000000119
3340  27.965  -84.142  -23.629 0.3000000119
3341  27.184  -83.928  -23.916 0.3000000119
4581  24.150  -82.742  -23.414 0.4000000060
6000  18.907  -80.623  -32.089 0.5000000000
110095  13.856  -77.308  -33.850 0.5000000000
3351  26.812  -84.180  -24.673 0.3000000119
3994  25.848  -83.684  -24.843 0.3000000119
3973  25.378  -83.224  -24.057 0.3000000119
3957  25.923  -83.221  -23.248 0.3000000119
5341  19.297  -81.495  -32.271 0.5000000000
2835  29.486  -86.286  -25.524 0.3000000119
2298  29.306  -86.733  -26.135 0.3000000119
110214  20.500  -83.517  -32.293 0.5000000000
2846  29.676  -86.065  -26.271 0.3000000119
3466  21.234  -85.113  -33.028 0.5000000000
3397  29.484  -85.110  -26.770 0.4000000060
115803  22.407  -85.177  -33.315 0.6000000238
4009  29.727  -84.109  -26.544 0.4000000060
4016  29.201  -83.883  -27.391 0.5000000000
3484  23.435  -84.677  -34.312 0.5000000000
4017  28.761  -84.088  -28.057 0.4000000060
3413  27.967  -85.300  -28.647 0.4000000060
3499  24.768  -84.668  -35.333 0.6000000238
5278  31.969  -82.048  -28.295 0.3000000119
4630  31.322  -82.593  -28.805 0.4000000060
117015  28.199  -84.394  -29.107 0.3000000119
129170  24.593  -85.131  -36.901 0.5000000000
5277  32.861  -81.778  -28.808 0.3000000119
4629  32.429  -82.371  -29.324 0.5000000000
4648  31.219  -83.166  -29.563 0.4000000060
4038  30.718  -84.047  -30.554 0.4000000060
2921  25.405  -84.990  -36.454 0.6000000238
5276  33.715  -81.509  -29.389 0.3000000119
5294  33.331  -82.070  -29.887 0.5000000000
4647  32.071  -82.966  -29.895 0.4000000060
4037  31.640  -83.557  -30.406 0.4000000060
4646  33.011  -82.655  -30.388 0.5000000000
118754  32.191  -83.629  -31.101 0.4000000060
9740  16.375  -75.776  -32.486 0.6000000238
123605  15.965  -76.241  -33.141 0.6000000238
5208  30.675  -82.072  -22.725 0.3000000119
3940  29.624  -83.359  -22.821 0.3000000119
4564  28.812  -82.946  -23.128 0.3000000119
3955  28.050  -83.535  -23.295 0.3000000119
8924  15.513  -76.347  -32.383 0.6000000238
8943  15.217  -76.622  -33.174 0.6000000238
3939  30.946  -83.665  -22.588 0.3000000119
130007  27.432  -83.606  -23.400 0.3000000119
3943  27.176  -83.068  -23.025 0.3000000119
8176  13.919  -77.191  -32.962 0.6000000238
3937  32.262  -82.982  -22.927 0.3000000119
3956  26.739  -83.421  -23.357 0.3000000119
113928  12.641  -77.424  -32.898 0.6000000238
3360  30.090  -85.451  -25.447 0.3000000119
117381  11.121  -77.525  -31.272 0.6000000238
8165  11.803  -77.654  -32.749 0.6000000238
7424  10.313  -78.558  -32.182 0.6000000238
7425  9.543  -78.897  -32.302 0.5000000000
111447  30.283  -82.646  -27.102 0.4000000060
4018  30.293  -83.052  -28.869 0.4000000060
5293  34.162  -81.687  -30.590 0.4000000060
4645  33.665  -82.309  -30.798 0.5000000000
5862  32.012  -81.119  -22.793 0.3000000119
5863  31.006  -81.224  -23.021 0.3000000119
5209  29.671  -82.106  -23.139 0.3000000119
3942  28.019  -83.027  -23.111 0.3000000119
119527  27.879  -82.397  -23.089 0.3000000119
4565  27.108  -82.535  -22.769 0.3000000119
9725  16.832  -75.277  -31.756 0.5000000000
5207  31.689  -81.915  -22.644 0.3000000119
3938  31.619  -83.531  -22.826 0.3000000119
8909  14.154  -76.714  -31.459 0.5000000000
8925  14.609  -76.782  -32.443 0.6000000238
4560  32.241  -82.380  -22.711 0.3000000119
3944  26.401  -83.044  -22.825 0.3000000119
8154  13.224  -76.944  -31.567 0.6000000238
4559  32.992  -82.321  -22.751 0.3000000119
8155  12.403  -77.096  -31.397 0.6000000238
119490  30.687  -82.811  -26.193 0.3000000119
4614  30.158  -83.375  -26.393 0.3000000119
7416  9.987  -78.144  -31.702 0.6000000238
127557  8.627  -77.935  -32.664 0.6000000238
8910  12.678  -76.663  -30.874 0.6000000238
121845  12.963  -76.256  -30.376 0.5000000000
8899  11.293  -76.350  -30.697 0.6000000238
8147  10.816  -77.040  -30.782 0.6000000238
8912  9.712  -76.665  -31.407 0.6000000238
7417  9.390  -78.149  -31.955 0.6000000238
125749  8.746  -77.002  -33.327 0.6000000238
8926  9.348  -76.638  -32.195 0.6000000238
110392  8.522  -77.113  -33.976 0.5000000000
8883  14.206  -76.030  -29.935 0.5000000000
115851  12.327  -75.476  -30.565 0.5000000000
9715  10.686  -76.037  -30.891 0.5000000000
9743  9.649  -75.995  -32.653 0.6000000238
8994  8.078  -76.138  -36.809 0.5000000000
128358  9.556  -75.290  -38.169 0.6000000238
9806  8.175  -75.868  -37.868 0.6000000238
9004  7.317  -76.406  -37.779 0.5000000000
9819  8.353  -75.558  -38.855 0.6000000238
9820  7.425  -75.792  -39.060 0.6000000238
10548  11.892  -75.211  -31.063 0.5000000000
115944  10.026  -75.463  -34.054 0.5000000000
9771  9.383  -75.649  -34.558 0.5000000000
9758  8.972  -76.051  -34.347 0.6000000238
9783  10.177  -75.322  -35.722 0.6000000238
9784  9.359  -75.470  -35.406 0.5000000000
117306  8.358  -76.231  -35.922 0.5000000000
9794  9.472  -75.365  -36.338 0.6000000238
10622  12.927  -74.965  -37.755 0.6000000238
9805  9.707  -75.327  -37.445 0.6000000238
9827  7.969  -75.233  -39.343 0.5000000000
13085  5.903  -71.297  -29.221 0.5000000000
10547  12.732  -74.948  -30.719 0.5000000000
9742  10.288  -75.524  -32.132 0.5000000000
128875  10.640  -75.371  -34.438 0.6000000238
13060  5.864  -71.141  -27.472 0.5000000000
111924  5.437  -70.599  -26.016 0.6000000238
13072  5.861  -71.318  -28.342 0.6000000238
13084  6.602  -71.836  -29.617 0.6000000238
13892  5.255  -70.756  -28.083 0.5000000000
13098  6.740  -71.709  -30.480 0.5000000000
13115  6.204  -71.026  -31.032 0.5000000000
11452  7.453  -73.441  -39.228 0.5000000000
115435  7.975  -74.099  -39.527 0.5000000000
13891  8.959  -70.649  -27.922 0.6000000238
14703  8.144  -69.657  -27.867 0.6999999881
126687  8.419  -70.557  -27.029 0.6999999881
13857  8.317  -70.753  -25.546 0.6000000238
13859  6.787  -70.915  -25.165 0.6000000238
13058  8.469  -72.191  -27.375 0.6000000238
13039  8.502  -71.114  -26.206 0.6000000238
13890  9.701  -71.420  -28.208 0.6000000238
13057  9.068  -71.877  -27.806 0.6000000238
122776  7.989  -72.333  -27.144 0.6000000238
13046  7.806  -71.671  -26.189 0.5000000000
13860  5.773  -70.763  -25.320 0.6000000238
13083  9.783  -72.273  -29.143 0.6000000238
12155  8.061  -72.505  -27.850 0.6000000238
13059  6.740  -71.701  -27.135 0.5000000000
13868  6.303  -71.071  -25.991 0.6000000238
12172  9.010  -72.529  -28.931 0.6000000238
12174  7.518  -72.472  -28.545 0.6000000238
12204  8.648  -72.538  -30.387 0.6000000238
12191  7.745  -72.578  -29.382 0.6000000238
12221  7.456  -72.094  -30.744 0.6000000238
13113  7.723  -71.729  -31.390 0.5000000000
13943  5.776  -70.266  -32.427 0.5000000000
14789  6.693  -69.680  -33.217 0.5000000000
14799  6.353  -69.676  -33.735 0.5000000000
14825  6.777  -70.080  -34.773 0.5000000000
14683  8.369  -70.152  -25.885 0.6000000238
14669  8.156  -69.554  -25.203 0.6999999881
13097  9.979  -72.137  -30.156 0.5000000000
13112  8.476  -71.812  -31.494 0.6000000238
13940  8.282  -70.508  -32.337 0.6000000238
13941  7.561  -70.572  -32.278 0.5000000000
14788  7.498  -69.814  -32.914 0.6000000238
15697  7.838  -68.818  -33.913 0.5000000000
15710  8.359  -68.305  -34.029 0.6000000238
15711  7.842  -68.917  -34.206 0.6000000238
17428  10.181  -66.215  -26.276 0.4000000060
16490  6.606  -67.432  -26.676 0.6999999881
16477  5.890  -67.000  -25.279 0.5000000000
16465  5.861  -67.324  -24.272 0.5000000000
16489  10.389  -67.055  -26.516 0.6000000238
17438  9.933  -66.605  -27.232 0.5000000000
121118  6.677  -67.554  -24.868 0.6000000238
15537  7.105  -68.467  -23.702 0.5000000000
16475  10.914  -67.376  -25.688 0.5000000000
15619  7.206  -67.879  -28.089 0.6000000238
15581  7.204  -68.125  -26.128 0.8000000119
15600  7.524  -68.836  -27.710 0.6999999881
118254  7.908  -69.042  -25.841 0.8000000119
15548  7.711  -68.946  -24.170 0.6999999881
14786  9.245  -69.295  -32.609 0.6000000238
14796  8.525  -68.786  -33.142 0.6000000238
17396  5.060  -66.606  -24.790 0.5000000000
18387  9.825  -65.646  -27.220 0.5000000000
109066  5.610  -66.072  -26.944 0.6999999881
16448  5.384  -67.568  -23.389 0.5000000000
17394  11.502  -66.556  -24.140 0.4000000060
17412  10.578  -66.569  -25.394 0.4000000060
16461  11.904  -67.381  -24.408 0.4000000060
15560  12.955  -68.645  -25.563 0.5000000000
16487  14.050  -68.546  -25.627 0.4000000060
16449  4.386  -67.327  -23.135 0.5000000000
18378  10.164  -65.277  -26.432 0.3000000119
18395  9.591  -64.925  -28.212 0.3000000119
17413  5.042  -66.228  -25.849 0.6000000238
16460  12.869  -67.510  -24.351 0.4000000060
16472  14.482  -67.650  -25.201 0.4000000060
109986  15.081  -68.265  -26.986 0.4000000060
17414  4.027  -65.529  -25.965 0.6000000238
17442  5.155  -65.303  -27.204 0.6000000238
16486  14.982  -67.696  -26.190 0.4000000060
17415  3.447  -65.385  -25.346 0.5000000000
127846  4.410  -66.481  -24.477 0.5000000000
20224  11.448  -63.695  -25.571 0.3000000119
19330  10.411  -64.567  -26.766 0.3000000119
129721  9.959  -64.246  -28.590 0.3000000119
19353  9.741  -64.171  -29.172 0.4000000060
17427  15.340  -66.871  -26.671 0.3000000119
17437  15.263  -67.136  -27.167 0.4000000060
17436  15.566  -66.427  -27.312 0.4000000060
20255  10.335  -63.698  -28.847 0.4000000060
18380  3.818  -64.418  -25.999 0.6000000238
17398  3.160  -65.524  -24.580 0.4000000060
20262  9.944  -63.446  -29.561 0.4000000060
21177  12.930  -62.773  -24.822 0.3000000119
20234  12.039  -62.971  -26.119 0.3000000119
18352  2.953  -64.883  -25.039 0.5000000000
21240  8.252  -63.523  -29.409 0.4000000060
21225  7.667  -63.379  -28.632 0.4000000060
21210  7.483  -62.490  -27.394 0.5000000000
21224  8.474  -62.727  -28.809 0.4000000060
127861  7.805  -62.797  -28.045 0.4000000060
24217  12.100  -60.619  -29.583 0.3000000119
24204  11.257  -60.262  -28.307 0.3000000119
23239  10.896  -60.772  -28.756 0.3000000119
23230  9.997  -61.116  -27.577 0.3000000119
24188  11.062  -60.214  -27.464 0.3000000119
21127  5.031  -62.236  -20.260 0.4000000060
24203  12.081  -60.040  -28.879 0.3000000119
4567  25.618  -82.757  -22.421 0.3000000119
4615  29.689  -83.274  -27.006 0.4000000060
22248  9.007  -61.860  -28.300 0.3000000119
16588  9.272  -67.703  -33.297 0.6000000238
21105  4.085  -61.598  -19.571 0.4000000060
15561  11.811  -68.227  -25.831 0.5000000000
113789  9.661  -61.441  -28.110 0.3000000119
4026  28.748  -83.930  -29.557 0.3000000119
4024  30.723  -83.524  -29.791 0.4000000060
9729  9.775  -76.107  -31.889 0.5000000000
123446  19.580  -89.934  -22.889 0.5000000000
111282  16.841  -91.446  -21.724 0.5000000000
549  22.880  -90.241  -23.284 0.5000000000
1811  23.665  -87.625  -27.779 0.4000000060
866  19.995  -89.148  -21.660 0.4000000060
538  24.310  -89.297  -22.791 0.4000000060
892  23.745  -89.313  -23.764 0.4000000060
2327  23.357  -86.537  -27.708 0.4000000060
123045  18.180  -90.274  -19.590 0.3000000119
846  23.594  -89.339  -19.782 0.3000000119
863  25.430  -88.885  -21.905 0.3000000119
1276  25.130  -88.548  -22.632 0.4000000060
2324  26.661  -87.571  -27.076 0.3000000119
1796  27.431  -87.505  -26.841 0.4000000060
1753  25.746  -88.195  -22.269 0.4000000060
1763  23.741  -87.384  -23.986 0.4000000060
4012  22.830  -83.847  -25.785 0.5000000000
2909  21.709  -85.476  -33.678 0.5000000000
1824  27.533  -87.879  -28.170 0.4000000060
1249  27.055  -88.123  -20.214 0.3000000119
2267  23.812  -86.238  -22.589 0.4000000060
2276  23.368  -86.001  -23.130 0.4000000060
124648  22.906  -85.752  -23.594 0.5000000000
3959  22.759  -83.566  -23.654 0.5000000000
2836  28.997  -86.238  -24.886 0.3000000119
1795  28.086  -87.430  -26.509 0.3000000119
1794  28.812  -87.151  -26.380 0.3000000119
3500  23.775  -84.706  -35.157 0.6000000238
2788  23.677  -84.935  -21.465 0.3000000119
2799  23.329  -85.289  -22.365 0.4000000060
4596  24.582  -82.851  -24.026 0.3000000119
3451  21.017  -84.571  -32.468 0.5000000000
3398  28.814  -84.920  -27.496 0.4000000060
3923  23.865  -83.424  -21.421 0.3000000119
4580  24.988  -82.878  -23.241 0.3000000119
4617  31.095  -82.252  -27.722 0.4000000060
4618  29.693  -82.909  -27.816 0.4000000060
4020  28.690  -83.871  -28.824 0.4000000060
5257  33.300  -81.168  -28.249 0.3000000119
5210  28.715  -82.141  -23.268 0.3000000119
8146  11.746  -76.986  -30.920 0.6000000238
5225  27.881  -81.314  -23.285 0.3000000119
4578  33.807  -82.027  -22.717 0.3000000119
9785  8.728  -75.962  -35.142 0.5000000000
110688  8.783  -75.542  -37.026 0.6000000238
14684  7.931  -69.562  -26.977 0.6999999881
126610  7.606  -68.385  -25.310 0.6999999881
15601  6.995  -68.127  -27.285 0.6999999881
16491  5.982  -66.857  -26.253 0.6000000238
19329  10.861  -64.127  -26.181 0.3000000119
20235  11.347  -63.530  -26.634 0.3000000119
3435  23.006  -84.343  -31.557 0.5000000000
3436  22.094  -84.467  -31.283 0.5000000000
5973  31.534  -80.383  -30.906 0.6000000238
9755  10.791  -75.303  -33.735 0.4000000060
10590  12.494  -74.850  -34.169 0.5000000000
10640  8.848  -75.072  -39.332 0.5000000000
123654  12.298  -74.952  -38.414 0.5000000000
10637  11.598  -74.843  -38.853 0.5000000000
10638  10.182  -74.895  -38.916 0.5000000000
11463  8.831  -74.062  -39.587 0.5000000000
11462  9.738  -74.036  -39.624 0.5000000000
10635  13.908  -74.499  -38.871 0.5000000000
11451  8.318  -73.346  -39.315 0.4000000060
11459  12.556  -73.733  -39.223 0.5000000000
11460  11.455  -73.763  -39.500 0.5000000000
12340  10.170  -73.330  -39.413 0.5000000000
12327  7.761  -72.627  -38.782 0.5000000000
12338  11.930  -73.197  -39.366 0.6000000238
12339  11.059  -73.184  -39.478 0.5000000000
12325  9.631  -72.604  -38.860 0.5000000000
14808  7.434  -69.894  -34.865 0.5000000000
13209  11.856  -72.036  -38.262 0.6000000238
13177  8.188  -71.326  -36.612 0.5000000000
13988  7.692  -70.800  -36.026 0.5000000000
12324  10.546  -72.491  -39.041 0.6000000238
13194  9.497  -71.436  -37.526 0.6000000238
13195  8.628  -71.612  -37.353 0.5000000000
13208  12.761  -72.181  -38.238 0.6000000238
13192  11.338  -71.496  -37.561 0.6000000238
13193  10.405  -71.384  -37.615 0.6000000238
13986  9.440  -70.652  -36.138 0.6000000238
13173  11.762  -71.160  -36.776 0.6000000238
14824  8.485  -69.373  -35.065 0.5000000000
15726  8.504  -68.645  -34.572 0.5000000000
13174  10.815  -70.974  -36.935 0.6000000238
13176  9.039  -71.134  -36.747 0.6000000238
119105  7.148  -70.700  -24.427 0.5000000000
13843  7.303  -70.386  -23.652 0.5000000000
13851  7.745  -70.259  -24.432 0.5000000000
16604  9.398  -67.649  -33.813 0.6000000238
13970  11.466  -70.023  -35.887 0.6000000238
15724  9.888  -68.519  -35.144 0.6000000238
13985  10.313  -70.525  -36.323 0.6000000238
14822  10.213  -69.323  -35.600 0.6000000238
121121  10.946  -69.508  -35.793 0.6000000238
21239  9.645  -62.784  -29.799 0.3000000119
116265  6.016  -62.847  -20.162 0.3000000119
4665  33.426  -82.617  -31.204 0.4000000060
5322  33.473  -81.924  -32.070 0.5000000000
3511  26.663  -85.049  -36.520 0.5000000000
3498  25.860  -84.696  -35.518 0.5000000000
5989  33.338  -81.216  -31.788 0.4000000060
3481  26.240  -84.370  -34.903 0.4000000060
6674  31.951  -80.013  -30.313 0.4000000060
3449  22.313  -84.787  -32.121 0.4000000060
119400  24.071  -84.191  -32.964 0.4000000060
3448  23.186  -84.494  -32.467 0.4000000060
3483  24.275  -84.464  -34.475 0.4000000060
3482  25.319  -84.408  -34.487 0.4000000060
7366  31.240  -78.501  -28.172 0.4000000060
6633  30.776  -79.079  -28.842 0.4000000060
6655  29.350  -79.625  -29.674 0.4000000060
3437  21.347  -83.992  -31.099 0.4000000060
6632  31.788  -79.122  -28.844 0.4000000060
6654  30.329  -79.507  -29.598 0.4000000060
7369  28.400  -78.675  -28.197 0.4000000060
7370  27.774  -78.943  -27.923 0.5000000000
13969  12.743  -70.063  -35.837 0.5000000000
13968  13.430  -70.159  -35.947 0.5000000000
14820  12.391  -69.242  -35.690 0.5000000000
116328  13.837  -69.042  -35.275 0.5000000000
16616  14.634  -67.355  -34.789 0.5000000000
15722  12.145  -68.243  -35.654 0.5000000000
16599  13.817  -66.793  -34.556 0.5000000000
128888  7.449  -69.168  -23.546 0.4000000060
111240  6.619  -68.432  -23.055 0.4000000060
16618  12.726  -67.589  -35.276 0.5000000000
119972  10.707  -68.772  -35.580 0.5000000000
116569  30.609  -80.358  -30.887 0.5000000000
6653  31.347  -79.537  -29.547 0.4000000060
6634  29.759  -79.077  -28.953 0.4000000060
358  16.819  -90.943  -22.554 0.4000000060
241  16.291  -91.653  -22.460 0.4000000060
173  16.458  -93.503  -27.507 0.4000000060
879  17.713  -89.815  -23.129 0.4000000060
126329  17.150  -90.355  -23.204 0.4000000060
168  17.143  -92.962  -27.148 0.4000000060
371  16.613  -90.957  -23.524 0.4000000060
166  19.122  -92.978  -27.056 0.4000000060
161  17.680  -92.589  -26.543 0.4000000060
162  16.567  -92.572  -26.425 0.4000000060
543  19.327  -90.270  -23.392 0.5000000000
550  18.517  -90.315  -23.922 0.5000000000
369  19.309  -91.125  -23.952 0.4000000060
370  18.208  -90.755  -24.441 0.4000000060
542  20.319  -90.618  -22.819 0.5000000000
368  20.818  -91.768  -23.349 0.5000000000
357  20.271  -91.414  -23.358 0.5000000000
380  19.267  -91.733  -24.555 0.4000000060
381  17.152  -90.810  -24.527 0.4000000060
246  20.741  -91.981  -23.915 0.4000000060
247  20.207  -91.869  -23.859 0.4000000060
126637  20.437  -91.537  -26.138 0.4000000060
263  19.995  -92.191  -25.955 0.4000000060
159  19.541  -92.526  -25.894 0.4000000060
259  18.002  -92.208  -25.850 0.4000000060
253  17.060  -91.438  -25.281 0.4000000060
165  19.527  -92.694  -26.534 0.4000000060
160  18.927  -92.803  -26.338 0.4000000060
379  21.183  -91.805  -24.335 0.5000000000
245  20.573  -91.944  -24.558 0.4000000060
116958  19.582  -92.124  -24.978 0.4000000060
252  18.660  -91.968  -25.223 0.4000000060
387  21.478  -91.309  -24.914 0.5000000000
388  20.720  -91.789  -25.210 0.4000000060
257  19.954  -92.106  -25.188 0.4000000060
258  19.236  -92.424  -25.551 0.4000000060
902  21.047  -89.151  -26.077 0.3000000119
1309  20.285  -88.890  -26.177 0.3000000119
1299  21.505  -88.615  -25.713 0.4000000060
129997  21.225  -89.899  -26.047 0.3000000119
124729  22.004  -88.116  -25.339 0.4000000060
901  21.664  -89.457  -25.683 0.4000000060
2303  19.570  -86.597  -25.988 0.3000000119
1782  20.174  -87.397  -25.638 0.4000000060
1300  20.742  -88.337  -25.918 0.4000000060
1781  21.105  -87.768  -25.399 0.4000000060
2302  20.206  -86.382  -25.532 0.4000000060
121100  20.717  -86.982  -25.171 0.4000000060
1772  21.622  -87.123  -24.980 0.4000000060
111699  22.573  -86.886  -24.688 0.3000000119
571  20.936  -90.649  -26.085 0.3000000119
126834  23.400  -88.527  -24.746 0.3000000119
1293  22.889  -89.157  -24.979 0.4000000060
2313  19.847  -85.921  -26.054 0.4000000060
1771  22.723  -87.785  -25.098 0.3000000119
2301  20.884  -86.204  -25.043 0.4000000060
2287  21.767  -86.084  -24.716 0.4000000060
565  21.582  -90.454  -25.472 0.4000000060
900  22.191  -89.735  -25.082 0.4000000060
2314  19.330  -86.093  -26.588 0.4000000060
125188  23.335  -87.595  -24.629 0.3000000119
115736  20.865  -85.139  -26.586 0.4000000060
2849  20.041  -85.619  -26.542 0.4000000060
3385  21.763  -84.609  -26.342 0.4000000060
113643  21.199  -84.844  -25.809 0.4000000060
564  22.030  -90.549  -24.624 0.4000000060
1292  23.405  -89.239  -24.330 0.3000000119
894  22.687  -89.820  -24.429 0.4000000060
3402  21.605  -85.000  -27.079 0.4000000060
2864  22.015  -85.517  -27.722 0.4000000060
3364  22.180  -84.207  -25.663 0.4000000060
2838  21.231  -85.315  -25.130 0.4000000060
367  21.344  -91.544  -23.503 0.4000000060
893  23.135  -89.769  -23.789 0.3000000119
355  21.802  -91.012  -22.959 0.4000000060
366  22.116  -90.874  -23.383 0.4000000060
378  21.763  -91.165  -24.093 0.4000000060
558  22.459  -90.479  -23.899 0.4000000060
7347  27.159  -78.838  -27.437 0.4000000060
2839  20.506  -85.505  -25.768 0.4000000060
167  18.307  -92.992  -27.091 0.4000000060
251  20.137  -91.996  -24.447 0.4000000060
348  17.257  -91.460  -21.073 0.5000000000
395  21.089  -91.211  -25.579 0.5000000000
541  21.165  -90.900  -22.605 0.5000000000
551  17.583  -90.239  -23.862 0.4000000060
878  18.361  -89.432  -22.751 0.5000000000
924  25.213  -89.385  -28.913 0.3000000119
1223  27.008  -87.912  -18.530 0.3000000119
1237  26.798  -88.174  -19.468 0.3000000119
1265  18.972  -88.583  -21.591 0.3000000119
1274  26.068  -88.356  -21.884 0.3000000119
1277  18.802  -89.093  -22.302 0.5000000000
1285  24.064  -88.879  -23.943 0.4000000060
1298  22.220  -88.944  -25.414 0.4000000060
1320  24.939  -88.658  -28.090 0.3000000119
1330  26.268  -88.526  -28.723 0.3000000119
1331  25.830  -88.870  -28.681 0.3000000119
1806  28.450  -87.340  -27.155 0.4000000060
2266  24.545  -86.793  -22.385 0.3000000119
2286  23.166  -86.866  -24.314 0.4000000060
2322  29.267  -86.683  -26.582 0.3000000119
2328  22.622  -86.184  -27.871 0.4000000060
2860  26.240  -86.415  -26.897 0.3000000119
2862  24.694  -86.143  -27.334 0.4000000060
2873  28.245  -86.448  -28.359 0.4000000060
2888  27.244  -85.284  -30.030 0.4000000060
2898  30.273  -84.993  -33.301 0.5000000000
2903  21.948  -85.193  -32.826 0.4000000060
2913  29.698  -85.191  -35.086 0.6000000238
2916  22.052  -85.662  -34.591 0.5000000000
2928  28.813  -85.390  -36.499 0.6000000238
3338  30.025  -84.573  -23.138 0.3000000119
3339  29.300  -84.356  -23.243 0.3000000119
3342  22.923  -84.538  -22.702 0.3000000119
3425  27.835  -84.619  -30.388 0.5000000000
3438  21.411  -84.503  -31.782 0.5000000000
3444  31.258  -84.140  -32.641 0.4000000060
3445  30.837  -84.502  -32.751 0.4000000060
3447  25.045  -84.076  -33.041 0.6000000238
3450  21.597  -84.868  -32.326 0.5000000000
3462  30.657  -84.512  -33.545 0.4000000060
3463  25.705  -83.855  -33.259 0.6000000238
3465  23.178  -84.664  -33.399 0.5000000000
3477  30.353  -84.489  -34.217 0.5000000000
3478  29.850  -84.649  -34.783 0.5000000000
3480  28.302  -84.070  -35.556 0.6999999881
3485  22.603  -85.227  -34.006 0.5000000000
3496  28.588  -84.681  -36.318 0.6999999881
3945  23.267  -83.503  -22.348 0.3000000119
3958  23.151  -83.316  -23.003 0.5000000000
3972  26.294  -83.644  -23.990 0.3000000119
3976  22.558  -83.741  -24.431 0.5000000000
4010  24.285  -84.020  -26.289 0.5000000000
4019  29.272  -83.429  -28.430 0.4000000060
4021  23.926  -82.933  -28.912 0.8000000119
4022  23.158  -82.928  -28.832 0.6999999881
4039  29.361  -84.126  -30.372 0.4000000060
4052  32.483  -83.183  -32.377 0.5000000000
4060  20.801  -83.892  -31.869 0.5000000000
4549  23.660  -83.278  -21.998 0.3000000119
4561  31.430  -82.858  -22.543 0.3000000119
4563  29.434  -82.760  -22.993 0.3000000119
4610  23.821  -83.040  -25.025 0.4000000060
4619  24.770  -81.808  -27.812 0.6999999881
4623  21.385  -81.786  -27.882 0.8000000119
4635  22.334  -82.696  -28.812 0.8000000119
4649  27.187  -81.948  -29.991 0.6999999881
4650  26.491  -82.443  -29.860 0.6999999881
4652  24.696  -82.784  -29.059 0.8000000119
4654  20.829  -82.358  -29.502 0.6999999881
4666  32.641  -83.203  -30.791 0.4000000060
4668  26.448  -82.808  -30.619 0.6999999881
4672  19.935  -82.157  -30.573 0.8000000119
4685  28.133  -81.889  -32.072 0.8000000119
4704  30.375  -82.440  -33.472 0.6999999881
4718  28.155  -82.709  -33.267 0.8000000119
4735  30.559  -83.195  -33.906 0.6999999881
5206  32.622  -81.734  -22.556 0.3000000119
5245  22.986  -80.874  -26.346 0.6000000238
5248  20.656  -80.541  -26.662 0.6999999881
5263  22.627  -81.516  -26.905 0.6000000238
5264  21.772  -81.439  -27.061 0.6000000238
5265  19.787  -80.425  -27.076 0.8000000119
5281  25.547  -81.616  -28.135 0.6999999881
5283  19.948  -81.166  -28.176 0.8000000119
5299  19.559  -81.118  -28.993 0.6999999881
5311  19.655  -81.533  -29.944 0.8000000119
5336  32.901  -82.213  -32.486 0.5000000000
5337  32.080  -81.907  -32.909 0.6000000238
5338  31.121  -82.079  -33.209 0.6000000238
5910  25.842  -79.782  -26.733 0.5000000000
5911  25.105  -80.003  -26.421 0.5000000000
5912  24.282  -80.121  -26.292 0.5000000000
5915  21.550  -80.344  -26.324 0.6000000238
5932  26.838  -80.015  -27.770 0.6000000238
5947  27.341  -80.156  -28.427 0.6000000238
5977  18.739  -80.138  -30.620 0.6999999881
5991  30.439  -80.788  -31.674 0.6999999881
5993  18.804  -80.443  -31.276 0.6999999881
5994  18.640  -79.849  -31.147 0.6999999881
6606  20.939  -79.821  -26.363 0.6000000238
6618  26.586  -79.466  -27.228 0.6000000238
6635  28.864  -79.149  -28.931 0.6000000238
6661  18.746  -79.729  -30.085 0.8000000119
6676  30.014  -79.934  -30.304 0.6000000238
6689  22.920  -79.342  -31.131 0.6000000238
6690  18.829  -79.055  -32.151 0.6999999881
7351  20.393  -78.401  -27.158 0.6999999881
7352  19.858  -77.997  -27.310 0.6999999881
7389  18.983  -78.328  -28.822 0.8000000119
7405  18.728  -78.839  -30.779 0.6999999881
7414  18.993  -78.367  -31.490 0.6999999881
7415  10.701  -78.015  -31.722 0.6000000238
7423  10.999  -78.144  -32.403 0.6000000238
8118  21.674  -77.447  -28.665 0.6000000238
8120  19.268  -77.605  -28.549 0.8999999762
8144  22.176  -78.257  -30.365 0.6000000238
8148  10.133  -76.957  -30.896 0.6000000238
8152  22.486  -78.220  -31.132 0.5000000000
8156  10.387  -77.547  -31.217 0.6000000238
8157  9.758  -77.478  -31.422 0.6000000238
8163  13.851  -76.996  -32.189 0.6000000238
8164  12.547  -77.339  -32.122 0.6000000238
8166  9.285  -77.394  -31.900 0.6000000238
8180  8.436  -78.601  -32.798 0.6000000238
8212  8.276  -77.372  -34.794 0.5000000000
8853  20.405  -75.946  -27.546 0.6999999881
8869  22.160  -76.292  -28.546 0.6000000238
8870  21.352  -76.704  -27.900 0.6000000238
8871  19.679  -76.076  -28.279 0.8000000119
8882  19.574  -76.137  -29.095 0.8000000119
8884  13.480  -75.986  -29.962 0.5000000000
8885  12.764  -75.795  -30.201 0.5000000000
8893  22.297  -77.221  -30.003 0.6000000238
8895  15.342  -75.967  -30.716 0.6000000238
8897  13.609  -76.456  -30.597 0.5000000000
8898  12.219  -76.333  -30.539 0.5000000000
8900  10.567  -76.558  -30.812 0.6000000238
8908  19.490  -76.326  -31.097 0.6999999881
8911  10.189  -76.414  -30.989 0.5000000000
8921  22.865  -77.002  -32.656 0.5000000000
8923  19.256  -76.388  -32.673 0.6000000238
8927  8.856  -77.315  -32.602 0.6000000238
8944  14.521  -76.970  -33.454 0.5000000000
8945  9.120  -76.528  -33.027 0.6000000238
8946  8.878  -76.476  -33.817 0.6000000238
8960  8.593  -76.559  -34.569 0.5000000000
9017  6.891  -76.201  -38.609 0.6000000238
9666  21.463  -75.176  -27.492 0.6999999881
9680  22.276  -75.328  -28.368 0.6000000238
9682  19.646  -75.295  -27.982 0.8999999762
9693  19.295  -74.942  -28.760 0.6999999881
9694  18.968  -74.714  -29.470 0.6999999881
9696  15.578  -75.044  -29.217 0.6000000238
9697  13.981  -75.415  -29.607 0.6000000238
9712  15.495  -75.535  -29.928 0.6000000238
9714  11.466  -75.730  -30.800 0.6000000238
9726  15.866  -75.859  -31.600 0.5000000000
9728  10.186  -75.983  -31.348 0.5000000000
9738  18.333  -75.293  -32.717 0.5000000000
9739  17.391  -75.277  -32.641 0.6000000238
9741  11.029  -75.117  -32.097 0.6000000238
9753  17.850  -75.494  -33.411 0.5000000000
9754  16.848  -75.747  -33.295 0.6000000238
9756  10.124  -75.495  -33.157 0.5000000000
9757  9.437  -75.927  -33.658 0.6000000238
9769  10.861  -75.358  -35.143 0.6000000238
9770  10.039  -75.369  -34.869 0.6000000238
9793  10.413  -75.319  -36.710 0.6999999881
9795  8.740  -75.705  -36.046 0.6000000238
9807  7.609  -76.006  -38.551 0.5000000000
9817  10.083  -75.124  -38.261 0.6000000238
9818  9.393  -75.214  -38.797 0.6000000238
10512  18.719  -73.698  -27.834 0.8000000119
10513  17.922  -73.526  -27.869 0.6999999881
10525  15.761  -74.382  -28.799 0.6000000238
10534  18.894  -74.465  -28.635 0.6999999881
10536  17.316  -74.349  -29.107 0.6000000238
10539  13.780  -74.827  -29.711 0.6000000238
10540  13.082  -75.170  -30.186 0.5000000000
10554  13.257  -74.474  -31.099 0.6000000238
10556  11.677  -74.935  -31.756 0.6000000238
10574  13.999  -74.133  -34.036 0.6000000238
10588  14.051  -74.179  -34.938 0.6999999881
10591  11.494  -75.228  -34.466 0.6999999881
10612  13.465  -74.821  -36.997 0.6000000238
10613  12.684  -75.007  -36.689 0.6999999881
10620  14.374  -74.703  -38.373 0.6000000238
10621  13.722  -74.888  -38.103 0.5000000000
10624  10.886  -75.093  -38.581 0.6000000238
10634  14.747  -74.313  -39.036 0.6000000238
10636  13.088  -74.637  -38.584 0.5000000000
10639  9.558  -74.846  -39.213 0.5000000000
10645  12.311  -74.397  -39.025 0.5000000000
10646  11.501  -74.290  -39.286 0.5000000000
10647  10.067  -74.469  -39.319 0.5000000000
10648  9.245  -74.539  -39.456 0.5000000000
10649  8.416  -74.662  -39.528 0.5000000000
10650  7.581  -74.732  -39.482 0.5000000000
11322  19.904  -73.292  -27.616 0.8000000119
11323  19.069  -73.240  -27.679 0.8000000119
11325  17.843  -73.043  -27.734 0.6999999881
11333  22.065  -74.044  -28.849 0.6000000238
11334  21.488  -73.422  -28.599 0.6000000238
11336  16.018  -73.702  -28.543 0.6000000238
11337  15.206  -74.071  -28.900 0.6000000238
11344  22.296  -74.079  -29.714 0.6000000238
11346  15.200  -73.568  -29.120 0.6000000238
11348  14.081  -74.253  -29.871 0.6000000238
11352  22.152  -73.335  -30.741 0.5000000000
11353  15.058  -73.285  -29.630 0.6000000238
11354  14.494  -73.640  -30.124 0.6000000238
11375  14.613  -73.508  -31.987 0.6000000238
11376  14.176  -73.864  -32.636 0.6000000238
11386  13.883  -74.119  -33.281 0.6000000238
11397  15.478  -73.307  -34.449 0.6000000238
11419  16.415  -74.152  -37.093 0.6000000238
11420  15.664  -74.329  -36.803 0.6000000238
11432  16.483  -73.964  -38.018 0.6000000238
11446  16.142  -73.727  -38.862 0.6000000238
11448  14.045  -73.917  -39.250 0.6000000238
11450  9.244  -73.380  -39.340 0.5000000000
11458  13.280  -73.454  -39.106 0.6999999881
11461  10.725  -74.031  -39.599 0.5000000000
11464  7.263  -74.155  -39.407 0.5000000000
12154  18.529  -72.721  -27.828 0.6999999881
12168  18.345  -72.150  -28.421 0.8000000119
12173  8.267  -72.601  -28.709 0.6000000238
12175  7.137  -72.294  -29.230 0.6000000238
12183  21.286  -72.927  -29.334 0.6000000238
12185  18.981  -72.050  -28.971 0.8000000119
12187  16.187  -72.540  -29.200 0.6000000238
12189  9.220  -72.536  -29.778 0.6000000238
12190  8.470  -72.662  -29.571 0.6000000238
12197  21.764  -72.810  -30.949 0.5000000000
12200  17.103  -72.068  -30.423 0.6999999881
12202  15.595  -72.699  -29.836 0.6000000238
12203  9.267  -72.363  -30.534 0.6000000238
12205  7.923  -72.567  -30.219 0.6000000238
12206  7.242  -72.283  -29.976 0.6000000238
12219  8.878  -72.236  -31.078 0.6000000238
12220  8.171  -72.281  -30.948 0.6000000238
12230  21.405  -72.344  -32.549 0.5000000000
12242  18.161  -72.174  -33.203 0.5000000000
12258  21.102  -71.739  -34.309 0.6000000238
12260  17.387  -72.748  -34.689 0.5000000000
12261  16.646  -72.782  -34.174 0.6000000238
12262  16.065  -73.044  -34.542 0.6999999881
12268  21.797  -71.856  -35.519 0.6000000238
12269  18.940  -72.690  -36.484 0.6000000238
12280  19.687  -72.752  -37.794 0.6000000238
12283  17.527  -73.670  -36.998 0.6000000238
12294  21.791  -72.177  -38.481 0.6000000238
12299  17.643  -73.560  -38.082 0.6000000238
12300  10.935  -71.883  -38.356 0.6000000238
12301  10.009  -71.964  -38.214 0.5000000000
12302  9.094  -71.931  -38.177 0.6000000238
12303  8.183  -72.013  -38.091 0.5000000000
12313  20.819  -72.435  -39.252 0.6000000238
12314  20.141  -72.971  -39.687 0.5000000000
12317  17.275  -73.108  -38.749 0.6999999881
12318  16.429  -73.129  -38.994 0.6999999881
12319  15.656  -73.264  -39.282 0.6000000238
12322  12.294  -72.560  -38.937 0.6000000238
12323  11.459  -72.431  -39.098 0.6000000238
12326  8.700  -72.573  -38.817 0.5000000000
12333  22.231  -71.746  -39.306 0.5000000000
12334  20.973  -72.090  -39.424 0.5000000000
12336  19.994  -73.010  -40.004 0.5000000000
12337  12.630  -73.127  -39.094 0.6999999881
13040  8.178  -71.318  -25.824 0.6000000238
13041  7.378  -71.316  -25.690 0.5000000000
13045  8.229  -71.800  -26.604 0.6000000238
13047  7.032  -71.564  -26.383 0.5000000000
13048  6.297  -71.246  -26.738 0.6000000238
13068  17.582  -71.975  -28.777 0.6000000238
13069  10.077  -71.809  -28.634 0.6000000238
13070  9.431  -72.142  -28.438 0.6000000238
13071  8.720  -72.370  -28.148 0.6000000238
13081  11.197  -71.296  -29.811 0.8000000119
13094  18.728  -72.016  -30.777 0.6000000238
13096  10.689  -71.667  -30.195 0.6999999881
13107  19.043  -72.022  -31.753 0.5000000000
13110  10.323  -71.622  -30.981 0.6999999881
13114  6.981  -71.447  -31.231 0.5000000000
13123  19.919  -71.832  -33.010 0.6000000238
13125  18.586  -72.006  -32.419 0.5000000000
13128  8.822  -71.232  -31.910 0.6999999881
13129  8.045  -71.152  -31.840 0.6000000238
13140  18.873  -72.048  -33.999 0.6000000238
13157  21.041  -71.597  -36.003 0.6000000238
13158  19.817  -71.828  -35.519 0.6000000238
13159  19.117  -72.180  -35.573 0.6000000238
13169  20.199  -71.954  -36.528 0.6000000238
13171  13.507  -71.131  -36.952 0.6000000238
13175  9.905  -70.957  -36.920 0.6000000238
13189  14.555  -71.515  -38.139 0.6999999881
13191  12.263  -71.645  -37.495 0.6000000238
13196  7.772  -71.839  -37.185 0.5000000000
13201  19.424  -72.586  -39.746 0.5000000000
13206  14.918  -72.512  -39.009 0.6999999881
13216  21.425  -71.747  -39.469 0.5000000000
13217  20.448  -72.275  -39.700 0.5000000000
13218  19.981  -72.773  -39.998 0.5000000000
13850  8.219  -70.192  -25.064 0.6000000238
13852  6.668  -70.766  -23.887 0.5000000000
13858  7.798  -70.817  -25.123 0.6000000238
13869  5.589  -70.744  -26.697 0.6000000238
13879  8.605  -71.489  -27.152 0.6000000238
13900  11.660  -70.792  -29.472 0.8000000119
13901  11.197  -71.199  -29.088 0.8000000119
13922  7.228  -71.050  -31.845 0.5000000000
13923  6.379  -70.851  -31.848 0.5000000000
13939  9.104  -70.459  -32.294 0.6000000238
13942  6.710  -70.264  -32.517 0.5000000000
13971  10.681  -70.013  -35.941 0.6000000238
13972  9.800  -69.980  -35.793 0.6000000238
13973  8.919  -70.024  -35.562 0.5000000000
13974  8.019  -70.089  -35.354 0.5000000000
13982  13.073  -70.639  -36.322 0.6000000238
13983  12.158  -70.589  -36.146 0.5000000000
13984  11.215  -70.537  -36.335 0.6000000238
13987  8.564  -70.735  -36.032 0.6000000238
13995  17.463  -70.634  -38.330 0.5000000000
13997  14.287  -70.987  -37.206 0.6000000238
14004  22.278  -70.401  -39.082 0.5000000000
14007  19.624  -71.420  -39.462 0.5000000000
14008  18.752  -71.533  -39.208 0.5000000000
14009  17.915  -71.570  -38.962 0.5000000000
14017  22.769  -71.042  -39.495 0.5000000000
14020  20.151  -71.982  -39.841 0.5000000000
14658  7.983  -69.559  -24.591 0.6999999881
14699  14.027  -69.571  -27.890 0.6999999881
14700  13.229  -69.544  -27.830 0.6999999881
14722  9.277  -69.820  -28.324 0.8000000119
14736  14.531  -69.066  -29.490 0.6000000238
14749  14.791  -68.589  -30.472 0.6000000238
14752  12.037  -70.074  -30.619 0.8000000119
14767  10.856  -69.991  -31.823 0.6999999881
14785  10.188  -69.204  -32.287 0.6999999881
14787  8.436  -69.688  -32.840 0.6000000238
14797  7.914  -69.045  -33.459 0.5000000000
14798  7.210  -69.388  -33.645 0.5000000000
14809  7.281  -69.537  -34.370 0.6000000238
14818  14.821  -69.324  -35.304 0.5000000000
14819  13.254  -69.518  -35.627 0.5000000000
14821  11.550  -69.245  -35.768 0.6000000238
14823  9.225  -69.076  -35.248 0.5000000000
14834  14.117  -69.918  -35.749 0.5000000000
14854  23.764  -69.460  -38.486 0.5000000000
14857  20.878  -69.889  -38.625 0.5000000000
15562  7.930  -68.885  -24.913 0.6999999881
15576  14.519  -68.910  -26.517 0.4000000060
15578  12.490  -68.823  -26.461 0.6000000238
15579  11.618  -68.428  -26.911 0.6000000238
15580  7.484  -68.744  -26.836 0.6999999881
15595  14.728  -69.070  -27.579 0.4000000060
15613  15.224  -67.746  -28.859 0.6000000238
15614  14.920  -68.660  -28.652 0.5000000000
15618  7.878  -68.705  -28.278 0.8000000119
15648  14.094  -68.871  -31.024 0.6999999881
15666  15.267  -67.716  -31.156 0.6000000238
15668  13.580  -68.417  -31.709 0.8000000119
15669  12.674  -68.625  -31.823 0.6999999881
15682  11.245  -68.010  -32.393 0.6999999881
15683  10.279  -68.090  -32.520 0.8000000119
15694  9.529  -67.810  -32.860 0.6000000238
15695  8.952  -68.115  -33.075 0.6000000238
15696  8.418  -68.372  -33.655 0.6000000238
15698  7.185  -69.381  -34.014 0.5000000000
15707  10.905  -67.349  -35.060 0.6000000238
15708  9.648  -67.930  -34.513 0.6000000238
15709  8.879  -67.988  -34.204 0.6000000238
15721  12.984  -68.635  -35.510 0.5000000000
15723  11.256  -68.118  -35.635 0.5000000000
15725  9.162  -68.324  -34.746 0.6000000238
16447  6.322  -67.906  -23.546 0.4000000060
16462  11.096  -67.053  -24.762 0.4000000060
16463  7.364  -68.228  -24.606 0.6999999881
16464  6.729  -67.846  -24.178 0.5000000000
16473  13.441  -68.126  -24.890 0.4000000060
16474  12.395  -68.092  -24.890 0.4000000060
16476  6.635  -67.419  -25.725 0.8000000119
16502  15.415  -66.553  -27.939 0.5000000000
16504  10.869  -68.160  -27.525 0.6999999881
16505  6.585  -67.327  -27.628 0.6999999881
16506  6.179  -66.852  -27.071 0.6999999881
16518  9.442  -67.660  -28.535 0.6999999881
16527  7.670  -66.890  -28.691 0.6999999881
16554  15.390  -66.794  -31.582 0.6000000238
16569  12.911  -66.716  -32.776 0.6000000238
16586  10.907  -67.143  -33.461 0.6999999881
16589  8.828  -67.917  -33.688 0.6000000238
16601  12.161  -66.814  -34.626 0.6000000238
16602  11.302  -66.887  -34.335 0.6999999881
16617  13.654  -67.520  -34.939 0.5000000000
17379  4.682  -66.945  -23.961 0.5000000000
17397  4.034  -66.062  -25.080 0.5000000000
17411  15.132  -66.949  -25.830 0.3000000119
17429  4.815  -65.559  -26.504 0.6000000238
17439  9.468  -66.107  -27.935 0.5000000000
17448  15.470  -65.984  -28.516 0.4000000060
17449  9.681  -67.131  -27.974 0.6999999881
17452  6.100  -66.067  -28.506 0.6999999881
17460  8.672  -66.098  -28.613 0.6999999881
17461  8.065  -66.071  -28.816 0.6000000238
17485  15.301  -65.718  -31.784 0.5000000000
17486  14.900  -65.357  -32.456 0.5000000000
17487  13.313  -66.088  -33.079 0.6999999881
17488  12.157  -66.662  -33.003 0.6999999881
17500  12.276  -66.427  -33.489 0.6999999881
17508  14.470  -66.255  -34.351 0.5000000000
17511  11.920  -66.493  -33.973 0.6000000238
18365  3.494  -64.955  -25.789 0.6000000238
18379  4.380  -64.998  -26.443 0.8000000119
18398  5.809  -65.335  -28.540 0.6999999881
18408  7.746  -65.359  -29.294 0.6000000238
18410  6.087  -64.992  -28.879 0.6999999881
18450  13.748  -65.828  -33.347 0.6999999881
18458  14.170  -65.724  -33.719 0.5000000000
19312  10.525  -64.799  -25.817 0.3000000119
19313  3.170  -64.295  -25.359 0.5000000000
19331  4.563  -64.471  -26.541 0.6999999881
19342  10.234  -64.267  -27.836 0.3000000119
19355  5.795  -64.763  -28.442 0.5000000000
19364  9.277  -63.935  -29.687 0.4000000060
19367  6.590  -64.919  -29.207 0.6000000238
20219  3.003  -63.229  -24.272 0.6000000238
20226  3.249  -62.877  -24.752 0.6000000238
20236  10.809  -63.941  -27.173 0.3000000119
20238  4.357  -63.721  -26.191 0.6999999881
20248  6.285  -63.456  -27.781 0.6000000238
20256  6.783  -63.875  -28.573 0.5000000000
20263  9.475  -63.231  -29.803 0.4000000060
20264  8.769  -63.691  -29.734 0.5000000000
20266  7.008  -64.360  -29.218 0.5000000000
21142  7.505  -62.517  -22.670 0.4000000060
21159  6.659  -62.692  -23.485 0.5000000000
21160  5.161  -62.370  -23.895 0.6000000238
21179  5.078  -62.293  -25.444 0.6999999881
21180  3.802  -62.287  -24.525 0.6000000238
21191  7.179  -62.242  -26.681 0.6000000238
21194  4.682  -62.835  -25.939 0.6999999881
21209  8.214  -62.194  -27.797 0.6000000238
21211  6.665  -62.761  -27.239 0.5000000000
21238  10.205  -62.805  -29.638 0.3000000119
22139  3.688  -61.211  -20.232 0.5000000000
22147  9.646  -61.095  -21.011 0.4000000060
22153  3.736  -60.835  -20.660 0.5000000000
22163  9.165  -61.998  -22.126 0.5000000000
22176  10.626  -61.116  -23.267 0.3000000119
22180  5.101  -61.988  -24.227 0.5000000000
22199  5.526  -62.082  -24.912 0.5000000000
22223  6.859  -62.070  -25.957 0.5000000000
23162  8.938  -60.985  -20.673 0.3000000119
23167  3.498  -60.181  -20.940 0.3000000119
23220  10.419  -60.665  -27.122 0.3000000119
23229  10.603  -60.647  -27.935 0.3000000119
23238  11.533  -60.518  -28.998 0.3000000119
23240  10.259  -61.173  -28.420 0.3000000119
24118  3.041  -59.758  -20.293 0.3000000119
24202  12.830  -59.501  -29.231 0.3000000119
107987  18.971  -79.067  -28.574 0.8999999762
108249  12.130  -75.152  -37.426 0.6000000238
108920  16.870  -72.503  -28.546 0.5000000000
109533  6.639  -71.994  -28.616 0.6000000238
109840  24.178  -89.203  -23.398 0.4000000060
109999  19.380  -79.992  -27.487 0.8000000119
110071  15.196  -73.357  -33.838 0.6999999881
110309  6.226  -70.792  -24.526 0.5000000000
110443  7.630  -69.672  -23.903 0.6999999881
110508  10.005  -64.926  -27.270 0.3000000119
110710  9.011  -63.040  -29.816 0.3000000119
110798  22.782  -75.395  -31.732 0.5000000000
110934  10.882  -75.174  -32.851 0.4000000060
111328  22.552  -76.395  -30.484 0.6000000238
111406  27.511  -86.791  -25.952 0.3000000119
111663  7.562  -71.999  -26.781 0.6000000238
111668  6.507  -62.030  -25.224 0.4000000060
111865  9.000  -75.475  -38.074 0.6000000238
112206  19.423  -75.608  -30.588 0.6999999881
112387  6.512  -69.767  -34.200 0.5000000000
113016  21.610  -90.872  -22.631 0.4000000060
113516  3.267  -58.812  -20.232 0.3000000119
113522  19.845  -78.795  -27.137 0.8000000119
113673  10.863  -74.625  -39.139 0.5000000000
113766  11.965  -73.925  -39.394 0.5000000000
113783  7.918  -69.354  -34.668 0.5000000000
114213  19.271  -76.815  -33.341 0.5000000000
114472  9.040  -68.115  -28.755 0.8000000119
114703  17.313  -90.940  -21.790 0.5000000000
115301  15.801  -72.663  -30.720 0.6000000238
115628  23.342  -86.489  -23.784 0.4000000060
115769  18.929  -73.127  -37.598 0.6000000238
115889  3.720  -66.287  -24.089 0.5000000000
116039  19.389  -76.797  -31.927 0.6000000238
116159  21.566  -72.086  -33.875 0.5000000000
116337  20.225  -82.683  -31.038 0.8000000119
116354  22.384  -72.253  -37.250 0.5000000000
117255  31.610  -83.984  -31.041 0.4000000060
118218  28.615  -84.087  -23.357 0.3000000119
118304  18.992  -86.730  -26.344 0.3000000119
118415  6.988  -62.304  -20.598 0.4000000060
118563  22.649  -76.122  -31.239 0.6000000238
118947  10.438  -70.407  -28.224 0.8000000119
119355  9.106  -71.790  -31.533 0.6000000238
119642  11.577  -67.710  -25.035 0.5000000000
119662  25.771  -82.693  -29.573 0.8000000119
119988  6.446  -71.772  -27.833 0.6000000238
120595  24.776  -89.159  -22.271 0.4000000060
120608  12.204  -75.012  -34.952 0.6999999881
121275  23.888  -83.428  -29.905 0.6000000238
121304  12.083  -69.900  -35.802 0.5000000000
121813  15.162  -73.174  -31.453 0.6000000238
121917  23.335  -71.489  -39.520 0.5000000000
121945  11.622  -75.002  -33.492 0.4000000060
121989  10.399  -67.913  -35.115 0.5000000000
122069  31.552  -81.129  -32.138 0.6999999881
122224  13.487  -68.208  -35.251 0.5000000000
122628  8.867  -78.075  -32.259 0.6000000238
122815  7.137  -67.902  -25.293 0.6999999881
123091  15.220  -73.620  -35.032 0.6000000238
123198  30.428  -82.529  -28.076 0.3000000119
123240  7.279  -72.258  -27.645 0.6000000238
123545  14.535  -76.336  -30.651 0.5000000000
123606  10.969  -60.348  -26.746 0.3000000119
123674  19.758  -76.613  -27.863 0.8999999762
124429  18.834  -75.312  -32.022 0.6000000238
124597  30.244  -83.682  -22.622 0.3000000119
124611  26.551  -88.355  -17.460 0.3000000119
124718  20.059  -75.436  -27.556 0.6999999881
124723  29.994  -85.120  -26.181 0.4000000060
124751  18.283  -71.839  -30.062 0.6999999881
124777  11.849  -68.756  -35.747 0.5000000000
124928  22.154  -74.621  -28.375 0.6000000238
125167  13.258  -77.249  -32.515 0.6000000238
125272  19.649  -72.326  -28.757 0.8000000119
125551  11.983  -75.902  -30.511 0.6000000238
125692  24.445  -88.011  -27.767 0.3000000119
125872  17.970  -91.252  -24.928 0.4000000060
126188  22.135  -73.554  -30.111 0.5000000000
126698  6.640  -66.891  -28.293 0.6999999881
127056  23.904  -84.378  -33.801 0.4000000060
127122  15.898  -65.702  -28.460 0.4000000060
127224  5.974  -62.637  -23.771 0.6000000238
127294  21.608  -78.487  -27.939 0.6000000238
127296  10.462  -66.814  -25.946 0.6000000238
127616  9.861  -61.100  -26.150 0.4000000060
127810  18.099  -89.835  -21.034 0.4000000060
128040  15.309  -74.326  -38.708 0.6000000238
128137  23.987  -89.202  -19.294 0.3000000119
128468  19.354  -72.114  -30.319 0.6999999881
128647  22.612  -84.887  -32.812 0.4000000060
128729  17.324  -72.281  -32.176 0.6000000238
128818  14.259  -74.434  -29.531 0.6000000238
128868  22.758  -88.522  -25.249 0.3000000119
128901  11.849  -77.465  -31.684 0.6000000238
129018  21.668  -84.533  -25.779 0.4000000060
129030  4.358  -62.366  -25.164 0.6999999881
129106  11.335  -77.830  -31.931 0.6000000238
129198  19.824  -80.820  -27.618 0.8000000119
130022  4.401  -60.943  -20.791 0.5000000000
130125  6.900  -62.796  -20.559 0.5000000000
130173  20.865  -91.459  -23.015 0.5000000000
130217  21.839  -84.734  -31.834 0.5000000000
