#!ascii label  , from subject sub-041 vox2ras=TkReg
2032
40145  -32.585  -42.244  -33.822 0.5000000000
41015  -33.138  -41.677  -33.568 0.4000000060
41895  -33.371  -40.121  -33.956 0.5000000000
42674  -33.934  -39.580  -34.734 0.5000000000
57680  -34.990  -20.062  -35.402 0.5000000000
57679  -33.760  -20.257  -35.365 0.4000000060
58523  -34.938  -19.079  -35.447 0.4000000060
118442  -33.653  -19.525  -35.371 0.4000000060
59348  -34.183  -18.034  -35.393 0.6000000238
58522  -33.261  -18.712  -35.237 0.5000000000
60110  -34.629  -17.232  -35.361 0.5000000000
60109  -33.541  -17.320  -35.074 0.5000000000
60888  -33.370  -16.644  -34.682 0.5000000000
60894  -34.048  -16.582  -35.151 0.5000000000
61684  -34.540  -15.855  -35.330 0.4000000060
106912  -32.575  -43.347  -34.669 0.5000000000
40162  -32.815  -42.835  -34.142 0.4000000060
40146  -33.352  -42.496  -33.734 0.5000000000
39345  -34.146  -42.896  -33.650 0.5000000000
116075  -34.709  -41.550  -33.647 0.5000000000
41033  -34.676  -40.910  -33.867 0.5000000000
41896  -34.343  -40.321  -34.198 0.5000000000
42695  -34.507  -39.186  -35.634 0.5000000000
56064  -34.209  -22.672  -35.385 0.5000000000
110685  -34.595  -21.851  -35.422 0.5000000000
105646  -35.103  -20.993  -35.409 0.5000000000
59349  -35.768  -18.358  -35.494 0.6000000238
109902  -36.991  -12.723  -35.559 0.3000000119
60895  -35.212  -16.542  -35.460 0.4000000060
63990  -35.947  -12.369  -35.393 0.3000000119
62466  -34.143  -14.585  -35.225 0.4000000060
112129  -34.878  -15.096  -35.371 0.3000000119
113262  -34.983  -14.222  -35.262 0.4000000060
41874  -33.853  -41.045  -33.649 0.5000000000
106077  -34.003  -41.992  -33.575 0.5000000000
108332  -34.705  -11.930  -35.330 0.3000000119
118548  -34.951  -12.675  -35.384 0.3000000119
30680  -39.828  -55.113  -39.405 0.3000000119
31554  -40.000  -54.392  -39.380 0.3000000119
30682  -40.756  -54.215  -39.761 0.4000000060
31555  -41.142  -53.449  -39.781 0.4000000060
119031  -41.172  -54.919  -40.264 0.4000000060
111814  -41.529  -54.056  -40.380 0.4000000060
113568  -42.086  -54.773  -40.864 0.4000000060
30695  -43.476  -54.711  -41.421 0.4000000060
32395  -44.341  -53.311  -41.319 0.4000000060
31546  -39.489  -53.952  -38.847 0.3000000119
31547  -40.212  -53.396  -39.242 0.3000000119
32376  -40.873  -52.834  -39.403 0.4000000060
31562  -41.835  -53.334  -40.412 0.4000000060
32385  -42.554  -53.009  -40.698 0.4000000060
32378  -42.915  -52.430  -40.379 0.4000000060
104170  -45.775  -52.196  -41.069 0.4000000060
33979  -40.702  -50.655  -36.782 0.3000000119
33189  -40.455  -51.277  -37.624 0.3000000119
33984  -41.379  -50.807  -37.436 0.3000000119
32369  -41.185  -52.216  -39.123 0.4000000060
33992  -42.358  -51.333  -38.698 0.4000000060
32377  -41.735  -52.705  -39.904 0.4000000060
33208  -42.209  -51.917  -39.374 0.4000000060
33209  -43.346  -51.762  -39.829 0.4000000060
33219  -44.260  -52.329  -40.742 0.4000000060
33211  -45.613  -51.302  -39.704 0.4000000060
35639  -45.294  -49.575  -38.095 0.4000000060
34803  -45.908  -50.058  -38.537 0.4000000060
34003  -46.125  -50.835  -39.390 0.4000000060
108471  -40.512  -50.342  -35.888 0.3000000119
33182  -39.849  -50.970  -37.039 0.3000000119
104155  -41.580  -50.446  -36.109 0.3000000119
33985  -42.131  -50.851  -38.043 0.3000000119
33993  -43.211  -51.034  -38.338 0.3000000119
33199  -42.974  -51.432  -39.044 0.4000000060
33200  -44.182  -51.207  -39.059 0.4000000060
105306  -45.456  -50.005  -37.521 0.4000000060
33201  -45.445  -50.760  -38.574 0.4000000060
33210  -44.475  -51.655  -40.136 0.4000000060
35638  -44.281  -48.803  -37.920 0.4000000060
34785  -42.107  -49.874  -34.889 0.3000000119
33972  -42.472  -50.187  -35.595 0.3000000119
33973  -43.798  -50.247  -35.695 0.3000000119
33986  -43.421  -50.645  -37.339 0.4000000060
34791  -45.224  -50.063  -36.018 0.4000000060
33994  -44.434  -50.693  -37.973 0.4000000060
37083  -45.203  -47.752  -34.732 0.3000000119
35621  -45.113  -48.916  -35.533 0.4000000060
33988  -45.216  -50.106  -36.789 0.4000000060
36328  -44.421  -47.968  -35.316 0.3000000119
35631  -44.786  -49.044  -36.596 0.4000000060
34797  -45.353  -49.932  -36.528 0.4000000060
36336  -43.694  -48.109  -36.190 0.4000000060
37061  -42.537  -46.661  -32.701 0.3000000119
35603  -42.469  -47.957  -33.229 0.3000000119
37801  -42.973  -45.997  -32.756 0.3000000119
34784  -41.166  -49.834  -34.752 0.3000000119
34774  -42.486  -49.053  -33.883 0.3000000119
35616  -43.855  -49.129  -34.200 0.3000000119
36318  -45.325  -48.138  -33.762 0.3000000119
118929  -43.976  -49.587  -34.735 0.3000000119
35617  -44.837  -48.967  -34.224 0.3000000119
35622  -45.110  -49.310  -35.083 0.3000000119
34781  -44.881  -49.453  -34.735 0.3000000119
36329  -45.286  -48.480  -34.538 0.3000000119
33974  -44.827  -50.176  -35.668 0.3000000119
107219  -44.152  -46.874  -35.349 0.3000000119
37827  -43.599  -45.777  -35.692 0.4000000060
118005  -42.779  -46.363  -36.412 0.4000000060
36310  -43.057  -47.414  -33.056 0.3000000119
37808  -44.087  -46.156  -33.263 0.3000000119
36317  -43.625  -48.101  -33.436 0.3000000119
120483  -44.618  -48.300  -33.643 0.3000000119
37076  -46.207  -47.134  -34.021 0.3000000119
36319  -45.914  -47.740  -33.974 0.3000000119
37084  -46.323  -46.711  -34.319 0.3000000119
36323  -45.927  -47.732  -34.000 0.3000000119
106841  -45.565  -48.252  -34.111 0.3000000119
37830  -46.683  -45.922  -35.068 0.3000000119
37829  -45.850  -46.272  -35.160 0.3000000119
107056  -46.019  -45.433  -35.574 0.3000000119
111468  -44.845  -45.362  -35.523 0.3000000119
38585  -45.119  -44.528  -35.807 0.3000000119
38583  -43.140  -44.797  -35.916 0.4000000060
116416  -43.292  -45.183  -32.890 0.3000000119
38555  -43.594  -44.332  -33.154 0.3000000119
36311  -44.266  -47.707  -33.377 0.3000000119
115774  -45.263  -45.349  -33.571 0.3000000119
39350  -43.953  -43.389  -33.375 0.3000000119
40152  -44.787  -42.969  -33.612 0.3000000119
37809  -45.418  -46.299  -33.593 0.3000000119
41022  -44.795  -41.923  -33.477 0.3000000119
37085  -46.714  -46.157  -34.421 0.3000000119
37071  -46.507  -46.517  -34.110 0.3000000119
37070  -46.392  -46.683  -33.938 0.3000000119
117181  -46.922  -45.288  -35.641 0.3000000119
38586  -46.189  -44.635  -36.028 0.3000000119
38584  -43.888  -44.367  -35.649 0.4000000060
39376  -44.466  -43.600  -35.900 0.4000000060
38600  -42.559  -44.123  -36.639 0.5000000000
116553  -44.355  -45.282  -33.327 0.3000000119
38565  -45.725  -44.814  -33.722 0.3000000119
39351  -44.903  -43.876  -33.637 0.3000000119
37810  -46.145  -45.899  -33.738 0.3000000119
38566  -46.675  -45.616  -33.988 0.3000000119
108358  -45.615  -42.661  -33.861 0.3000000119
113314  -45.465  -41.615  -33.520 0.3000000119
37819  -46.809  -46.034  -34.316 0.3000000119
37811  -46.608  -46.334  -33.971 0.3000000119
40153  -46.264  -41.783  -33.838 0.3000000119
37820  -47.222  -45.488  -35.053 0.3000000119
41879  -46.617  -40.920  -33.317 0.3000000119
38602  -47.165  -44.669  -36.504 0.3000000119
41881  -48.978  -40.809  -33.349 0.3000000119
39390  -46.313  -43.919  -36.477 0.3000000119
39377  -45.474  -43.721  -36.156 0.3000000119
40173  -44.883  -42.814  -36.116 0.4000000060
40172  -43.860  -42.801  -36.012 0.5000000000
39363  -46.465  -44.591  -34.072 0.3000000119
39352  -45.595  -43.763  -33.866 0.3000000119
38574  -47.133  -45.197  -34.563 0.3000000119
39364  -46.920  -44.079  -34.450 0.3000000119
40165  -46.470  -42.947  -34.324 0.3000000119
38575  -47.616  -45.063  -35.231 0.3000000119
41039  -46.941  -42.308  -34.411 0.3000000119
38587  -47.603  -45.095  -35.864 0.3000000119
41024  -47.251  -41.401  -34.009 0.3000000119
113259  -48.458  -41.673  -34.620 0.3000000119
41903  -48.922  -41.190  -34.248 0.3000000119
41042  -50.633  -42.293  -35.272 0.3000000119
39391  -46.876  -43.585  -37.105 0.3000000119
40174  -45.926  -42.895  -36.599 0.3000000119
39365  -47.624  -44.475  -34.953 0.3000000119
38588  -47.947  -45.071  -35.793 0.3000000119
39378  -48.173  -44.751  -35.635 0.3000000119
40175  -48.286  -43.803  -35.335 0.3000000119
40166  -47.328  -43.322  -34.705 0.3000000119
38603  -48.182  -44.790  -36.628 0.3000000119
38589  -48.614  -44.813  -36.406 0.3000000119
39379  -48.983  -44.533  -36.143 0.3000000119
39380  -49.954  -44.404  -36.652 0.3000000119
40176  -49.261  -43.924  -35.890 0.3000000119
41040  -47.799  -42.333  -34.724 0.3000000119
39392  -47.820  -44.117  -37.394 0.3000000119
40177  -51.033  -44.499  -37.084 0.3000000119
41052  -50.202  -43.599  -35.999 0.3000000119
40188  -51.755  -44.409  -37.418 0.3000000119
40178  -51.736  -44.081  -36.579 0.3000000119
40179  -52.345  -44.398  -37.141 0.3000000119
40187  -46.805  -42.487  -37.419 0.4000000060
111462  -46.111  -41.858  -36.794 0.4000000060
41062  -53.666  -43.359  -36.940 0.3000000119
40186  -45.230  -41.859  -36.143 0.3000000119
41928  -53.757  -42.321  -36.947 0.3000000119
115716  -44.453  -40.974  -36.081 0.5000000000
123512  -43.533  -41.222  -36.258 0.5000000000
38613  -48.630  -44.416  -37.538 0.3000000119
38604  -48.940  -44.757  -37.138 0.3000000119
39399  -50.266  -44.034  -38.412 0.3000000119
39394  -50.361  -44.553  -37.603 0.3000000119
39395  -51.060  -44.381  -37.858 0.3000000119
116036  -47.609  -43.120  -37.885 0.4000000060
41060  -52.062  -43.962  -37.736 0.3000000119
41058  -46.933  -41.193  -37.651 0.4000000060
41061  -53.097  -43.900  -37.079 0.3000000119
41927  -53.279  -42.756  -37.350 0.4000000060
41914  -52.217  -41.051  -36.509 0.4000000060
41057  -45.643  -40.819  -36.667 0.5000000000
41915  -53.264  -41.237  -36.936 0.3000000119
119611  -44.777  -40.163  -36.450 0.6000000238
41920  -43.686  -40.156  -36.826 0.6000000238
40193  -48.568  -43.528  -38.325 0.3000000119
40194  -49.462  -43.328  -38.844 0.3000000119
41936  -49.813  -41.906  -38.448 0.3000000119
125361  -48.117  -42.771  -38.455 0.3000000119
40195  -50.003  -43.327  -38.799 0.3000000119
119863  -50.334  -43.084  -38.614 0.3000000119
40196  -51.255  -43.976  -38.060 0.3000000119
41059  -50.902  -42.869  -38.156 0.4000000060
40192  -47.680  -42.156  -38.286 0.4000000060
41925  -51.186  -42.096  -37.598 0.4000000060
41933  -47.470  -39.981  -38.632 0.5000000000
41926  -52.483  -42.795  -37.682 0.4000000060
41913  -51.038  -40.954  -36.339 0.4000000060
41905  -51.358  -40.173  -35.537 0.4000000060
41923  -46.481  -40.161  -37.584 0.5000000000
41922  -45.698  -39.583  -37.129 0.6000000238
42686  -51.923  -39.918  -35.429 0.4000000060
42687  -52.176  -38.950  -35.160 0.4000000060
42703  -52.731  -40.048  -36.074 0.3000000119
41921  -44.665  -39.424  -36.868 0.6000000238
42708  -44.680  -38.715  -37.330 0.6000000238
42707  -43.916  -39.130  -37.434 0.6999999881
41068  -48.566  -42.332  -38.895 0.3000000119
41069  -49.289  -42.351  -38.901 0.3000000119
41067  -47.922  -41.155  -38.887 0.3000000119
41924  -50.264  -41.660  -37.674 0.3000000119
41912  -50.061  -40.993  -36.758 0.4000000060
42719  -47.949  -39.375  -38.741 0.5000000000
42718  -47.473  -38.981  -38.513 0.5000000000
41932  -46.752  -39.402  -38.138 0.6000000238
112999  -51.281  -39.328  -34.911 0.4000000060
43448  -51.908  -37.934  -34.938 0.4000000060
42709  -45.522  -38.662  -37.433 0.6000000238
42715  -43.150  -38.840  -38.365 0.6999999881
41935  -48.716  -40.838  -38.674 0.4000000060
41911  -49.433  -40.844  -37.704 0.4000000060
42701  -49.185  -40.173  -36.647 0.4000000060
41934  -48.118  -40.305  -38.911 0.4000000060
42711  -48.689  -39.720  -38.079 0.4000000060
42702  -49.834  -40.191  -35.705 0.4000000060
42710  -48.083  -39.081  -38.485 0.4000000060
42685  -50.575  -39.811  -35.192 0.4000000060
43431  -50.454  -38.915  -34.549 0.4000000060
117285  -50.204  -38.057  -34.205 0.4000000060
43467  -47.388  -38.202  -38.201 0.6000000238
109378  -51.164  -38.241  -34.540 0.4000000060
44174  -51.375  -37.261  -34.625 0.4000000060
43466  -46.595  -37.784  -38.067 0.6000000238
43465  -45.267  -37.847  -37.657 0.6999999881
44890  -51.618  -36.429  -34.940 0.4000000060
43464  -44.564  -37.205  -38.105 0.6999999881
42723  -42.328  -38.764  -38.743 0.6999999881
113562  -48.532  -39.570  -36.672 0.4000000060
43468  -47.792  -38.797  -38.455 0.4000000060
42700  -48.102  -39.069  -37.396 0.4000000060
42683  -48.849  -39.594  -35.443 0.4000000060
43458  -47.754  -38.452  -38.145 0.5000000000
42684  -49.721  -39.395  -34.813 0.4000000060
44205  -46.935  -37.390  -38.003 0.6999999881
44173  -50.586  -37.297  -34.194 0.4000000060
44204  -46.552  -36.695  -37.935 0.6999999881
44889  -50.883  -36.460  -34.271 0.4000000060
45691  -50.346  -35.624  -33.884 0.4000000060
44203  -45.080  -36.289  -38.391 0.6999999881
45706  -51.132  -35.648  -34.584 0.4000000060
44206  -42.936  -37.334  -38.595 0.6999999881
46526  -50.781  -34.219  -35.042 0.4000000060
48106  -50.899  -32.270  -36.554 0.4000000060
43447  -47.558  -38.469  -36.779 0.4000000060
42682  -48.046  -39.147  -35.961 0.4000000060
43457  -47.359  -37.789  -37.864 0.6999999881
43430  -49.081  -38.849  -34.489 0.4000000060
44197  -47.046  -37.206  -37.616 0.6999999881
43416  -49.419  -38.084  -34.031 0.4000000060
44161  -49.785  -37.336  -33.850 0.4000000060
44196  -46.606  -36.687  -37.190 0.6999999881
44160  -48.969  -37.464  -33.518 0.4000000060
44870  -49.413  -36.661  -33.427 0.4000000060
106741  -45.914  -36.012  -38.243 0.6999999881
44871  -50.127  -36.546  -33.822 0.4000000060
46517  -50.669  -34.855  -34.376 0.4000000060
47330  -50.391  -34.007  -34.127 0.4000000060
44208  -44.471  -35.940  -38.561 0.6999999881
47344  -50.366  -33.421  -34.890 0.4000000060
44207  -43.802  -36.639  -38.472 0.6999999881
48098  -50.534  -32.682  -35.597 0.4000000060
48818  -50.342  -31.742  -35.942 0.4000000060
43428  -47.466  -38.682  -35.222 0.4000000060
43429  -48.216  -38.939  -34.789 0.4000000060
43427  -46.947  -38.201  -35.749 0.6000000238
43414  -47.793  -38.327  -34.179 0.5000000000
43415  -48.642  -38.233  -34.045 0.4000000060
43441  -34.967  -38.729  -36.328 0.4000000060
43453  -35.349  -38.080  -36.784 0.5000000000
44187  -46.788  -37.452  -36.392 0.6000000238
44900  -45.836  -36.177  -36.494 0.6000000238
44869  -48.785  -36.741  -33.092 0.4000000060
44908  -46.135  -35.774  -37.812 0.6000000238
45677  -49.006  -35.890  -33.030 0.4000000060
45725  -45.554  -34.666  -37.730 0.6999999881
45690  -49.589  -35.253  -33.405 0.4000000060
45733  -45.106  -34.375  -38.090 0.6999999881
112469  -49.778  -33.885  -33.561 0.4000000060
45736  -44.042  -35.137  -38.583 0.6999999881
47329  -50.007  -33.231  -34.012 0.4000000060
47343  -49.999  -32.641  -34.699 0.4000000060
48817  -49.771  -31.280  -35.339 0.4000000060
49529  -49.618  -29.895  -36.506 0.4000000060
43413  -46.855  -38.220  -34.376 0.5000000000
44172  -46.287  -37.846  -35.050 0.6000000238
44158  -47.501  -37.742  -33.413 0.5000000000
44191  -34.201  -37.353  -36.375 0.3000000119
43452  -34.576  -38.069  -36.592 0.4000000060
44171  -45.581  -37.381  -34.511 0.6000000238
117641  -48.264  -37.809  -33.592 0.4000000060
113826  -45.080  -35.350  -35.745 0.6000000238
44159  -48.248  -37.230  -33.122 0.5000000000
108629  -44.810  -33.231  -36.944 0.6999999881
45715  -45.280  -34.169  -36.920 0.6000000238
46534  -44.295  -32.854  -37.278 0.8000000119
45724  -45.012  -33.684  -37.602 0.6999999881
45678  -48.938  -34.858  -33.016 0.4000000060
120517  -49.493  -34.516  -33.351 0.4000000060
47328  -49.297  -33.060  -33.421 0.4000000060
111880  -49.601  -32.579  -34.049 0.4000000060
48095  -49.583  -31.851  -34.467 0.4000000060
49524  -49.530  -30.335  -35.574 0.4000000060
121866  -49.302  -29.209  -36.698 0.4000000060
44157  -46.085  -37.796  -33.905 0.6000000238
116250  -46.683  -37.742  -33.475 0.5000000000
44905  -34.686  -36.713  -36.947 0.4000000060
44192  -35.027  -37.353  -37.107 0.4000000060
122769  -44.843  -36.779  -34.115 0.6000000238
44148  -47.638  -37.114  -32.841 0.5000000000
119997  -35.595  -36.918  -37.325 0.5000000000
46516  -44.138  -33.327  -35.400 0.6999999881
111016  -44.738  -33.758  -36.111 0.6999999881
44194  -36.147  -37.417  -36.957 0.5000000000
46524  -43.587  -32.586  -35.648 0.6999999881
116409  -47.534  -35.818  -32.261 0.5000000000
45713  -36.550  -35.551  -36.024 0.6999999881
115812  -36.534  -36.201  -36.556 0.6000000238
46523  -42.580  -33.088  -35.682 0.6999999881
47348  -42.925  -32.635  -35.451 0.6999999881
46532  -43.046  -32.711  -36.345 0.6999999881
120615  -47.722  -34.872  -32.121 0.5000000000
46512  -36.506  -34.381  -34.523 0.6999999881
45701  -36.597  -35.261  -34.830 0.6999999881
45714  -42.710  -33.871  -36.292 0.6999999881
45676  -48.272  -35.331  -32.619 0.4000000060
46514  -41.948  -33.114  -34.977 0.6999999881
45704  -42.199  -34.219  -35.365 0.8000000119
47318  -48.658  -33.276  -32.781 0.4000000060
46501  -49.088  -33.959  -33.091 0.4000000060
48084  -49.138  -32.184  -33.720 0.4000000060
48803  -49.122  -31.457  -33.914 0.4000000060
49511  -49.288  -30.780  -34.532 0.4000000060
50274  -49.116  -29.778  -34.978 0.4000000060
44144  -44.717  -37.033  -33.137 0.6000000238
44156  -45.402  -37.399  -33.433 0.6000000238
44146  -46.142  -37.454  -32.994 0.6000000238
44147  -46.937  -37.324  -32.872 0.5000000000
45720  -34.817  -35.837  -37.066 0.4000000060
44912  -35.201  -36.490  -37.361 0.4000000060
44913  -35.827  -36.337  -37.449 0.6999999881
45688  -43.989  -34.359  -34.481 0.6999999881
45689  -44.403  -35.676  -34.496 0.6000000238
44847  -45.928  -36.535  -31.664 0.5000000000
44914  -36.252  -36.257  -37.196 0.6999999881
47327  -43.061  -32.555  -34.550 0.6999999881
46500  -43.151  -33.036  -33.659 0.6999999881
110872  -43.415  -34.431  -33.590 0.6999999881
45705  -44.487  -34.465  -35.201 0.6999999881
44855  -46.410  -36.996  -32.281 0.5000000000
44856  -47.239  -36.688  -32.452 0.5000000000
45721  -36.415  -35.542  -37.043 0.6999999881
46515  -43.532  -33.169  -34.576 0.6999999881
106418  -36.488  -34.720  -36.812 0.6999999881
47325  -41.905  -32.595  -33.585 0.6999999881
106245  -42.408  -32.722  -34.375 0.6999999881
46489  -47.700  -34.005  -31.929 0.4000000060
46522  -36.432  -34.666  -35.634 0.6999999881
47342  -41.521  -32.981  -34.186 0.6999999881
47315  -40.847  -32.623  -32.872 0.6000000238
115648  -40.780  -33.543  -33.992 0.6000000238
46490  -48.370  -34.229  -32.519 0.4000000060
48073  -48.266  -32.713  -32.593 0.4000000060
112931  -36.499  -33.400  -34.281 0.6999999881
125064  -40.281  -33.111  -33.148 0.6000000238
48083  -48.658  -32.476  -33.106 0.4000000060
47324  -39.498  -33.587  -33.040 0.6000000238
48792  -48.132  -31.943  -32.651 0.4000000060
49510  -48.730  -30.848  -33.658 0.4000000060
50273  -48.667  -29.273  -34.625 0.4000000060
51093  -48.213  -28.268  -35.943 0.4000000060
44145  -45.402  -37.070  -32.410 0.6000000238
46529  -34.943  -34.790  -36.868 0.6000000238
46539  -35.344  -35.192  -37.387 0.6000000238
116911  -35.788  -35.158  -37.501 0.6999999881
46487  -42.700  -34.071  -32.453 0.6000000238
45675  -43.112  -35.061  -32.593 0.6999999881
44867  -43.545  -35.820  -33.073 0.6999999881
44868  -44.202  -36.331  -33.508 0.6000000238
47326  -42.615  -32.608  -33.509 0.6000000238
46499  -42.833  -33.132  -33.033 0.6000000238
46488  -42.976  -33.981  -33.074 0.6999999881
45729  -36.084  -35.635  -37.464 0.6999999881
47316  -42.033  -32.469  -32.909 0.6000000238
45671  -47.059  -35.333  -31.753 0.5000000000
113608  -36.604  -33.964  -36.587 0.6999999881
46531  -36.667  -33.905  -37.278 0.6999999881
48082  -41.510  -32.509  -33.108 0.6000000238
46482  -47.225  -34.547  -31.752 0.4000000060
47341  -36.384  -33.806  -35.346 0.6999999881
113073  -41.012  -32.873  -33.545 0.6999999881
114365  -36.423  -33.053  -35.198 0.6999999881
47309  -47.394  -33.212  -31.859 0.4000000060
47317  -48.060  -33.324  -32.276 0.4000000060
47314  -39.948  -32.957  -32.492 0.6000000238
125451  -47.600  -31.811  -31.965 0.4000000060
114479  -47.779  -32.576  -32.174 0.4000000060
48080  -36.648  -32.641  -33.590 0.6999999881
118782  -36.822  -33.369  -33.500 0.6999999881
47322  -37.474  -33.815  -33.143 0.6999999881
47323  -38.509  -33.896  -32.888 0.6000000238
121362  -48.302  -31.051  -32.888 0.4000000060
50255  -48.208  -30.097  -33.212 0.4000000060
49518  -48.686  -30.015  -34.163 0.4000000060
50268  -48.343  -29.165  -33.911 0.4000000060
51087  -48.272  -28.484  -34.763 0.4000000060
123060  -47.846  -27.992  -34.582 0.3000000119
115283  -34.739  -34.097  -36.185 0.5000000000
115224  -41.970  -33.236  -31.767 0.6000000238
46480  -42.342  -34.155  -31.598 0.6000000238
45666  -42.869  -34.827  -31.857 0.6000000238
44845  -43.513  -36.002  -32.329 0.6000000238
44854  -44.275  -36.563  -32.507 0.6000000238
44846  -44.977  -36.531  -31.612 0.6000000238
46530  -35.724  -34.400  -37.461 0.5000000000
47306  -41.845  -32.671  -32.163 0.6000000238
47307  -42.371  -33.009  -32.499 0.6000000238
110386  -45.099  -35.477  -30.565 0.5000000000
45670  -46.342  -35.726  -31.334 0.5000000000
47360  -36.335  -33.722  -37.536 0.6999999881
45669  -45.521  -35.983  -31.077 0.5000000000
45658  -45.867  -35.230  -30.823 0.4000000060
46481  -46.590  -34.718  -31.287 0.4000000060
47353  -36.912  -33.186  -37.454 0.8000000119
48064  -41.195  -32.673  -31.794 0.6000000238
47298  -46.401  -33.827  -30.957 0.4000000060
47308  -46.982  -33.884  -31.602 0.4000000060
47347  -36.709  -33.249  -36.306 0.6999999881
48070  -39.877  -32.721  -31.819 0.6000000238
48066  -47.197  -32.413  -31.635 0.4000000060
48094  -36.490  -32.389  -34.528 0.6999999881
117529  -39.288  -32.794  -32.087 0.6000000238
48788  -47.126  -31.496  -31.305 0.4000000060
48789  -47.841  -31.191  -32.210 0.4000000060
48801  -36.574  -31.802  -33.629 0.6999999881
48068  -36.872  -32.048  -32.872 0.6999999881
48081  -37.223  -32.891  -32.981 0.6999999881
48061  -38.260  -32.190  -31.660 0.6999999881
49490  -47.440  -30.560  -31.637 0.4000000060
49497  -47.891  -30.556  -32.453 0.4000000060
50247  -47.172  -29.555  -31.622 0.4000000060
51050  -47.248  -28.967  -32.371 0.3000000119
50267  -47.787  -29.133  -33.113 0.4000000060
51065  -46.981  -28.072  -32.485 0.4000000060
51076  -47.879  -28.268  -33.848 0.3000000119
46479  -41.765  -33.823  -31.003 0.6000000238
46467  -42.239  -34.595  -30.565 0.6000000238
45655  -42.860  -35.077  -31.026 0.6000000238
45656  -43.522  -35.441  -30.720 0.6000000238
45657  -44.295  -35.518  -30.541 0.5000000000
47352  -35.266  -33.657  -36.988 0.6000000238
121005  -35.886  -33.491  -37.637 0.6000000238
47296  -41.294  -33.395  -30.442 0.6000000238
47287  -41.502  -33.687  -29.355 0.6000000238
46468  -44.598  -35.032  -30.107 0.5000000000
47295  -40.835  -32.808  -30.823 0.6000000238
46460  -44.902  -34.253  -29.939 0.5000000000
46469  -45.383  -34.752  -30.363 0.4000000060
46470  -46.011  -34.485  -30.722 0.4000000060
121198  -37.012  -33.431  -37.123 0.6999999881
48111  -37.043  -32.371  -37.493 0.6999999881
48062  -39.717  -32.511  -31.221 0.6000000238
48050  -40.025  -32.505  -30.687 0.6000000238
47297  -45.662  -33.843  -30.310 0.5000000000
116737  -46.143  -32.949  -30.573 0.5000000000
48815  -37.303  -31.927  -36.771 0.8000000119
48104  -37.223  -32.685  -37.073 0.8000000119
48051  -45.735  -32.425  -30.121 0.4000000060
116736  -46.788  -33.089  -31.305 0.4000000060
123046  -36.620  -31.915  -35.134 0.8000000119
107573  -39.025  -32.425  -31.502 0.6000000238
48065  -46.649  -32.267  -30.973 0.4000000060
48809  -36.616  -31.537  -34.551 0.6999999881
51855  -44.619  -27.567  -28.938 0.5000000000
109029  -44.980  -29.153  -29.166 0.5000000000
50220  -45.724  -29.523  -29.715 0.5000000000
49480  -46.174  -30.787  -30.125 0.4000000060
49481  -46.854  -30.677  -30.751 0.4000000060
49508  -36.697  -31.013  -33.776 0.6999999881
49495  -36.729  -31.219  -32.928 0.6999999881
48060  -37.676  -32.323  -32.245 0.6999999881
48785  -37.877  -31.618  -31.609 0.6999999881
52775  -44.207  -26.915  -28.558 0.5000000000
51014  -45.099  -28.173  -29.338 0.5000000000
124750  -46.083  -29.198  -30.073 0.4000000060
50235  -46.414  -29.804  -30.309 0.4000000060
122493  -47.059  -29.980  -30.955 0.4000000060
53653  -44.415  -25.422  -29.264 0.4000000060
51861  -45.062  -27.423  -29.568 0.5000000000
51862  -45.330  -27.312  -30.174 0.4000000060
123162  -45.815  -28.249  -30.426 0.4000000060
51049  -46.654  -28.681  -31.590 0.4000000060
113563  -44.671  -26.095  -29.667 0.4000000060
52784  -45.043  -26.756  -29.972 0.4000000060
51875  -45.618  -27.639  -30.673 0.4000000060
51028  -46.043  -28.103  -31.128 0.4000000060
46466  -41.721  -34.123  -30.167 0.6000000238
45647  -42.895  -35.143  -30.139 0.6000000238
48821  -35.093  -32.100  -36.772 0.5000000000
47286  -40.812  -33.037  -29.792 0.6000000238
47270  -40.874  -33.062  -28.843 0.6000000238
47271  -41.646  -33.347  -28.331 0.6000000238
46445  -42.890  -34.117  -28.771 0.5000000000
47289  -43.744  -33.986  -29.028 0.5000000000
46459  -44.133  -34.529  -29.622 0.5000000000
48103  -35.585  -32.831  -37.345 0.6000000238
48110  -36.372  -32.838  -37.671 0.6999999881
114403  -40.313  -32.609  -30.099 0.6000000238
47273  -43.368  -33.349  -28.358 0.5000000000
47290  -44.494  -33.754  -29.447 0.5000000000
48828  -36.627  -31.914  -37.532 0.6000000238
48787  -39.275  -32.124  -30.760 0.6000000238
48040  -39.655  -32.094  -29.905 0.6000000238
48042  -44.584  -32.352  -28.865 0.5000000000
115802  -44.863  -33.041  -29.409 0.5000000000
48105  -37.328  -31.802  -37.251 0.8000000119
49451  -44.369  -30.042  -28.674 0.5000000000
124452  -44.558  -31.565  -28.676 0.5000000000
48043  -45.265  -32.365  -29.567 0.5000000000
47291  -45.475  -33.035  -29.952 0.5000000000
48786  -38.554  -31.787  -31.111 0.6000000238
52774  -43.625  -27.007  -28.028 0.5000000000
121147  -42.924  -28.438  -27.736 0.5000000000
50208  -44.214  -29.147  -28.602 0.5000000000
49467  -44.856  -30.877  -28.915 0.5000000000
48770  -45.107  -31.621  -29.225 0.5000000000
110943  -45.474  -30.877  -29.578 0.4000000060
110260  -36.965  -31.416  -35.807 0.8000000119
51002  -43.613  -28.600  -28.225 0.5000000000
51854  -44.011  -27.701  -28.389 0.5000000000
118694  -45.203  -30.111  -29.303 0.5000000000
49509  -37.067  -30.295  -34.069 0.8000000119
48791  -37.303  -31.452  -32.266 0.6999999881
49488  -37.617  -30.842  -31.663 0.6999999881
52763  -43.282  -26.335  -27.725 0.5000000000
53634  -43.779  -26.262  -28.296 0.4000000060
117835  -37.201  -30.629  -32.396 0.6999999881
116414  -44.272  -26.178  -28.915 0.4000000060
116183  -42.313  -34.472  -29.535 0.5000000000
48813  -34.773  -31.433  -35.885 0.5000000000
48041  -40.286  -32.539  -29.327 0.6000000238
48814  -35.417  -31.154  -36.857 0.5000000000
48027  -42.786  -33.004  -27.858 0.5000000000
48028  -43.330  -32.562  -27.949 0.5000000000
49521  -34.978  -30.547  -35.885 0.5000000000
49522  -35.521  -30.284  -36.594 0.5000000000
111962  -36.202  -31.345  -37.462 0.5000000000
48769  -39.278  -31.436  -29.364 0.6000000238
48024  -39.778  -32.010  -28.964 0.6000000238
123166  -43.029  -30.768  -27.718 0.5000000000
48758  -43.483  -31.258  -27.914 0.5000000000
111126  -43.935  -31.925  -28.208 0.5000000000
48768  -38.857  -31.427  -30.255 0.6000000238
49466  -39.213  -30.819  -28.835 0.6000000238
50995  -42.237  -28.743  -27.250 0.5000000000
110994  -42.923  -29.178  -27.746 0.5000000000
49437  -43.596  -30.449  -28.099 0.5000000000
107183  -44.180  -31.023  -28.353 0.5000000000
49528  -37.860  -30.337  -37.246 0.6999999881
49479  -38.507  -30.715  -30.230 0.6000000238
50207  -43.592  -29.571  -28.208 0.5000000000
106634  -38.084  -29.836  -36.869 0.6999999881
107767  -38.194  -30.990  -30.932 0.6999999881
113876  -42.994  -27.083  -27.538 0.5000000000
49523  -37.505  -30.424  -36.180 0.6999999881
54431  -43.230  -24.954  -27.623 0.4000000060
49516  -36.914  -30.758  -34.867 0.8000000119
54453  -43.731  -24.830  -28.193 0.5000000000
49517  -37.307  -30.093  -35.044 0.6999999881
49496  -36.923  -30.475  -33.154 0.8000000119
53652  -43.982  -25.508  -28.568 0.4000000060
56790  -44.138  -22.030  -29.994 0.4000000060
56801  -44.235  -21.779  -30.909 0.5000000000
57626  -44.151  -20.825  -31.188 0.5000000000
55247  -44.540  -23.077  -32.147 0.5000000000
56807  -44.426  -21.543  -31.839 0.5000000000
57635  -44.084  -20.060  -31.706 0.5000000000
123509  -41.613  -32.881  -27.885 0.6000000238
47252  -42.119  -32.968  -27.792 0.5000000000
48757  -40.023  -31.736  -28.212 0.6000000238
48008  -40.734  -32.052  -27.788 0.6000000238
48740  -41.149  -31.482  -27.456 0.6000000238
48741  -41.985  -31.530  -27.443 0.5000000000
48742  -42.772  -31.416  -27.634 0.5000000000
48011  -43.249  -31.915  -27.788 0.5000000000
121238  -35.683  -28.987  -36.238 0.5000000000
104414  -36.329  -30.479  -37.360 0.5000000000
49534  -37.306  -30.247  -37.568 0.6999999881
122010  -39.561  -31.410  -28.688 0.6000000238
48756  -39.677  -30.946  -28.107 0.6000000238
48739  -40.366  -31.267  -27.659 0.6000000238
50198  -41.698  -29.352  -26.905 0.5000000000
49436  -42.281  -30.641  -27.426 0.5000000000
50276  -35.222  -29.633  -35.836 0.5000000000
50283  -36.910  -29.593  -37.547 0.6000000238
49465  -38.829  -30.774  -29.587 0.6000000238
50199  -42.258  -29.685  -27.308 0.5000000000
50219  -38.918  -29.978  -29.085 0.6000000238
51848  -42.579  -27.858  -27.471 0.5000000000
50285  -37.963  -29.557  -37.318 0.6999999881
107194  -38.580  -30.073  -29.899 0.6000000238
53633  -42.981  -25.660  -27.476 0.6000000238
111656  -42.299  -25.616  -27.134 0.4000000060
117212  -42.838  -24.381  -27.245 0.5000000000
120515  -37.879  -30.283  -31.186 0.6999999881
49489  -38.233  -30.150  -30.584 0.6999999881
50245  -37.532  -29.977  -31.822 0.6999999881
116749  -43.410  -24.165  -27.795 0.5000000000
57601  -43.504  -20.913  -28.736 0.4000000060
58457  -43.600  -19.636  -29.357 0.4000000060
56789  -43.778  -21.428  -29.390 0.4000000060
51063  -37.549  -29.015  -33.574 0.6999999881
56800  -44.012  -21.159  -30.262 0.4000000060
51074  -37.845  -28.853  -34.971 0.6999999881
56030  -44.524  -22.254  -32.609 0.5000000000
106465  -44.348  -20.715  -32.132 0.5000000000
108177  -41.531  -30.889  -27.300 0.5000000000
125999  -39.628  -30.393  -27.852 0.6000000238
48738  -40.009  -30.546  -27.561 0.5000000000
49435  -41.487  -30.113  -27.005 0.5000000000
51097  -36.504  -28.948  -37.025 0.6000000238
49450  -39.312  -30.260  -28.265 0.6000000238
50983  -41.422  -28.713  -26.802 0.5000000000
51098  -37.331  -28.978  -37.517 0.6000000238
103862  -38.735  -28.962  -28.944 0.5000000000
50206  -39.100  -29.561  -28.346 0.5000000000
51847  -41.809  -27.938  -27.071 0.5000000000
52744  -41.819  -26.360  -27.028 0.5000000000
51099  -37.988  -28.830  -37.377 0.6999999881
123700  -38.623  -29.415  -29.619 0.6000000238
51834  -42.231  -27.132  -27.205 0.5000000000
53617  -42.215  -24.793  -26.891 0.5000000000
50286  -38.238  -28.817  -37.172 0.6999999881
50246  -37.985  -29.366  -31.133 0.6999999881
117010  -42.634  -21.060  -26.887 0.5000000000
57583  -42.885  -20.243  -27.228 0.4000000060
50278  -38.280  -29.166  -36.835 0.6999999881
51047  -37.684  -28.929  -32.222 0.6999999881
55186  -43.019  -23.501  -27.330 0.5000000000
55966  -43.214  -22.629  -27.534 0.5000000000
57584  -43.132  -21.130  -27.464 0.4000000060
113479  -43.311  -20.544  -27.983 0.4000000060
58442  -43.472  -20.059  -28.679 0.4000000060
50272  -37.846  -29.528  -35.834 0.6999999881
50254  -37.302  -29.802  -32.729 0.6999999881
110796  -43.462  -18.193  -29.098 0.4000000060
59289  -43.580  -18.889  -29.699 0.4000000060
51084  -38.328  -28.853  -36.100 0.6999999881
51064  -37.879  -28.099  -33.101 0.6999999881
57613  -43.713  -20.473  -29.590 0.4000000060
59302  -43.692  -18.756  -30.665 0.4000000060
51085  -38.463  -28.237  -35.566 0.6999999881
51075  -38.021  -28.197  -34.293 0.6999999881
58471  -43.752  -19.666  -30.297 0.4000000060
58483  -43.876  -19.417  -31.228 0.4000000060
59313  -43.839  -18.627  -31.577 0.4000000060
121653  -44.396  -20.586  -32.847 0.5000000000
57649  -44.257  -20.014  -32.500 0.5000000000
50994  -39.868  -28.817  -27.268 0.5000000000
50982  -40.668  -28.748  -26.806 0.5000000000
50196  -39.634  -29.774  -27.614 0.5000000000
50981  -40.202  -28.023  -26.994 0.5000000000
110313  -41.398  -27.184  -26.923 0.5000000000
51090  -36.957  -28.222  -36.956 0.6000000238
50993  -38.889  -27.968  -27.959 0.5000000000
111678  -41.013  -27.984  -26.748 0.5000000000
119712  -37.778  -28.432  -37.292 0.6999999881
122920  -38.745  -28.249  -28.513 0.5000000000
52743  -40.938  -26.429  -26.728 0.6000000238
53616  -41.418  -25.456  -26.720 0.5000000000
109514  -38.544  -28.007  -29.265 0.6000000238
121459  -38.438  -28.047  -30.015 0.6999999881
54414  -42.300  -23.776  -26.766 0.5000000000
104148  -38.426  -28.298  -37.180 0.6999999881
51027  -38.338  -28.468  -30.644 0.8000000119
55166  -42.023  -23.063  -26.538 0.5000000000
56741  -42.302  -21.838  -26.632 0.5000000000
59265  -43.144  -18.870  -27.666 0.4000000060
106278  -43.434  -19.073  -28.620 0.4000000060
51091  -38.631  -28.367  -36.756 0.6999999881
52812  -38.508  -26.961  -31.021 0.6000000238
111899  -43.576  -18.052  -30.076 0.4000000060
122327  -38.395  -27.138  -31.859 0.6000000238
108904  -38.527  -26.362  -31.627 0.6000000238
60066  -43.549  -17.222  -30.414 0.4000000060
51923  -38.787  -27.006  -34.747 0.6999999881
120027  -38.491  -27.645  -34.909 0.6000000238
51911  -38.306  -27.466  -33.862 0.6999999881
53702  -38.621  -25.790  -32.260 0.6000000238
112687  -43.644  -17.916  -31.014 0.4000000060
51929  -39.182  -27.430  -36.158 0.6999999881
54489  -38.625  -25.003  -32.068 0.6000000238
59314  -44.095  -18.558  -32.434 0.5000000000
116605  -38.593  -24.367  -32.775 0.6000000238
105594  -38.629  -24.207  -31.805 0.6000000238
58496  -44.314  -19.342  -32.874 0.5000000000
107831  -44.456  -20.093  -33.205 0.5000000000
51833  -40.542  -27.252  -26.803 0.6000000238
52856  -36.166  -26.563  -35.777 0.5000000000
51846  -39.431  -28.022  -27.467 0.5000000000
51832  -39.689  -27.294  -27.024 0.6000000238
53615  -40.386  -25.705  -26.602 0.6000000238
51940  -37.659  -27.642  -37.020 0.6000000238
51941  -38.461  -27.922  -37.194 0.6000000238
51845  -38.951  -27.218  -27.617 0.6000000238
54413  -41.503  -24.400  -26.609 0.5000000000
107552  -40.784  -23.959  -26.546 0.5000000000
55165  -41.501  -23.553  -26.527 0.5000000000
52857  -37.296  -26.751  -36.535 0.6000000238
52869  -38.485  -26.933  -37.251 0.6000000238
119594  -38.652  -27.521  -28.461 0.6000000238
52773  -38.582  -26.549  -28.337 0.6000000238
122757  -40.867  -23.276  -26.503 0.5000000000
57572  -41.428  -20.193  -26.430 0.5000000000
59264  -42.704  -18.832  -26.999 0.4000000060
58426  -42.888  -19.435  -27.271 0.4000000060
51930  -39.581  -26.706  -37.092 0.6999999881
52871  -39.730  -25.814  -37.424 0.6000000238
51860  -38.520  -27.496  -29.831 0.6999999881
51853  -38.517  -27.095  -29.226 0.6000000238
55951  -42.002  -22.467  -26.494 0.5000000000
56740  -41.339  -21.918  -26.421 0.5000000000
57573  -42.251  -20.324  -26.664 0.5000000000
60025  -43.322  -17.349  -27.947 0.4000000060
60038  -43.420  -17.574  -28.654 0.4000000060
60827  -43.440  -16.754  -28.742 0.4000000060
51890  -38.338  -27.754  -31.246 0.6999999881
53664  -38.508  -25.214  -29.666 0.6999999881
55949  -40.505  -22.608  -26.575 0.5000000000
60838  -43.537  -16.573  -29.784 0.4000000060
52845  -39.640  -26.015  -35.742 0.6000000238
54472  -38.541  -24.589  -30.412 0.6000000238
54467  -38.588  -24.215  -29.675 0.6999999881
60852  -43.554  -16.384  -30.698 0.4000000060
126043  -39.627  -26.590  -36.400 0.6999999881
105556  -39.131  -26.314  -34.623 0.6000000238
52831  -38.653  -26.626  -33.576 0.6000000238
54480  -38.536  -24.800  -31.205 0.6000000238
105515  -38.626  -23.899  -30.316 0.6000000238
55223  -38.631  -23.316  -29.808 0.6000000238
60080  -43.608  -17.067  -31.324 0.4000000060
105445  -39.032  -25.830  -33.831 0.6000000238
103837  -38.710  -25.236  -33.112 0.6000000238
55230  -38.613  -23.347  -30.685 0.6000000238
56005  -38.463  -21.713  -30.164 0.6000000238
55237  -38.582  -23.443  -31.503 0.6000000238
56013  -38.477  -22.051  -30.867 0.6000000238
60089  -44.142  -17.698  -32.786 0.5000000000
59324  -43.825  -17.797  -31.910 0.4000000060
111855  -44.466  -18.556  -33.321 0.5000000000
124161  -44.772  -18.242  -33.812 0.5000000000
53614  -39.533  -25.856  -26.807 0.6000000238
52761  -38.854  -26.427  -27.547 0.6000000238
52741  -39.305  -26.567  -27.081 0.6000000238
54411  -39.770  -25.062  -26.659 0.6000000238
106627  -39.991  -24.247  -26.625 0.5000000000
112269  -36.937  -25.945  -36.251 0.6000000238
53631  -38.694  -25.780  -27.739 0.6000000238
121419  -39.368  -24.516  -26.921 0.5000000000
58413  -41.665  -19.349  -26.467 0.5000000000
115200  -42.337  -18.230  -26.766 0.4000000060
53747  -38.800  -25.196  -37.311 0.6000000238
53748  -39.832  -25.037  -37.686 0.6000000238
53651  -38.511  -25.550  -28.617 0.6000000238
55183  -38.594  -24.062  -28.128 0.6000000238
55184  -39.027  -23.010  -27.485 0.5000000000
57582  -39.202  -20.747  -27.254 0.5000000000
56751  -39.493  -21.571  -27.014 0.5000000000
56738  -39.947  -20.858  -26.646 0.5000000000
109018  -42.968  -18.018  -27.362 0.4000000060
60816  -43.276  -16.498  -27.847 0.4000000060
52782  -38.513  -26.196  -29.359 0.6999999881
55988  -38.645  -23.142  -28.221 0.5000000000
55948  -39.832  -22.212  -26.856 0.5000000000
105635  -40.322  -21.694  -26.593 0.5000000000
106112  -43.546  -15.747  -30.047 0.4000000060
53738  -39.918  -25.178  -36.642 0.6000000238
104674  -38.653  -20.242  -29.109 0.6000000238
53719  -39.479  -25.326  -35.483 0.6000000238
55259  -38.521  -23.614  -33.766 0.6000000238
56788  -38.508  -21.010  -29.633 0.6000000238
61651  -43.544  -15.533  -30.945 0.4000000060
51942  -39.023  -27.635  -37.116 0.6999999881
54496  -38.744  -24.497  -33.717 0.6000000238
60876  -43.859  -16.895  -32.202 0.4000000060
60866  -43.625  -16.198  -31.575 0.4000000060
55246  -38.518  -23.542  -32.461 0.6000000238
112127  -38.480  -22.742  -32.052 0.6000000238
60097  -44.555  -17.701  -33.585 0.5000000000
60877  -44.318  -16.646  -33.193 0.4000000060
60886  -44.767  -17.140  -34.011 0.5000000000
60890  -45.112  -17.081  -34.753 0.4000000060
53632  -38.986  -25.214  -27.119 0.6000000238
54430  -38.883  -24.349  -27.431 0.5000000000
58411  -40.007  -18.576  -26.628 0.5000000000
59251  -40.715  -18.076  -26.436 0.5000000000
59252  -41.606  -18.503  -26.503 0.5000000000
125598  -42.519  -17.556  -26.914 0.4000000060
114510  -40.023  -24.317  -37.382 0.6000000238
104124  -39.848  -23.810  -37.019 0.6000000238
54429  -38.580  -24.927  -27.918 0.6000000238
57600  -39.085  -19.925  -27.587 0.5000000000
117521  -40.186  -19.401  -26.636 0.5000000000
120470  -40.895  -19.597  -26.444 0.5000000000
60024  -42.975  -17.090  -27.311 0.4000000060
61604  -43.149  -15.670  -27.744 0.4000000060
61621  -43.366  -15.847  -28.518 0.4000000060
53749  -40.103  -25.017  -37.501 0.6000000238
56750  -38.851  -21.571  -27.815 0.5000000000
118400  -43.469  -16.006  -29.275 0.4000000060
125038  -39.340  -23.637  -36.192 0.6000000238
55274  -38.824  -24.134  -34.923 0.6000000238
104209  -38.585  -20.272  -30.062 0.6000000238
62442  -43.539  -14.673  -31.181 0.4000000060
56029  -38.381  -21.967  -32.635 0.6000000238
57624  -38.559  -20.401  -30.822 0.6000000238
61668  -43.850  -15.982  -32.380 0.4000000060
56019  -38.464  -21.966  -31.630 0.6000000238
104894  -38.484  -21.238  -31.053 0.6000000238
61669  -44.176  -15.688  -32.959 0.4000000060
61673  -44.549  -15.702  -33.585 0.4000000060
114513  -44.741  -14.927  -33.826 0.3000000119
112700  -45.138  -14.909  -34.384 0.3000000119
60015  -40.596  -17.190  -26.487 0.5000000000
60804  -41.383  -16.529  -26.572 0.5000000000
60805  -42.183  -15.994  -26.689 0.5000000000
62382  -42.545  -14.585  -27.198 0.5000000000
58425  -39.496  -19.138  -27.235 0.5000000000
60023  -39.331  -17.320  -27.127 0.6000000238
60815  -42.831  -16.247  -27.198 0.4000000060
62383  -42.915  -14.383  -27.890 0.5000000000
62407  -43.355  -14.322  -28.726 0.4000000060
111234  -38.470  -21.850  -34.935 0.6000000238
58441  -38.853  -19.241  -28.039 0.6000000238
61636  -43.465  -15.150  -29.266 0.4000000060
62421  -43.478  -14.210  -29.667 0.4000000060
116909  -38.756  -23.194  -35.374 0.6000000238
111908  -38.403  -21.967  -33.801 0.6000000238
58440  -38.669  -19.340  -28.904 0.6999999881
113364  -43.524  -13.128  -30.831 0.3000000119
56819  -38.454  -21.226  -33.377 0.6000000238
59288  -38.634  -18.638  -29.454 0.6000000238
63153  -43.602  -13.807  -31.430 0.3000000119
56806  -38.507  -21.079  -32.155 0.6000000238
59301  -38.611  -18.721  -30.376 0.6000000238
62448  -43.719  -14.482  -31.998 0.4000000060
122103  -38.554  -20.544  -31.488 0.6000000238
104911  -38.556  -17.800  -31.003 0.6000000238
62449  -43.870  -15.137  -32.523 0.3000000119
114752  -44.282  -14.995  -33.191 0.3000000119
119561  -44.451  -14.211  -33.459 0.3000000119
62460  -44.918  -14.179  -34.030 0.3000000119
62461  -45.329  -14.197  -34.455 0.3000000119
60014  -39.830  -16.851  -26.721 0.6000000238
60803  -40.500  -16.483  -26.660 0.5000000000
62356  -41.511  -14.854  -26.666 0.5000000000
62357  -42.192  -14.860  -26.840 0.5000000000
60037  -38.915  -17.804  -27.978 0.6000000238
60814  -39.424  -16.521  -27.373 0.6000000238
63105  -43.010  -13.613  -28.237 0.4000000060
63129  -43.448  -13.544  -29.102 0.4000000060
56053  -38.652  -22.211  -35.849 0.6000000238
56828  -38.523  -21.266  -34.632 0.6000000238
59276  -38.735  -18.583  -28.551 0.6000000238
63141  -43.510  -13.360  -29.950 0.3000000119
115291  -43.490  -14.008  -30.573 0.3000000119
57658  -38.494  -20.598  -34.361 0.6000000238
57648  -38.431  -20.448  -33.083 0.6000000238
104010  -38.354  -18.832  -32.651 0.6000000238
60065  -38.649  -17.040  -30.358 0.6000000238
58495  -38.387  -19.678  -32.845 0.6000000238
63165  -43.841  -13.622  -32.270 0.3000000119
58482  -38.484  -19.501  -32.033 0.6000000238
59312  -38.472  -18.912  -31.424 0.6000000238
63174  -44.401  -12.502  -33.483 0.3000000119
63180  -44.655  -13.399  -33.734 0.3000000119
63186  -45.111  -13.465  -34.185 0.3000000119
61602  -39.939  -14.922  -27.172 0.6000000238
121009  -40.020  -15.954  -26.981 0.6000000238
62355  -40.687  -15.322  -26.747 0.5000000000
62381  -41.260  -14.025  -26.755 0.5000000000
63091  -42.064  -14.187  -26.772 0.4000000060
61620  -39.078  -15.637  -28.524 0.6000000238
110500  -39.452  -15.699  -27.672 0.6000000238
63899  -42.629  -12.859  -27.821 0.4000000060
63925  -43.024  -12.163  -28.303 0.4000000060
60837  -38.863  -16.371  -29.039 0.6000000238
63945  -43.402  -12.199  -29.082 0.4000000060
115557  -43.469  -12.876  -29.372 0.3000000119
57669  -38.801  -20.650  -35.502 0.6000000238
60836  -38.716  -16.349  -29.874 0.6000000238
63954  -43.502  -12.398  -30.088 0.3000000119
103824  -38.276  -19.193  -33.563 0.6000000238
64784  -43.670  -11.474  -31.488 0.3000000119
125299  -38.549  -16.895  -31.072 0.6000000238
113406  -43.641  -12.939  -31.728 0.3000000119
104858  -38.199  -17.989  -32.104 0.6000000238
60079  -38.357  -17.121  -31.819 0.6000000238
64793  -44.140  -11.777  -32.893 0.3000000119
125107  -44.596  -11.233  -33.946 0.3000000119
62379  -39.720  -14.120  -27.682 0.6000000238
62380  -40.381  -14.030  -27.087 0.5000000000
63897  -41.329  -12.511  -26.985 0.5000000000
63898  -42.104  -12.464  -27.215 0.4000000060
124556  -42.284  -13.053  -27.202 0.4000000060
107269  -39.341  -14.882  -28.013 0.6000000238
64743  -42.614  -11.507  -28.058 0.4000000060
64744  -43.160  -11.441  -28.687 0.4000000060
111790  -39.018  -14.903  -28.935 0.6000000238
110791  -43.579  -10.591  -30.065 0.3000000119
58503  -38.280  -19.839  -34.024 0.6000000238
61650  -38.828  -14.990  -29.829 0.6000000238
59333  -38.475  -19.049  -34.818 0.6000000238
114504  -38.289  -18.593  -33.746 0.6000000238
124491  -38.700  -15.674  -30.117 0.6000000238
65555  -43.642  -10.771  -31.045 0.3000000119
118600  -38.575  -16.164  -30.705 0.6000000238
104857  -38.381  -17.959  -33.278 0.6000000238
60875  -38.236  -16.444  -32.579 0.6000000238
63128  -39.593  -13.488  -28.103 0.6000000238
64722  -40.218  -11.815  -27.808 0.4000000060
64723  -40.932  -11.871  -27.363 0.4000000060
64724  -41.438  -11.263  -27.579 0.4000000060
64725  -42.104  -11.693  -27.545 0.4000000060
63140  -39.379  -13.306  -29.016 0.5000000000
62406  -39.371  -14.145  -28.525 0.5000000000
116303  -42.950  -9.915  -28.562 0.4000000060
62420  -39.112  -14.212  -29.450 0.5000000000
66262  -43.394  -9.729  -29.361 0.3000000119
62433  -38.846  -14.337  -30.295 0.5000000000
67039  -43.370  -8.405  -29.603 0.3000000119
104311  -38.525  -18.017  -34.601 0.6000000238
116604  -38.427  -14.930  -31.581 0.5000000000
110495  -38.317  -17.171  -33.968 0.6000000238
124371  -38.257  -16.805  -33.224 0.6000000238
60885  -38.211  -16.352  -33.660 0.6000000238
61672  -38.101  -15.612  -33.134 0.6000000238
61667  -38.282  -15.618  -32.097 0.6000000238
119088  -38.264  -15.646  -34.238 0.5000000000
62453  -38.247  -14.880  -33.778 0.5000000000
64763  -39.468  -11.416  -29.389 0.4000000060
112038  -39.866  -10.901  -28.820 0.3000000119
125934  -40.163  -10.564  -28.559 0.4000000060
66248  -41.273  -9.792  -28.007 0.4000000060
65495  -41.593  -10.502  -27.769 0.3000000119
110295  -39.258  -12.776  -29.852 0.5000000000
63923  -39.384  -12.286  -29.056 0.4000000060
109797  -41.307  -8.999  -28.370 0.3000000119
110346  -41.949  -9.172  -28.219 0.3000000119
63151  -38.849  -13.773  -30.669 0.5000000000
67808  -42.221  -7.721  -28.539 0.3000000119
67026  -42.550  -8.555  -28.528 0.3000000119
63163  -38.696  -13.525  -31.313 0.5000000000
116343  -43.311  -8.940  -29.289 0.3000000119
62441  -38.411  -14.112  -31.866 0.5000000000
116697  -43.689  -7.871  -30.693 0.3000000119
62447  -38.217  -14.731  -32.622 0.5000000000
113625  -39.614  -10.013  -29.725 0.3000000119
65522  -40.025  -10.125  -28.938 0.3000000119
66247  -40.580  -9.298  -28.601 0.3000000119
65563  -39.276  -10.624  -31.031 0.3000000119
63944  -39.288  -12.060  -29.778 0.4000000060
67024  -40.972  -8.376  -28.593 0.3000000119
64783  -39.095  -11.468  -31.072 0.3000000119
67807  -41.441  -7.628  -28.607 0.3000000119
63963  -38.798  -12.547  -31.526 0.4000000060
67809  -42.841  -7.873  -28.747 0.3000000119
67821  -43.202  -7.640  -29.275 0.3000000119
63172  -38.477  -13.315  -32.198 0.5000000000
68607  -43.183  -6.179  -29.688 0.3000000119
116244  -38.299  -13.908  -32.653 0.5000000000
68620  -43.649  -6.249  -30.574 0.3000000119
111683  -38.298  -14.107  -33.514 0.4000000060
110589  -39.421  -10.007  -30.581 0.3000000119
119498  -39.589  -9.264  -30.144 0.3000000119
67037  -39.841  -8.500  -29.782 0.3000000119
113402  -39.264  -10.019  -31.505 0.3000000119
65554  -39.359  -10.817  -30.165 0.3000000119
67038  -40.337  -8.457  -29.073 0.3000000119
109595  -38.991  -10.771  -31.913 0.3000000119
68591  -41.133  -6.905  -28.906 0.3000000119
68605  -41.582  -6.213  -29.134 0.3000000119
64798  -38.864  -10.885  -33.159 0.3000000119
63972  -38.791  -11.656  -32.302 0.3000000119
68606  -42.444  -6.283  -29.156 0.3000000119
64791  -38.633  -11.802  -33.485 0.3000000119
63971  -38.563  -12.534  -32.771 0.4000000060
70221  -42.148  -4.751  -29.784 0.3000000119
69400  -42.647  -5.446  -29.623 0.3000000119
63179  -38.363  -13.323  -33.250 0.4000000060
113634  -43.390  -4.863  -30.547 0.3000000119
63185  -38.431  -13.545  -34.487 0.4000000060
63978  -38.450  -12.641  -33.962 0.4000000060
69426  -43.769  -5.464  -30.978 0.3000000119
69427  -44.194  -5.371  -31.790 0.3000000119
66284  -39.265  -9.330  -32.040 0.3000000119
67075  -39.422  -8.585  -31.628 0.3000000119
67818  -39.795  -7.783  -30.325 0.3000000119
67819  -40.179  -7.749  -29.526 0.3000000119
68618  -39.928  -6.185  -30.873 0.3000000119
68619  -40.208  -6.399  -30.070 0.3000000119
69397  -40.555  -5.745  -29.873 0.3000000119
65581  -39.018  -10.071  -33.538 0.3000000119
69398  -41.111  -5.559  -29.563 0.3000000119
70234  -41.637  -4.100  -30.120 0.3000000119
64797  -38.663  -11.273  -34.074 0.4000000060
71073  -41.967  -3.346  -30.397 0.3000000119
70235  -42.416  -4.096  -30.249 0.3000000119
63984  -38.293  -12.773  -34.973 0.4000000060
70236  -43.119  -4.198  -30.566 0.3000000119
71846  -43.057  -2.786  -30.892 0.3000000119
70247  -43.741  -4.552  -31.214 0.3000000119
71097  -44.037  -3.321  -32.397 0.3000000119
114415  -39.373  -7.885  -32.170 0.3000000119
67845  -39.560  -7.115  -31.840 0.3000000119
67829  -39.789  -6.962  -30.854 0.3000000119
67087  -39.242  -8.644  -32.549 0.3000000119
116271  -39.700  -5.910  -32.038 0.3000000119
69413  -39.797  -5.555  -31.304 0.3000000119
66304  -38.998  -9.441  -33.896 0.3000000119
67098  -39.046  -8.705  -33.458 0.3000000119
70232  -39.985  -4.928  -30.678 0.3000000119
111237  -40.925  -4.255  -30.169 0.3000000119
66311  -38.707  -9.562  -34.608 0.3000000119
70233  -40.260  -4.125  -30.663 0.3000000119
71085  -40.461  -3.362  -31.119 0.3000000119
64804  -38.453  -11.218  -34.758 0.4000000060
71072  -41.091  -3.455  -30.573 0.3000000119
71844  -41.691  -2.655  -30.786 0.3000000119
71845  -42.366  -2.708  -30.713 0.3000000119
114529  -38.126  -12.076  -35.121 0.4000000060
108945  -43.555  -2.988  -31.560 0.3000000119
64812  -37.773  -12.060  -35.384 0.4000000060
71868  -43.696  -2.362  -32.347 0.3000000119
72653  -43.581  -1.512  -32.826 0.3000000119
67862  -39.368  -7.228  -32.771 0.3000000119
68650  -39.559  -6.486  -32.349 0.3000000119
121121  -39.172  -7.572  -33.317 0.3000000119
69425  -39.623  -5.236  -32.159 0.3000000119
67872  -38.943  -7.934  -33.862 0.3000000119
70246  -39.786  -4.640  -31.423 0.3000000119
67103  -38.528  -8.891  -35.093 0.3000000119
71843  -40.958  -2.584  -31.296 0.3000000119
72639  -41.216  -1.631  -31.691 0.3000000119
71856  -41.634  -2.018  -31.235 0.3000000119
72629  -42.113  -2.023  -31.054 0.3000000119
72641  -42.567  -1.453  -31.397 0.3000000119
72642  -43.212  -1.457  -31.934 0.3000000119
64811  -37.260  -11.697  -35.585 0.3000000119
73434  -43.484  -0.787  -33.375 0.3000000119
72673  -43.726  -1.021  -34.436 0.3000000119
116418  -38.876  -7.241  -34.490 0.3000000119
68659  -39.376  -6.479  -33.151 0.3000000119
69450  -39.323  -5.763  -33.516 0.3000000119
70266  -39.394  -4.457  -33.536 0.3000000119
70255  -39.638  -4.358  -32.468 0.3000000119
67879  -38.664  -8.066  -34.814 0.3000000119
116345  -38.507  -7.346  -35.377 0.3000000119
71095  -39.898  -3.563  -32.395 0.3000000119
71866  -40.078  -2.978  -32.818 0.3000000119
71096  -40.223  -3.005  -31.828 0.3000000119
71867  -40.418  -2.127  -32.210 0.3000000119
72651  -40.747  -1.099  -32.314 0.3000000119
72652  -41.458  -0.871  -31.827 0.3000000119
73408  -42.272  -0.574  -31.639 0.3000000119
73423  -42.630  -0.174  -32.036 0.3000000119
74181  -42.346  0.354  -32.414 0.3000000119
73424  -43.164  -0.703  -32.374 0.3000000119
74195  -43.012  0.552  -33.689 0.3000000119
105369  -43.410  -0.127  -34.098 0.3000000119
73444  -43.652  -0.636  -34.962 0.3000000119
68668  -38.700  -6.411  -35.086 0.3000000119
69463  -39.054  -5.623  -34.412 0.3000000119
114969  -39.334  -5.118  -33.832 0.3000000119
67883  -38.040  -7.319  -36.092 0.3000000119
68673  -38.310  -6.775  -35.823 0.3000000119
114487  -38.013  -5.008  -36.285 0.3000000119
69462  -38.609  -5.351  -35.346 0.3000000119
70276  -39.020  -4.650  -34.564 0.3000000119
71114  -39.229  -3.808  -34.053 0.3000000119
67891  -37.500  -7.225  -36.458 0.3000000119
71876  -39.899  -2.335  -33.169 0.3000000119
109121  -37.327  -7.913  -36.425 0.3000000119
73421  -40.691  -0.386  -32.629 0.3000000119
73407  -41.855  -0.333  -31.746 0.3000000119
74180  -41.791  0.301  -32.296 0.3000000119
74953  -42.174  1.214  -33.415 0.3000000119
74967  -43.351  0.692  -34.616 0.3000000119
116280  -37.232  -5.050  -37.193 0.3000000119
69482  -37.065  -5.703  -37.100 0.3000000119
69475  -37.286  -5.762  -36.853 0.3000000119
68683  -36.803  -6.241  -37.012 0.3000000119
67895  -37.108  -6.520  -36.784 0.3000000119
68679  -37.477  -6.492  -36.569 0.3000000119
68680  -37.910  -6.604  -36.293 0.3000000119
67894  -36.548  -6.919  -36.872 0.3000000119
106850  -39.672  -22.880  -26.944 0.5000000000
120568  -38.602  -22.963  -29.039 0.6999999881
55965  -39.256  -22.280  -27.345 0.5000000000
104290  -38.525  -21.717  -29.349 0.6000000238
52859  -39.920  -25.904  -37.022 0.6000000238
115014  -37.239  -29.836  -33.534 0.6999999881
28742  -38.973  -56.482  -38.817 0.3000000119
29716  -39.323  -55.641  -39.080 0.3000000119
29717  -40.055  -55.817  -39.640 0.3000000119
30681  -40.445  -55.040  -39.766 0.3000000119
29725  -40.834  -55.855  -40.192 0.4000000060
29726  -41.597  -55.643  -40.661 0.4000000060
28766  -42.886  -56.686  -41.579 0.4000000060
31571  -44.383  -53.993  -41.555 0.4000000060
32386  -45.625  -53.092  -41.630 0.4000000060
33212  -46.413  -51.506  -40.760 0.4000000060
32397  -46.936  -53.076  -42.006 0.4000000060
33996  -46.176  -50.394  -39.293 0.4000000060
37837  -42.838  -45.636  -36.207 0.4000000060
39342  -42.916  -43.433  -33.003 0.3000000119
41021  -44.005  -42.245  -33.311 0.3000000119
104771  -44.206  -41.369  -33.035 0.3000000119
113042  -42.536  -44.956  -36.650 0.5000000000
41862  -46.881  -40.582  -32.631 0.3000000119
41880  -47.429  -40.719  -33.275 0.3000000119
39388  -42.589  -43.217  -36.660 0.5000000000
40185  -43.181  -42.032  -36.251 0.5000000000
42712  -54.483  -39.936  -36.677 0.3000000119
42704  -53.676  -40.011  -36.782 0.3000000119
43459  -54.092  -38.961  -36.753 0.3000000119
44188  -52.654  -38.045  -35.612 0.4000000060
41931  -42.719  -40.059  -38.215 0.6000000238
44175  -52.131  -37.198  -35.310 0.4000000060
44901  -52.395  -36.392  -35.800 0.4000000060
46518  -51.305  -34.941  -35.124 0.4000000060
46527  -51.459  -34.387  -35.959 0.4000000060
48099  -51.167  -33.090  -36.412 0.4000000060
42696  -35.435  -39.291  -35.666 0.5000000000
44202  -42.560  -37.428  -38.418 0.6999999881
108719  -50.420  -30.771  -37.270 0.4000000060
106772  -42.585  -36.572  -38.083 0.6999999881
50287  -49.752  -29.315  -37.233 0.4000000060
43454  -35.984  -38.021  -36.730 0.5000000000
44182  -36.469  -37.594  -36.196 0.5000000000
44898  -36.715  -36.708  -35.840 0.6000000238
44906  -36.369  -36.872  -36.782 0.6000000238
44883  -36.820  -36.028  -35.258 0.8000000119
45722  -43.020  -34.190  -37.291 0.8000000119
45731  -43.914  -34.472  -38.355 0.6999999881
107837  -42.777  -35.044  -36.506 0.8000000119
44907  -42.764  -35.563  -37.425 0.6999999881
51101  -49.305  -28.546  -37.309 0.4000000060
111850  -43.169  -33.122  -37.010 0.8000000119
45703  -41.706  -34.598  -34.601 0.8000000119
44886  -42.123  -35.603  -34.846 0.8000000119
51100  -48.439  -28.027  -36.965 0.4000000060
45687  -40.861  -35.081  -34.056 0.8000000119
46494  -36.756  -34.091  -33.740 0.6999999881
46498  -40.205  -34.468  -33.809 0.8000000119
46496  -37.955  -34.602  -33.210 0.6999999881
46497  -39.155  -34.457  -33.367 0.6000000238
51086  -47.645  -27.678  -35.378 0.3000000119
52797  -45.395  -26.811  -30.846 0.4000000060
51903  -46.634  -27.276  -32.777 0.4000000060
51913  -47.186  -27.583  -33.478 0.4000000060
106086  -47.417  -27.564  -34.483 0.3000000119
52796  -45.045  -26.042  -30.473 0.4000000060
51902  -46.131  -26.915  -32.268 0.4000000060
51892  -46.335  -27.753  -31.952 0.4000000060
114332  -44.486  -24.741  -29.525 0.4000000060
54481  -44.923  -24.625  -31.540 0.4000000060
104226  -44.691  -23.840  -31.908 0.5000000000
55224  -44.303  -23.919  -29.373 0.5000000000
55238  -44.507  -23.268  -31.240 0.5000000000
120890  -44.627  -23.522  -32.500 0.5000000000
54490  -44.736  -23.996  -32.824 0.4000000060
110342  -44.634  -23.154  -33.065 0.5000000000
55210  -43.557  -23.325  -28.026 0.5000000000
56753  -43.366  -21.844  -27.809 0.5000000000
56006  -43.900  -22.288  -29.127 0.4000000060
56829  -44.634  -21.788  -33.361 0.5000000000
57659  -44.634  -20.881  -33.409 0.5000000000
108010  -44.757  -20.233  -33.691 0.5000000000
59342  -45.083  -18.812  -34.009 0.5000000000
51927  -35.386  -27.252  -35.247 0.5000000000
60104  -45.031  -17.902  -34.334 0.5000000000
61680  -45.308  -15.662  -34.627 0.4000000060
53736  -35.871  -25.676  -35.796 0.6000000238
53737  -36.740  -25.055  -36.335 0.6000000238
124255  -37.636  -25.379  -36.731 0.6000000238
54539  -39.390  -24.278  -37.379 0.6000000238
62471  -45.551  -14.901  -34.734 0.3000000119
55298  -38.572  -23.616  -36.923 0.6000000238
55299  -39.488  -23.663  -37.086 0.6000000238
55288  -39.103  -23.107  -36.622 0.6000000238
63187  -45.520  -13.572  -34.523 0.3000000119
63188  -46.105  -13.236  -34.779 0.3000000119
56837  -38.591  -21.179  -35.762 0.6000000238
58514  -39.035  -19.942  -35.592 0.6000000238
107776  -39.194  -19.247  -35.959 0.6000000238
59341  -38.638  -18.549  -35.607 0.6000000238
60103  -38.698  -17.362  -35.147 0.6000000238
60889  -38.519  -16.435  -34.766 0.6000000238
60898  -38.472  -16.608  -35.207 0.6000000238
112032  -38.358  -14.924  -34.713 0.5000000000
118375  -38.419  -14.326  -34.403 0.5000000000
62459  -38.455  -14.180  -35.101 0.4000000060
63993  -38.019  -12.813  -35.425 0.4000000060
63992  -37.646  -12.634  -35.532 0.4000000060
74193  -41.436  0.826  -33.036 0.3000000119
74952  -41.713  1.378  -33.465 0.3000000119
74966  -42.795  1.692  -34.691 0.3000000119
74980  -43.107  1.877  -35.788 0.3000000119
74215  -43.594  0.011  -35.762 0.3000000119
68682  -36.138  -6.411  -37.121 0.3000000119
68678  -34.967  -6.809  -36.560 0.3000000119
48823  -50.614  -31.455  -36.885 0.4000000060
56044  -44.662  -22.495  -33.422 0.5000000000
31563  -42.726  -53.771  -41.027 0.4000000060
33197  -40.734  -51.785  -38.442 0.3000000119
33190  -41.213  -51.197  -38.065 0.3000000119
33981  -42.807  -50.465  -36.424 0.3000000119
37092  -43.281  -47.146  -35.927 0.4000000060
34773  -41.506  -48.958  -33.629 0.3000000119
35625  -45.283  -49.713  -35.917 0.4000000060
122649  -43.583  -43.473  -35.895 0.4000000060
41902  -48.135  -40.894  -33.918 0.3000000119
41051  -48.864  -42.808  -35.331 0.3000000119
39393  -49.451  -44.734  -37.036 0.3000000119
41064  -54.527  -41.944  -36.213 0.3000000119
39398  -49.465  -44.380  -38.014 0.3000000119
126004  -50.617  -43.789  -38.364 0.3000000119
42717  -46.646  -38.652  -38.100 0.6000000238
43449  -53.218  -38.988  -36.157 0.4000000060
42716  -44.067  -38.211  -37.784 0.6999999881
112615  -48.419  -41.367  -38.838 0.3000000119
45707  -51.789  -35.667  -35.384 0.4000000060
43471  -43.184  -37.855  -38.535 0.6999999881
43446  -47.250  -37.743  -36.983 0.6000000238
44917  -45.107  -35.550  -38.483 0.6999999881
44921  -43.054  -36.404  -38.533 0.6999999881
44186  -46.130  -37.039  -35.735 0.6000000238
44923  -44.446  -35.442  -38.572 0.6999999881
48810  -50.066  -32.030  -35.172 0.4000000060
49525  -49.991  -30.829  -36.403 0.4000000060
43440  -34.094  -38.558  -36.117 0.3000000119
44888  -45.316  -36.603  -35.168 0.6000000238
46541  -44.493  -33.836  -37.985 0.6999999881
44915  -42.971  -35.714  -38.267 0.6999999881
126120  -44.813  -36.246  -34.845 0.6000000238
44857  -48.115  -36.405  -32.742 0.5000000000
46533  -43.553  -32.669  -36.907 0.6999999881
45723  -43.682  -33.514  -37.650 0.8000000119
48802  -48.641  -31.677  -33.355 0.4000000060
120538  -43.891  -35.416  -33.781 0.6999999881
46513  -41.164  -33.874  -34.313 0.6999999881
48071  -40.683  -32.640  -32.187 0.6000000238
117754  -40.146  -33.677  -33.610 0.6999999881
47313  -38.992  -33.231  -32.469 0.6000000238
51092  -47.789  -27.493  -36.450 0.4000000060
45667  -43.369  -35.569  -31.595 0.6000000238
125974  -43.971  -35.826  -31.047 0.6999999881
48072  -41.439  -32.551  -32.554 0.6000000238
47312  -38.031  -33.183  -32.562 0.6999999881
48069  -38.513  -32.666  -32.086 0.6999999881
122265  -44.077  -36.214  -31.619 0.4000000060
113040  -47.633  -29.826  -32.384 0.3000000119
123110  -47.503  -28.356  -33.008 0.3000000119
46458  -43.270  -34.671  -29.455 0.5000000000
118424  -37.156  -31.657  -37.474 0.6999999881
48771  -45.741  -31.671  -29.968 0.4000000060
48781  -46.472  -31.505  -30.572 0.4000000060
52783  -44.663  -26.828  -29.233 0.4000000060
106723  -45.715  -28.695  -29.834 0.4000000060
124915  -45.803  -30.211  -29.787 0.4000000060
51029  -46.263  -28.853  -30.574 0.4000000060
50236  -46.738  -29.366  -30.980 0.4000000060
51891  -45.812  -27.320  -31.464 0.4000000060
47272  -42.490  -33.514  -28.228 0.5000000000
47274  -44.183  -33.201  -28.894 0.5000000000
48830  -37.512  -30.911  -37.453 0.6999999881
50266  -37.428  -29.581  -34.459 0.8000000119
50277  -36.012  -29.642  -36.850 0.5000000000
55211  -43.919  -24.014  -28.477 0.5000000000
57634  -43.911  -20.085  -30.993 0.4000000060
56020  -44.443  -22.428  -31.551 0.5000000000
51083  -35.239  -28.757  -35.224 0.5000000000
49427  -40.787  -29.984  -26.906 0.5000000000
50234  -38.390  -29.362  -30.286 0.6999999881
56773  -43.602  -21.701  -28.579 0.4000000060
124736  -43.402  -21.227  -28.098 0.4000000060
51048  -38.066  -28.472  -31.440 0.8000000119
51089  -35.867  -28.155  -35.885 0.5000000000
55185  -42.586  -22.726  -26.849 0.5000000000
113941  -38.058  -27.922  -32.083 0.6000000238
51901  -38.278  -27.289  -32.796 0.6000000238
51928  -36.536  -27.378  -36.154 0.5000000000
52870  -39.234  -26.812  -37.276 0.6999999881
51874  -38.485  -27.583  -30.485 0.6999999881
109079  -38.551  -26.170  -30.815 0.6999999881
52858  -39.322  -26.688  -35.519 0.6000000238
104913  -38.628  -24.046  -30.981 0.6000000238
54412  -40.643  -24.811  -26.543 0.6000000238
56739  -40.845  -20.979  -26.383 0.5000000000
59253  -42.223  -18.893  -26.603 0.4000000060
52795  -38.616  -26.778  -30.131 0.6999999881
107869  -38.605  -25.964  -30.124 0.6999999881
55209  -38.596  -23.713  -28.951 0.6999999881
54452  -38.537  -24.607  -28.824 0.6999999881
103527  -39.277  -25.737  -34.749 0.6000000238
118636  -39.116  -25.054  -34.472 0.6000000238
104422  -38.492  -20.922  -30.345 0.6000000238
125478  -38.819  -23.654  -27.637 0.5000000000
57570  -39.615  -20.027  -26.815 0.5000000000
55964  -38.815  -22.437  -27.884 0.5000000000
107609  -38.622  -22.208  -28.642 0.6000000238
62434  -43.498  -14.883  -30.291 0.4000000060
120868  -38.779  -19.861  -28.356 0.6999999881
58456  -38.630  -19.469  -29.775 0.6000000238
114829  -38.362  -22.766  -33.135 0.6000000238
61679  -44.953  -15.626  -34.251 0.4000000060
59250  -39.854  -17.678  -26.574 0.6000000238
118777  -41.661  -17.559  -26.551 0.4000000060
57581  -38.759  -20.581  -28.105 0.6999999881
59277  -39.046  -18.602  -27.790 0.6000000238
56772  -38.597  -21.217  -28.762 0.6000000238
58470  -38.613  -19.608  -30.634 0.6000000238
113748  -40.806  -15.990  -26.713 0.5000000000
63104  -42.496  -13.691  -27.323 0.4000000060
60036  -38.689  -17.847  -29.037 0.6000000238
110812  -43.562  -12.257  -31.138 0.3000000119
60049  -38.753  -17.102  -29.518 0.6000000238
104824  -38.676  -17.860  -29.976 0.6000000238
104055  -38.592  -19.859  -31.394 0.6000000238
63173  -44.189  -13.459  -33.079 0.3000000119
114584  -45.401  -12.845  -34.383 0.3000000119
114302  -39.026  -16.993  -27.782 0.6000000238
60050  -38.871  -17.080  -28.611 0.6000000238
63974  -43.953  -12.732  -32.600 0.3000000119
123423  -40.715  -14.617  -26.793 0.6000000238
61635  -38.824  -15.659  -29.404 0.6000000238
64764  -43.442  -11.465  -29.590 0.4000000060
64773  -43.550  -11.499  -30.580 0.3000000119
60865  -38.426  -16.320  -31.572 0.6000000238
64792  -43.887  -11.412  -32.206 0.3000000119
63101  -40.047  -13.325  -27.479 0.5000000000
63896  -40.453  -12.543  -27.359 0.5000000000
66249  -42.213  -10.008  -27.972 0.4000000060
61649  -38.641  -15.157  -30.699 0.5000000000
63895  -39.702  -12.606  -28.101 0.4000000060
64741  -39.735  -11.656  -28.508 0.4000000060
65523  -40.533  -10.224  -28.296 0.4000000060
66250  -43.067  -9.129  -28.791 0.3000000119
63152  -39.097  -13.590  -30.013 0.5000000000
115408  -43.439  -7.894  -29.980 0.3000000119
110329  -39.267  -11.599  -30.166 0.4000000060
63953  -39.113  -12.257  -30.500 0.4000000060
110914  -40.476  -7.001  -29.394 0.3000000119
70222  -42.860  -4.777  -30.105 0.3000000119
71086  -43.876  -3.846  -31.760 0.3000000119
67056  -39.602  -8.544  -30.682 0.3000000119
113867  -39.088  -10.071  -32.518 0.3000000119
70220  -41.370  -4.820  -29.788 0.3000000119
65580  -38.794  -10.628  -34.145 0.3000000119
71075  -43.399  -3.585  -30.990 0.3000000119
108757  -38.437  -11.950  -34.494 0.4000000060
70219  -40.571  -4.971  -30.108 0.3000000119
71857  -42.631  -2.225  -31.058 0.3000000119
71878  -43.994  -2.171  -33.273 0.3000000119
69438  -39.518  -5.833  -32.702 0.3000000119
67104  -38.813  -8.784  -34.307 0.3000000119
68669  -39.114  -6.448  -34.047 0.3000000119
71104  -39.631  -3.712  -33.175 0.3000000119
67878  -38.278  -8.113  -35.585 0.3000000119
71113  -38.697  -3.790  -34.898 0.3000000119
114712  -39.569  -3.086  -33.618 0.3000000119
67119  -37.787  -8.000  -36.070 0.3000000119
72660  -40.020  -0.819  -32.870 0.3000000119
74179  -41.074  0.258  -32.705 0.3000000119
74194  -42.505  0.704  -33.170 0.3000000119
74954  -42.680  1.150  -33.873 0.3000000119
69476  -37.689  -5.829  -36.507 0.3000000119
70275  -38.422  -4.396  -35.593 0.3000000119
112251  -37.915  -4.039  -36.393 0.3000000119
67889  -36.150  -7.720  -36.758 0.3000000119
67120  -35.406  -7.885  -36.721 0.3000000119
75780  -42.089  2.263  -34.407 0.3000000119
68681  -35.300  -6.623  -36.987 0.3000000119
32396  -46.145  -53.709  -42.500 0.4000000060
45730  -43.254  -34.713  -38.090 0.6999999881
44866  -41.563  -35.917  -34.187 0.8000000119
114423  -39.267  -35.164  -33.594 0.8000000119
54491  -45.137  -24.800  -32.473 0.4000000060
61678  -38.332  -15.695  -34.973 0.5000000000
110771  -44.613  -24.075  -30.967 0.4000000060
56032  -47.318  -22.740  -32.415 0.3000000119
56045  -45.936  -22.496  -33.823 0.4000000060
56821  -46.897  -21.939  -32.259 0.3000000119
55260  -44.807  -22.973  -33.848 0.4000000060
56055  -45.024  -22.011  -33.935 0.4000000060
56838  -44.884  -21.516  -33.755 0.4000000060
105380  -46.449  -21.556  -32.899 0.3000000119
56840  -45.721  -21.155  -33.873 0.4000000060
56830  -46.020  -21.782  -33.608 0.3000000119
56007  -44.193  -22.931  -29.693 0.3000000119
57670  -44.967  -20.742  -33.902 0.4000000060
57671  -45.453  -20.537  -33.970 0.4000000060
58527  -46.101  -18.814  -34.706 0.3000000119
59354  -47.202  -18.372  -35.762 0.3000000119
58528  -46.712  -18.565  -35.117 0.3000000119
108268  -45.594  -19.108  -34.347 0.4000000060
58515  -45.143  -19.861  -34.081 0.4000000060
60116  -47.689  -17.695  -36.084 0.3000000119
60115  -46.782  -17.899  -35.860 0.3000000119
60114  -45.785  -17.475  -35.332 0.3000000119
54538  -37.994  -24.573  -36.831 0.5000000000
60899  -46.238  -16.783  -35.405 0.3000000119
54527  -35.724  -24.756  -35.846 0.5000000000
113304  -36.262  -23.288  -35.853 0.5000000000
54528  -36.922  -24.015  -36.329 0.5000000000
55287  -38.850  -22.931  -36.654 0.5000000000
61689  -46.888  -15.850  -35.383 0.3000000119
61688  -45.885  -15.757  -34.975 0.3000000119
56067  -38.226  -22.177  -36.278 0.5000000000
56850  -38.647  -20.873  -35.895 0.5000000000
57681  -37.499  -20.474  -35.844 0.5000000000
58524  -37.946  -19.616  -36.111 0.5000000000
56849  -38.204  -21.274  -35.942 0.5000000000
58525  -38.854  -19.355  -36.239 0.4000000060
104054  -36.380  -19.823  -35.600 0.5000000000
118456  -36.139  -20.538  -35.511 0.5000000000
58526  -39.013  -19.104  -36.086 0.5000000000
59350  -38.042  -18.850  -36.065 0.4000000060
59351  -38.625  -18.782  -36.034 0.5000000000
104047  -36.701  -19.034  -35.702 0.4000000060
125728  -37.012  -18.400  -35.787 0.4000000060
60113  -38.409  -17.772  -35.436 0.5000000000
60111  -37.856  -18.084  -35.835 0.4000000060
110803  -35.879  -17.181  -35.461 0.4000000060
110138  -37.121  -17.182  -35.631 0.5000000000
104856  -36.515  -17.805  -35.617 0.4000000060
60897  -38.172  -16.546  -35.476 0.4000000060
114158  -38.042  -17.356  -35.693 0.4000000060
123280  -36.367  -16.581  -35.547 0.3000000119
60896  -37.353  -16.300  -35.574 0.4000000060
115340  -38.230  -14.865  -35.152 0.4000000060
61686  -37.810  -15.567  -35.420 0.3000000119
123832  -35.938  -15.786  -35.560 0.3000000119
61685  -37.020  -15.270  -35.547 0.3000000119
62469  -37.883  -14.088  -35.611 0.3000000119
62470  -38.215  -14.051  -35.445 0.3000000119
119326  -37.621  -14.798  -35.466 0.3000000119
62467  -36.019  -14.814  -35.468 0.3000000119
110824  -36.088  -14.036  -35.411 0.3000000119
63195  -38.284  -13.454  -35.331 0.3000000119
62468  -37.061  -14.322  -35.575 0.3000000119
63193  -37.410  -13.426  -35.606 0.3000000119
63194  -38.033  -13.376  -35.580 0.3000000119
123895  -36.748  -13.781  -35.537 0.3000000119
55285  -34.995  -23.445  -35.582 0.5000000000
55250  -48.879  -23.408  -32.804 0.3000000119
107095  -45.030  -22.758  -34.084 0.4000000060
56065  -35.475  -22.629  -35.596 0.5000000000
109530  -35.999  -21.858  -35.593 0.4000000060
55990  -43.934  -23.160  -28.824 0.4000000060
56014  -44.340  -22.660  -30.612 0.4000000060
126184  -44.789  -24.730  -30.715 0.4000000060
54497  -44.848  -23.667  -33.666 0.4000000060
60105  -45.486  -17.870  -35.029 0.3000000119
108137  -38.666  -22.439  -36.281 0.5000000000
57683  -39.040  -20.408  -36.091 0.5000000000
59352  -38.583  -18.725  -35.805 0.5000000000
56033  -48.183  -22.715  -32.124 0.3000000119
55248  -46.999  -23.316  -33.025 0.4000000060
56056  -45.467  -22.053  -33.899 0.4000000060
110299  -45.516  -22.814  -34.038 0.4000000060
55261  -46.183  -23.295  -33.773 0.4000000060
55275  -44.976  -23.373  -34.058 0.4000000060
57672  -45.991  -20.242  -34.034 0.3000000119
57660  -46.157  -20.835  -33.598 0.3000000119
58516  -45.795  -19.632  -34.260 0.4000000060
59353  -46.206  -18.266  -35.411 0.3000000119
60900  -47.192  -16.958  -35.750 0.3000000119
53735  -34.841  -25.379  -35.486 0.5000000000
119131  -35.686  -24.001  -35.733 0.5000000000
56066  -36.840  -22.468  -35.942 0.5000000000
55286  -37.729  -22.994  -36.461 0.5000000000
56068  -38.445  -21.696  -35.921 0.5000000000
109690  -39.155  -19.665  -36.154 0.5000000000
111436  -37.270  -21.817  -35.910 0.5000000000
57682  -38.794  -20.244  -36.181 0.4000000060
60112  -38.339  -18.296  -35.700 0.5000000000
61687  -38.135  -15.686  -35.208 0.3000000119
55276  -45.383  -23.526  -34.029 0.4000000060
44885  -37.949  -36.599  -34.119 0.6999999881
114482  -39.914  -35.591  -33.670 0.6999999881
45686  -38.813  -36.026  -33.669 0.6999999881
45702  -37.154  -35.795  -34.289 0.6999999881
109256  -38.366  -35.253  -33.517 0.6999999881
118986  -37.907  -35.827  -33.814 0.6999999881
52824  -46.239  -26.560  -33.133 0.3000000119
52823  -45.802  -26.227  -32.676 0.3000000119
53712  -46.069  -25.640  -34.359 0.3000000119
53703  -45.452  -25.251  -33.198 0.3000000119
52832  -45.821  -25.816  -33.567 0.3000000119
45685  -37.422  -35.204  -33.619 0.6999999881
52813  -45.657  -26.499  -31.809 0.3000000119
114945  -45.488  -25.693  -32.305 0.3000000119
53711  -45.581  -24.984  -34.035 0.3000000119
53720  -46.215  -25.259  -34.684 0.3000000119
114722  -46.907  -25.104  -34.948 0.3000000119
46495  -37.197  -34.547  -33.470 0.6000000238
45684  -36.811  -34.914  -33.968 0.6999999881
53675  -45.057  -25.310  -30.952 0.3000000119
53691  -45.238  -25.275  -31.700 0.3000000119
54511  -45.252  -24.001  -33.861 0.3000000119
54512  -45.760  -24.480  -34.062 0.3000000119
54513  -46.435  -24.642  -34.380 0.3000000119
54498  -45.115  -24.442  -33.477 0.3000000119
55262  -47.041  -24.094  -33.504 0.3000000119
55277  -46.062  -24.065  -33.983 0.3000000119
55231  -44.443  -23.537  -30.321 0.3000000119
44887  -42.449  -35.280  -35.673 0.6999999881
43425  -37.966  -38.420  -33.947 0.6999999881
44865  -40.667  -36.254  -33.737 0.6999999881
44864  -39.700  -36.629  -33.600 0.6999999881
108509  -37.592  -37.219  -34.573 0.6999999881
44884  -37.197  -36.655  -34.872 0.6999999881
51912  -46.743  -26.861  -34.518 0.3000000119
52833  -46.264  -26.299  -34.081 0.3000000119
53721  -46.821  -25.693  -35.355 0.3000000119
123943  -47.839  -25.003  -34.766 0.3000000119
55263  -48.167  -24.158  -33.371 0.3000000119
122067  -46.579  -26.929  -33.606 0.3000000119
37114  -42.982  -45.879  -39.548 0.4000000060
37854  -42.578  -45.157  -39.190 0.4000000060
37848  -42.430  -45.144  -38.213 0.4000000060
37106  -42.649  -46.105  -38.291 0.4000000060
37857  -42.583  -45.266  -40.017 0.4000000060
41056  -42.903  -41.186  -37.120 0.5000000000
109026  -42.450  -42.737  -37.364 0.4000000060
39397  -42.375  -43.501  -37.472 0.4000000060
106783  -42.329  -43.658  -38.348 0.4000000060
38612  -42.349  -44.506  -37.603 0.4000000060
109049  -42.366  -42.744  -38.405 0.5000000000
38615  -42.410  -44.258  -38.962 0.4000000060
39406  -42.017  -43.728  -39.579 0.4000000060
40184  -42.633  -42.316  -36.781 0.4000000060
40191  -42.527  -41.914  -37.920 0.5000000000
39402  -42.266  -43.293  -39.138 0.5000000000
38621  -41.867  -44.963  -40.171 0.5000000000
41066  -42.489  -40.902  -38.830 0.5000000000
40198  -42.366  -41.729  -39.056 0.5000000000
39405  -41.414  -43.189  -39.691 0.5000000000
39404  -40.644  -43.454  -39.653 0.5000000000
38617  -40.474  -44.386  -39.827 0.5000000000
40201  -42.011  -41.684  -39.429 0.5000000000
41071  -42.058  -40.963  -39.410 0.6000000238
41072  -40.894  -41.452  -39.425 0.5000000000
111629  -40.751  -42.709  -39.583 0.5000000000
40197  -40.121  -42.250  -38.871 0.6000000238
39401  -40.149  -42.827  -39.279 0.5000000000
40189  -39.939  -43.048  -38.114 0.5000000000
42714  -42.407  -39.284  -38.821 0.6000000238
41073  -41.495  -41.241  -39.480 0.6000000238
41939  -42.003  -40.007  -39.235 0.6000000238
40199  -40.507  -42.071  -39.346 0.5000000000
41065  -40.491  -41.358  -38.511 0.6000000238
112731  -40.484  -41.627  -37.525 0.5000000000
40164  -39.660  -42.758  -35.021 0.5000000000
40170  -40.099  -42.451  -35.931 0.5000000000
40171  -40.413  -41.849  -36.017 0.5000000000
41048  -40.177  -41.886  -35.083 0.5000000000
41898  -36.468  -40.760  -33.940 0.4000000060
41941  -41.608  -40.622  -39.402 0.6000000238
41899  -37.014  -39.890  -34.208 0.5000000000
42721  -41.927  -39.529  -39.043 0.6000000238
41938  -41.430  -40.368  -39.138 0.5000000000
41875  -37.138  -40.561  -33.865 0.5000000000
41929  -40.901  -40.583  -38.638 0.6000000238
41876  -38.061  -40.612  -33.643 0.5000000000
41918  -40.985  -40.658  -36.650 0.6000000238
109361  -40.754  -41.012  -37.671 0.5000000000
40163  -39.006  -42.744  -34.134 0.5000000000
41055  -40.651  -41.449  -36.706 0.5000000000
41049  -40.557  -41.230  -35.723 0.5000000000
116431  -35.850  -40.606  -34.193 0.4000000060
105057  -36.400  -40.143  -34.461 0.5000000000
41016  -35.523  -41.801  -33.447 0.4000000060
42677  -36.653  -39.528  -34.608 0.5000000000
42722  -42.089  -39.234  -39.051 0.6000000238
42660  -37.664  -39.888  -33.747 0.5000000000
43469  -42.122  -38.787  -38.761 0.6000000238
42679  -37.998  -39.210  -33.611 0.5000000000
41919  -41.366  -39.902  -37.450 0.6000000238
119225  -41.105  -40.450  -37.825 0.6000000238
41910  -41.273  -39.844  -36.178 0.6000000238
112147  -39.579  -42.118  -34.425 0.5000000000
41038  -40.379  -41.102  -34.873 0.5000000000
41037  -39.762  -41.289  -34.261 0.5000000000
42676  -35.640  -39.954  -34.842 0.4000000060
42697  -36.108  -39.504  -35.139 0.5000000000
41034  -35.338  -41.095  -33.780 0.4000000060
43424  -37.261  -38.453  -34.619 0.5000000000
43456  -42.210  -37.629  -37.746 0.6000000238
43462  -41.882  -38.495  -38.090 0.6000000238
108275  -38.713  -38.877  -33.545 0.5000000000
42661  -38.586  -39.855  -33.537 0.5000000000
43455  -41.962  -38.427  -36.707 0.6000000238
42699  -41.509  -39.058  -35.800 0.6000000238
41020  -39.165  -41.112  -33.733 0.5000000000
42698  -41.176  -39.636  -35.187 0.5000000000
41900  -39.475  -40.388  -33.775 0.5000000000
41901  -40.271  -40.496  -34.358 0.5000000000
43423  -36.598  -38.878  -35.093 0.5000000000
44152  -38.174  -37.505  -34.106 0.6000000238
43410  -38.800  -37.979  -33.682 0.5000000000
44195  -42.522  -36.770  -36.893 0.6000000238
43444  -41.855  -38.242  -35.382 0.6000000238
42662  -39.506  -39.420  -33.633 0.5000000000
42680  -40.126  -39.836  -33.962 0.5000000000
42681  -40.726  -39.745  -34.487 0.5000000000
43443  -36.885  -38.107  -35.363 0.4000000060
41897  -35.149  -40.479  -34.358 0.4000000060
44863  -38.819  -37.051  -33.704 0.6000000238
44153  -39.607  -37.586  -33.574 0.6000000238
44184  -42.182  -37.344  -35.148 0.6000000238
43411  -39.586  -38.503  -33.568 0.5000000000
43412  -40.476  -39.040  -33.848 0.5000000000
108500  -41.578  -37.814  -34.376 0.6000000238
121536  -36.050  -39.026  -35.780 0.5000000000
44183  -37.066  -37.382  -35.268 0.5000000000
43442  -36.265  -38.420  -36.008 0.4000000060
108664  -35.694  -38.636  -36.314 0.4000000060
114324  -40.405  -38.109  -33.646 0.5000000000
124501  -41.042  -37.757  -33.782 0.5000000000
41877  -38.773  -40.660  -33.580 0.5000000000
41036  -39.100  -41.819  -33.880 0.5000000000
42675  -34.880  -39.820  -34.969 0.4000000060
43470  -42.460  -38.109  -38.626 0.6000000238
44899  -42.548  -36.056  -36.201 0.6000000238
44170  -42.333  -36.391  -35.265 0.6000000238
44169  -41.908  -36.739  -34.559 0.6000000238
44185  -42.407  -36.896  -35.855 0.6000000238
44155  -41.273  -36.996  -33.946 0.6000000238
44154  -40.458  -37.240  -33.640 0.6000000238
122548  -41.935  -42.981  -39.488 0.5000000000
40200  -41.426  -42.196  -39.564 0.5000000000
39403  -39.919  -43.643  -39.356 0.5000000000
41937  -40.826  -40.831  -39.095 0.6000000238
42678  -37.285  -39.162  -34.162 0.5000000000
42713  -41.716  -39.267  -38.387 0.6000000238
41909  -40.826  -40.430  -35.281 0.5000000000
42706  -41.648  -39.196  -37.092 0.6000000238
43445  -42.249  -37.601  -36.230 0.6000000238
43426  -41.293  -38.901  -34.604 0.6000000238
44168  -41.066  -38.378  -33.930 0.5000000000
44902  -52.905  -37.251  -36.185 0.3000000119
44189  -53.459  -38.102  -36.514 0.3000000119
112015  -53.132  -36.441  -37.149 0.3000000119
45717  -52.398  -35.645  -36.314 0.3000000119
44903  -53.562  -37.440  -37.015 0.3000000119
46536  -52.653  -34.804  -37.820 0.3000000119
122314  -51.838  -35.088  -35.845 0.3000000119
46528  -52.189  -34.939  -36.709 0.3000000119
47357  -52.248  -33.916  -37.917 0.3000000119
47350  -51.409  -33.767  -36.446 0.3000000119
47361  -51.927  -33.238  -37.816 0.3000000119
51952  -51.805  -28.157  -37.935 0.3000000119
116012  -50.223  -28.071  -37.867 0.3000000119
52876  -51.266  -27.643  -37.771 0.3000000119
51945  -49.193  -27.699  -37.527 0.3000000119
53760  -49.706  -26.618  -37.390 0.3000000119
120153  -50.003  -27.533  -37.737 0.3000000119
51944  -48.336  -27.173  -37.188 0.3000000119
38618  -41.426  -44.146  -39.857 0.4000000060
44909  -54.240  -37.007  -37.428 0.3000000119
38620  -41.179  -44.808  -40.216 0.4000000060
45735  -53.970  -35.430  -38.020 0.3000000119
46542  -52.989  -34.153  -38.400 0.3000000119
48107  -51.460  -32.765  -37.249 0.3000000119
48831  -50.915  -31.135  -37.769 0.3000000119
51108  -50.812  -28.623  -38.089 0.3000000119
51109  -52.209  -28.389  -38.110 0.3000000119
51110  -52.892  -28.366  -38.300 0.3000000119
51953  -52.900  -28.239  -37.915 0.3000000119
117579  -52.311  -27.304  -37.619 0.3000000119
53761  -50.635  -26.846  -37.483 0.3000000119
45726  -53.275  -35.592  -37.880 0.3000000119
48115  -53.115  -32.695  -38.377 0.3000000119
34815  -33.825  -49.207  -40.860 0.4000000060
35653  -33.661  -48.420  -40.635 0.3000000119
105787  -34.128  -47.879  -40.390 0.3000000119
37111  -33.949  -46.879  -39.409 0.3000000119
38581  -38.828  -44.627  -35.513 0.4000000060
38582  -39.254  -43.977  -35.723 0.4000000060
37836  -38.569  -45.869  -36.538 0.4000000060
37846  -39.028  -45.445  -37.228 0.4000000060
39361  -38.590  -43.550  -34.328 0.4000000060
39362  -39.171  -43.315  -34.740 0.4000000060
39375  -39.409  -43.444  -35.422 0.4000000060
39387  -39.593  -43.570  -36.279 0.4000000060
39396  -39.734  -43.756  -37.278 0.4000000060
38611  -39.413  -44.637  -37.506 0.4000000060
123482  -34.908  -43.126  -33.528 0.3000000119
40182  -40.057  -42.933  -36.882 0.4000000060
40148  -35.750  -42.715  -33.353 0.3000000119
40147  -34.849  -42.333  -33.510 0.3000000119
103530  -39.599  -43.820  -38.367 0.4000000060
41018  -37.679  -41.329  -33.628 0.4000000060
39374  -39.016  -43.926  -34.989 0.4000000060
38598  -39.017  -45.102  -36.468 0.4000000060
38599  -39.368  -44.300  -36.455 0.4000000060
30696  -45.354  -54.530  -42.250 0.3000000119
31572  -45.822  -54.001  -42.374 0.3000000119
125056  -46.983  -53.238  -42.765 0.3000000119
33221  -47.011  -51.708  -41.628 0.3000000119
34020  -47.089  -50.765  -42.013 0.3000000119
34827  -44.705  -49.229  -41.946 0.3000000119
34830  -44.292  -49.952  -42.371 0.3000000119
34019  -42.850  -49.728  -42.334 0.3000000119
122285  -44.086  -48.381  -41.752 0.3000000119
124258  -43.248  -48.196  -41.919 0.3000000119
35662  -42.439  -48.678  -42.151 0.3000000119
36360  -43.765  -47.361  -40.978 0.3000000119
113021  -43.555  -47.695  -41.506 0.3000000119
36361  -42.527  -47.677  -41.654 0.3000000119
112641  -42.989  -45.969  -40.296 0.3000000119
37121  -42.208  -46.812  -41.192 0.3000000119
123351  -46.377  -50.315  -39.919 0.3000000119
37859  -42.290  -45.639  -40.470 0.3000000119
37119  -42.698  -46.299  -40.814 0.3000000119
32408  -47.239  -52.749  -42.751 0.3000000119
28760  -41.817  -56.527  -41.007 0.4000000060
29737  -42.606  -55.693  -41.193 0.4000000060
29751  -45.607  -55.474  -42.768 0.3000000119
32368  -40.299  -52.584  -38.880 0.3000000119
32398  -47.228  -52.539  -42.512 0.3000000119
33198  -41.575  -51.513  -38.655 0.4000000060
33220  -47.042  -52.616  -41.911 0.3000000119
33222  -47.203  -51.523  -42.205 0.3000000119
33238  -47.155  -51.912  -42.766 0.3000000119
33971  -41.357  -50.156  -35.365 0.3000000119
33980  -41.720  -50.590  -36.781 0.3000000119
33982  -44.422  -50.360  -36.372 0.3000000119
33987  -44.629  -50.405  -37.173 0.4000000060
33995  -45.779  -50.311  -38.455 0.4000000060
34004  -46.556  -50.794  -40.405 0.3000000119
34012  -47.004  -50.792  -41.478 0.3000000119
34780  -42.876  -49.451  -34.511 0.3000000119
34786  -43.301  -49.839  -35.130 0.3000000119
34787  -44.531  -49.946  -35.211 0.3000000119
34788  -45.117  -49.876  -35.438 0.3000000119
34822  -33.175  -49.796  -41.119 0.4000000060
34829  -46.670  -50.146  -41.594 0.3000000119
35609  -41.964  -48.519  -33.440 0.3000000119
35610  -43.103  -48.565  -33.673 0.3000000119
35611  -44.271  -48.658  -33.822 0.3000000119
35612  -45.159  -48.626  -33.963 0.3000000119
35618  -45.163  -48.797  -34.406 0.3000000119
35632  -45.201  -49.649  -37.092 0.4000000060
35644  -34.322  -47.598  -39.695 0.3000000119
36359  -43.094  -46.980  -41.237 0.3000000119
37062  -43.681  -46.882  -33.033 0.3000000119
37069  -45.080  -47.250  -33.545 0.3000000119
37082  -43.261  -46.321  -35.888 0.4000000060
37107  -43.209  -46.735  -38.996 0.4000000060
37115  -43.389  -46.555  -39.942 0.4000000060
37120  -43.329  -46.664  -40.652 0.3000000119
37828  -44.596  -46.134  -35.406 0.3000000119
38554  -42.622  -44.285  -32.720 0.3000000119
38564  -44.605  -44.489  -33.482 0.3000000119
38601  -43.019  -43.789  -36.008 0.4000000060
38619  -42.202  -44.541  -39.755 0.4000000060
39389  -42.993  -42.914  -36.182 0.5000000000
39400  -39.713  -43.181  -38.964 0.6000000238
40183  -40.401  -42.130  -36.806 0.4000000060
40190  -40.217  -42.214  -37.858 0.5000000000
41019  -38.514  -41.302  -33.646 0.5000000000
41050  -44.138  -41.946  -35.952 0.5000000000
41070  -40.611  -41.406  -39.145 0.6000000238
41878  -46.226  -40.649  -32.763 0.3000000119
41916  -54.092  -41.023  -36.895 0.3000000119
41930  -41.438  -40.012  -38.581 0.6000000238
41940  -41.056  -40.869  -39.345 0.5000000000
42720  -48.239  -39.731  -38.747 0.4000000060
43463  -42.201  -38.075  -38.449 0.6000000238
44167  -37.540  -37.850  -34.659 0.5000000000
44193  -35.724  -37.475  -37.125 0.5000000000
44201  -36.056  -36.918  -37.290 0.5000000000
44848  -46.773  -36.260  -31.879 0.5000000000
44916  -43.453  -35.360  -38.459 0.6999999881
44918  -45.495  -35.169  -38.223 0.6999999881
44919  -53.981  -36.129  -37.802 0.3000000119
44922  -43.818  -35.811  -38.580 0.6999999881
45648  -43.738  -35.177  -30.045 0.5000000000
45668  -44.670  -35.989  -31.013 0.5000000000
45716  -45.707  -35.197  -37.023 0.6000000238
45718  -52.730  -35.515  -37.316 0.3000000119
45728  -35.493  -35.761  -37.474 0.6999999881
45732  -44.720  -34.786  -38.448 0.6999999881
45734  -53.535  -34.883  -38.189 0.3000000119
46502  -50.077  -34.672  -33.741 0.4000000060
46525  -44.255  -32.795  -36.388 0.8000000119
46535  -51.969  -34.208  -37.014 0.3000000119
46540  -36.230  -34.725  -37.361 0.6999999881
47288  -42.146  -33.934  -28.756 0.5000000000
47349  -50.948  -33.588  -35.690 0.4000000060
47354  -43.412  -32.610  -36.258 0.6999999881
47355  -43.807  -32.553  -36.554 0.6999999881
47356  -51.687  -33.508  -37.168 0.3000000119
47362  -52.509  -33.228  -38.271 0.3000000119
47364  -53.416  -33.366  -38.234 0.3000000119
48009  -41.597  -32.319  -27.642 0.5000000000
48010  -42.561  -32.280  -27.650 0.5000000000
48025  -40.422  -32.399  -28.495 0.6000000238
48026  -41.092  -32.748  -28.080 0.6000000238
48029  -43.906  -32.689  -28.418 0.5000000000
48052  -46.142  -32.156  -30.456 0.4000000060
48063  -40.435  -32.671  -31.432 0.6000000238
48097  -36.720  -32.367  -35.866 0.8000000119
48816  -37.652  -31.216  -36.963 0.8000000119
48822  -35.818  -32.032  -37.414 0.6000000238
48824  -51.245  -31.934  -37.459 0.3000000119
48829  -36.964  -31.120  -37.634 0.6000000238
49434  -40.777  -30.650  -27.233 0.5000000000
49530  -50.070  -30.108  -37.235 0.4000000060
49535  -37.700  -30.114  -37.467 0.6999999881
49537  -51.247  -30.719  -38.240 0.3000000119
50190  -41.072  -29.427  -26.755 0.5000000000
50197  -40.355  -29.493  -27.021 0.5000000000
50200  -42.954  -30.043  -27.718 0.5000000000
50279  -48.748  -28.994  -35.407 0.4000000060
50280  -49.224  -29.477  -35.897 0.4000000060
50284  -37.574  -29.565  -37.514 0.6999999881
50292  -50.074  -28.751  -37.711 0.4000000060
50293  -50.380  -29.385  -37.797 0.3000000119
51001  -39.140  -28.780  -27.976 0.5000000000
51003  -44.468  -28.377  -28.749 0.5000000000
51013  -38.509  -28.707  -29.816 0.6000000238
51015  -45.494  -27.904  -29.949 0.4000000060
51094  -48.801  -28.784  -36.403 0.4000000060
51115  -51.758  -28.598  -38.286 0.3000000119
51849  -43.296  -27.785  -27.906 0.5000000000
51951  -50.906  -27.772  -37.896 0.3000000119
52742  -40.022  -26.541  -26.710 0.6000000238
52762  -42.621  -26.362  -27.344 0.5000000000
52822  -38.522  -26.533  -32.495 0.6000000238
52875  -49.335  -27.087  -37.582 0.3000000119
52877  -52.072  -28.016  -37.829 0.3000000119
53665  -44.736  -25.252  -30.092 0.3000000119
53674  -38.513  -25.384  -30.606 0.6000000238
53676  -45.334  -25.951  -31.338 0.4000000060
53690  -38.549  -25.584  -31.414 0.6000000238
53746  -38.095  -26.064  -37.057 0.6000000238
53762  -51.500  -27.197  -37.590 0.3000000119
54454  -44.191  -24.731  -28.868 0.4000000060
54473  -44.578  -24.378  -30.144 0.3000000119
54499  -47.477  -24.609  -34.185 0.3000000119
54529  -39.566  -24.461  -36.101 0.6000000238
55163  -39.396  -23.724  -27.063 0.5000000000
55164  -40.191  -23.448  -26.656 0.5000000000
55950  -41.399  -22.813  -26.459 0.5000000000
55989  -43.625  -22.493  -28.308 0.4000000060
56031  -46.525  -22.499  -33.114 0.4000000060
56043  -38.463  -22.614  -34.452 0.6000000238
56054  -44.857  -22.282  -33.816 0.4000000060
56752  -42.950  -21.865  -27.105 0.5000000000
56820  -44.457  -21.293  -32.731 0.5000000000
56839  -45.240  -21.346  -33.919 0.4000000060
57571  -40.445  -20.168  -26.480 0.5000000000
57625  -43.903  -20.442  -30.475 0.4000000060
57633  -38.562  -20.184  -32.121 0.6000000238
58412  -40.835  -18.920  -26.520 0.5000000000
58414  -42.417  -19.558  -26.753 0.4000000060
58427  -43.225  -19.700  -27.872 0.4000000060
58484  -44.065  -19.332  -32.069 0.5000000000
58504  -44.683  -19.501  -33.570 0.5000000000
58517  -46.381  -19.244  -34.364 0.3000000119
59263  -39.423  -18.182  -27.150 0.6000000238
59343  -45.598  -18.472  -34.701 0.4000000060
60051  -43.505  -17.384  -29.475 0.4000000060
60826  -39.093  -16.366  -28.150 0.6000000238
60891  -45.449  -16.512  -34.965 0.3000000119
61582  -41.453  -15.672  -26.616 0.5000000000
61583  -42.039  -15.345  -26.688 0.5000000000
61603  -42.598  -15.385  -27.098 0.5000000000
61660  -38.477  -15.645  -31.312 0.5000000000
61661  -43.617  -15.335  -31.790 0.4000000060
62432  -38.651  -14.309  -31.062 0.5000000000
62454  -44.035  -14.319  -32.767 0.3000000119
63102  -40.857  -13.249  -26.904 0.6000000238
63103  -41.846  -13.273  -26.827 0.4000000060
63164  -39.001  -13.091  -30.656 0.5000000000
63192  -36.075  -13.240  -35.383 0.3000000119
63924  -42.511  -12.128  -27.766 0.4000000060
63973  -43.761  -12.099  -32.025 0.3000000119
64742  -40.297  -11.017  -28.207 0.4000000060
65494  -40.930  -10.645  -27.820 0.4000000060
65496  -42.126  -10.927  -27.788 0.4000000060
65524  -42.721  -10.731  -28.318 0.3000000119
65525  -43.283  -10.637  -29.044 0.4000000060
65543  -39.646  -10.651  -29.395 0.3000000119
65588  -38.897  -10.027  -34.235 0.3000000119
66261  -39.920  -9.258  -29.311 0.3000000119
66275  -39.461  -9.301  -31.080 0.3000000119
66276  -43.601  -9.815  -30.192 0.3000000119
66296  -39.116  -9.379  -33.016 0.3000000119
67025  -41.735  -8.383  -28.408 0.3000000119
67027  -43.143  -8.396  -28.951 0.3000000119
67116  -35.550  -8.439  -36.603 0.3000000119
67806  -40.716  -7.652  -28.922 0.3000000119
67820  -42.670  -7.177  -28.853 0.3000000119
67830  -43.509  -7.084  -30.008 0.3000000119
67890  -36.926  -7.430  -36.677 0.3000000119
67892  -35.045  -7.485  -36.751 0.3000000119
67893  -35.759  -7.201  -36.889 0.3000000119
68592  -41.943  -6.928  -28.701 0.3000000119
68604  -40.815  -6.282  -29.429 0.3000000119
68632  -39.736  -6.371  -31.572 0.3000000119
69399  -41.906  -5.458  -29.401 0.3000000119
69414  -40.156  -5.618  -30.447 0.3000000119
69415  -43.292  -5.457  -30.174 0.3000000119
69468  -38.232  -6.013  -35.933 0.3000000119
69481  -36.578  -5.667  -37.291 0.3000000119
71074  -42.742  -3.424  -30.561 0.3000000119
71084  -39.997  -3.813  -31.595 0.3000000119
71858  -43.144  -2.182  -31.436 0.3000000119
71877  -40.079  -1.556  -32.772 0.3000000119
72640  -41.881  -1.182  -31.390 0.3000000119
72661  -43.919  -1.609  -33.827 0.3000000119
73409  -42.797  -0.799  -31.773 0.3000000119
73422  -41.317  -0.309  -32.218 0.3000000119
74182  -43.030  0.101  -32.885 0.3000000119
74942  -41.976  0.822  -32.904 0.3000000119
74951  -41.062  1.442  -33.573 0.3000000119
75769  -42.153  1.744  -33.879 0.3000000119
103485  -45.269  -50.257  -37.683 0.4000000060
103831  -43.584  -48.917  -42.156 0.3000000119
103951  -38.696  -26.006  -33.009 0.6000000238
104870  -36.732  -21.193  -35.693 0.5000000000
105719  -35.349  -17.720  -35.484 0.4000000060
105870  -45.419  -47.028  -34.716 0.3000000119
105904  -44.854  -12.657  -34.074 0.3000000119
106380  -42.333  -16.834  -26.773 0.4000000060
106557  -43.905  -45.222  -35.507 0.4000000060
107049  -46.107  -36.898  -38.148 0.6999999881
107065  -49.717  -35.988  -33.465 0.4000000060
107192  -48.146  -40.602  -33.102 0.3000000119
108475  -41.482  -33.048  -31.395 0.6000000238
110075  -38.534  -22.705  -31.169 0.6000000238
110267  -38.552  -22.605  -30.372 0.6000000238
110423  -51.365  -28.153  -38.055 0.3000000119
111225  -39.557  -7.806  -31.255 0.3000000119
111567  -43.070  -6.842  -29.315 0.3000000119
111578  -38.548  -22.430  -29.561 0.6000000238
111869  -39.416  -5.119  -33.019 0.3000000119
112148  -39.727  -43.025  -35.909 0.5000000000
113129  -43.340  -18.180  -28.179 0.4000000060
113939  -50.335  -27.258  -37.665 0.3000000119
114437  -38.026  -14.815  -35.363 0.3000000119
114851  -43.543  -0.130  -35.028 0.3000000119
114941  -41.806  -21.049  -26.523 0.5000000000
115065  -44.815  -16.390  -34.098 0.5000000000
115413  -39.143  -7.986  -33.013 0.3000000119
115650  -43.237  -12.879  -28.617 0.4000000060
115659  -42.161  -42.417  -39.247 0.5000000000
116070  -43.499  -9.125  -29.934 0.3000000119
116307  -41.609  -11.955  -27.288 0.4000000060
116324  -37.492  -5.069  -36.883 0.3000000119
116533  -39.193  -7.155  -33.616 0.3000000119
116905  -40.278  -30.108  -27.221 0.5000000000
116947  -43.263  -15.067  -28.292 0.4000000060
117393  -45.122  -16.257  -34.598 0.4000000060
117740  -52.485  -28.324  -38.012 0.3000000119
118366  -43.159  -39.450  -38.019 0.6999999881
118838  -38.305  -17.254  -32.791 0.6000000238
118897  -43.506  -25.597  -27.960 0.5000000000
119284  -40.121  -24.429  -37.192 0.6000000238
120547  -47.186  -52.839  -42.617 0.3000000119
121027  -40.002  -7.153  -29.970 0.3000000119
121042  -39.234  -25.970  -37.464 0.6000000238
121217  -40.723  -11.310  -27.712 0.4000000060
121465  -42.257  -50.643  -37.209 0.3000000119
121583  -46.192  -43.622  -34.150 0.3000000119
121889  -46.046  -47.168  -33.887 0.3000000119
122290  -45.635  -25.760  -32.955 0.3000000119
122730  -42.558  -9.343  -28.395 0.3000000119
122759  -49.769  -38.634  -34.376 0.4000000060
123732  -47.861  -41.450  -34.362 0.3000000119
123757  -39.963  -52.961  -38.944 0.3000000119
123972  -42.725  -25.081  -27.262 0.5000000000
124056  -41.988  -19.858  -26.515 0.4000000060
124200  -37.718  -6.946  -36.398 0.3000000119
124292  -36.649  -36.129  -35.907 0.6999999881
124626  -45.095  -33.576  -29.808 0.5000000000
124987  -42.944  -15.015  -27.602 0.5000000000
125137  -47.129  -15.090  -35.313 0.3000000119
125296  -47.527  -31.256  -31.757 0.4000000060
125334  -44.865  -24.320  -32.187 0.5000000000
125643  -38.999  -25.979  -27.182 0.6000000238
125743  -35.427  -13.716  -35.325 0.3000000119
126146  -45.316  -49.690  -36.475 0.4000000060
126160  -42.159  -0.002  -31.898 0.3000000119
