#!ascii label  , from subject sub-041 vox2ras=TkReg
559
126176  -47.297  -70.033  -34.689 0.0000000000
17138  -41.996  -69.906  -34.146 0.0000000000
21510  -52.141  -64.510  -36.022 0.0000000000
16180  -46.697  -70.561  -38.352 0.0000000000
22471  -47.620  -63.054  -38.741 0.0000000000
19645  -51.121  -66.346  -29.438 0.0000000000
22387  -47.263  -63.840  -31.732 0.0000000000
24962  -42.619  -60.551  -27.944 0.0000000000
24186  -50.579  -61.404  -36.472 0.0000000000
21550  -50.695  -64.001  -38.650 0.0000000000
25094  -51.100  -60.569  -38.681 0.0000000000
110679  -50.288  -64.554  -30.403 0.0000000000
22359  -47.710  -63.296  -28.216 0.0000000000
120268  -41.605  -57.614  -29.030 0.0000000000
25930  -43.818  -59.967  -31.342 0.0000000000
124678  -46.432  -74.730  -35.920 0.0000000000
16141  -44.803  -70.534  -36.305 0.0000000000
13436  -43.017  -73.681  -36.978 0.0000000000
14387  -40.441  -72.226  -35.621 0.0000000000
114770  -49.562  -67.020  -35.031 0.0000000000
16144  -47.887  -70.569  -37.144 0.0000000000
19756  -47.080  -66.975  -38.834 0.0000000000
20624  -45.377  -65.512  -36.168 0.0000000000
19678  -51.908  -66.043  -32.574 0.0000000000
22411  -49.619  -63.989  -34.084 0.0000000000
23278  -47.770  -62.024  -34.606 0.0000000000
23186  -45.469  -62.341  -27.157 0.0000000000
23223  -44.455  -62.785  -29.620 0.0000000000
114705  -45.377  -61.038  -33.014 0.0000000000
26845  -47.610  -58.478  -34.866 0.0000000000
12518  -45.674  -74.466  -38.615 0.0000000000
21485  -41.553  -64.367  -32.794 0.0000000000
18785  -40.803  -67.802  -33.806 0.0000000000
18024  -38.663  -68.377  -37.856 0.0000000000
25054  -50.009  -60.773  -36.353 0.0000000000
25056  -50.986  -60.809  -37.231 0.0000000000
15244  -47.512  -71.869  -35.135 0.0000000000
17139  -43.620  -69.661  -34.929 0.0000000000
15252  -43.088  -72.038  -35.151 0.0000000000
15240  -41.347  -71.610  -34.734 0.0000000000
15251  -39.614  -71.681  -35.221 0.0000000000
16119  -39.774  -70.562  -34.422 0.0000000000
19719  -51.628  -66.194  -35.167 0.0000000000
19736  -51.041  -65.986  -36.866 0.0000000000
22473  -48.962  -63.010  -39.741 0.0000000000
21548  -48.926  -64.932  -39.370 0.0000000000
125618  -47.646  -64.346  -38.726 0.0000000000
19734  -46.130  -66.234  -37.401 0.0000000000
21532  -46.595  -64.043  -37.674 0.0000000000
19675  -50.206  -66.943  -32.010 0.0000000000
106568  -51.417  -66.242  -30.690 0.0000000000
22388  -48.184  -64.240  -31.239 0.0000000000
21472  -49.836  -64.459  -32.323 0.0000000000
111177  -48.352  -63.898  -33.115 0.0000000000
23266  -48.233  -62.709  -34.306 0.0000000000
23252  -47.047  -62.978  -33.354 0.0000000000
24096  -44.579  -61.857  -27.484 0.0000000000
23214  -45.628  -62.525  -28.244 0.0000000000
24115  -43.855  -62.434  -29.024 0.0000000000
26821  -44.692  -58.939  -32.311 0.0000000000
24989  -44.603  -59.960  -32.131 0.0000000000
25939  -45.141  -59.523  -32.777 0.0000000000
25000  -45.987  -59.930  -33.802 0.0000000000
16161  -47.408  -71.080  -38.067 0.0000000000
14411  -47.105  -72.421  -37.952 0.0000000000
14418  -46.025  -73.014  -38.473 0.0000000000
12503  -42.637  -74.847  -38.152 0.0000000000
23249  -40.255  -63.482  -32.621 0.0000000000
19674  -41.487  -66.170  -32.649 0.0000000000
18815  -39.817  -67.311  -35.704 0.0000000000
23293  -51.316  -62.783  -36.015 0.0000000000
21534  -51.373  -64.165  -37.691 0.0000000000
23328  -51.523  -62.820  -37.284 0.0000000000
23346  -50.427  -62.240  -38.813 0.0000000000
24213  -49.227  -61.412  -39.626 0.0000000000
20560  -51.680  -65.712  -29.822 0.0000000000
22373  -49.229  -63.947  -29.254 0.0000000000
122408  -47.851  -63.666  -29.830 0.0000000000
25918  -41.628  -59.262  -29.011 0.0000000000
24977  -42.549  -60.166  -30.043 0.0000000000
26796  -42.341  -58.381  -29.867 0.0000000000
114117  -43.628  -57.973  -31.197 0.0000000000
27735  -44.925  -56.899  -32.056 0.0000000000
16142  -45.485  -70.462  -37.195 0.0000000000
14400  -45.135  -72.484  -37.194 0.0000000000
14391  -44.415  -72.451  -36.350 0.0000000000
13415  -42.295  -73.294  -36.327 0.0000000000
104546  -39.695  -72.867  -36.936 0.0000000000
14407  -38.229  -72.683  -37.325 0.0000000000
14396  -37.512  -71.543  -37.200 0.0000000000
16179  -37.208  -70.542  -38.791 0.0000000000
17977  -48.091  -68.021  -34.967 0.0000000000
16125  -47.777  -70.764  -35.670 0.0000000000
106613  -48.339  -69.133  -37.474 0.0000000000
17191  -47.909  -69.236  -38.768 0.0000000000
20657  -49.939  -65.700  -38.795 0.0000000000
18871  -48.327  -66.984  -39.355 0.0000000000
18027  -46.456  -68.605  -38.504 0.0000000000
18848  -45.937  -68.046  -37.782 0.0000000000
17989  -45.090  -67.918  -35.842 0.0000000000
18800  -44.367  -67.627  -34.698 0.0000000000
116886  -48.774  -67.031  -33.749 0.0000000000
19700  -51.204  -66.526  -33.951 0.0000000000
19702  -52.183  -65.366  -33.879 0.0000000000
113447  -51.161  -64.969  -31.644 0.0000000000
21490  -51.409  -64.753  -33.061 0.0000000000
22424  -51.030  -63.756  -34.801 0.0000000000
23291  -49.873  -62.506  -35.320 0.0000000000
118860  -48.933  -61.406  -35.672 0.0000000000
25978  -48.910  -60.072  -36.067 0.0000000000
23200  -46.859  -62.878  -27.823 0.0000000000
23225  -46.389  -63.179  -28.909 0.0000000000
22379  -45.445  -63.292  -30.968 0.0000000000
24984  -43.585  -60.949  -31.192 0.0000000000
24132  -44.567  -61.786  -31.918 0.0000000000
23251  -46.229  -62.595  -33.048 0.0000000000
24152  -46.963  -61.747  -34.222 0.0000000000
25016  -47.333  -60.308  -34.794 0.0000000000
14393  -47.547  -72.537  -36.021 0.0000000000
11634  -46.162  -74.818  -37.810 0.0000000000
12504  -44.389  -74.580  -38.280 0.0000000000
11641  -43.110  -76.447  -38.700 0.0000000000
22437  -45.577  -63.974  -36.109 0.0000000000
20623  -44.902  -65.494  -35.447 0.0000000000
18799  -43.725  -67.702  -34.048 0.0000000000
112783  -42.439  -66.873  -33.059 0.0000000000
17964  -41.961  -68.380  -33.733 0.0000000000
17135  -39.341  -69.381  -34.710 0.0000000000
17175  -37.407  -68.927  -37.185 0.0000000000
112412  -50.284  -59.994  -36.619 0.0000000000
25055  -50.891  -59.960  -37.265 0.0000000000
15243  -47.144  -71.833  -34.556 0.0000000000
16124  -47.366  -71.215  -34.774 0.0000000000
111581  -42.893  -69.781  -34.541 0.0000000000
16122  -42.584  -70.579  -34.579 0.0000000000
16121  -41.646  -70.725  -34.416 0.0000000000
16120  -40.629  -70.860  -34.378 0.0000000000
20625  -52.075  -65.345  -35.473 0.0000000000
114336  -51.421  -65.992  -36.023 0.0000000000
20638  -51.691  -65.232  -36.603 0.0000000000
22472  -48.341  -63.003  -39.485 0.0000000000
111422  -48.772  -63.870  -39.479 0.0000000000
119614  -47.981  -63.760  -39.059 0.0000000000
21533  -47.067  -64.586  -38.271 0.0000000000
115900  -47.287  -63.806  -38.419 0.0000000000
19629  -49.216  -66.724  -28.939 0.0000000000
19644  -50.197  -66.578  -29.650 0.0000000000
117394  -49.989  -66.664  -30.526 0.0000000000
19657  -51.028  -66.486  -30.281 0.0000000000
103623  -48.149  -64.146  -32.205 0.0000000000
22400  -47.525  -63.636  -32.806 0.0000000000
120592  -47.885  -63.200  -33.614 0.0000000000
22399  -46.734  -63.357  -32.557 0.0000000000
25899  -42.040  -60.068  -27.651 0.0000000000
24946  -42.762  -60.436  -27.145 0.0000000000
24947  -43.319  -60.979  -27.410 0.0000000000
24095  -44.041  -61.418  -27.056 0.0000000000
24948  -43.811  -61.579  -27.693 0.0000000000
24109  -44.255  -62.095  -28.110 0.0000000000
24963  -43.065  -61.177  -28.176 0.0000000000
27753  -44.752  -57.909  -32.281 0.0000000000
26836  -45.930  -58.620  -33.395 0.0000000000
27775  -45.958  -57.871  -33.217 0.0000000000
16181  -47.254  -70.424  -38.401 0.0000000000
14420  -46.772  -71.918  -38.208 0.0000000000
15272  -46.417  -71.263  -38.176 0.0000000000
19683  -40.192  -66.549  -33.179 0.0000000000
18797  -39.900  -67.160  -34.713 0.0000000000
23309  -50.973  -62.120  -36.410 0.0000000000
23310  -51.356  -62.432  -36.743 0.0000000000
23347  -51.115  -61.870  -38.202 0.0000000000
24215  -50.799  -61.308  -38.761 0.0000000000
24214  -50.031  -61.434  -39.432 0.0000000000
22371  -47.628  -63.382  -29.009 0.0000000000
26783  -41.302  -58.770  -28.657 0.0000000000
26795  -41.705  -58.388  -29.220 0.0000000000
116652  -42.051  -58.984  -29.542 0.0000000000
27734  -44.213  -57.372  -31.602 0.0000000000
11609  -46.045  -75.450  -36.002 0.0000000000
15261  -45.198  -71.185  -36.775 0.0000000000
15254  -44.519  -71.438  -36.041 0.0000000000
14376  -42.032  -72.268  -35.120 0.0000000000
14389  -42.613  -72.812  -35.637 0.0000000000
108668  -41.046  -72.739  -35.895 0.0000000000
14399  -40.516  -72.759  -36.460 0.0000000000
14408  -38.900  -73.019  -37.239 0.0000000000
15250  -38.723  -71.299  -35.385 0.0000000000
15259  -38.320  -71.566  -36.122 0.0000000000
15258  -37.647  -71.203  -36.433 0.0000000000
112081  -37.302  -71.049  -37.894 0.0000000000
109289  -37.132  -70.540  -36.995 0.0000000000
107305  -48.761  -67.499  -35.273 0.0000000000
17991  -48.236  -68.391  -35.748 0.0000000000
18028  -48.455  -68.920  -38.257 0.0000000000
18861  -48.902  -67.733  -38.797 0.0000000000
22475  -51.288  -63.355  -37.933 0.0000000000
20659  -51.015  -64.887  -38.126 0.0000000000
106803  -50.326  -64.950  -38.799 0.0000000000
20664  -48.584  -65.760  -39.276 0.0000000000
19757  -47.797  -66.637  -39.255 0.0000000000
18859  -47.789  -67.482  -39.317 0.0000000000
19733  -45.631  -66.317  -36.608 0.0000000000
18833  -45.923  -67.199  -37.281 0.0000000000
18817  -45.409  -67.190  -36.238 0.0000000000
17988  -44.556  -68.409  -35.348 0.0000000000
18816  -44.915  -67.151  -35.312 0.0000000000
19677  -51.520  -66.324  -32.195 0.0000000000
19687  -50.468  -66.760  -32.645 0.0000000000
19689  -51.536  -66.336  -33.085 0.0000000000
19701  -51.827  -66.162  -33.867 0.0000000000
116636  -51.924  -65.499  -33.018 0.0000000000
21452  -50.959  -64.714  -30.013 0.0000000000
21453  -51.467  -65.285  -30.312 0.0000000000
21460  -50.871  -64.868  -30.874 0.0000000000
22402  -49.225  -64.203  -33.291 0.0000000000
21489  -50.887  -64.605  -32.504 0.0000000000
21488  -50.166  -64.376  -33.342 0.0000000000
21503  -51.437  -64.412  -34.044 0.0000000000
22412  -50.538  -64.156  -34.151 0.0000000000
22423  -50.041  -63.401  -34.727 0.0000000000
23279  -48.418  -62.287  -34.905 0.0000000000
24164  -49.024  -62.063  -35.343 0.0000000000
24163  -48.221  -61.562  -35.239 0.0000000000
24173  -48.501  -60.806  -35.673 0.0000000000
23187  -46.204  -62.840  -27.312 0.0000000000
23213  -44.750  -62.541  -28.617 0.0000000000
23224  -45.327  -63.012  -29.202 0.0000000000
23234  -45.860  -63.480  -30.015 0.0000000000
23233  -45.006  -63.070  -30.236 0.0000000000
25923  -43.106  -59.525  -30.681 0.0000000000
24978  -43.142  -60.526  -30.655 0.0000000000
24990  -45.047  -60.287  -32.716 0.0000000000
24986  -44.858  -60.922  -32.330 0.0000000000
24137  -45.171  -61.795  -32.424 0.0000000000
23250  -45.644  -62.568  -32.392 0.0000000000
24138  -45.653  -61.914  -32.922 0.0000000000
24151  -46.107  -61.603  -33.615 0.0000000000
124636  -45.804  -60.686  -33.638 0.0000000000
26844  -46.879  -58.778  -34.359 0.0000000000
25015  -46.680  -59.714  -34.369 0.0000000000
25965  -47.418  -59.386  -34.859 0.0000000000
120841  -48.019  -59.967  -35.498 0.0000000000
120427  -47.867  -70.334  -36.263 0.0000000000
16131  -47.854  -71.246  -36.289 0.0000000000
15262  -47.679  -71.999  -36.624 0.0000000000
13468  -46.085  -73.625  -38.510 0.0000000000
122937  -46.522  -74.014  -37.679 0.0000000000
12505  -45.775  -74.842  -38.545 0.0000000000
10794  -45.148  -76.158  -37.903 0.0000000000
11632  -44.905  -75.983  -38.615 0.0000000000
13438  -44.667  -73.217  -37.240 0.0000000000
13458  -44.977  -73.958  -38.245 0.0000000000
13457  -44.070  -73.914  -37.451 0.0000000000
118719  -41.379  -75.761  -38.306 0.0000000000
11631  -42.395  -75.650  -38.473 0.0000000000
22460  -46.419  -63.181  -37.160 0.0000000000
118790  -45.856  -63.261  -36.479 0.0000000000
20615  -44.377  -65.485  -34.789 0.0000000000
19699  -44.156  -66.220  -34.415 0.0000000000
19698  -43.574  -66.292  -33.775 0.0000000000
103736  -40.820  -67.121  -33.130 0.0000000000
19685  -42.150  -66.280  -32.808 0.0000000000
18786  -41.427  -67.685  -33.481 0.0000000000
18787  -42.274  -67.539  -33.379 0.0000000000
17963  -41.178  -68.518  -33.816 0.0000000000
17126  -40.831  -69.333  -33.930 0.0000000000
17974  -40.538  -68.589  -34.137 0.0000000000
18004  -38.748  -68.507  -36.354 0.0000000000
17986  -38.206  -68.937  -35.700 0.0000000000
110022  -38.120  -68.535  -37.134 0.0000000000
24187  -51.175  -61.666  -36.986 0.0000000000
119584  -50.576  -60.578  -36.751 0.0000000000
25075  -51.253  -60.020  -38.089 0.0000000000
27712  -42.108  -57.645  -29.534 0.0000000000
28599  -42.436  -56.038  -29.235 0.0000000000
14392  -47.218  -73.001  -35.393 0.0000000000
17146  -44.279  -69.885  -35.623 0.0000000000
15253  -43.777  -71.324  -35.322 0.0000000000
15242  -43.097  -71.187  -34.873 0.0000000000
15241  -42.297  -71.412  -34.776 0.0000000000
14375  -41.153  -72.345  -35.218 0.0000000000
15239  -40.469  -71.743  -34.838 0.0000000000
15238  -39.884  -71.252  -34.596 0.0000000000
16129  -39.194  -71.010  -34.760 0.0000000000
121082  -50.954  -66.520  -35.600 0.0000000000
19735  -50.673  -66.493  -36.390 0.0000000000
124585  -50.622  -66.413  -37.017 0.0000000000
19749  -50.617  -66.276  -37.681 0.0000000000
22474  -49.847  -63.201  -39.213 0.0000000000
107663  -49.681  -64.250  -39.301 0.0000000000
21547  -48.200  -64.532  -39.163 0.0000000000
19747  -47.394  -66.025  -38.706 0.0000000000
19746  -46.704  -66.137  -38.128 0.0000000000
20647  -46.910  -65.355  -38.223 0.0000000000
20646  -46.326  -65.468  -37.626 0.0000000000
20637  -45.793  -65.499  -36.951 0.0000000000
19666  -50.750  -66.601  -31.183 0.0000000000
19667  -51.501  -66.232  -31.392 0.0000000000
21458  -48.985  -64.390  -30.940 0.0000000000
21459  -49.899  -64.522  -31.168 0.0000000000
21471  -48.975  -64.405  -31.730 0.0000000000
22401  -48.877  -64.290  -32.547 0.0000000000
123470  -49.375  -63.438  -34.408 0.0000000000
23267  -48.788  -63.487  -33.972 0.0000000000
104139  -44.300  -61.685  -26.762 0.0000000000
24083  -44.867  -61.796  -27.034 0.0000000000
24084  -45.248  -62.195  -27.544 0.0000000000
24110  -44.922  -62.233  -27.921 0.0000000000
111576  -44.118  -59.241  -31.840 0.0000000000
24999  -45.462  -60.096  -33.217 0.0000000000
25951  -45.686  -59.302  -33.292 0.0000000000
25952  -46.211  -59.095  -33.862 0.0000000000
16162  -47.708  -70.588  -37.952 0.0000000000
109778  -47.483  -72.050  -37.436 0.0000000000
15266  -47.308  -71.697  -37.995 0.0000000000
14419  -46.477  -72.737  -38.279 0.0000000000
14417  -45.670  -73.915  -38.604 0.0000000000
13456  -42.415  -74.156  -37.561 0.0000000000
21468  -40.002  -64.657  -32.581 0.0000000000
21469  -40.840  -64.731  -32.506 0.0000000000
21470  -41.497  -65.046  -32.633 0.0000000000
20592  -40.422  -65.424  -32.635 0.0000000000
19673  -40.808  -66.295  -32.722 0.0000000000
18798  -40.288  -67.851  -34.324 0.0000000000
17973  -39.883  -68.577  -34.700 0.0000000000
105387  -39.522  -68.063  -36.018 0.0000000000
18005  -39.523  -68.014  -36.871 0.0000000000
122417  -51.758  -63.411  -35.999 0.0000000000
21521  -51.806  -64.339  -36.835 0.0000000000
115425  -51.638  -63.118  -36.541 0.0000000000
109182  -51.322  -62.079  -37.485 0.0000000000
105857  -51.218  -62.557  -38.096 0.0000000000
121276  -50.696  -63.064  -38.550 0.0000000000
23345  -49.457  -62.234  -39.452 0.0000000000
23344  -48.619  -62.085  -39.503 0.0000000000
19658  -51.561  -66.148  -30.022 0.0000000000
21443  -49.987  -64.363  -29.667 0.0000000000
21431  -49.884  -64.201  -28.750 0.0000000000
104525  -48.503  -64.083  -30.280 0.0000000000
22381  -47.503  -63.897  -30.648 0.0000000000
25907  -41.475  -59.447  -28.201 0.0000000000
25908  -41.942  -60.020  -28.565 0.0000000000
24973  -42.448  -60.650  -29.027 0.0000000000
25919  -42.122  -59.741  -29.414 0.0000000000
25922  -42.489  -59.197  -30.079 0.0000000000
27713  -42.662  -57.643  -30.137 0.0000000000
26805  -42.986  -58.444  -30.598 0.0000000000
111273  -43.696  -58.916  -31.181 0.0000000000
26810  -44.125  -58.385  -31.805 0.0000000000
27754  -45.452  -57.426  -32.639 0.0000000000
106781  -45.935  -70.320  -37.827 0.0000000000
15265  -45.921  -71.586  -37.882 0.0000000000
119754  -45.646  -71.156  -37.395 0.0000000000
117250  -45.005  -71.879  -36.640 0.0000000000
13437  -43.831  -73.254  -36.543 0.0000000000
106319  -42.099  -73.547  -37.070 0.0000000000
13434  -40.542  -73.542  -37.298 0.0000000000
15260  -39.060  -71.747  -35.928 0.0000000000
14397  -37.971  -71.940  -36.833 0.0000000000
111875  -37.547  -71.940  -37.910 0.0000000000
15271  -37.454  -71.534  -38.666 0.0000000000
15283  -37.468  -71.187  -39.361 0.0000000000
17976  -47.552  -68.477  -34.493 0.0000000000
115932  -47.499  -70.540  -35.045 0.0000000000
17990  -47.751  -68.974  -35.303 0.0000000000
115740  -47.955  -69.386  -36.066 0.0000000000
16132  -48.069  -69.705  -36.928 0.0000000000
18008  -48.324  -68.779  -36.647 0.0000000000
17177  -48.014  -69.790  -37.940 0.0000000000
16182  -47.654  -69.983  -38.414 0.0000000000
17190  -47.395  -69.702  -38.660 0.0000000000
111208  -51.475  -64.849  -37.382 0.0000000000
20658  -50.627  -65.642  -38.282 0.0000000000
21549  -49.635  -65.116  -39.161 0.0000000000
19758  -49.529  -66.496  -38.852 0.0000000000
18860  -48.380  -67.710  -39.207 0.0000000000
18040  -47.278  -69.078  -38.917 0.0000000000
125164  -46.715  -69.238  -38.697 0.0000000000
107333  -46.232  -69.347  -38.329 0.0000000000
17162  -45.660  -69.645  -37.629 0.0000000000
106346  -45.333  -68.968  -37.066 0.0000000000
18007  -45.399  -68.113  -36.946 0.0000000000
18006  -45.028  -68.708  -36.252 0.0000000000
114367  -44.573  -69.148  -35.809 0.0000000000
17140  -44.030  -69.101  -35.125 0.0000000000
17975  -43.874  -68.385  -34.517 0.0000000000
18801  -48.059  -67.609  -34.325 0.0000000000
18802  -48.553  -67.398  -34.564 0.0000000000
113954  -49.280  -67.026  -34.415 0.0000000000
18780  -49.584  -66.826  -32.801 0.0000000000
18790  -49.890  -66.776  -33.507 0.0000000000
18803  -50.296  -66.758  -34.309 0.0000000000
126111  -51.592  -66.319  -34.461 0.0000000000
20616  -52.068  -65.797  -34.504 0.0000000000
21511  -52.198  -64.563  -35.190 0.0000000000
20571  -51.704  -65.945  -30.631 0.0000000000
21461  -51.424  -65.426  -31.058 0.0000000000
125709  -51.531  -65.387  -31.677 0.0000000000
118671  -50.607  -64.673  -31.676 0.0000000000
21473  -51.464  -65.025  -32.265 0.0000000000
21474  -51.675  -65.154  -32.778 0.0000000000
21491  -51.848  -64.927  -33.500 0.0000000000
21504  -52.081  -64.675  -34.351 0.0000000000
22425  -51.757  -64.129  -34.946 0.0000000000
22438  -51.461  -63.496  -35.471 0.0000000000
23292  -50.732  -63.008  -35.363 0.0000000000
24175  -50.502  -62.266  -35.931 0.0000000000
23280  -49.079  -62.850  -34.769 0.0000000000
24174  -49.722  -61.632  -35.912 0.0000000000
25035  -49.262  -60.845  -36.059 0.0000000000
112966  -49.639  -60.192  -36.309 0.0000000000
23215  -46.427  -62.697  -28.167 0.0000000000
23216  -47.014  -63.058  -28.372 0.0000000000
22370  -46.950  -63.561  -29.881 0.0000000000
22380  -46.425  -63.681  -30.971 0.0000000000
22386  -46.477  -63.505  -31.834 0.0000000000
24974  -42.779  -61.087  -29.853 0.0000000000
24114  -43.246  -61.823  -29.521 0.0000000000
24123  -43.738  -62.283  -30.130 0.0000000000
24985  -44.196  -60.910  -31.754 0.0000000000
24131  -43.896  -61.854  -31.214 0.0000000000
23239  -44.519  -62.366  -31.384 0.0000000000
23240  -45.071  -62.654  -31.752 0.0000000000
22385  -45.820  -63.275  -31.711 0.0000000000
117267  -46.141  -63.116  -32.332 0.0000000000
23264  -46.742  -62.298  -33.679 0.0000000000
25001  -46.544  -60.755  -34.259 0.0000000000
25017  -47.867  -60.791  -35.206 0.0000000000
25977  -48.682  -59.205  -35.824 0.0000000000
117129  -47.673  -71.316  -35.418 0.0000000000
13418  -47.270  -73.126  -36.188 0.0000000000
13440  -47.318  -72.723  -37.031 0.0000000000
13439  -46.938  -73.543  -36.930 0.0000000000
12490  -46.547  -74.306  -36.799 0.0000000000
11618  -45.714  -75.698  -37.111 0.0000000000
14410  -45.744  -72.366  -37.941 0.0000000000
12517  -45.156  -74.826  -38.739 0.0000000000
119514  -43.412  -74.541  -37.933 0.0000000000
12516  -44.205  -75.339  -38.619 0.0000000000
11643  -44.719  -75.745  -38.721 0.0000000000
26002  -51.737  -58.986  -38.565 0.0000000000
24225  -49.758  -60.698  -39.772 0.0000000000
24212  -48.599  -61.274  -39.560 0.0000000000
23343  -47.882  -62.245  -39.007 0.0000000000
23327  -47.239  -62.437  -38.385 0.0000000000
22461  -46.921  -63.121  -38.019 0.0000000000
22451  -46.048  -64.004  -36.831 0.0000000000
21519  -45.635  -64.747  -36.524 0.0000000000
122640  -45.424  -63.295  -35.925 0.0000000000
21509  -45.191  -64.711  -35.787 0.0000000000
19717  -45.183  -66.312  -35.769 0.0000000000
121341  -44.460  -66.851  -34.670 0.0000000000
17965  -42.996  -68.213  -33.861 0.0000000000
20594  -41.837  -65.610  -32.699 0.0000000000
20606  -42.513  -65.591  -33.081 0.0000000000
20607  -43.188  -65.551  -33.588 0.0000000000
18788  -43.197  -67.168  -33.508 0.0000000000
17128  -42.428  -69.083  -34.092 0.0000000000
17137  -41.139  -70.040  -33.937 0.0000000000
125078  -39.709  -69.897  -34.400 0.0000000000
122838  -37.957  -70.184  -35.493 0.0000000000
17145  -38.464  -69.584  -35.182 0.0000000000
17160  -37.278  -69.559  -36.570 0.0000000000
122638  -37.100  -69.624  -37.312 0.0000000000
11619  -46.252  -75.023  -36.695 0.0000000000
11633  -45.511  -75.422  -38.331 0.0000000000
11642  -43.920  -76.214  -38.774 0.0000000000
11644  -45.309  -75.174  -38.672 0.0000000000
12506  -46.168  -74.199  -38.407 0.0000000000
12515  -43.274  -75.516  -38.545 0.0000000000
13417  -46.825  -73.838  -35.853 0.0000000000
13459  -46.698  -73.316  -37.977 0.0000000000
14378  -47.483  -72.347  -35.434 0.0000000000
14388  -41.732  -72.864  -35.744 0.0000000000
14398  -38.831  -72.247  -36.654 0.0000000000
14401  -45.459  -71.782  -37.276 0.0000000000
14409  -45.435  -73.176  -38.026 0.0000000000
15255  -47.691  -71.918  -35.778 0.0000000000
15273  -46.991  -71.174  -38.288 0.0000000000
16118  -39.093  -70.178  -34.660 0.0000000000
16123  -43.539  -70.451  -35.012 0.0000000000
16128  -38.492  -70.571  -35.096 0.0000000000
16130  -44.239  -70.728  -35.614 0.0000000000
16143  -47.691  -71.363  -37.381 0.0000000000
16159  -37.074  -70.101  -37.919 0.0000000000
16160  -45.978  -70.878  -37.811 0.0000000000
17127  -41.560  -69.218  -33.890 0.0000000000
17130  -47.174  -69.399  -34.350 0.0000000000
17136  -40.357  -70.019  -34.130 0.0000000000
17144  -37.752  -69.480  -35.816 0.0000000000
17147  -47.642  -69.966  -35.556 0.0000000000
17161  -45.053  -69.622  -36.550 0.0000000000
17176  -46.286  -70.049  -38.188 0.0000000000
17188  -37.228  -69.674  -38.533 0.0000000000
17189  -46.869  -69.800  -38.645 0.0000000000
18003  -37.750  -68.856  -36.358 0.0000000000
18023  -37.787  -68.673  -37.920 0.0000000000
18026  -45.692  -68.770  -37.807 0.0000000000
18041  -47.889  -68.395  -39.159 0.0000000000
18042  -48.426  -68.432  -38.911 0.0000000000
18820  -50.234  -66.804  -35.358 0.0000000000
18834  -46.501  -66.847  -37.932 0.0000000000
18858  -47.183  -68.058  -38.992 0.0000000000
19668  -51.803  -66.057  -31.909 0.0000000000
19676  -50.991  -66.673  -31.964 0.0000000000
19684  -41.576  -66.909  -32.889 0.0000000000
19686  -42.873  -66.310  -33.239 0.0000000000
19688  -50.768  -66.664  -33.302 0.0000000000
19690  -52.059  -65.925  -33.359 0.0000000000
19716  -44.692  -66.245  -35.043 0.0000000000
19718  -51.044  -66.638  -34.805 0.0000000000
19769  -48.805  -66.430  -39.234 0.0000000000
20581  -51.716  -65.827  -31.427 0.0000000000
20593  -41.132  -65.576  -32.533 0.0000000000
20595  -51.787  -65.616  -32.192 0.0000000000
20605  -40.119  -65.933  -32.859 0.0000000000
20626  -52.262  -65.110  -34.679 0.0000000000
20648  -51.138  -65.513  -37.519 0.0000000000
20655  -47.645  -65.129  -38.763 0.0000000000
20656  -48.271  -65.237  -39.193 0.0000000000
20665  -49.245  -65.746  -39.196 0.0000000000
21451  -49.467  -64.367  -30.347 0.0000000000
21486  -42.091  -64.930  -32.966 0.0000000000
21520  -46.098  -64.768  -37.249 0.0000000000
22372  -48.532  -63.703  -29.443 0.0000000000
22382  -49.121  -64.103  -29.748 0.0000000000
22397  -39.660  -63.943  -32.480 0.0000000000
22409  -41.579  -63.538  -33.163 0.0000000000
22439  -52.029  -63.930  -35.664 0.0000000000
22452  -51.929  -63.796  -36.334 0.0000000000
22462  -51.694  -63.563  -37.087 0.0000000000
23199  -45.979  -62.522  -27.711 0.0000000000
23232  -44.371  -62.594  -30.657 0.0000000000
23265  -47.477  -62.459  -33.947 0.0000000000
23308  -46.109  -62.467  -36.757 0.0000000000
24108  -43.469  -61.818  -28.511 0.0000000000
24122  -43.298  -61.450  -30.510 0.0000000000
24200  -51.216  -61.174  -37.867 0.0000000000
25093  -50.542  -60.617  -39.397 0.0000000000
104265  -46.256  -72.152  -38.244 0.0000000000
106134  -44.842  -62.830  -31.047 0.0000000000
107484  -40.122  -69.318  -34.323 0.0000000000
107912  -47.448  -61.201  -34.720 0.0000000000
108856  -37.245  -69.222  -37.939 0.0000000000
110820  -46.551  -64.842  -37.814 0.0000000000
111789  -51.082  -66.602  -32.578 0.0000000000
116052  -42.882  -61.394  -28.985 0.0000000000
117003  -38.945  -68.312  -37.187 0.0000000000
119334  -43.306  -69.048  -34.481 0.0000000000
119448  -50.967  -64.419  -33.411 0.0000000000
120142  -47.465  -69.594  -34.909 0.0000000000
120556  -46.287  -70.612  -38.106 0.0000000000
122485  -43.982  -66.993  -34.091 0.0000000000
122662  -48.285  -66.351  -39.302 0.0000000000
123393  -50.449  -66.677  -35.871 0.0000000000
123628  -52.120  -65.826  -33.892 0.0000000000
123708  -49.295  -63.587  -39.506 0.0000000000
123877  -44.770  -67.788  -35.264 0.0000000000
125869  -40.342  -64.138  -32.529 0.0000000000
