#!ascii label  , from subject sub-041 vox2ras=TkReg
565
31413  16.692  -56.347  -43.033 0.6000000238
28422  18.619  -58.843  -36.817 0.6999999881
28434  18.795  -58.923  -38.098 0.6999999881
108106  17.672  -60.206  -39.733 0.8999999762
28464  17.172  -58.871  -40.922 0.8000000119
29474  17.338  -58.091  -41.391 0.8000000119
30451  16.941  -55.945  -42.555 0.6000000238
126394  16.716  -55.648  -43.211 0.6999999881
31426  16.614  -55.108  -43.834 0.6999999881
29428  19.319  -58.223  -37.331 0.6999999881
28410  17.966  -58.812  -35.861 0.6999999881
29442  19.314  -58.204  -38.681 0.6999999881
28448  18.566  -58.565  -39.322 0.6999999881
28449  18.230  -59.159  -39.225 0.6999999881
29457  18.164  -58.251  -40.178 0.8000000119
114665  17.576  -58.393  -40.696 0.8000000119
29481  17.513  -57.290  -41.714 0.8000000119
31412  16.893  -55.020  -42.977 0.6000000238
32396  16.771  -54.665  -44.611 0.6999999881
29427  19.984  -57.488  -37.190 0.5000000000
29413  19.310  -57.609  -36.454 0.6000000238
29441  19.932  -57.597  -38.169 0.4000000060
29455  19.687  -57.377  -39.225 0.5000000000
30410  19.277  -56.974  -40.115 0.6000000238
29456  18.937  -57.814  -39.721 0.8000000119
29472  18.523  -57.361  -40.531 0.6999999881
30426  18.778  -56.508  -40.859 0.6999999881
30440  18.202  -56.030  -41.557 0.6999999881
31411  17.579  -54.793  -42.450 0.5000000000
32365  17.107  -54.135  -42.972 0.6000000238
33263  16.647  -53.279  -43.475 0.6000000238
32383  16.598  -54.120  -43.852 0.6000000238
123931  20.490  -56.980  -37.010 0.5000000000
29414  18.410  -57.313  -35.649 0.6000000238
30409  19.992  -56.541  -39.692 0.5000000000
30425  19.498  -56.099  -40.447 0.6000000238
31385  19.530  -55.139  -40.669 0.6000000238
32352  18.556  -54.415  -41.693 0.6000000238
31398  18.296  -55.088  -41.827 0.5000000000
32364  17.926  -54.251  -42.284 0.5000000000
33262  17.261  -53.401  -42.635 0.6000000238
33281  16.486  -53.231  -44.216 0.5000000000
33296  16.853  -52.887  -44.614 0.5000000000
33294  18.952  -53.361  -45.088 0.5000000000
33295  17.796  -53.049  -45.068 0.5000000000
30362  19.101  -56.844  -35.939 0.5000000000
126525  18.263  -56.392  -35.621 0.5000000000
30376  20.475  -56.982  -37.805 0.5000000000
30393  20.884  -56.275  -38.317 0.4000000060
111628  20.915  -55.408  -38.751 0.3000000119
30408  20.516  -56.042  -39.224 0.4000000060
32338  20.268  -54.445  -39.792 0.3000000119
33221  20.440  -53.806  -39.398 0.3000000119
31369  20.120  -55.696  -40.028 0.5000000000
32351  19.108  -54.184  -41.170 0.5000000000
33252  18.260  -53.589  -41.921 0.5000000000
113200  17.506  -52.777  -42.304 0.6000000238
34158  16.986  -52.597  -43.076 0.6000000238
34175  16.563  -52.537  -44.013 0.5000000000
34187  17.344  -52.304  -44.556 0.5000000000
34186  18.566  -52.493  -44.802 0.5000000000
108716  19.705  -56.406  -35.924 0.5000000000
30361  20.581  -56.406  -36.425 0.5000000000
31356  21.309  -55.512  -37.766 0.5000000000
32312  21.238  -54.671  -38.382 0.4000000060
32322  20.723  -54.564  -39.116 0.3000000119
33237  19.968  -53.701  -40.011 0.3000000119
33238  19.441  -53.504  -40.686 0.4000000060
33251  18.813  -53.300  -41.276 0.5000000000
34146  18.191  -52.618  -41.738 0.4000000060
34174  17.276  -51.941  -43.653 0.5000000000
35085  18.083  -51.470  -43.392 0.5000000000
34185  19.628  -52.880  -44.558 0.5000000000
122846  19.271  -52.017  -44.290 0.4000000060
31320  20.248  -55.926  -35.809 0.5000000000
31319  20.828  -55.604  -36.000 0.5000000000
31337  21.456  -54.986  -36.968 0.5000000000
32311  21.457  -54.655  -37.661 0.4000000060
33209  21.369  -53.941  -37.998 0.4000000060
33210  20.966  -53.868  -38.746 0.3000000119
115982  20.215  -53.175  -39.680 0.3000000119
34127  19.779  -52.905  -40.231 0.4000000060
34111  19.615  -52.152  -40.367 0.4000000060
34128  19.016  -52.521  -40.956 0.4000000060
34129  18.339  -51.732  -41.652 0.5000000000
35056  18.229  -51.102  -42.247 0.5000000000
34157  17.666  -51.879  -42.541 0.6000000238
34173  18.932  -51.374  -43.774 0.4000000060
32252  20.973  -54.755  -35.674 0.4000000060
33194  21.585  -54.077  -37.094 0.4000000060
32269  21.443  -54.521  -36.294 0.4000000060
107076  21.362  -53.214  -37.549 0.4000000060
116660  21.006  -53.117  -38.336 0.4000000060
118017  20.570  -53.107  -39.083 0.4000000060
34110  20.194  -52.374  -39.649 0.4000000060
35039  19.086  -51.447  -40.932 0.4000000060
35040  18.525  -50.993  -41.665 0.5000000000
35071  18.151  -51.173  -42.800 0.5000000000
35875  18.995  -49.980  -42.728 0.4000000060
35889  18.636  -50.862  -43.178 0.4000000060
123344  21.321  -54.133  -35.706 0.4000000060
107443  21.523  -53.319  -36.853 0.4000000060
33174  21.522  -53.770  -36.254 0.4000000060
34097  20.695  -52.303  -38.770 0.4000000060
35021  19.776  -51.482  -40.067 0.4000000060
35862  18.423  -50.350  -41.971 0.4000000060
108332  18.500  -50.536  -42.562 0.6000000238
33154  21.391  -53.436  -35.460 0.4000000060
34061  21.553  -52.947  -36.262 0.4000000060
34081  21.478  -52.582  -37.050 0.4000000060
34096  21.174  -52.265  -37.882 0.4000000060
35004  20.821  -51.457  -38.417 0.4000000060
35836  20.365  -50.676  -38.805 0.4000000060
35020  20.258  -51.493  -39.198 0.4000000060
35837  19.758  -50.588  -39.689 0.3000000119
35847  19.202  -50.025  -40.631 0.3000000119
111682  19.381  -50.808  -40.524 0.4000000060
36703  18.677  -49.634  -41.462 0.4000000060
36716  18.745  -49.092  -41.599 0.4000000060
108297  18.652  -49.775  -42.130 0.5000000000
33155  21.011  -54.011  -35.127 0.4000000060
35003  21.302  -51.345  -37.709 0.4000000060
35826  21.011  -50.634  -38.142 0.3000000119
36677  20.584  -49.780  -38.531 0.3000000119
36688  20.008  -49.979  -39.176 0.3000000119
36689  19.504  -49.577  -39.904 0.3000000119
125836  18.646  -49.076  -41.251 0.4000000060
37561  18.959  -48.282  -41.629 0.4000000060
115718  21.608  -52.677  -35.556 0.3000000119
107653  21.739  -51.957  -36.335 0.3000000119
34984  21.661  -51.329  -37.093 0.3000000119
35825  21.608  -50.559  -37.412 0.3000000119
36676  21.228  -49.963  -37.915 0.3000000119
36678  19.979  -49.155  -39.206 0.4000000060
37516  19.763  -48.236  -39.108 0.4000000060
37526  19.232  -48.627  -39.963 0.3000000119
126481  18.825  -48.552  -40.624 0.3000000119
37535  18.652  -48.526  -41.096 0.4000000060
37548  18.513  -47.429  -41.040 0.4000000060
38371  18.928  -47.495  -41.684 0.4000000060
37515  20.447  -48.775  -38.509 0.4000000060
38334  19.274  -47.310  -38.843 0.4000000060
38345  18.994  -47.755  -39.690 0.3000000119
37527  18.782  -48.002  -40.474 0.4000000060
39168  17.579  -46.716  -40.557 0.4000000060
38335  18.453  -47.150  -39.501 0.4000000060
39156  17.678  -46.754  -39.815 0.4000000060
39181  18.805  -46.854  -41.634 0.3000000119
39169  17.202  -46.002  -40.672 0.3000000119
29482  16.981  -57.686  -42.125 0.6999999881
28463  17.578  -58.916  -40.051 0.8000000119
31399  17.485  -55.566  -42.196 0.6000000238
30427  18.097  -56.901  -41.289 0.6999999881
30441  17.492  -56.418  -41.935 0.6999999881
109370  17.065  -53.755  -44.797 0.6000000238
30394  20.344  -56.863  -38.776 0.4000000060
31386  18.906  -55.637  -41.112 0.6999999881
30375  20.947  -56.405  -37.345 0.5000000000
31397  18.906  -54.903  -41.273 0.5000000000
32339  19.774  -54.343  -40.433 0.4000000060
35848  18.863  -50.507  -41.254 0.4000000060
38346  18.273  -47.273  -40.223 0.3000000119
117350  18.040  -46.455  -41.112 0.3000000119
22906  18.222  -65.097  -40.278 0.6000000238
22058  17.761  -65.569  -40.628 0.6000000238
20362  17.497  -67.106  -41.507 0.6000000238
21224  17.389  -65.959  -42.695 0.6000000238
20344  15.991  -67.219  -38.645 0.5000000000
22042  17.550  -65.705  -39.659 0.6000000238
124465  19.021  -63.714  -39.158 0.6999999881
22894  18.840  -64.311  -39.787 0.6999999881
21179  16.640  -66.779  -39.128 0.6000000238
22905  18.812  -64.311  -40.965 0.6000000238
22915  18.038  -65.104  -41.369 0.6000000238
22914  18.447  -64.318  -42.024 0.6000000238
22923  17.866  -64.898  -42.333 0.6000000238
22084  17.561  -65.375  -42.531 0.6000000238
22939  17.631  -64.872  -43.156 0.6000000238
22957  17.300  -64.438  -44.644 0.6999999881
22027  15.518  -65.819  -38.028 0.6000000238
23787  18.766  -63.537  -38.359 0.6999999881
21180  15.680  -66.549  -38.386 0.5000000000
22881  18.530  -64.321  -38.701 0.6999999881
22895  18.119  -65.035  -39.164 0.6999999881
23799  19.304  -63.316  -39.944 0.6999999881
125557  19.122  -63.849  -40.401 0.6999999881
23817  18.869  -63.548  -41.752 0.5000000000
23824  18.180  -64.201  -43.005 0.6000000238
117135  18.053  -63.513  -43.734 0.6000000238
22938  17.622  -64.275  -43.839 0.6999999881
25620  18.055  -61.945  -44.688 0.6999999881
23839  17.249  -63.954  -45.279 0.6999999881
24764  17.282  -62.546  -45.831 0.6999999881
24784  18.247  -62.920  -49.887 0.4000000060
116773  16.877  -62.034  -49.053 0.5000000000
25638  16.860  -61.376  -48.189 0.6000000238
24772  16.676  -62.689  -47.528 0.6000000238
24771  16.942  -61.987  -46.613 0.6999999881
22885  14.155  -64.710  -38.115 0.5000000000
23790  16.035  -64.420  -37.646 0.5000000000
23774  17.570  -63.642  -37.156 0.6000000238
22028  14.798  -65.419  -37.912 0.5000000000
23773  18.395  -63.257  -37.470 0.6999999881
23789  17.222  -64.343  -37.636 0.5000000000
22883  16.922  -64.886  -37.996 0.6000000238
25574  18.964  -61.834  -39.014 0.6999999881
24713  19.234  -62.919  -39.051 0.6999999881
121454  19.203  -62.413  -39.741 0.6999999881
24738  18.902  -62.589  -41.474 0.6999999881
23831  18.410  -63.411  -43.045 0.6000000238
24754  18.395  -62.711  -43.408 0.6000000238
25626  17.506  -61.764  -45.534 0.6999999881
25627  17.095  -61.030  -46.268 0.6999999881
25630  16.760  -61.127  -47.218 0.6000000238
26553  16.814  -60.327  -46.842 0.6000000238
24679  16.044  -62.354  -36.414 0.5000000000
23792  13.875  -63.716  -38.365 0.4000000060
24694  16.850  -63.049  -36.681 0.5000000000
24695  15.744  -63.024  -37.058 0.5000000000
23775  16.464  -63.736  -37.254 0.5000000000
25557  18.155  -61.957  -36.557 0.6000000238
24693  17.928  -62.853  -36.682 0.6000000238
26465  18.586  -61.154  -37.743 0.6999999881
24692  18.565  -62.370  -37.248 0.6000000238
26480  18.549  -61.096  -38.556 0.6999999881
25590  18.641  -61.707  -41.104 0.6999999881
25609  18.538  -61.837  -41.982 0.6999999881
24749  18.668  -62.797  -42.460 0.6999999881
25615  18.466  -61.892  -42.912 0.6999999881
123288  18.064  -61.245  -44.197 0.6999999881
26534  17.619  -60.630  -44.578 0.8000000119
26541  17.449  -60.833  -45.397 0.6999999881
26542  17.176  -60.210  -46.002 0.6000000238
126190  14.283  -62.620  -38.107 0.4000000060
25543  16.355  -61.457  -35.852 0.6000000238
24678  17.151  -62.240  -36.232 0.6000000238
25542  17.545  -61.366  -35.984 0.6000000238
26466  18.326  -60.969  -36.852 0.6000000238
26481  18.446  -60.406  -38.101 0.6000000238
120571  18.230  -60.491  -39.003 0.6999999881
25575  18.276  -60.965  -39.438 0.6999999881
111385  17.881  -60.734  -40.153 0.6999999881
25591  18.053  -60.923  -40.834 0.6999999881
26506  17.443  -60.209  -40.676 0.8000000119
25600  17.744  -60.532  -41.500 0.8000000119
25610  18.127  -61.026  -42.358 0.6000000238
26529  17.780  -60.553  -43.735 0.6000000238
123375  16.791  -59.359  -45.005 0.8000000119
26535  17.180  -60.064  -45.144 0.6999999881
27516  17.825  -60.193  -48.258 0.5000000000
27512  17.231  -59.874  -47.587 0.6000000238
27505  16.941  -59.128  -46.524 0.6999999881
110158  18.043  -59.620  -47.804 0.6000000238
128157  15.511  -60.991  -35.964 0.5000000000
25545  14.879  -60.925  -36.547 0.4000000060
127167  14.002  -60.689  -37.917 0.4000000060
26453  17.003  -60.632  -35.644 0.5000000000
25544  15.375  -61.642  -36.389 0.5000000000
126429  17.824  -60.571  -36.086 0.6000000238
27412  18.274  -59.999  -36.958 0.6000000238
27426  18.446  -59.586  -38.151 0.6000000238
117052  18.177  -59.866  -39.034 0.6999999881
27449  17.337  -59.524  -40.307 0.8000000119
122717  17.199  -59.539  -40.985 0.8000000119
26514  17.308  -59.849  -41.536 0.6000000238
27471  17.173  -59.412  -42.424 0.6000000238
27479  17.058  -59.234  -43.435 0.6999999881
27485  16.736  -58.967  -44.327 0.6999999881
126152  16.558  -58.040  -45.559 0.6999999881
27504  17.038  -59.258  -46.950 0.6000000238
29531  17.336  -57.769  -46.289 0.6000000238
29520  17.887  -57.100  -45.960 0.6000000238
28541  17.504  -59.146  -47.132 0.6000000238
124504  17.031  -59.051  -35.484 0.5000000000
26444  16.592  -59.834  -35.499 0.5000000000
26455  15.169  -60.224  -36.066 0.5000000000
26468  14.083  -60.161  -37.559 0.5000000000
27402  17.621  -59.784  -35.845 0.5000000000
27411  18.488  -59.342  -37.303 0.6000000238
28477  17.000  -58.491  -41.807 0.6999999881
126650  16.716  -58.270  -43.177 0.6000000238
29500  16.648  -57.717  -43.571 0.6000000238
28514  16.574  -58.052  -44.605 0.6999999881
29510  16.638  -57.128  -44.514 0.6000000238
29522  16.697  -57.428  -45.382 0.6000000238
29532  16.741  -57.842  -46.048 0.6999999881
28540  18.453  -59.035  -47.407 0.5000000000
29519  18.980  -57.171  -46.051 0.4000000060
28397  17.281  -58.252  -35.368 0.5000000000
28398  16.411  -58.381  -35.430 0.5000000000
28412  15.627  -58.541  -35.804 0.5000000000
29415  15.006  -58.072  -36.443 0.5000000000
114177  14.358  -58.112  -37.203 0.5000000000
116113  13.493  -58.155  -38.546 0.5000000000
30474  16.626  -56.260  -44.539 0.6000000238
30488  16.850  -56.662  -45.236 0.5000000000
30487  17.422  -56.411  -45.584 0.4000000060
30486  18.406  -56.396  -45.709 0.4000000060
117956  17.989  -58.022  -35.552 0.6000000238
29398  16.690  -57.708  -35.359 0.5000000000
28411  15.856  -57.596  -35.768 0.5000000000
29429  15.184  -57.118  -36.482 0.5000000000
29443  14.248  -57.401  -37.657 0.5000000000
30395  14.307  -56.667  -38.108 0.5000000000
30396  13.963  -56.554  -38.763 0.4000000060
30428  13.267  -56.216  -39.928 0.5000000000
30429  12.837  -56.460  -40.614 0.4000000060
31388  12.754  -55.950  -41.142 0.4000000060
30452  12.247  -56.529  -42.249 0.4000000060
31446  16.675  -55.458  -44.568 0.6000000238
31445  16.986  -55.172  -45.148 0.4000000060
30472  17.770  -55.536  -45.464 0.4000000060
30471  18.967  -55.714  -45.469 0.4000000060
30363  16.583  -56.930  -35.512 0.5000000000
30364  15.839  -56.605  -36.073 0.4000000060
125311  15.329  -56.422  -36.711 0.4000000060
31340  15.233  -55.927  -37.283 0.5000000000
31357  15.133  -55.365  -38.017 0.4000000060
31358  14.453  -55.887  -38.594 0.5000000000
118771  14.763  -55.132  -38.686 0.4000000060
31370  14.269  -55.246  -39.239 0.5000000000
31359  13.826  -56.006  -39.288 0.5000000000
32324  13.789  -54.495  -40.485 0.3000000119
31400  13.103  -55.251  -41.490 0.3000000119
32354  12.987  -55.224  -42.481 0.3000000119
32395  18.195  -53.931  -45.341 0.4000000060
110950  17.428  -56.525  -35.503 0.5000000000
110593  16.591  -55.932  -35.930 0.5000000000
31324  15.806  -55.829  -36.577 0.4000000060
31321  18.707  -55.967  -35.696 0.4000000060
31322  17.600  -55.612  -35.892 0.4000000060
126784  16.946  -55.317  -36.239 0.4000000060
32294  16.520  -54.466  -37.452 0.4000000060
32270  19.338  -55.499  -35.589 0.4000000060
115295  18.212  -55.058  -36.020 0.4000000060
32273  17.266  -54.753  -36.629 0.4000000060
32253  19.578  -54.666  -35.326 0.4000000060
32272  17.798  -54.240  -36.541 0.4000000060
32293  17.249  -54.005  -37.285 0.4000000060
116630  16.773  -53.794  -37.789 0.4000000060
32271  18.615  -54.556  -35.832 0.4000000060
31300  20.306  -55.207  -35.529 0.3000000119
33175  18.179  -53.709  -36.166 0.4000000060
33176  17.626  -53.502  -36.937 0.4000000060
33195  17.156  -53.316  -37.573 0.4000000060
117071  20.365  -54.395  -35.150 0.4000000060
34083  16.913  -52.554  -37.635 0.4000000060
34098  16.259  -52.311  -37.988 0.4000000060
33144  20.319  -53.553  -34.717 0.3000000119
33156  19.721  -53.985  -34.970 0.4000000060
33157  18.966  -53.881  -35.471 0.4000000060
34043  18.399  -52.988  -35.569 0.4000000060
34062  17.813  -52.817  -36.320 0.4000000060
34082  17.426  -52.697  -37.114 0.4000000060
34964  17.580  -51.828  -36.511 0.3000000119
29491  16.717  -57.225  -42.867 0.6000000238
28423  18.246  -59.376  -36.490 0.5000000000
31427  16.552  -55.895  -43.792 0.6000000238
114596  17.503  -54.602  -45.263 0.4000000060
115917  17.450  -65.843  -41.932 0.6000000238
23838  17.623  -63.573  -44.632 0.6999999881
126722  17.801  -61.292  -44.884 0.6999999881
24795  16.923  -62.575  -49.810 0.5000000000
25649  17.558  -61.304  -49.055 0.5000000000
110434  16.532  -62.885  -48.634 0.5000000000
26574  17.289  -60.739  -48.395 0.4000000060
26565  16.911  -60.503  -47.560 0.6000000238
23776  15.343  -63.579  -37.558 0.5000000000
126686  18.241  -61.173  -41.558 0.6999999881
25556  18.553  -61.652  -37.215 0.6000000238
27484  17.218  -59.833  -44.181 0.8000000119
110029  16.914  -59.432  -45.830 0.6999999881
25559  14.693  -61.548  -37.088 0.4000000060
26524  17.606  -60.209  -42.292 0.6000000238
27470  17.462  -59.965  -43.159 0.6000000238
28524  16.593  -58.656  -45.178 0.6999999881
127778  16.681  -59.004  -45.498 0.6999999881
27511  18.900  -59.536  -48.001 0.5000000000
110706  18.691  -60.093  -48.444 0.5000000000
28534  16.694  -58.575  -45.967 0.6999999881
28533  17.052  -58.567  -46.533 0.6000000238
109614  16.920  -58.787  -42.231 0.6999999881
28503  16.744  -58.503  -43.660 0.6999999881
28532  17.946  -58.484  -46.731 0.6000000238
29530  18.420  -57.800  -46.424 0.6000000238
28399  16.130  -59.129  -35.508 0.5000000000
120039  15.544  -59.188  -35.788 0.5000000000
127047  14.381  -59.178  -37.042 0.4000000060
30459  16.594  -56.742  -43.692 0.6000000238
30443  12.477  -56.576  -41.358 0.3000000119
30473  16.917  -55.857  -45.219 0.5000000000
31444  18.536  -54.863  -45.353 0.4000000060
31341  14.749  -56.099  -37.849 0.5000000000
31371  13.638  -55.305  -39.964 0.4000000060
31414  12.568  -55.721  -43.059 0.4000000060
18075  27.602  -70.000  -50.953 0.3000000119
19651  28.492  -68.174  -49.840 0.3000000119
19639  19.334  -68.545  -49.627 0.4000000060
20499  20.330  -67.404  -52.163 0.4000000060
20478  21.486  -67.829  -50.832 0.4000000060
20477  22.417  -67.380  -50.999 0.4000000060
20463  17.624  -67.331  -49.951 0.4000000060
19625  18.535  -68.078  -49.283 0.4000000060
20425  18.365  -67.863  -47.710 0.4000000060
21288  17.229  -66.728  -47.662 0.5000000000
20410  18.485  -67.931  -46.384 0.5000000000
20411  17.910  -67.159  -46.014 0.5000000000
21331  19.061  -67.098  -51.809 0.4000000060
19665  19.074  -68.101  -51.638 0.5000000000
20399  18.363  -67.838  -44.789 0.5000000000
20500  19.939  -67.135  -52.192 0.5000000000
19664  19.914  -68.059  -51.754 0.5000000000
118018  20.704  -66.836  -52.248 0.5000000000
20498  21.184  -67.121  -52.176 0.4000000060
21329  22.354  -66.355  -51.813 0.4000000060
20476  23.205  -66.870  -51.116 0.4000000060
21315  23.979  -66.350  -51.157 0.4000000060
21303  24.615  -66.650  -49.887 0.3000000119
21302  25.557  -66.444  -49.763 0.4000000060
22179  17.001  -65.288  -51.039 0.4000000060
124155  16.784  -66.188  -49.917 0.4000000060
22163  16.485  -65.546  -49.494 0.4000000060
22178  17.590  -65.663  -51.158 0.4000000060
20480  17.405  -66.862  -51.111 0.4000000060
21318  16.956  -66.167  -50.972 0.4000000060
20464  17.344  -66.806  -48.953 0.4000000060
21305  16.800  -66.184  -48.526 0.5000000000
21289  16.771  -66.132  -47.300 0.5000000000
22177  18.449  -65.889  -50.784 0.4000000060
21332  18.119  -67.067  -51.673 0.4000000060
20479  18.046  -67.612  -50.917 0.4000000060
21276  17.281  -66.628  -46.603 0.5000000000
21265  17.415  -66.529  -45.617 0.5000000000
21266  17.167  -65.887  -45.187 0.6000000238
127287  17.654  -67.011  -44.460 0.6000000238
23849  16.965  -63.806  -46.041 0.6000000238
22978  16.928  -64.624  -45.582 0.6000000238
21255  17.278  -65.965  -44.310 0.5000000000
21328  23.183  -66.291  -51.563 0.4000000060
22098  17.426  -65.454  -43.284 0.5000000000
21327  23.963  -65.643  -51.503 0.4000000060
21314  24.923  -65.774  -51.171 0.4000000060
123315  16.261  -64.188  -49.771 0.4000000060
108671  16.307  -64.145  -48.599 0.5000000000
107811  16.509  -64.088  -47.544 0.5000000000
21277  16.832  -65.929  -46.212 0.5000000000
23861  16.710  -63.571  -47.002 0.5000000000
123341  16.893  -65.360  -45.599 0.6000000238
24765  16.974  -62.980  -46.398 0.6000000238
20474  29.548  -67.258  -49.631 0.3000000119
21312  28.222  -65.510  -50.312 0.3000000119
106406  17.370  -64.589  -50.842 0.4000000060
23042  16.827  -64.246  -50.981 0.4000000060
22180  16.481  -64.751  -50.449 0.4000000060
23900  16.651  -63.182  -50.203 0.4000000060
24785  16.642  -62.723  -49.348 0.4000000060
23877  16.477  -63.461  -48.136 0.5000000000
22116  17.144  -65.222  -44.720 0.6000000238
117125  17.278  -65.503  -43.927 0.5000000000
23899  16.900  -63.542  -50.734 0.4000000060
125552  17.144  -66.678  -50.308 0.4000000060
20400  17.857  -67.177  -45.042 0.5000000000
22172  27.692  -64.596  -50.555 0.3000000119
23031  16.292  -64.838  -49.056 0.5000000000
115281  16.565  -65.558  -47.057 0.5000000000
22999  16.672  -64.361  -46.639 0.6000000238
19650  29.319  -67.890  -49.907 0.3000000119
19655  18.751  -68.259  -50.746 0.4000000060
20370  17.393  -66.523  -42.089 0.6000000238
20426  17.787  -67.294  -47.019 0.5000000000
20442  17.943  -67.467  -48.715 0.4000000060
20443  17.718  -67.246  -47.941 0.4000000060
20487  22.465  -66.849  -51.680 0.4000000060
20488  21.736  -67.288  -51.754 0.4000000060
20489  19.494  -67.566  -52.007 0.5000000000
20490  18.521  -67.763  -51.472 0.5000000000
20497  21.854  -66.851  -51.994 0.4000000060
21237  17.520  -66.766  -43.883 0.5000000000
21238  17.342  -66.045  -43.489 0.5000000000
21254  17.471  -66.532  -44.747 0.6000000238
21317  18.061  -66.484  -51.568 0.4000000060
21319  16.691  -65.582  -50.567 0.4000000060
21330  20.121  -66.742  -51.935 0.5000000000
21333  17.516  -66.258  -51.265 0.4000000060
22026  16.151  -65.270  -37.980 0.6000000238
22043  16.592  -66.031  -38.694 0.5000000000
22068  17.657  -65.375  -41.880 0.6000000238
22140  16.617  -65.152  -46.390 0.6000000238
22151  16.476  -65.552  -48.113 0.5000000000
22882  17.765  -64.733  -38.299 0.6999999881
22884  15.233  -64.824  -37.795 0.5000000000
22886  13.446  -64.280  -38.801 0.4000000060
22896  17.231  -65.374  -38.597 0.6000000238
23018  16.399  -64.836  -47.569 0.5000000000
23043  16.494  -63.872  -50.484 0.4000000060
23777  14.425  -63.260  -38.006 0.5000000000
23788  18.177  -64.095  -37.820 0.6999999881
23791  14.830  -64.033  -37.892 0.5000000000
23807  19.167  -63.367  -40.871 0.6999999881
23823  18.569  -63.688  -42.483 0.6000000238
23848  17.321  -63.273  -45.542 0.6999999881
23891  16.366  -63.464  -49.434 0.4000000060
24696  14.535  -62.109  -37.726 0.4000000060
24706  18.885  -62.604  -38.167 0.6999999881
24727  19.123  -62.459  -40.565 0.6999999881
24755  18.087  -62.749  -44.266 0.6000000238
24760  17.722  -62.666  -45.113 0.6999999881
24778  16.669  -62.208  -48.441 0.6000000238
25558  15.126  -62.305  -36.953 0.5000000000
25567  18.802  -61.757  -37.962 0.6000000238
25616  18.163  -61.190  -43.342 0.6000000238
25650  17.292  -61.943  -49.387 0.5000000000
26454  16.013  -60.527  -35.574 0.5000000000
26467  14.544  -60.204  -36.864 0.5000000000
27387  15.737  -59.763  -35.613 0.5000000000
27403  15.232  -59.529  -36.014 0.5000000000
27404  14.720  -59.490  -36.600 0.5000000000
27413  14.241  -59.569  -37.231 0.5000000000
27435  17.695  -59.509  -39.700 0.6999999881
27450  17.054  -59.168  -41.605 0.6999999881
27513  16.893  -59.728  -47.061 0.6000000238
28409  18.696  -58.203  -36.187 0.6999999881
28413  15.104  -58.935  -36.244 0.5000000000
28424  14.581  -58.778  -36.836 0.4000000060
28490  16.776  -58.126  -42.640 0.6000000238
28531  19.005  -58.434  -47.086 0.5000000000
29397  17.398  -57.453  -35.361 0.5000000000
29412  19.933  -57.058  -36.477 0.5000000000
29430  14.659  -57.459  -36.978 0.5000000000
29431  13.847  -58.109  -37.894 0.5000000000
29473  17.860  -57.714  -40.961 0.8000000119
29521  17.064  -57.160  -45.794 0.6000000238
30377  14.765  -56.707  -37.271 0.5000000000
30411  13.513  -56.844  -39.306 0.4000000060
30442  17.028  -56.816  -42.368 0.6000000238
31318  21.208  -55.167  -36.283 0.5000000000
31338  21.180  -55.756  -36.754 0.5000000000
31368  20.483  -55.213  -39.549 0.4000000060
31384  20.129  -54.999  -40.167 0.5000000000
31387  13.104  -55.687  -40.597 0.4000000060
31401  12.715  -55.885  -41.963 0.4000000060
35094  18.208  -51.841  -44.203 0.5000000000
36702  18.831  -49.113  -40.758 0.3000000119
105583  17.199  -66.286  -39.645 0.6000000238
106307  16.934  -59.704  -46.498 0.6000000238
106568  14.383  -60.813  -37.296 0.4000000060
107113  17.307  -64.941  -43.899 0.5000000000
108940  23.072  -65.633  -51.646 0.4000000060
109429  16.718  -61.835  -47.610 0.6000000238
110543  17.206  -63.802  -50.835 0.4000000060
111487  19.501  -66.551  -51.331 0.5000000000
112161  18.643  -61.523  -40.133 0.6999999881
112448  14.871  -62.842  -37.568 0.5000000000
112682  16.893  -58.720  -42.913 0.6000000238
113543  21.487  -51.880  -37.245 0.4000000060
114259  17.834  -60.576  -42.961 0.6000000238
118687  20.855  -67.706  -51.775 0.4000000060
119136  18.338  -61.939  -43.838 0.6999999881
119192  13.377  -55.019  -40.734 0.3000000119
122045  17.142  -61.468  -48.839 0.4000000060
124371  17.484  -66.415  -41.176 0.6000000238
124915  15.423  -65.315  -37.877 0.5000000000
124923  18.836  -67.547  -51.798 0.4000000060
126237  18.053  -58.740  -39.709 0.8000000119
127862  12.139  -56.463  -43.116 0.4000000060
