#!ascii label  , from subject sub-028 vox2ras=TkReg
1406
74369  -20.707  -14.156  -41.322 0.4285714328
76207  -22.079  -12.670  -42.757 0.2857142985
75337  -21.177  -13.210  -42.514 0.4285714328
76197  -22.566  -12.840  -42.138 0.4285714328
76198  -23.322  -12.305  -41.631 0.4285714328
77033  -22.652  -11.856  -43.091 0.2857142985
76208  -22.937  -12.222  -42.645 0.4285714328
77035  -23.998  -10.885  -42.293 0.4285714328
78841  -22.962  -9.579  -43.884 0.4285714328
77931  -23.988  -10.085  -43.656 0.4285714328
79820  -23.810  -8.715  -44.375 0.4285714328
79821  -24.598  -8.372  -44.652 0.4285714328
147782  -23.698  -5.891  -43.919 0.5714285970
81818  -24.108  -6.894  -44.115 0.5714285970
80847  -24.676  -7.598  -44.685 0.4285714328
81838  -25.876  -7.147  -45.327 0.2857142985
82824  -24.709  -5.378  -44.542 0.7142857313
82825  -25.323  -6.243  -44.876 0.7142857313
82844  -27.514  -5.881  -45.625 0.7142857313
82845  -28.418  -5.622  -46.030 0.4285714328
82826  -25.909  -5.616  -45.193 0.7142857313
82843  -26.689  -6.233  -45.488 0.5714285970
82861  -29.447  -5.463  -46.683 0.5714285970
158938  -27.100  -4.127  -45.313 0.5714285970
83791  -28.566  -4.677  -46.171 0.5714285970
84672  -28.661  -3.661  -46.220 0.5714285970
83801  -29.501  -4.371  -46.698 0.5714285970
149022  -27.813  -3.903  -45.678 0.5714285970
83803  -31.262  -4.570  -47.323 0.4285714328
85552  -31.285  -3.041  -47.570 0.5714285970
147706  -31.847  -2.875  -47.220 0.5714285970
86376  -28.752  -1.745  -46.716 0.7142857313
85563  -31.520  -2.225  -47.782 0.7142857313
86378  -31.750  -1.991  -47.417 0.7142857313
87242  -31.625  -1.057  -46.502 0.5714285970
160861  -29.572  -2.271  -47.100 0.5714285970
143582  -26.679  -1.572  -45.616 0.5714285970
86386  -30.766  -1.557  -47.986 0.8571428657
88140  -31.557  -0.233  -46.765 0.7142857313
88128  -31.452  -0.193  -45.653 0.5714285970
140969  -29.820  -0.916  -47.865 0.7142857313
87252  -28.806  -1.032  -47.157 0.5714285970
136208  -31.434  1.359  -47.455 0.7142857313
160137  -31.399  0.476  -45.089 0.5714285970
87261  -31.147  -0.789  -48.115 0.7142857313
145894  -31.510  0.579  -47.072 0.7142857313
90096  -31.358  2.254  -46.849 0.5714285970
87269  -31.182  0.043  -48.483 0.7142857313
90087  -31.402  2.458  -45.815 0.5714285970
87268  -31.060  -0.072  -48.493 0.5714285970
154122  -31.206  0.624  -48.639 0.7142857313
90112  -31.398  2.081  -47.964 0.7142857313
91123  -31.069  3.784  -47.040 0.7142857313
91124  -31.303  3.126  -46.415 0.7142857313
90137  -31.369  2.611  -49.849 0.7142857313
91143  -31.468  2.665  -48.449 0.7142857313
91142  -31.297  3.488  -48.372 0.7142857313
93127  -30.628  5.433  -46.982 0.7142857313
92132  -30.893  4.656  -46.527 0.5714285970
91156  -31.404  3.312  -49.689 0.7142857313
143368  -30.213  1.358  -48.827 0.5714285970
94091  -30.784  6.288  -46.501 0.5714285970
161525  -31.099  7.523  -46.511 0.5714285970
153086  -31.135  3.760  -50.218 0.8571428657
91169  -31.187  3.131  -50.643 0.8571428657
140107  -30.561  7.033  -47.967 0.7142857313
140094  -30.410  6.837  -48.882 0.7142857313
92180  -30.628  4.598  -50.013 0.8571428657
155601  -30.288  6.119  -49.167 0.7142857313
95929  -30.641  8.732  -49.190 0.8571428657
95921  -30.804  8.682  -48.252 0.5714285970
95031  -30.445  7.289  -49.505 0.8571428657
139912  -30.523  7.168  -50.514 0.8571428657
93150  -30.399  5.602  -50.012 0.8571428657
94109  -30.385  6.522  -49.831 0.8571428657
148391  -30.747  10.203  -49.963 0.8571428657
97668  -31.187  10.962  -49.744 0.8571428657
100418  -29.969  13.246  -50.564 0.8571428657
146893  -30.495  7.983  -49.801 0.8571428657
149770  -30.507  10.803  -50.545 0.8571428657
97676  -29.605  10.745  -51.250 1.0000000000
98542  -30.108  11.618  -50.934 1.0000000000
95937  -30.426  8.625  -51.044 0.8571428657
99470  -29.615  12.407  -51.018 1.0000000000
156340  -30.181  10.393  -50.997 1.0000000000
100439  -28.039  13.583  -51.644 1.0000000000
100437  -26.945  12.906  -53.063 0.7142857313
162939  -28.721  13.371  -50.835 1.0000000000
100431  -28.317  13.088  -50.902 1.0000000000
101370  -27.849  13.020  -53.406 1.0000000000
101391  -24.321  13.825  -55.136 1.0000000000
101383  -24.041  13.695  -54.461 0.8571428657
102320  -23.224  15.029  -54.343 0.8571428657
102328  -23.168  14.921  -54.622 1.0000000000
105068  -23.664  18.435  -53.859 0.8571428657
104175  -24.054  17.714  -54.512 0.8571428657
103278  -22.968  16.567  -55.199 1.0000000000
105901  -22.501  19.868  -51.093 0.8571428657
148642  -22.968  18.951  -52.189 0.8571428657
155849  -22.081  20.509  -50.834 0.7142857313
105891  -22.909  19.409  -49.684 0.5714285970
107522  -22.049  21.682  -48.531 0.7142857313
135433  -21.206  21.681  -49.240 0.5714285970
108267  -23.803  22.649  -45.626 0.5714285970
106702  -23.545  20.811  -47.994 0.5714285970
159815  -24.020  23.114  -45.104 0.4285714328
109846  -22.146  24.803  -46.064 0.4285714328
110604  -23.739  25.109  -43.001 0.2857142985
109826  -23.521  25.235  -42.491 0.2857142985
109833  -23.893  24.923  -43.762 0.2857142985
135670  -23.137  25.637  -41.522 0.2857142985
84683  -29.524  -3.525  -46.733 0.5714285970
136269  -31.427  0.563  -45.934 0.5714285970
95022  -30.870  7.887  -47.700 0.5714285970
93135  -30.616  5.365  -48.052 0.7142857313
136226  -30.396  6.192  -48.372 0.7142857313
95026  -30.640  7.784  -48.737 0.8571428657
96826  -30.776  9.539  -48.708 0.8571428657
97661  -31.035  10.406  -49.151 0.8571428657
98543  -30.952  11.660  -50.269 0.8571428657
98553  -27.323  10.654  -55.556 0.8571428657
110574  -23.144  26.090  -39.259 0.1428571492
77031  -21.127  -11.912  -42.413 0.2857142985
77044  -22.375  -11.199  -43.246 0.2857142985
77930  -23.371  -10.513  -43.629 0.4285714328
78843  -24.442  -9.379  -44.024 0.4285714328
162031  -22.367  -9.621  -43.434 0.2857142985
80846  -23.991  -7.888  -44.281 0.4285714328
162203  -22.774  -10.371  -43.596 0.4285714328
78857  -24.886  -8.834  -44.457 0.4285714328
80834  -22.772  -7.310  -43.601 0.5714285970
81819  -24.779  -6.836  -44.650 0.5714285970
81839  -26.567  -7.050  -45.515 0.4285714328
147336  -24.536  -4.679  -44.481 0.2857142985
142225  -25.138  -5.052  -44.785 0.7142857313
83780  -26.680  -5.002  -45.282 0.7142857313
83790  -27.694  -4.884  -45.610 0.4285714328
84670  -27.047  -3.212  -45.298 0.5714285970
83792  -31.951  -4.611  -46.896 0.4285714328
84671  -27.849  -2.909  -45.767 0.7142857313
84684  -30.591  -3.906  -47.170 0.7142857313
140678  -31.735  -2.951  -47.506 0.5714285970
86387  -31.161  -1.479  -48.001 0.7142857313
87253  -31.496  -1.086  -47.533 0.7142857313
86375  -27.877  -1.110  -46.363 0.5714285970
91112  -31.382  3.281  -45.451 0.5714285970
87258  -28.873  -0.311  -47.508 0.5714285970
135132  -31.521  1.909  -45.298 0.5714285970
90125  -31.600  2.039  -49.058 0.7142857313
89100  -31.367  1.238  -48.482 0.7142857313
92144  -31.147  3.950  -46.004 0.5714285970
88159  -30.869  0.527  -48.688 0.8571428657
92167  -30.930  4.331  -49.014 0.7142857313
139575  -30.596  6.985  -51.782 1.0000000000
100417  -29.074  13.769  -50.674 1.0000000000
138688  -28.996  9.901  -51.520 1.0000000000
100438  -27.588  13.124  -52.490 0.8571428657
100436  -25.909  13.066  -53.277 0.7142857313
157169  -26.756  11.273  -55.307 1.0000000000
100461  -26.911  11.735  -55.588 1.0000000000
100450  -25.161  12.893  -54.541 0.7142857313
100460  -25.893  12.298  -55.150 1.0000000000
100444  -25.515  12.641  -54.050 0.7142857313
102336  -23.576  14.441  -55.144 0.8571428657
104167  -24.272  17.629  -53.610 0.8571428657
147100  -22.988  15.767  -54.977 1.0000000000
102335  -23.223  15.481  -55.330 1.0000000000
106733  -22.615  20.022  -50.328 0.7142857313
109847  -23.180  24.313  -45.421 0.7142857313
106713  -23.205  20.586  -48.767 0.5714285970
107508  -23.029  21.646  -47.763 0.7142857313
108286  -21.845  22.342  -47.993 0.7142857313
143317  -24.390  22.483  -44.884 0.4285714328
110603  -23.361  25.693  -43.529 0.2857142985
110629  -22.771  25.154  -45.218 0.4285714328
162977  -21.657  23.205  -47.621 0.4285714328
110628  -21.740  25.723  -46.000 0.4285714328
110590  -23.360  25.905  -42.697 0.2857142985
110616  -23.216  25.470  -44.381 0.4285714328
146276  -25.364  -3.519  -44.693 0.4285714328
84664  -25.547  -2.720  -44.752 0.4285714328
109841  -23.716  24.666  -44.635 0.4285714328
108266  -22.961  23.026  -46.338 0.7142857313
75329  -21.339  -13.638  -41.914 0.4285714328
75330  -22.192  -13.427  -41.441 0.4285714328
76206  -21.282  -12.687  -42.589 0.2857142985
162930  -20.801  -13.018  -42.552 0.2857142985
75331  -22.930  -12.822  -41.008 0.4285714328
148940  -21.593  -11.170  -42.720 0.2857142985
77034  -23.312  -11.514  -43.010 0.4285714328
140300  -22.517  -8.816  -43.599 0.2857142985
79809  -23.194  -8.987  -44.106 0.4285714328
78842  -23.693  -9.454  -44.187 0.4285714328
78856  -24.264  -9.012  -44.490 0.4285714328
155666  -22.396  -7.963  -43.535 0.4285714328
142104  -23.263  -6.632  -43.725 0.4285714328
82823  -24.039  -5.025  -44.178 0.2857142985
81820  -25.268  -7.313  -45.016 0.4285714328
83779  -25.637  -4.483  -44.916 0.5714285970
84665  -26.222  -3.636  -45.008 0.5714285970
85550  -28.868  -2.686  -46.462 0.5714285970
84685  -31.595  -3.822  -47.302 0.4285714328
85562  -30.559  -2.306  -47.623 0.7142857313
86366  -31.629  -1.893  -46.182 0.5714285970
85540  -27.660  -1.896  -46.039 0.7142857313
86377  -29.715  -1.640  -47.467 0.7142857313
85539  -26.911  -2.270  -45.496 0.7142857313
87260  -30.798  -0.707  -48.257 0.5714285970
89086  -31.400  1.481  -46.185 0.5714285970
144738  -31.307  2.921  -47.484 0.7142857313
88158  -30.202  0.579  -48.472 0.7142857313
89125  -31.191  2.002  -49.449 0.8571428657
92156  -30.887  4.517  -47.643 0.7142857313
90136  -30.990  2.519  -50.321 0.8571428657
95933  -30.461  8.755  -50.150 0.8571428657
96832  -30.681  9.548  -49.580 0.8571428657
94115  -30.551  6.039  -51.227 0.8571428657
96843  -30.188  9.257  -51.155 1.0000000000
100430  -27.839  13.280  -51.354 1.0000000000
100445  -26.762  11.631  -54.248 0.8571428657
138849  -23.310  18.735  -52.995 0.8571428657
105913  -22.753  19.046  -51.401 0.8571428657
106723  -22.848  20.323  -49.560 0.7142857313
107523  -22.387  21.163  -49.293 0.7142857313
136952  -23.003  21.254  -48.516 0.5714285970
108287  -22.809  22.481  -47.150 0.5714285970
107491  -23.593  21.786  -47.024 0.5714285970
109042  -24.357  23.157  -44.413 0.4285714328
109041  -24.000  23.844  -44.915 0.4285714328
109856  -22.601  23.945  -46.186 0.4285714328
109812  -22.648  25.135  -41.527 0.2857142985
139145  -24.357  24.035  -43.956 0.2857142985
110579  -23.141  26.121  -40.719 0.2857142985
77917  -21.778  -10.164  -42.927 0.2857142985
83778  -24.792  -4.004  -44.551 0.2857142985
161756  -22.465  23.107  -47.011 0.5714285970
112795  -20.403  29.429  -46.430 0.2857142985
114267  -20.463  30.979  -44.772 0.1428571492
112058  -21.127  27.847  -45.861 0.2857142985
112057  -20.146  28.651  -46.894 0.2857142985
113555  -20.467  30.080  -44.473 0.1428571492
114260  -21.476  30.833  -43.938 0.1428571492
111330  -22.430  27.170  -44.014 0.1428571492
111345  -22.254  27.109  -45.048 0.2857142985
112037  -22.225  28.447  -43.649 0.1428571492
111377  -19.329  26.521  -48.318 0.2857142985
112069  -20.303  27.591  -47.022 0.2857142985
109097  -21.498  23.164  -52.173 0.2857142985
109882  -20.225  23.744  -49.599 0.2857142985
113538  -22.011  29.916  -43.482 0.1428571492
110639  -20.864  25.350  -46.921 0.2857142985
107547  -20.686  22.137  -51.287 0.2857142985
110649  -19.395  25.429  -48.143 0.2857142985
111368  -20.578  26.431  -47.007 0.2857142985
135819  -22.941  21.086  -54.631 0.1428571492
109088  -20.351  22.688  -50.781 0.2857142985
109068  -19.950  23.824  -48.998 0.2857142985
112773  -21.713  29.420  -43.796 0.1428571492
155708  -20.390  23.750  -48.338 0.2857142985
110638  -19.638  25.919  -47.794 0.2857142985
134083  -24.928  21.598  -55.674 0.1428571492
134074  -23.491  21.346  -55.512 0.1428571492
107551  -21.873  21.906  -52.687 0.4285714328
108303  -20.936  22.319  -48.873 0.2857142985
105098  -22.268  18.930  -57.408 0.2857142985
134069  -23.047  20.064  -54.489 0.4285714328
152508  -21.221  21.267  -50.928 0.2857142985
109054  -22.110  23.663  -46.952 0.2857142985
105100  -25.256  18.862  -57.996 0.1428571492
134073  -20.838  20.554  -57.374 0.2857142985
106745  -22.244  20.847  -52.200 0.4285714328
105081  -21.592  18.701  -55.781 0.5714285970
105921  -22.942  19.720  -52.861 0.7142857313
103311  -26.157  17.117  -57.174 0.1428571492
104202  -24.558  18.081  -57.338 0.1428571492
134068  -23.198  19.351  -53.697 0.7142857313
106722  -22.073  20.756  -50.165 0.4285714328
104199  -21.332  18.474  -57.195 0.4285714328
103291  -26.904  16.745  -56.199 0.2857142985
103303  -26.518  16.339  -56.716 0.7142857313
104187  -22.535  18.222  -55.254 0.7142857313
102344  -23.860  15.378  -56.064 0.8571428657
103300  -23.745  16.356  -56.530 0.8571428657
103289  -21.785  17.559  -55.909 0.5714285970
153815  -28.509  17.336  -54.045 0.2857142985
104189  -27.483  17.174  -55.439 0.2857142985
103298  -21.854  17.660  -56.535 0.7142857313
104145  -23.440  17.712  -51.579 0.5714285970
103290  -22.538  16.728  -55.521 0.8571428657
104161  -28.007  17.301  -52.840 0.1428571492
102346  -26.301  15.507  -56.666 0.7142857313
104162  -28.347  16.970  -51.918 0.1428571492
162599  -27.209  8.625  -49.675 0.5714285970
98546  -27.807  11.424  -51.135 0.8571428657
142733  -27.728  12.064  -50.786 0.8571428657
98541  -27.405  11.351  -50.563 0.4285714328
99459  -27.751  12.768  -50.647 0.5714285970
100459  -25.580  13.791  -55.436 0.8571428657
101384  -28.011  13.347  -55.050 0.8571428657
101400  -24.639  14.557  -55.782 0.8571428657
103253  -28.400  16.594  -51.412 0.2857142985
101393  -27.954  14.244  -56.080 0.8571428657
101401  -25.892  14.705  -56.274 0.8571428657
103299  -22.421  16.793  -56.028 0.8571428657
103233  -28.574  16.724  -49.947 0.4285714328
102338  -29.196  15.785  -55.151 0.7142857313
103304  -27.087  15.330  -56.728 0.7142857313
95932  -27.381  8.031  -49.646 0.2857142985
142123  -28.114  9.802  -51.401 0.5714285970
96836  -27.117  9.781  -50.599 0.5714285970
98547  -28.307  11.660  -51.341 0.8571428657
101377  -28.383  12.416  -54.351 0.8571428657
100452  -28.096  11.681  -55.257 0.8571428657
100451  -27.600  12.815  -55.594 0.8571428657
101392  -26.762  13.244  -55.505 0.8571428657
102307  -28.532  15.643  -51.549 0.4285714328
102323  -28.761  15.300  -53.831 0.8571428657
101385  -28.440  14.897  -55.099 0.8571428657
102284  -29.131  15.759  -49.406 0.4285714328
91155  -28.446  3.127  -49.246 0.7142857313
138258  -27.473  4.571  -48.446 0.4285714328
90134  -29.286  2.669  -49.739 0.7142857313
92191  -29.873  4.333  -51.245 0.8571428657
93157  -28.650  5.298  -51.492 0.5714285970
94108  -27.692  6.605  -49.840 0.5714285970
95021  -27.485  7.121  -48.306 0.4285714328
93173  -30.037  5.697  -53.260 0.8571428657
94114  -28.331  6.134  -51.625 0.5714285970
95936  -27.446  8.392  -50.434 0.5714285970
148677  -30.424  7.840  -51.534 0.8571428657
95947  -29.221  7.750  -52.256 0.7142857313
95941  -28.589  8.154  -51.767 0.5714285970
99461  -31.201  12.501  -49.956 0.7142857313
100407  -30.390  13.719  -50.013 0.7142857313
101350  -28.644  14.574  -50.968 0.7142857313
144400  -28.297  14.638  -52.928 0.8571428657
100386  -30.928  13.775  -47.202 0.2857142985
136331  -30.545  14.151  -48.152 0.4285714328
101327  -29.492  15.207  -49.258 0.5714285970
88146  -28.885  0.471  -47.664 0.4285714328
90111  -28.251  2.064  -48.211 0.4285714328
90122  -27.820  2.961  -48.414 0.4285714328
134405  -30.745  3.943  -50.762 0.7142857313
91180  -30.541  3.618  -50.880 0.7142857313
135380  -30.355  4.942  -50.942 0.7142857313
95044  -30.534  6.534  -52.717 0.8571428657
147780  -31.185  10.933  -48.670 0.7142857313
99432  -31.094  12.743  -47.189 0.2857142985
99443  -31.054  12.544  -48.190 0.5714285970
98524  -31.350  11.669  -48.630 0.5714285970
88139  -28.152  0.245  -47.016 0.4285714328
139765  -27.699  0.722  -46.457 0.5714285970
89112  -29.155  1.731  -48.608 0.5714285970
90123  -28.673  2.384  -48.970 0.5714285970
96818  -31.251  9.417  -46.963 0.4285714328
161633  -31.276  10.528  -46.798 0.4285714328
148302  -31.187  11.956  -46.812 0.4285714328
98514  -31.093  11.845  -47.633 0.4285714328
86357  -26.111  -1.745  -45.331 0.5714285970
88119  -31.446  0.846  -44.293 0.4285714328
136962  -31.524  2.589  -44.924 0.4285714328
94087  -31.691  6.965  -45.324 0.4285714328
93119  -30.940  5.476  -46.078 0.4285714328
95008  -31.882  7.858  -45.362 0.4285714328
95915  -31.375  8.662  -46.545 0.4285714328
79810  -25.666  -8.539  -44.226 0.1428571492
135543  -31.356  4.071  -45.121 0.4285714328
157698  -31.654  5.428  -44.696 0.4285714328
134772  -31.637  6.109  -44.932 0.4285714328
80849  -27.012  -7.301  -45.294 0.1428571492
148994  -28.031  -6.841  -45.176 0.1428571492
82863  -31.359  -5.401  -47.333 0.2857142985
86338  -31.831  -1.486  -42.978 0.2857142985
90049  -32.577  1.635  -42.293 0.2857142985
88094  -31.926  0.044  -42.978 0.2857142985
85532  -31.568  -2.702  -45.608 0.4285714328
157141  -32.394  2.353  -42.756 0.2857142985
157855  -31.709  1.652  -43.759 0.2857142985
88106  -31.527  0.023  -43.782 0.2857142985
92112  -32.262  3.789  -43.117 0.2857142985
91076  -31.798  3.547  -43.803 0.4285714328
79812  -26.868  -7.928  -43.763 0.1428571492
155840  -27.537  -7.417  -44.260 0.1428571492
80848  -25.641  -7.723  -45.093 0.1428571492
80850  -29.136  -6.849  -44.786 0.2857142985
81842  -29.687  -6.484  -46.410 0.2857142985
83782  -32.343  -5.024  -44.790 0.2857142985
84654  -32.042  -3.932  -43.067 0.2857142985
83767  -31.830  -4.129  -44.182 0.2857142985
83781  -31.970  -4.547  -45.657 0.2857142985
85508  -31.706  -2.165  -43.435 0.2857142985
162460  -28.446  -7.133  -44.256 0.1428571492
80853  -32.902  -7.690  -46.306 0.2857142985
146215  -29.219  -7.423  -43.890 0.2857142985
81845  -32.434  -6.694  -47.044 0.2857142985
157225  -31.063  -6.951  -46.419 0.2857142985
81821  -29.020  -6.496  -45.709 0.2857142985
82848  -32.779  -6.311  -46.783 0.2857142985
77020  -23.629  -11.600  -41.975 0.2857142985
78828  -25.423  -9.422  -42.939 0.1428571492
77919  -24.415  -10.302  -42.799 0.2857142985
78845  -25.999  -8.893  -43.084 0.1428571492
74370  -21.607  -13.963  -41.048 0.2857142985
74354  -21.246  -14.538  -40.556 0.2857142985
77907  -24.842  -10.457  -41.850 0.2857142985
157661  -22.577  -13.969  -40.258 0.1428571492
144730  -20.525  -14.718  -40.663 0.2857142985
73474  -20.512  -15.798  -40.127 0.1428571492
81823  -31.029  -7.192  -45.531 0.2857142985
82828  -32.801  -5.983  -45.522 0.2857142985
85509  -31.956  -2.263  -42.721 0.2857142985
87210  -32.114  -0.723  -42.602 0.2857142985
140694  -31.404  -0.083  -44.672 0.4285714328
136437  -31.594  1.801  -44.556 0.4285714328
90061  -32.124  2.951  -43.275 0.2857142985
135064  -32.446  4.639  -42.999 0.2857142985
92179  -28.699  4.407  -50.106 0.7142857313
93112  -32.190  5.819  -44.210 0.4285714328
95039  -28.945  7.248  -52.405 0.5714285970
94092  -31.178  7.075  -46.106 0.4285714328
96817  -30.849  9.496  -47.814 0.4285714328
97645  -31.510  10.656  -46.298 0.2857142985
100378  -31.226  13.350  -46.394 0.2857142985
149320  -30.824  13.282  -47.872 0.5714285970
103269  -23.354  15.734  -54.525 0.7142857313
102296  -28.696  15.402  -50.549 0.7142857313
105902  -22.760  19.051  -50.485 0.4285714328
162666  -23.096  18.432  -51.687 0.5714285970
104174  -23.072  17.545  -55.174 0.7142857313
102270  -29.613  15.715  -48.742 0.2857142985
102345  -25.173  15.429  -56.439 0.8571428657
103277  -22.163  17.365  -55.525 0.8571428657
103292  -27.818  16.235  -55.672 0.5714285970
109069  -20.790  23.087  -48.523 0.2857142985
105099  -23.764  19.152  -57.368 0.4285714328
105091  -20.340  19.823  -57.988 0.4285714328
113539  -22.675  29.641  -42.655 0.1428571492
134076  -22.456  21.734  -53.457 0.2857142985
134369  -22.740  20.620  -55.511 0.1428571492
110659  -19.756  25.507  -48.616 0.2857142985
75315  -22.731  -13.449  -40.525 0.1428571492
152631  -20.559  -13.631  -42.092 0.2857142985
76199  -24.121  -11.855  -41.067 0.1428571492
77920  -25.180  -9.877  -42.405 0.1428571492
79811  -26.334  -8.377  -43.634 0.1428571492
80827  -28.324  -8.008  -42.740 0.1428571492
80839  -30.100  -7.983  -43.877 0.1428571492
82862  -29.953  -6.282  -46.969 0.2857142985
81844  -31.619  -6.712  -47.197 0.2857142985
149205  -32.455  -5.450  -45.921 0.2857142985
83804  -31.739  -4.607  -47.181 0.2857142985
86339  -32.263  -1.487  -42.263 0.2857142985
89085  -28.283  1.015  -47.051 0.5714285970
84673  -31.738  -3.717  -46.335 0.2857142985
84666  -31.584  -3.457  -44.853 0.2857142985
90110  -27.622  2.480  -47.550 0.2857142985
92105  -32.546  4.102  -42.365 0.2857142985
143741  -32.746  5.953  -42.575 0.2857142985
91167  -29.092  3.258  -49.902 0.7142857313
91179  -30.138  3.415  -50.885 0.5714285970
93141  -27.588  5.457  -48.660 0.4285714328
92178  -28.010  4.705  -49.320 0.5714285970
145835  -32.517  5.913  -43.365 0.4285714328
95928  -27.086  9.198  -48.304 0.2857142985
95030  -27.586  7.487  -50.137 0.5714285970
94079  -32.486  6.580  -43.814 0.2857142985
92133  -31.154  4.745  -45.632 0.4285714328
157833  -29.068  5.560  -52.685 0.7142857313
148891  -27.085  9.182  -49.283 0.2857142985
144925  -32.521  8.078  -43.785 0.1428571492
97634  -32.065  10.026  -45.103 0.4285714328
96809  -31.613  9.366  -46.188 0.4285714328
97633  -31.906  10.654  -44.523 0.1428571492
101371  -28.009  13.764  -52.624 0.8571428657
98496  -31.522  11.465  -45.030 0.1428571492
100398  -30.848  13.283  -48.682 0.5714285970
102297  -29.063  15.251  -49.816 0.5714285970
103272  -29.249  16.301  -54.340 0.7142857313
104137  -28.356  17.153  -50.159 0.2857142985
104149  -28.197  17.020  -51.079 0.1428571492
111346  -22.774  26.315  -44.190 0.2857142985
103282  -29.427  16.336  -55.058 0.4285714328
149751  -28.439  16.704  -50.580 0.4285714328
103309  -24.957  17.249  -57.334 0.5714285970
104169  -27.496  17.813  -53.911 0.1428571492
104196  -26.441  17.586  -56.956 0.1428571492
105101  -26.048  18.596  -58.119 0.1428571492
104200  -22.179  17.836  -57.058 0.5714285970
106746  -22.856  20.900  -52.993 0.2857142985
105961  -21.639  20.297  -58.358 0.2857142985
134338  -22.285  20.402  -57.995 0.1428571492
134075  -24.254  20.794  -56.447 0.1428571492
134071  -22.590  20.562  -56.620 0.1428571492
108342  -21.520  23.004  -52.896 0.2857142985
109109  -21.772  23.535  -53.757 0.2857142985
134326  -22.128  23.021  -54.191 0.1428571492
153795  -22.785  22.717  -54.732 0.1428571492
157788  -24.229  -12.731  -40.018 0.1428571492
78829  -26.579  -9.050  -42.243 0.1428571492
87197  -32.603  -0.720  -41.927 0.2857142985
101309  -31.035  14.361  -46.324 0.2857142985
108356  -23.968  23.446  -55.297 0.1428571492
148128  -21.954  23.766  -52.656 0.2857142985
158161  -20.068  -13.982  -41.641 0.2857142985
74371  -22.233  -13.805  -40.709 0.2857142985
76185  -23.763  -12.454  -40.644 0.1428571492
77021  -24.478  -11.149  -41.418 0.1428571492
79822  -25.290  -8.264  -44.838 0.1428571492
156049  -26.267  -8.152  -44.333 0.1428571492
81840  -27.335  -6.741  -45.581 0.2857142985
148842  -29.095  -6.172  -46.303 0.2857142985
160904  -30.402  -5.777  -47.194 0.2857142985
87233  -31.570  -0.944  -45.315 0.4285714328
90124  -29.701  2.116  -49.317 0.5714285970
89099  -29.556  1.145  -48.382 0.4285714328
162377  -31.523  7.445  -45.721 0.4285714328
90146  -30.609  2.919  -50.802 0.7142857313
94122  -30.861  5.965  -52.602 0.7142857313
137155  -29.661  13.967  -50.252 0.7142857313
139863  -28.376  10.801  -51.422 0.8571428657
95943  -30.125  8.247  -51.748 0.8571428657
96842  -29.578  9.063  -51.546 0.8571428657
148132  -28.478  13.762  -51.060 0.8571428657
163116  -28.464  11.402  -54.658 0.8571428657
105061  -23.351  18.169  -52.319 0.5714285970
106741  -21.991  20.671  -51.479 0.5714285970
107534  -21.094  21.427  -49.991 0.2857142985
109855  -21.474  24.465  -46.891 0.2857142985
97652  -30.816  10.291  -48.242 0.4285714328
78844  -25.194  -9.145  -43.703 0.1428571492
85538  -26.238  -2.553  -45.111 0.5714285970
82827  -32.303  -5.422  -46.805 0.2857142985
91095  -31.521  3.387  -44.581 0.4285714328
96841  -28.810  8.847  -51.725 0.5714285970
157952  -26.641  14.097  -56.279 0.8571428657
102343  -22.922  16.021  -56.110 0.8571428657
110615  -22.414  26.061  -45.092 0.2857142985
109061  -20.942  24.113  -47.661 0.2857142985
111356  -21.432  26.773  -45.975 0.2857142985
93158  -30.533  5.233  -52.104 0.8571428657
112784  -20.315  29.722  -45.239 0.1428571492
112796  -20.666  28.846  -45.574 0.2857142985
113548  -20.900  30.284  -44.017 0.1428571492
112068  -19.534  28.320  -47.872 0.2857142985
112785  -21.009  29.193  -44.501 0.1428571492
112047  -21.860  28.090  -44.685 0.1428571492
111367  -19.430  27.159  -47.857 0.2857142985
108328  -20.864  22.749  -51.394 0.2857142985
109874  -20.190  24.568  -49.123 0.2857142985
109076  -20.093  23.243  -50.267 0.2857142985
107533  -20.468  22.393  -49.928 0.2857142985
108335  -21.240  22.455  -51.974 0.2857142985
107548  -21.393  21.558  -51.770 0.2857142985
109854  -20.012  24.934  -47.656 0.2857142985
109864  -19.767  24.566  -48.405 0.2857142985
134315  -23.051  20.403  -53.712 0.2857142985
134080  -22.545  22.158  -54.124 0.1428571492
141546  -22.999  21.852  -54.791 0.1428571492
108302  -20.166  23.163  -49.458 0.2857142985
134081  -23.661  22.271  -55.207 0.1428571492
107554  -21.943  22.624  -53.527 0.1428571492
161621  -22.678  19.700  -57.740 0.1428571492
134437  -23.007  19.083  -54.505 0.5714285970
134070  -22.289  19.571  -55.517 0.4285714328
105954  -25.700  19.269  -58.042 0.1428571492
104203  -25.648  17.986  -57.848 0.1428571492
136014  -21.926  20.151  -56.340 0.2857142985
153838  -21.855  20.516  -57.683 0.2857142985
105938  -20.909  19.659  -56.482 0.4285714328
105937  -20.556  19.108  -56.507 0.5714285970
104186  -21.990  17.887  -55.467 0.7142857313
158257  -25.142  16.678  -57.099 0.4285714328
104201  -23.234  17.910  -57.097 0.5714285970
156207  -27.161  15.852  -56.505 0.5714285970
103302  -25.739  16.371  -56.895 0.7142857313
103301  -24.698  16.165  -56.619 0.7142857313
103307  -22.794  16.962  -56.662 0.7142857313
103293  -29.004  16.189  -55.230 0.5714285970
104170  -28.813  16.870  -53.691 0.4285714328
101402  -26.926  14.697  -56.664 0.8571428657
150752  -27.510  9.103  -50.825 0.5714285970
97675  -27.483  10.462  -51.020 0.5714285970
145914  -27.517  12.262  -50.161 0.4285714328
96831  -26.905  9.838  -49.819 0.4285714328
148500  -28.080  13.997  -53.618 0.8571428657
101378  -28.485  14.325  -54.507 0.8571428657
103264  -28.808  16.204  -53.434 0.4285714328
102283  -28.706  16.098  -50.036 0.5714285970
102337  -28.275  15.449  -55.536 0.8571428657
151510  -28.536  15.501  -52.686 0.7142857313
92165  -27.816  3.824  -48.844 0.4285714328
91178  -29.393  3.772  -50.511 0.7142857313
92190  -29.068  4.585  -51.051 0.7142857313
92199  -29.435  4.888  -52.150 0.7142857313
93148  -27.859  5.687  -49.566 0.4285714328
93156  -28.068  5.906  -50.583 0.5714285970
94120  -28.325  7.006  -51.378 0.5714285970
94103  -27.616  6.405  -48.902 0.4285714328
94099  -27.494  6.158  -47.945 0.2857142985
94128  -29.386  6.394  -52.947 0.7142857313
95040  -29.978  7.334  -52.513 0.8571428657
141158  -30.434  13.956  -49.187 0.5714285970
101343  -29.702  14.479  -49.637 0.7142857313
89098  -28.789  1.287  -47.916 0.5714285970
89097  -28.008  1.739  -47.286 0.5714285970
150357  -31.470  10.046  -46.573 0.4285714328
99422  -31.350  12.493  -46.273 0.2857142985
89051  -31.742  0.836  -43.393 0.2857142985
135529  -31.704  2.598  -44.012 0.4285714328
94086  -31.210  6.235  -45.684 0.4285714328
95003  -32.439  7.332  -44.188 0.4285714328
95910  -31.710  8.640  -45.773 0.4285714328
92122  -31.588  4.187  -44.337 0.4285714328
81843  -30.487  -6.714  -46.912 0.2857142985
82847  -32.075  -6.070  -47.254 0.2857142985
87209  -31.738  -0.753  -43.364 0.2857142985
86351  -31.655  -1.560  -43.832 0.2857142985
161096  -32.119  1.592  -43.049 0.2857142985
86358  -31.567  -1.720  -44.871 0.2857142985
85521  -31.538  -2.459  -44.297 0.2857142985
92111  -32.021  4.374  -43.659 0.4285714328
79797  -26.919  -8.404  -42.767 0.1428571492
80826  -27.615  -7.808  -43.085 0.1428571492
80851  -30.065  -7.292  -44.629 0.2857142985
80863  -32.149  -7.176  -46.795 0.2857142985
80864  -32.910  -7.016  -46.697 0.2857142985
140336  -22.711  -14.947  -39.307 0.1428571492
74342  -21.873  -14.970  -39.811 0.1428571492
74343  -23.471  -14.526  -39.322 0.1428571492
143457  -31.782  10.031  -45.860 0.2857142985
112022  -22.484  28.702  -42.791 0.1428571492
74356  -23.125  -13.871  -39.914 0.1428571492
76186  -24.577  -12.190  -40.289 0.1428571492
112023  -22.658  27.872  -42.563 0.1428571492
103251  -23.977  16.854  -51.768 0.5714285970
102322  -24.174  15.149  -53.417 0.4285714328
148304  -24.574  16.081  -51.840 0.4285714328
103270  -24.198  15.987  -53.955 0.5714285970
145315  -24.404  14.570  -53.252 0.4285714328
102321  -23.579  15.058  -53.936 0.5714285970
103280  -24.765  17.038  -54.231 0.4285714328
100443  -24.358  13.360  -53.886 0.4285714328
161408  -25.199  14.605  -51.987 0.4285714328
101375  -24.326  13.978  -53.402 0.5714285970
101382  -23.409  14.354  -54.307 0.5714285970
100441  -23.403  14.539  -54.002 0.5714285970
99458  -27.381  13.337  -50.784 0.5714285970
151004  -33.604  0.729  -40.766 0.1428571492
90037  -32.967  2.483  -41.959 0.1428571492
91060  -32.899  3.498  -41.784 0.1428571492
145153  -22.948  -5.869  -43.685 0.2857142985
88095  -32.508  0.050  -42.298 0.1428571492
87175  -34.304  -0.711  -39.488 0.1428571492
88057  -33.768  0.028  -40.384 0.1428571492
88044  -34.399  0.013  -39.044 0.1428571492
88043  -34.005  0.865  -40.011 0.1428571492
159915  -34.346  0.775  -38.446 0.1428571492
81809  -22.412  -6.428  -43.461 0.2857142985
84632  -32.654  -3.175  -41.561 0.1428571492
85493  -33.613  -2.327  -40.730 0.1428571492
86328  -32.779  -1.500  -41.595 0.1428571492
86316  -33.893  -1.560  -40.437 0.1428571492
86294  -34.540  -1.355  -38.338 0.1428571492
86317  -34.293  -1.516  -39.881 0.1428571492
87122  -36.279  -0.599  -35.866 0.1428571492
87151  -34.733  -0.686  -36.812 0.1428571492
88020  -35.177  0.735  -36.733 0.1428571492
80833  -21.829  -7.239  -43.247 0.2857142985
81801  -20.944  -6.853  -42.664 0.2857142985
81810  -33.160  -6.485  -44.924 0.1428571492
82803  -32.998  -5.572  -42.846 0.1428571492
83755  -32.571  -4.672  -42.730 0.1428571492
82802  -32.644  -5.558  -43.999 0.1428571492
148260  -32.415  -3.805  -42.249 0.1428571492
84621  -34.074  -3.316  -40.107 0.1428571492
83748  -33.413  -4.421  -41.129 0.1428571492
84590  -34.322  -3.634  -38.931 0.1428571492
84620  -33.679  -3.217  -40.553 0.1428571492
84577  -34.401  -3.397  -38.137 0.1428571492
84559  -35.128  -3.502  -36.255 0.1428571492
150099  -35.863  -1.991  -35.724 0.1428571492
85451  -35.161  -1.523  -36.401 0.1428571492
79808  -21.823  -8.203  -43.140 0.2857142985
79796  -21.150  -8.414  -42.557 0.2857142985
79795  -20.319  -8.686  -41.995 0.2857142985
80840  -34.093  -7.676  -44.711 0.1428571492
81811  -33.457  -6.928  -44.146 0.1428571492
81802  -33.393  -6.427  -42.818 0.1428571492
83735  -33.981  -4.767  -39.870 0.1428571492
82793  -33.542  -5.371  -41.411 0.1428571492
82742  -34.406  -5.207  -38.336 0.1428571492
161854  -34.683  -2.908  -36.799 0.1428571492
83688  -34.482  -4.228  -38.013 0.1428571492
87099  -36.992  -1.058  -35.952 0.1428571492
151018  -36.413  -1.922  -35.648 0.1428571492
142058  -31.848  -7.601  -45.754 0.1428571492
137321  -33.522  -8.089  -46.121 0.1428571492
79824  -33.034  -8.511  -45.999 0.1428571492
80841  -34.378  -8.072  -43.841 0.1428571492
79815  -34.393  -8.392  -44.865 0.1428571492
80801  -34.569  -7.106  -39.933 0.1428571492
80828  -33.787  -7.363  -43.334 0.1428571492
81766  -34.453  -6.287  -39.648 0.1428571492
81794  -34.132  -6.779  -41.259 0.1428571492
81746  -34.443  -6.220  -38.612 0.1428571492
84560  -35.833  -3.892  -35.547 0.1428571492
82728  -34.534  -4.980  -37.312 0.1428571492
84541  -36.598  -3.438  -35.534 0.1428571492
158302  -32.233  -8.952  -45.193 0.1428571492
77934  -34.217  -10.187  -44.269 0.1428571492
78861  -34.139  -9.655  -45.071 0.1428571492
159378  -33.121  -9.133  -45.791 0.1428571492
79800  -34.472  -8.640  -43.135 0.1428571492
78848  -34.483  -9.603  -44.290 0.1428571492
79826  -34.196  -8.899  -45.539 0.1428571492
154296  -34.589  -8.331  -39.301 0.1428571492
137857  -34.532  -8.956  -40.804 0.1428571492
80778  -34.492  -7.193  -38.467 0.1428571492
80766  -34.499  -7.668  -37.480 0.1428571492
135534  -34.544  -6.881  -39.213 0.1428571492
83667  -35.320  -4.409  -36.081 0.1428571492
77048  -32.974  -11.621  -44.611 0.1428571492
146960  -33.262  -10.193  -45.348 0.1428571492
77039  -34.258  -10.931  -42.293 0.1428571492
77038  -33.756  -11.379  -43.047 0.1428571492
78804  -34.597  -8.947  -39.755 0.1428571492
142760  -34.462  -9.934  -41.032 0.1428571492
81733  -34.615  -6.337  -36.729 0.1428571492
79743  -34.533  -8.070  -38.510 0.1428571492
77924  -34.536  -10.236  -42.766 0.1428571492
80820  -34.241  -7.639  -41.599 0.1428571492
82794  -33.948  -5.930  -40.928 0.1428571492
83768  -32.236  -4.674  -43.691 0.1428571492
84542  -37.354  -3.111  -35.718 0.1428571492
87123  -37.655  -0.703  -36.296 0.1428571492
85432  -35.827  -2.967  -35.664 0.1428571492
145847  -34.469  -1.947  -38.778 0.1428571492
159444  -34.530  -2.182  -36.930 0.1428571492
88075  -33.034  0.008  -41.689 0.1428571492
90027  -33.568  2.494  -40.520 0.1428571492
78826  -21.155  -9.250  -42.525 0.2857142985
81734  -35.329  -5.986  -36.039 0.1428571492
82711  -36.033  -5.549  -35.580 0.1428571492
85433  -37.739  -2.380  -35.953 0.1428571492
87124  -38.182  -0.306  -36.553 0.1428571492
100428  -25.983  13.261  -52.179 0.4285714328
141619  -37.098  0.951  -36.226 0.1428571492
87121  -35.457  -0.659  -36.217 0.1428571492
88002  -36.682  0.224  -36.059 0.1428571492
148236  -34.594  0.829  -37.484 0.1428571492
146038  -36.195  0.930  -36.345 0.1428571492
91048  -33.102  3.858  -41.016 0.1428571492
93095  -32.688  5.096  -42.219 0.1428571492
104146  -23.807  17.195  -51.098 0.4285714328
105038  -23.237  18.419  -50.365 0.4285714328
109913  -22.333  24.391  -53.473 0.1428571492
104159  -23.857  17.348  -52.561 0.4285714328
142108  -21.819  -9.082  -42.995 0.2857142985
109098  -22.234  23.478  -51.812 0.1428571492
89024  -33.331  1.256  -41.238 0.1428571492
146391  -32.042  -8.193  -45.380 0.1428571492
80852  -31.020  -7.731  -44.734 0.1428571492
80854  -33.428  -7.515  -46.206 0.1428571492
85503  -32.419  -2.294  -41.925 0.1428571492
94067  -32.561  6.558  -43.025 0.1428571492
94990  -32.541  7.229  -43.411 0.1428571492
87198  -33.144  -0.743  -41.341 0.1428571492
88076  -33.407  -0.017  -41.052 0.1428571492
90038  -33.282  2.072  -41.156 0.1428571492
87185  -34.029  -0.747  -40.117 0.1428571492
158614  -34.207  0.599  -39.334 0.1428571492
87166  -34.484  -0.684  -38.720 0.1428571492
140991  -34.406  -2.183  -39.477 0.1428571492
87184  -33.590  -0.756  -40.714 0.1428571492
144033  -34.489  -0.002  -38.220 0.1428571492
157871  -33.877  2.146  -40.040 0.1428571492
89999  -33.596  3.061  -38.976 0.1428571492
160466  -34.490  0.434  -37.868 0.1428571492
83747  -32.861  -4.118  -41.723 0.1428571492
154324  -33.212  -2.929  -40.964 0.1428571492
85504  -33.012  -2.286  -41.272 0.1428571492
150398  -34.174  -2.458  -40.175 0.1428571492
86275  -34.552  -1.399  -37.327 0.1428571492
150594  -34.457  -2.809  -37.614 0.1428571492
85483  -34.308  -3.036  -39.621 0.1428571492
147367  -35.069  -0.069  -36.584 0.1428571492
81825  -33.664  -7.308  -45.531 0.1428571492
83756  -33.154  -4.957  -41.981 0.1428571492
82779  -33.725  -5.040  -40.612 0.1428571492
84609  -34.112  -3.879  -39.700 0.1428571492
85469  -34.358  -2.729  -38.686 0.1428571492
83720  -34.277  -4.525  -39.067 0.1428571492
84578  -34.585  -3.531  -37.250 0.1428571492
81793  -33.622  -6.236  -41.740 0.1428571492
80829  -34.156  -7.897  -42.625 0.1428571492
82759  -34.303  -5.435  -39.309 0.1428571492
82780  -34.156  -5.645  -40.154 0.1428571492
81747  -34.448  -5.827  -37.552 0.1428571492
161728  -34.870  -4.867  -36.529 0.1428571492
79814  -31.032  -8.632  -44.364 0.1428571492
78859  -32.626  -9.832  -45.411 0.1428571492
77935  -34.596  -9.916  -43.538 0.1428571492
78860  -33.593  -9.494  -45.645 0.1428571492
80814  -34.472  -7.349  -40.740 0.1428571492
135056  -34.607  -8.046  -40.134 0.1428571492
79777  -34.502  -8.100  -41.033 0.1428571492
77923  -34.255  -10.616  -43.354 0.1428571492
79786  -34.451  -8.573  -41.914 0.1428571492
78785  -34.553  -9.004  -38.745 0.1428571492
81732  -34.454  -6.716  -37.626 0.1428571492
79716  -34.771  -8.352  -36.819 0.1428571492
78822  -34.497  -9.399  -41.657 0.1428571492
150455  -34.438  -10.117  -41.942 0.1428571492
162173  -19.230  -15.283  -40.462 0.1428571492
74353  -19.925  -14.564  -40.921 0.1428571492
74352  -18.894  -14.113  -40.592 0.1428571492
73486  -19.319  -14.687  -40.635 0.1428571492
74368  -19.492  -13.899  -41.197 0.1428571492
149580  -19.920  -13.486  -41.963 0.1428571492
76205  -20.491  -12.662  -42.346 0.1428571492
77018  -19.631  -11.601  -41.511 0.1428571492
77906  -19.985  -10.598  -41.697 0.1428571492
77019  -20.372  -11.723  -41.898 0.1428571492
161707  -21.241  -10.562  -42.488 0.1428571492
77017  -18.994  -11.472  -41.145 0.1428571492
77905  -19.229  -9.865  -41.582 0.1428571492
78818  -19.729  -9.408  -41.753 0.1428571492
138875  -20.693  -9.941  -42.244 0.1428571492
79785  -19.427  -8.417  -41.462 0.1428571492
80818  -19.296  -7.556  -41.129 0.1428571492
140365  -20.178  -6.540  -42.118 0.1428571492
80824  -20.457  -7.575  -42.164 0.1428571492
81800  -20.637  -5.969  -42.620 0.2857142985
81808  -21.540  -6.187  -43.023 0.1428571492
82811  -22.275  -5.389  -43.354 0.1428571492
82812  -23.205  -5.102  -43.778 0.1428571492
82810  -21.229  -5.307  -42.959 0.2857142985
83777  -24.131  -4.121  -44.272 0.2857142985
86364  -25.629  -0.570  -45.030 0.4285714328
87250  -27.235  -0.465  -45.944 0.4285714328
88138  -27.470  0.160  -46.191 0.4285714328
99451  -27.334  12.234  -49.402 0.2857142985
100406  -26.633  13.515  -49.388 0.2857142985
100429  -26.914  13.098  -51.776 0.2857142985
102269  -25.460  16.206  -49.257 0.2857142985
103242  -24.581  16.350  -50.425 0.2857142985
103252  -24.300  16.537  -51.080 0.2857142985
104135  -24.227  17.207  -50.351 0.4285714328
80825  -21.247  -7.662  -42.738 0.1428571492
148949  -19.940  -5.767  -42.193 0.1428571492
83766  -23.489  -4.257  -43.973 0.1428571492
75328  -19.386  -13.186  -41.553 0.1428571492
146691  -19.144  -10.628  -41.371 0.1428571492
78817  -18.937  -9.038  -41.446 0.1428571492
80823  -19.745  -7.050  -41.554 0.1428571492
81799  -19.573  -6.229  -41.661 0.1428571492
83763  -20.904  -4.511  -42.920 0.2857142985
83765  -22.684  -4.406  -43.631 0.2857142985
83764  -21.803  -4.520  -43.219 0.2857142985
140631  -22.170  -3.686  -43.566 0.2857142985
84653  -23.016  -3.573  -43.890 0.2857142985
160838  -24.264  -3.435  -44.358 0.2857142985
85530  -25.093  -1.990  -44.699 0.4285714328
86356  -25.483  -1.311  -44.974 0.4285714328
87239  -25.164  -0.013  -44.738 0.2857142985
97667  -27.069  10.533  -49.449 0.2857142985
99442  -27.265  12.140  -48.620 0.2857142985
99450  -27.261  13.078  -49.906 0.2857142985
101349  -26.446  13.782  -50.114 0.2857142985
101369  -25.273  13.868  -52.800 0.2857142985
102282  -25.511  15.338  -49.604 0.2857142985
154341  -25.890  15.578  -48.998 0.2857142985
102294  -24.860  15.685  -51.026 0.2857142985
148379  -23.720  -3.483  -44.168 0.2857142985
98523  -27.301  11.347  -49.038 0.2857142985
99441  -26.891  12.866  -49.032 0.2857142985
98513  -27.460  11.395  -48.185 0.2857142985
100397  -26.550  13.576  -48.617 0.2857142985
101341  -26.032  14.911  -49.105 0.2857142985
140806  -25.640  14.235  -50.748 0.2857142985
101325  -26.239  15.274  -48.297 0.2857142985
101368  -24.972  14.483  -52.647 0.2857142985
100384  -26.657  13.368  -47.870 0.2857142985
138972  -26.780  13.764  -47.124 0.2857142985
101326  -26.340  14.417  -48.488 0.2857142985
86365  -26.122  -1.108  -45.425 0.4285714328
141675  -26.920  -1.087  -45.815 0.4285714328
77916  -20.870  -10.990  -42.158 0.1428571492
84663  -24.767  -2.886  -44.500 0.4285714328
76196  -19.806  -12.965  -42.144 0.1428571492
102305  -25.009  15.230  -52.055 0.2857142985
102306  -25.197  14.770  -51.342 0.2857142985
79794  -19.844  -7.848  -41.561 0.1428571492
75327  -18.977  -12.846  -41.133 0.1428571492
76195  -19.345  -12.458  -41.502 0.1428571492
78816  -18.385  -8.841  -41.039 0.1428571492
82809  -20.311  -5.239  -42.711 0.2857142985
141925  -25.030  -0.648  -44.721 0.4285714328
102281  -24.910  15.794  -50.013 0.2857142985
85529  -24.369  -2.004  -44.525 0.4285714328
89074  -26.112  1.192  -45.208 0.2857142985
88126  -26.088  0.456  -45.139 0.2857142985
158337  -27.264  2.080  -46.686 0.2857142985
111369  -23.646  27.405  -47.812 0.1428571492
111380  -24.123  26.502  -47.833 0.1428571492
110661  -22.625  25.595  -49.194 0.1428571492
109884  -22.361  24.378  -49.849 0.1428571492
109090  -22.334  23.482  -50.884 0.1428571492
112071  -24.150  27.715  -46.975 0.1428571492
110666  -21.655  24.935  -49.585 0.1428571492
112078  -19.394  27.815  -48.388 0.1428571492
113562  -21.427  30.761  -46.969 0.1428571492
89083  -26.742  1.591  -45.880 0.2857142985
109099  -23.391  23.717  -51.534 0.1428571492
110662  -24.010  25.363  -48.665 0.1428571492
144255  -21.462  23.198  -51.437 0.1428571492
109078  -22.819  23.918  -50.245 0.1428571492
109089  -20.729  23.189  -50.889 0.1428571492
111386  -20.275  26.427  -49.003 0.1428571492
109077  -21.184  23.762  -50.229 0.1428571492
112819  -21.129  28.875  -48.458 0.1428571492
113569  -21.777  30.050  -47.373 0.1428571492
112079  -20.243  28.189  -48.900 0.1428571492
112806  -20.042  29.094  -47.574 0.1428571492
113561  -20.401  30.259  -46.025 0.1428571492
112818  -19.804  28.774  -48.304 0.1428571492
109883  -20.968  24.324  -49.745 0.1428571492
110660  -20.871  25.583  -49.313 0.1428571492
88127  -26.810  0.101  -45.582 0.2857142985
111379  -22.871  26.904  -48.426 0.1428571492
112809  -23.677  28.621  -46.843 0.1428571492
110650  -23.483  26.100  -48.508 0.1428571492
111387  -21.945  26.356  -49.093 0.1428571492
112080  -22.121  27.851  -48.482 0.1428571492
112798  -24.125  28.796  -45.844 0.1428571492
111378  -21.190  27.219  -49.020 0.1428571492
109885  -23.906  24.336  -49.867 0.1428571492
156294  -27.359  11.660  -46.123 0.1428571492
99431  -27.214  12.162  -47.760 0.1428571492
99430  -26.859  12.811  -48.232 0.1428571492
101315  -26.563  14.668  -47.604 0.1428571492
101279  -26.541  14.699  -43.699 0.1428571492
145934  -26.439  15.986  -45.298 0.1428571492
97660  -27.332  10.588  -48.597 0.1428571492
159038  -26.551  15.345  -47.039 0.1428571492
103195  -26.385  16.249  -43.279 0.1428571492
104107  -26.063  17.132  -46.036 0.1428571492
104094  -26.419  17.482  -44.627 0.2857142985
93134  -27.311  5.131  -47.856 0.1428571492
140938  -27.161  8.492  -47.528 0.1428571492
97651  -27.498  10.709  -47.675 0.1428571492
99417  -27.343  12.486  -45.967 0.1428571492
153316  -26.009  16.105  -48.502 0.1428571492
104120  -25.567  17.386  -48.290 0.1428571492
104106  -26.137  17.612  -46.750 0.1428571492
104100  -25.963  17.985  -45.988 0.2857142985
104996  -24.954  18.883  -47.219 0.2857142985
107465  -24.995  21.780  -43.701 0.2857142985
107462  -24.886  21.485  -42.675 0.2857142985
108259  -24.701  22.425  -44.025 0.2857142985
111331  -22.979  26.553  -43.344 0.1428571492
109806  -21.240  25.980  -40.211 0.1428571492
105004  -25.765  18.216  -46.965 0.2857142985
144340  -24.344  18.570  -48.215 0.2857142985
163121  -23.143  19.065  -49.294 0.2857142985
105853  -24.590  19.752  -46.982 0.2857142985
106668  -25.588  20.426  -44.289 0.2857142985
107509  -23.907  21.108  -47.285 0.2857142985
106667  -24.972  21.018  -44.913 0.2857142985
107469  -25.294  21.180  -43.925 0.2857142985
107477  -24.386  21.765  -45.542 0.2857142985
109834  -24.210  24.390  -43.077 0.1428571492
108246  -22.929  22.629  -41.816 0.2857142985
139662  -23.266  26.437  -41.916 0.1428571492
111301  -23.338  26.765  -40.360 0.1428571492
106656  -24.918  20.847  -42.349 0.1428571492
105821  -24.563  20.139  -42.108 0.1428571492
104087  -26.503  17.573  -43.819 0.2857142985
107461  -24.352  21.698  -42.321 0.2857142985
109030  -23.980  23.634  -42.008 0.1428571492
108247  -23.979  22.713  -41.971 0.2857142985
109021  -22.324  24.367  -41.848 0.1428571492
109020  -21.568  24.203  -41.591 0.1428571492
103194  -25.894  16.903  -42.717 0.2857142985
108244  -20.599  22.643  -41.323 0.1428571492
146148  -20.727  25.262  -38.816 0.1428571492
108233  -19.773  24.127  -40.263 0.1428571492
103189  -20.494  16.583  -44.522 0.1428571492
103226  -28.726  16.934  -48.903 0.1428571492
146865  -31.377  12.998  -45.754 0.1428571492
161935  -27.331  10.294  -46.293 0.1428571492
103217  -29.605  16.556  -47.759 0.1428571492
149216  -27.318  10.863  -45.837 0.1428571492
99412  -26.933  12.282  -44.027 0.1428571492
100357  -27.138  13.090  -44.489 0.1428571492
100376  -27.115  13.882  -46.032 0.1428571492
102257  -26.460  16.012  -46.744 0.1428571492
146815  -25.744  15.994  -42.593 0.1428571492
145378  -26.144  16.822  -47.963 0.1428571492
151427  -26.326  17.042  -43.415 0.2857142985
104997  -25.567  18.810  -46.301 0.1428571492
153468  -26.277  19.047  -44.241 0.1428571492
105847  -25.419  19.462  -45.700 0.2857142985
149684  -25.839  20.102  -42.814 0.1428571492
106675  -25.141  20.193  -45.264 0.1428571492
108240  -20.329  23.703  -40.965 0.1428571492
108245  -21.842  22.588  -41.576 0.2857142985
108241  -21.181  23.487  -41.484 0.1428571492
109019  -20.947  24.349  -40.980 0.1428571492
109827  -23.854  24.611  -42.494 0.1428571492
109797  -20.432  25.792  -39.733 0.1428571492
101308  -30.668  14.754  -47.258 0.1428571492
102271  -30.262  15.230  -48.053 0.1428571492
102265  -30.445  15.641  -47.269 0.1428571492
106714  -23.643  19.931  -48.179 0.2857142985
107492  -24.152  21.381  -46.490 0.2857142985
109819  -23.324  24.985  -42.111 0.1428571492
138533  -22.271  25.667  -40.665 0.1428571492
107468  -24.798  21.775  -44.501 0.2857142985
135700  -24.472  23.036  -42.717 0.2857142985
109034  -24.437  23.681  -43.088 0.2857142985
109811  -21.613  25.074  -41.054 0.1428571492
111306  -23.488  26.964  -41.204 0.1428571492
104134  -23.560  17.833  -50.722 0.2857142985
155351  -27.322  7.617  -47.605 0.1428571492
161737  -27.422  6.857  -47.543 0.1428571492
152354  -23.169  18.766  -49.742 0.2857142985
96825  -27.125  9.857  -48.949 0.1428571492
153567  -31.392  12.295  -45.444 0.1428571492
104127  -23.875  18.143  -49.841 0.2857142985
103224  -25.746  16.758  -48.667 0.1428571492
103232  -24.766  16.666  -49.740 0.1428571492
104128  -24.538  17.523  -49.430 0.1428571492
98502  -27.429  11.503  -47.235 0.1428571492
100377  -27.128  13.076  -46.464 0.1428571492
100367  -27.116  13.873  -45.014 0.1428571492
99413  -27.352  12.231  -45.061 0.1428571492
98489  -27.300  11.414  -45.280 0.1428571492
101299  -26.807  14.609  -45.513 0.1428571492
102246  -26.540  15.259  -44.770 0.1428571492
149238  -26.444  16.092  -44.413 0.1428571492
103210  -26.315  16.364  -46.039 0.1428571492
96816  -27.173  9.910  -48.027 0.1428571492
103201  -26.469  16.858  -44.121 0.1428571492
103216  -26.375  16.850  -46.988 0.1428571492
96808  -27.168  9.305  -47.288 0.1428571492
104984  -26.462  18.266  -44.268 0.2857142985
105025  -24.250  18.166  -49.017 0.2857142985
104119  -24.804  17.782  -48.593 0.2857142985
108251  -24.775  22.207  -43.106 0.2857142985
106654  -24.075  20.962  -42.147 0.1428571492
108250  -24.447  22.375  -42.460 0.2857142985
109798  -21.347  25.725  -39.408 0.1428571492
105866  -24.203  19.409  -47.728 0.2857142985
105024  -23.634  18.753  -49.023 0.2857142985
106703  -24.071  20.255  -47.483 0.2857142985
106660  -25.691  20.594  -43.302 0.1428571492
106674  -24.661  20.821  -45.870 0.2857142985
112007  -23.530  27.773  -41.286 0.1428571492
109029  -23.207  23.531  -41.933 0.2857142985
104983  -26.091  18.762  -45.209 0.1428571492
105839  -25.864  19.619  -44.715 0.2857142985
109805  -20.665  25.327  -40.330 0.1428571492
83753  -19.538  -4.582  -42.208 0.1428571492
147641  -21.425  -3.832  -43.172 0.1428571492
84652  -21.533  -2.934  -43.445 0.1428571492
84638  -19.378  -3.000  -42.480 0.1428571492
86347  -20.136  -1.425  -42.920 0.1428571492
147432  -20.600  -0.645  -43.239 0.1428571492
85519  -21.234  -1.984  -43.403 0.1428571492
87219  -21.194  -0.470  -43.621 0.1428571492
86349  -21.779  -1.019  -43.611 0.1428571492
85527  -22.912  -2.060  -44.195 0.1428571492
147450  -22.002  0.060  -44.164 0.1428571492
87230  -23.086  -0.676  -44.609 0.1428571492
86354  -23.913  -1.203  -44.605 0.1428571492
143748  -23.276  -0.029  -44.782 0.1428571492
147199  -24.425  -0.713  -44.679 0.1428571492
88113  -20.904  0.484  -43.767 0.1428571492
88115  -22.350  0.508  -44.534 0.1428571492
88118  -24.651  0.530  -44.694 0.1428571492
90085  -25.285  1.537  -44.893 0.1428571492
90094  -26.613  2.424  -46.084 0.1428571492
91141  -27.379  3.169  -47.667 0.1428571492
104081  -25.655  17.712  -42.659 0.1428571492
85520  -22.103  -1.998  -43.778 0.1428571492
84662  -24.013  -2.765  -44.370 0.1428571492
83752  -19.087  -4.640  -41.732 0.1428571492
84637  -18.851  -3.167  -42.004 0.1428571492
85518  -20.442  -2.085  -43.088 0.1428571492
107458  -22.577  21.760  -41.673 0.1428571492
92155  -27.330  3.857  -48.048 0.1428571492
87240  -25.697  0.017  -44.965 0.1428571492
84651  -20.646  -3.572  -42.941 0.1428571492
83754  -20.077  -4.526  -42.703 0.1428571492
150571  -22.532  -2.836  -43.834 0.1428571492
85528  -23.645  -2.034  -44.410 0.1428571492
89073  -25.516  0.940  -44.892 0.1428571492
84639  -19.798  -3.742  -42.587 0.1428571492
140296  -20.753  -2.669  -43.145 0.1428571492
84650  -20.043  -2.876  -42.906 0.1428571492
151342  -19.246  -1.458  -42.390 0.1428571492
86348  -20.925  -1.260  -43.287 0.1428571492
154903  -21.709  -0.290  -43.869 0.1428571492
86350  -22.569  -1.253  -44.179 0.1428571492
143899  -22.653  -0.023  -44.590 0.1428571492
88114  -21.625  0.481  -44.110 0.1428571492
162117  -23.234  -1.433  -44.454 0.1428571492
88117  -23.851  0.416  -44.772 0.1428571492
88105  -20.280  0.521  -43.338 0.1428571492
83740  -18.596  -4.575  -41.376 0.1428571492
73488  -20.132  -15.313  -40.489 0.1428571492
73489  -20.895  -15.186  -40.189 0.2857142985
74355  -22.041  -14.278  -40.360 0.2857142985
75338  -21.880  -13.233  -42.344 0.4285714328
77032  -21.944  -12.012  -42.889 0.2857142985
77045  -23.046  -11.117  -43.441 0.4285714328
77049  -33.618  -10.965  -44.175 0.1428571492
77918  -23.663  -10.770  -43.236 0.4285714328
77943  -33.698  -10.291  -44.961 0.1428571492
78811  -34.489  -9.763  -40.119 0.1428571492
78827  -24.775  -9.700  -43.256 0.4285714328
78833  -34.570  -9.450  -42.666 0.1428571492
78849  -34.639  -9.221  -43.762 0.1428571492
79816  -34.591  -8.655  -44.102 0.1428571492
79823  -25.934  -8.023  -44.889 0.1428571492
79825  -33.687  -8.711  -46.017 0.1428571492
79827  -34.496  -9.059  -44.673 0.1428571492
80819  -33.726  -7.107  -42.156 0.1428571492
80835  -23.171  -8.169  -43.910 0.4285714328
80836  -26.602  -7.735  -44.753 0.1428571492
80837  -28.375  -7.549  -43.431 0.1428571492
80855  -34.030  -8.077  -45.801 0.1428571492
80862  -26.262  -7.537  -45.256 0.2857142985
81785  -34.354  -6.504  -40.460 0.1428571492
81822  -30.044  -6.814  -45.728 0.2857142985
81824  -33.257  -6.841  -46.210 0.1428571492
81841  -28.228  -6.332  -45.740 0.4285714328
82710  -35.374  -5.179  -36.023 0.1428571492
82729  -34.731  -5.512  -36.626 0.1428571492
82813  -33.047  -6.204  -43.692 0.1428571492
82842  -26.088  -6.535  -45.394 0.4285714328
82846  -30.991  -6.273  -47.283 0.2857142985
83668  -35.933  -4.734  -35.532 0.1428571492
83689  -34.695  -4.254  -36.848 0.1428571492
83734  -33.726  -4.069  -40.358 0.1428571492
83802  -30.420  -4.945  -47.127 0.2857142985
84633  -33.229  -3.619  -41.072 0.1428571492
84640  -31.665  -3.099  -43.510 0.2857142985
84641  -32.134  -3.092  -42.451 0.2857142985
84661  -23.333  -2.790  -44.144 0.2857142985
84686  -31.682  -3.792  -47.211 0.4285714328
85418  -36.660  -2.513  -35.619 0.1428571492
85450  -34.463  -2.066  -37.959 0.1428571492
85507  -19.006  -2.305  -42.219 0.1428571492
85531  -25.649  -2.007  -45.007 0.4285714328
85551  -30.086  -2.973  -47.155 0.5714285970
85564  -31.406  -1.864  -47.806 0.7142857313
86233  -36.327  -1.423  -35.727 0.1428571492
86234  -36.965  -1.782  -35.734 0.1428571492
86250  -35.777  -1.224  -35.826 0.1428571492
86251  -37.689  -1.482  -36.176 0.1428571492
86307  -34.426  -1.398  -39.168 0.1428571492
86329  -33.370  -1.526  -41.016 0.1428571492
86353  -22.294  -0.480  -44.166 0.1428571492
86355  -24.741  -1.290  -44.671 0.1428571492
87150  -34.591  -0.668  -37.804 0.1428571492
87220  -31.558  -0.820  -44.263 0.2857142985
87228  -20.783  -0.016  -43.626 0.1428571492
87229  -21.346  0.043  -43.892 0.1428571492
87231  -23.841  -0.374  -44.733 0.1428571492
87232  -24.507  -0.107  -44.693 0.2857142985
87241  -26.320  -0.389  -45.389 0.4285714328
87251  -28.041  -0.433  -46.707 0.4285714328
87259  -29.831  -0.085  -48.182 0.7142857313
87267  -30.719  0.004  -48.504 0.5714285970
87987  -37.060  -0.378  -36.014 0.1428571492
88001  -35.774  0.126  -36.208 0.1428571492
88003  -37.573  0.164  -36.264 0.1428571492
88019  -34.586  0.095  -37.278 0.1428571492
88058  -34.121  0.022  -39.739 0.1428571492
88116  -23.052  0.512  -44.833 0.1428571492
88125  -25.324  0.520  -44.794 0.1428571492
88147  -29.464  0.685  -48.126 0.4285714328
88148  -31.388  0.544  -48.159 0.7142857313
88160  -31.110  0.512  -48.676 0.7142857313
88956  -35.636  1.632  -36.562 0.1428571492
88987  -34.019  1.693  -38.328 0.1428571492
88997  -33.983  1.620  -39.861 0.1428571492
89010  -33.706  1.607  -40.515 0.1428571492
89023  -33.017  1.665  -41.692 0.1428571492
89037  -32.259  0.837  -42.621 0.1428571492
89075  -26.942  0.788  -45.757 0.5714285970
89076  -31.466  1.188  -45.184 0.5714285970
89084  -27.536  1.330  -46.469 0.2857142985
89113  -30.982  1.231  -49.032 0.8571428657
89114  -31.203  1.244  -48.864 0.7142857313
89124  -30.658  1.981  -49.551 0.5714285970
90048  -31.997  2.231  -43.376 0.2857142985
90095  -27.049  2.834  -46.956 0.2857142985
90135  -30.238  2.487  -50.232 0.7142857313
91061  -33.264  2.958  -41.156 0.1428571492
91070  -32.557  3.195  -42.558 0.2857142985
91157  -31.555  2.796  -49.200 0.7142857313
91168  -29.815  2.954  -50.537 0.5714285970
92166  -28.555  3.856  -49.609 0.7142857313
92192  -30.245  4.534  -51.339 0.7142857313
92200  -30.081  4.933  -52.288 0.8571428657
93100  -32.347  5.179  -43.588 0.4285714328
93111  -31.866  4.958  -44.218 0.4285714328
93120  -31.303  5.470  -45.298 0.4285714328
93126  -27.309  5.153  -46.981 0.1428571492
93142  -30.451  5.376  -49.051 0.7142857313
93149  -28.380  5.093  -50.313 0.5714285970
93165  -29.869  5.119  -52.936 0.7142857313
93166  -30.523  5.402  -52.979 0.8571428657
93174  -30.671  5.950  -53.203 0.8571428657
94078  -32.120  6.699  -44.552 0.4285714328
94113  -27.998  6.821  -50.687 0.5714285970
94121  -28.652  6.648  -52.265 0.5714285970
94129  -30.159  6.415  -53.085 0.8571428657
95002  -32.133  7.377  -44.820 0.4285714328
95009  -32.335  8.015  -44.618 0.4285714328
95012  -30.753  7.172  -46.966 0.5714285970
95013  -31.388  7.886  -46.113 0.4285714328
95035  -27.949  7.675  -50.899 0.5714285970
95038  -28.427  7.578  -51.677 0.5714285970
95043  -29.537  6.975  -52.717 0.8571428657
95922  -31.066  8.675  -47.364 0.4285714328
95940  -28.004  8.393  -51.157 0.5714285970
95942  -29.541  8.213  -52.015 0.8571428657
96802  -27.271  9.510  -46.216 0.1428571492
96803  -31.950  9.362  -45.455 0.4285714328
96837  -30.440  9.448  -50.439 0.8571428657
96840  -27.582  9.635  -51.062 0.5714285970
97641  -31.686  10.705  -45.480 0.2857142985
97653  -31.039  10.285  -47.341 0.4285714328
97672  -27.008  10.524  -50.263 0.4285714328
97677  -29.880  9.933  -51.269 1.0000000000
98503  -31.465  11.539  -46.062 0.2857142985
98515  -31.091  11.135  -46.984 0.4285714328
98533  -27.218  11.347  -49.808 0.4285714328
98534  -31.476  11.743  -49.492 0.8571428657
98548  -29.107  11.592  -51.324 0.8571428657
98556  -26.950  10.853  -55.469 1.0000000000
99421  -27.208  12.289  -46.820 0.1428571492
99452  -31.346  12.517  -49.124 0.7142857313
99460  -30.552  12.481  -50.593 0.8571428657
99468  -28.023  12.265  -51.157 0.8571428657
99469  -28.694  12.307  -51.164 0.8571428657
99477  -26.970  10.789  -55.366 0.8571428657
99478  -27.427  11.418  -55.485 0.8571428657
99479  -27.346  10.670  -55.556 0.8571428657
100368  -27.316  13.128  -45.487 0.1428571492
100369  -31.186  13.686  -45.638 0.1428571492
100385  -26.860  12.877  -47.385 0.2857142985
100408  -30.965  13.246  -49.611 0.7142857313
100416  -26.208  13.519  -51.176 0.2857142985
100419  -30.771  13.112  -50.249 0.7142857313
100432  -29.057  13.024  -50.874 1.0000000000
100442  -23.683  13.959  -53.865 0.5714285970
100446  -28.033  11.800  -53.891 0.8571428657
100462  -27.518  11.398  -55.619 1.0000000000
101307  -26.784  14.636  -46.564 0.1428571492
101328  -30.014  14.795  -48.825 0.5714285970
101342  -26.273  14.169  -49.263 0.2857142985
101351  -29.096  14.558  -50.287 0.7142857313
101359  -25.362  13.971  -51.781 0.2857142985
101360  -28.466  14.421  -51.937 0.7142857313
101374  -23.800  14.445  -53.611 0.4285714328
101376  -24.985  13.510  -53.480 0.7142857313
101403  -27.404  14.679  -56.557 0.7142857313
102251  -26.593  15.474  -46.008 0.1428571492
102263  -26.326  15.960  -47.595 0.1428571492
102264  -30.054  16.059  -47.962 0.1428571492
102295  -25.258  15.046  -50.418 0.2857142985
102316  -24.703  15.140  -52.867 0.4285714328
102329  -29.245  15.573  -54.821 0.7142857313
102347  -27.635  15.235  -56.354 0.7142857313
103193  -24.878  16.408  -42.397 0.2857142985
103207  -26.370  16.758  -45.146 0.1428571492
103223  -25.215  17.095  -49.050 0.1428571492
103225  -28.583  16.938  -49.585 0.2857142985
103234  -28.903  16.386  -49.299 0.4285714328
103263  -24.372  16.427  -52.547 0.5714285970
103271  -24.450  16.754  -53.345 0.5714285970
103279  -23.838  16.757  -54.677 0.4285714328
103281  -28.787  16.796  -55.141 0.5714285970
103308  -23.867  17.162  -57.085 0.5714285970
103310  -25.715  17.275  -57.332 0.4285714328
104086  -26.232  17.619  -43.169 0.1428571492
104101  -26.221  17.450  -45.408 0.2857142985
104114  -25.234  18.080  -47.804 0.2857142985
104115  -26.027  17.568  -47.494 0.1428571492
104177  -28.064  17.499  -54.796 0.1428571492
104178  -29.035  16.918  -54.640 0.4285714328
104195  -20.939  18.586  -56.565 0.5714285970
104204  -26.146  17.871  -57.807 0.1428571492
104990  -26.242  17.976  -45.112 0.2857142985
105051  -23.044  18.375  -51.030 0.5714285970
105074  -23.201  18.295  -54.728 0.7142857313
105080  -21.332  18.165  -55.914 0.7142857313
105082  -22.517  18.779  -55.134 0.7142857313
105092  -26.470  18.587  -57.626 0.1428571492
105097  -21.089  19.394  -57.916 0.4285714328
105846  -24.799  19.995  -46.147 0.2857142985
105854  -25.042  19.378  -46.480 0.2857142985
105878  -23.244  19.564  -48.932 0.2857142985
105879  -23.779  19.214  -48.390 0.2857142985
105912  -22.442  19.822  -51.987 0.7142857313
105945  -20.229  19.636  -57.264 0.4285714328
105946  -20.004  19.956  -57.131 0.4285714328
105951  -20.816  20.168  -58.445 0.2857142985
105952  -21.784  19.915  -58.259 0.2857142985
105953  -22.922  20.119  -57.998 0.1428571492
106657  -25.414  20.706  -42.710 0.1428571492
106687  -24.382  20.549  -46.721 0.2857142985
107459  -23.562  21.784  -41.981 0.1428571492
107542  -20.567  21.974  -50.615 0.2857142985
108274  -23.677  22.206  -46.370 0.5714285970
109009  -20.074  25.114  -39.307 0.1428571492
109012  -19.928  25.156  -39.974 0.1428571492
109028  -22.149  23.473  -41.789 0.2857142985
109032  -24.223  23.807  -42.410 0.1428571492
109047  -23.440  23.462  -45.586 0.7142857313
109103  -21.766  23.722  -53.191 0.2857142985
109820  -23.813  24.247  -42.204 0.1428571492
109875  -23.275  24.941  -49.371 0.1428571492
110582  -23.298  25.678  -42.046 0.2857142985
112087  -19.799  27.328  -48.885 0.1428571492
112758  -22.404  29.228  -43.017 0.1428571492
113554  -20.200  30.425  -45.144 0.1428571492
114273  -21.285  31.330  -46.575 0.1428571492
134035  -27.158  10.870  -55.613 0.8571428657
134036  -26.281  11.559  -54.972 1.0000000000
134072  -22.795  21.313  -53.943 0.2857142985
134085  -23.168  20.454  -57.330 0.1428571492
134278  -27.464  10.893  -55.585 0.8571428657
134306  -21.024  20.656  -58.376 0.2857142985
135913  -19.283  -3.846  -42.072 0.1428571492
136818  -24.526  23.078  -43.543 0.2857142985
136872  -23.285  26.235  -41.306 0.1428571492
137376  -22.638  -14.411  -39.797 0.1428571492
138072  -34.586  -7.603  -39.278 0.1428571492
138104  -25.850  14.606  -49.857 0.2857142985
138922  -27.280  8.231  -48.695 0.2857142985
139414  -30.514  6.274  -47.418 0.7142857313
139556  -23.347  -10.037  -43.868 0.4285714328
140265  -26.119  19.738  -43.590 0.2857142985
140776  -24.586  15.885  -53.153 0.4285714328
140786  -34.621  -7.059  -36.858 0.1428571492
141002  -24.790  13.197  -54.932 0.7142857313
141159  -37.795  0.875  -36.519 0.1428571492
141551  -24.260  23.125  -42.206 0.2857142985
142242  -30.927  11.037  -47.901 0.4285714328
142366  -27.426  13.979  -56.337 0.8571428657
142379  -32.006  -5.233  -47.161 0.2857142985
143476  -24.702  15.753  -52.505 0.4285714328
145355  -25.262  21.317  -43.131 0.2857142985
145456  -31.451  4.805  -44.872 0.4285714328
145842  -31.450  11.138  -49.151 0.8571428657
146245  -30.373  10.029  -50.734 1.0000000000
146395  -31.416  -0.211  -47.853 0.7142857313
146517  -27.480  7.322  -49.246 0.5714285970
146986  -24.465  -6.022  -44.348 0.5714285970
147848  -23.265  24.362  -42.078 0.1428571492
148163  -29.319  16.418  -48.474 0.1428571492
148862  -27.447  10.844  -46.717 0.1428571492
148918  -23.485  20.264  -42.059 0.1428571492
149239  -30.549  7.951  -50.878 0.8571428657
149394  -27.342  10.079  -47.056 0.1428571492
149395  -27.074  9.164  -50.171 0.5714285970
149564  -23.677  18.039  -53.050 0.5714285970
149913  -27.332  7.024  -46.870 0.1428571492
150289  -28.063  13.038  -50.868 0.5714285970
151050  -28.528  16.157  -50.812 0.5714285970
151304  -28.090  9.031  -51.294 0.5714285970
151436  -20.414  -13.199  -42.393 0.2857142985
152284  -28.549  16.534  -52.501 0.2857142985
152856  -20.026  20.362  -58.059 0.4285714328
152866  -27.265  10.639  -55.566 0.8571428657
153280  -30.343  7.352  -52.118 0.8571428657
153353  -23.284  14.698  -54.239 0.5714285970
153808  -35.218  -2.508  -36.256 0.1428571492
153860  -26.533  13.934  -47.947 0.2857142985
154110  -22.884  25.738  -40.976 0.1428571492
154614  -21.238  16.592  -44.128 0.1428571492
155985  -20.620  19.119  -57.404 0.4285714328
155988  -19.910  -12.379  -41.870 0.1428571492
156411  -22.767  16.130  -55.617 0.8571428657
156525  -31.106  7.975  -46.876 0.5714285970
157132  -33.309  -5.703  -42.120 0.1428571492
157778  -23.127  26.363  -39.938 0.1428571492
158201  -32.827  0.867  -41.852 0.1428571492
158741  -33.276  0.572  -41.342 0.1428571492
158898  -33.702  -9.917  -45.360 0.1428571492
159533  -33.493  -3.829  -40.741 0.1428571492
159759  -26.436  15.307  -47.641 0.1428571492
159776  -22.594  20.243  -52.508 0.4285714328
160536  -25.104  -7.920  -44.980 0.4285714328
161033  -31.638  -2.506  -47.665 0.7142857313
161714  -24.497  16.645  -56.955 0.5714285970
161774  -30.571  15.962  -46.640 0.1428571492
162895  -23.502  -7.376  -43.855 0.4285714328
162962  -32.555  5.371  -42.949 0.4285714328
163058  -22.330  27.778  -43.882 0.1428571492
