#!ascii label  , from subject sub-038 vox2ras=TkReg
1432
44249  -41.688  -33.619  21.209 0.0000000000
113888  -53.971  -18.970  17.178 0.0000000000
50641  -48.367  -27.688  17.507 0.0000000000
27840  -15.150  -53.576  42.733 0.0000000000
45140  -38.673  -33.599  27.462 0.0000000000
35932  -29.122  -44.079  39.615 0.0000000000
117696  -38.808  -43.669  39.125 0.0000000000
114858  -42.782  -38.398  33.477 0.0000000000
43189  -42.929  -34.373  32.254 0.0000000000
33311  -21.305  -46.404  35.574 0.0000000000
35065  -24.478  -45.117  39.108 0.0000000000
35997  -25.500  -43.536  34.858 0.0000000000
108040  -34.678  -45.320  33.804 0.0000000000
106938  -39.870  -42.820  34.253 0.0000000000
45152  -45.339  -32.375  27.066 0.0000000000
44210  -48.012  -33.442  23.683 0.0000000000
53211  -51.564  -23.612  17.493 0.0000000000
48062  -44.284  -30.171  18.727 0.0000000000
58137  -51.713  -17.192  11.831 0.0000000000
27814  -12.117  -53.209  46.380 0.0000000000
47053  -42.482  -32.028  29.949 0.0000000000
45217  -38.952  -33.698  24.907 0.0000000000
35998  -29.365  -43.802  34.335 0.0000000000
34182  -33.294  -46.017  38.806 0.0000000000
48027  -49.081  -29.316  22.286 0.0000000000
63774  -57.060  -10.131  10.087 0.0000000000
39129  -41.282  -39.522  31.765 0.0000000000
40742  -41.971  -37.297  31.120 0.0000000000
35127  -23.182  -44.981  34.698 0.0000000000
36042  -37.503  -43.741  31.646 0.0000000000
37567  -39.919  -41.691  32.112 0.0000000000
38300  -41.687  -40.976  34.547 0.0000000000
44185  -43.384  -33.860  24.269 0.0000000000
45201  -47.311  -33.431  25.751 0.0000000000
44228  -45.146  -33.662  22.652 0.0000000000
55557  -52.220  -21.014  17.377 0.0000000000
54800  -53.643  -22.027  20.875 0.0000000000
58093  -55.501  -17.512  16.339 0.0000000000
28692  -12.687  -51.502  42.124 0.0000000000
27828  -13.201  -52.988  44.348 0.0000000000
44104  -40.125  -33.072  29.924 0.0000000000
45105  -42.314  -32.694  31.691 0.0000000000
46154  -40.153  -32.420  28.696 0.0000000000
118085  -41.027  -32.722  27.657 0.0000000000
46200  -38.603  -33.314  26.176 0.0000000000
101881  -27.019  -43.375  39.158 0.0000000000
35906  -26.150  -44.182  42.013 0.0000000000
35886  -28.850  -44.137  43.011 0.0000000000
35027  -31.018  -45.300  41.930 0.0000000000
37565  -27.133  -41.939  32.249 0.0000000000
36025  -29.691  -43.722  31.707 0.0000000000
34198  -37.145  -45.337  36.823 0.0000000000
105025  -34.250  -45.967  36.242 0.0000000000
35072  -36.753  -45.299  39.208 0.0000000000
119082  -35.744  -45.293  42.559 0.0000000000
30338  -17.683  -50.338  38.579 0.0000000000
30327  -19.569  -49.679  40.160 0.0000000000
29465  -20.200  -51.002  42.703 0.0000000000
108701  -45.871  -29.131  18.256 0.0000000000
116933  -46.737  -29.560  21.298 0.0000000000
49725  -48.614  -27.909  21.731 0.0000000000
100255  -57.880  -7.835  9.725 0.0000000000
26881  -15.694  -53.978  46.231 0.0000000000
40688  -43.833  -37.185  36.376 0.0000000000
42344  -44.478  -34.884  34.888 0.0000000000
41538  -43.338  -36.866  33.244 0.0000000000
41577  -41.580  -35.943  29.914 0.0000000000
32251  -21.269  -47.373  37.870 0.0000000000
34178  -22.853  -46.115  39.075 0.0000000000
101768  -22.773  -45.756  37.199 0.0000000000
35099  -25.513  -44.294  37.358 0.0000000000
36734  -27.092  -43.126  37.179 0.0000000000
35193  -31.827  -44.412  31.679 0.0000000000
35196  -35.333  -44.531  31.614 0.0000000000
35154  -37.256  -44.811  34.376 0.0000000000
35970  -39.622  -43.562  36.700 0.0000000000
37519  -41.470  -41.509  36.532 0.0000000000
39091  -42.679  -39.634  36.245 0.0000000000
32284  -19.313  -47.900  35.189 0.0000000000
46144  -46.428  -31.564  29.095 0.0000000000
47060  -50.576  -30.528  29.809 0.0000000000
46184  -48.541  -31.925  27.815 0.0000000000
44147  -49.962  -33.476  25.989 0.0000000000
119540  -50.592  -25.720  17.412 0.0000000000
50609  -51.039  -26.874  21.068 0.0000000000
52375  -52.878  -24.717  21.233 0.0000000000
24098  -8.332  -56.655  49.241 0.0000000000
46288  -42.723  -32.401  19.170 0.0000000000
48949  -43.023  -28.997  16.710 0.0000000000
51547  -46.755  -25.716  15.199 0.0000000000
52440  -48.656  -24.336  14.638 0.0000000000
54036  -50.134  -21.937  14.268 0.0000000000
56407  -51.775  -20.168  14.520 0.0000000000
58108  -53.227  -18.367  13.909 0.0000000000
57295  -50.332  -18.693  12.298 0.0000000000
26875  -14.409  -53.877  47.370 0.0000000000
25903  -12.453  -54.697  48.832 0.0000000000
116856  -10.496  -55.756  48.326 0.0000000000
47953  -47.354  -30.330  33.586 0.0000000000
109942  -43.612  -32.625  33.788 0.0000000000
46102  -44.109  -31.394  32.983 0.0000000000
47040  -45.336  -30.957  31.450 0.0000000000
115533  -43.509  -32.500  28.651 0.0000000000
44165  -41.894  -33.808  25.524 0.0000000000
111889  -39.896  -34.105  22.814 0.0000000000
109893  -23.892  -45.938  41.475 0.0000000000
36769  -27.516  -42.514  34.929 0.0000000000
35967  -29.160  -43.917  36.619 0.0000000000
35149  -32.248  -45.373  34.699 0.0000000000
34207  -32.120  -45.487  36.593 0.0000000000
35070  -31.205  -45.246  39.448 0.0000000000
34144  -33.630  -46.319  40.708 0.0000000000
122008  -13.905  -51.710  40.455 0.0000000000
28722  -15.925  -51.775  39.431 0.0000000000
103560  -16.862  -53.131  41.552 0.0000000000
46265  -45.741  -31.634  21.119 0.0000000000
46252  -49.282  -31.730  22.124 0.0000000000
47112  -52.410  -30.616  22.196 0.0000000000
49696  -50.517  -27.447  23.565 0.0000000000
58919  -54.904  -16.688  13.594 0.0000000000
60597  -55.938  -15.150  13.394 0.0000000000
62194  -56.953  -12.396  13.013 0.0000000000
62205  -55.983  -12.780  9.685 0.0000000000
62948  -57.820  -10.061  13.026 0.0000000000
39140  -40.307  -40.345  31.071 0.0000000000
105520  -40.786  -38.971  30.660 0.0000000000
39158  -39.844  -39.763  29.844 0.0000000000
36805  -38.663  -42.541  31.254 0.0000000000
105076  -39.658  -41.007  30.902 0.0000000000
38327  -40.703  -41.190  32.380 0.0000000000
44225  -42.425  -33.953  22.307 0.0000000000
106519  -43.998  -33.909  23.588 0.0000000000
44250  -42.992  -33.699  21.650 0.0000000000
56385  -52.850  -19.925  17.242 0.0000000000
56368  -53.060  -19.883  19.266 0.0000000000
57246  -54.065  -18.993  19.041 0.0000000000
57247  -54.814  -18.516  18.576 0.0000000000
58092  -55.128  -18.081  17.018 0.0000000000
28693  -13.204  -52.183  42.332 0.0000000000
28682  -12.462  -52.019  43.325 0.0000000000
27838  -13.526  -52.963  43.458 0.0000000000
44115  -39.227  -33.208  28.607 0.0000000000
45122  -40.244  -32.828  29.812 0.0000000000
46152  -38.832  -32.704  27.994 0.0000000000
46175  -39.509  -32.430  27.546 0.0000000000
101905  -38.745  -33.501  26.659 0.0000000000
31195  -21.582  -48.627  40.748 0.0000000000
35931  -28.220  -43.521  39.565 0.0000000000
35918  -27.864  -43.510  41.073 0.0000000000
116445  -28.529  -43.786  40.612 0.0000000000
116709  -29.855  -44.603  41.791 0.0000000000
35052  -29.830  -44.558  41.019 0.0000000000
111477  -37.788  -44.724  37.918 0.0000000000
34197  -36.490  -45.742  37.562 0.0000000000
35073  -37.543  -44.601  39.308 0.0000000000
103804  -36.997  -44.756  40.166 0.0000000000
31221  -20.297  -48.541  38.642 0.0000000000
104538  -20.827  -48.846  40.240 0.0000000000
31194  -21.078  -49.372  41.042 0.0000000000
47955  -48.934  -30.249  32.849 0.0000000000
49752  -46.986  -28.284  17.795 0.0000000000
48931  -47.246  -28.696  19.602 0.0000000000
49745  -48.771  -28.076  19.399 0.0000000000
40710  -43.505  -37.590  34.608 0.0000000000
41528  -43.701  -36.909  34.029 0.0000000000
40709  -43.294  -37.677  33.748 0.0000000000
41578  -41.820  -36.634  30.371 0.0000000000
42393  -40.918  -35.744  29.467 0.0000000000
42392  -40.168  -35.368  28.913 0.0000000000
33296  -20.788  -46.962  36.008 0.0000000000
115865  -21.995  -46.303  37.304 0.0000000000
34204  -22.054  -45.954  35.934 0.0000000000
105043  -24.783  -44.179  34.729 0.0000000000
35129  -24.395  -44.603  35.430 0.0000000000
35978  -25.176  -44.117  35.538 0.0000000000
104787  -26.177  -43.531  37.144 0.0000000000
36752  -26.591  -42.821  35.701 0.0000000000
35205  -33.594  -44.468  30.748 0.0000000000
36017  -38.615  -43.590  33.296 0.0000000000
36000  -37.813  -44.236  33.664 0.0000000000
36001  -38.718  -43.836  34.270 0.0000000000
35983  -38.827  -44.049  35.664 0.0000000000
103924  -39.863  -43.087  35.160 0.0000000000
36744  -40.579  -42.593  36.499 0.0000000000
36757  -40.528  -42.548  35.650 0.0000000000
39114  -42.487  -39.666  34.458 0.0000000000
39105  -42.256  -40.356  34.884 0.0000000000
107856  -42.724  -38.909  34.887 0.0000000000
40687  -43.410  -38.079  36.300 0.0000000000
33309  -19.851  -47.476  34.619 0.0000000000
46181  -46.013  -32.081  27.761 0.0000000000
116381  -47.269  -31.614  28.090 0.0000000000
45153  -46.284  -32.331  27.090 0.0000000000
44189  -47.527  -33.623  24.348 0.0000000000
44145  -48.054  -33.377  26.034 0.0000000000
44173  -49.487  -33.525  25.282 0.0000000000
104001  -50.988  -33.132  25.122 0.0000000000
45218  -49.628  -33.190  23.819 0.0000000000
52403  -51.524  -24.483  17.825 0.0000000000
51514  -51.883  -25.500  19.275 0.0000000000
53197  -52.259  -23.952  19.163 0.0000000000
55520  -54.162  -20.475  22.979 0.0000000000
122037  -47.959  -24.861  14.965 0.0000000000
53238  -47.106  -23.858  13.771 0.0000000000
54869  -48.099  -21.955  13.181 0.0000000000
55611  -49.145  -21.049  13.161 0.0000000000
55600  -51.000  -20.716  14.127 0.0000000000
56419  -49.736  -20.432  13.065 0.0000000000
57285  -50.772  -19.152  12.926 0.0000000000
28671  -11.163  -51.947  45.102 0.0000000000
27807  -11.286  -53.337  46.925 0.0000000000
111483  -16.421  -54.816  47.276 0.0000000000
26880  -14.767  -53.741  46.577 0.0000000000
25909  -15.277  -54.792  47.843 0.0000000000
24999  -13.590  -55.226  48.310 0.0000000000
24105  -12.313  -56.041  48.106 0.0000000000
24992  -11.636  -55.154  48.785 0.0000000000
101326  -10.468  -56.609  47.965 0.0000000000
22343  -9.821  -57.504  48.787 0.0000000000
43181  -43.661  -34.267  33.213 0.0000000000
44059  -43.997  -33.059  34.453 0.0000000000
43180  -43.115  -33.496  32.815 0.0000000000
46130  -42.399  -32.068  30.974 0.0000000000
46114  -42.992  -32.005  32.340 0.0000000000
47022  -43.132  -31.663  31.432 0.0000000000
47024  -44.674  -31.119  31.829 0.0000000000
47055  -44.074  -31.596  30.437 0.0000000000
46142  -44.517  -31.779  29.739 0.0000000000
46141  -43.571  -31.879  29.728 0.0000000000
103125  -39.533  -33.218  26.209 0.0000000000
120134  -41.544  -33.179  27.258 0.0000000000
44164  -40.849  -33.860  25.398 0.0000000000
44183  -41.487  -34.059  24.568 0.0000000000
44201  -39.385  -34.075  23.546 0.0000000000
34165  -23.686  -45.622  39.352 0.0000000000
109605  -23.706  -45.731  40.548 0.0000000000
35049  -24.264  -45.249  40.010 0.0000000000
36779  -28.108  -42.890  33.734 0.0000000000
37554  -27.410  -42.474  33.713 0.0000000000
36770  -28.128  -42.794  34.642 0.0000000000
103883  -28.309  -43.186  35.757 0.0000000000
35982  -29.827  -44.096  36.023 0.0000000000
35169  -33.102  -45.053  32.763 0.0000000000
35168  -32.393  -44.958  33.098 0.0000000000
35150  -33.133  -45.370  34.238 0.0000000000
101509  -33.863  -46.260  38.084 0.0000000000
34208  -32.976  -45.892  36.900 0.0000000000
34194  -32.356  -45.622  37.538 0.0000000000
34180  -31.769  -45.333  38.120 0.0000000000
34167  -32.627  -45.824  39.523 0.0000000000
115416  -32.290  -45.891  40.512 0.0000000000
34155  -33.903  -46.034  40.359 0.0000000000
113614  -41.618  -41.041  38.933 0.0000000000
29518  -16.775  -50.610  38.348 0.0000000000
28723  -16.880  -51.698  39.463 0.0000000000
28713  -16.428  -52.252  40.040 0.0000000000
28687  -21.083  -51.149  43.428 0.0000000000
47145  -44.198  -31.120  19.409 0.0000000000
117688  -44.616  -32.016  20.429 0.0000000000
47137  -44.673  -31.008  20.056 0.0000000000
48025  -48.036  -29.212  22.342 0.0000000000
119715  -48.011  -30.886  22.064 0.0000000000
47109  -49.445  -30.687  21.740 0.0000000000
46254  -51.118  -31.626  22.366 0.0000000000
47128  -50.934  -30.208  21.646 0.0000000000
104469  -51.786  -25.707  23.056 0.0000000000
50598  -50.290  -26.715  23.078 0.0000000000
50577  -51.143  -26.457  24.233 0.0000000000
101872  -52.154  -17.562  12.298 0.0000000000
58117  -53.604  -17.687  13.454 0.0000000000
101874  -53.265  -16.967  12.438 0.0000000000
59753  -54.977  -15.624  11.974 0.0000000000
60603  -55.529  -14.877  12.109 0.0000000000
60604  -56.103  -14.234  12.555 0.0000000000
61419  -55.866  -13.887  11.321 0.0000000000
62223  -56.338  -11.857  8.685 0.0000000000
62213  -55.816  -12.643  8.917 0.0000000000
62214  -56.329  -12.211  9.396 0.0000000000
62200  -56.732  -12.178  11.164 0.0000000000
63765  -57.404  -10.007  11.118 0.0000000000
63766  -57.724  -8.946  10.998 0.0000000000
100040  -59.015  -8.142  9.659 0.0000000000
106056  -42.021  -39.250  32.658 0.0000000000
40720  -42.314  -38.488  32.568 0.0000000000
39917  -41.272  -38.925  31.387 0.0000000000
39933  -40.698  -38.379  30.198 0.0000000000
34218  -21.869  -45.880  35.063 0.0000000000
100854  -38.090  -42.878  30.977 0.0000000000
116234  -38.843  -42.675  31.931 0.0000000000
36782  -39.740  -42.593  33.436 0.0000000000
37545  -40.992  -41.631  34.415 0.0000000000
106057  -40.948  -41.290  33.099 0.0000000000
39119  -41.472  -40.610  32.862 0.0000000000
45198  -44.467  -33.145  25.903 0.0000000000
114091  -45.847  -32.740  26.470 0.0000000000
44168  -44.796  -33.464  25.005 0.0000000000
44187  -45.926  -33.731  24.191 0.0000000000
44209  -47.211  -33.546  23.570 0.0000000000
54837  -51.820  -21.844  17.097 0.0000000000
109228  -52.601  -22.624  19.218 0.0000000000
54823  -52.426  -21.309  18.833 0.0000000000
55544  -53.357  -20.288  20.630 0.0000000000
59723  -56.100  -15.835  16.155 0.0000000000
27827  -12.315  -52.300  44.169 0.0000000000
107929  -12.458  -52.952  45.633 0.0000000000
43197  -41.643  -33.603  30.730 0.0000000000
44075  -42.496  -32.875  32.044 0.0000000000
44090  -41.426  -33.139  30.619 0.0000000000
46128  -41.050  -32.746  30.160 0.0000000000
47052  -41.823  -32.365  29.594 0.0000000000
46156  -42.140  -32.378  28.915 0.0000000000
109020  -40.368  -32.353  28.218 0.0000000000
101495  -39.664  -32.572  27.249 0.0000000000
45193  -38.218  -33.422  25.352 0.0000000000
35084  -25.986  -44.234  38.868 0.0000000000
35051  -25.298  -44.641  40.320 0.0000000000
35917  -26.581  -43.915  40.939 0.0000000000
35893  -27.377  -43.976  42.873 0.0000000000
34117  -31.224  -46.438  44.018 0.0000000000
36802  -28.381  -42.778  31.814 0.0000000000
36780  -29.139  -43.530  33.297 0.0000000000
34225  -36.125  -45.497  35.735 0.0000000000
34223  -34.541  -45.754  35.422 0.0000000000
34211  -35.568  -45.848  36.312 0.0000000000
116513  -35.706  -45.986  37.988 0.0000000000
34183  -35.270  -46.046  38.938 0.0000000000
34156  -34.511  -45.628  40.569 0.0000000000
35071  -36.087  -45.335  40.303 0.0000000000
31236  -18.490  -49.009  37.067 0.0000000000
30355  -18.165  -49.674  38.130 0.0000000000
29490  -19.174  -50.364  40.583 0.0000000000
28705  -19.086  -51.417  41.628 0.0000000000
29482  -20.237  -50.572  41.844 0.0000000000
48071  -45.479  -29.568  18.741 0.0000000000
48055  -45.634  -29.859  20.088 0.0000000000
48930  -46.509  -28.936  20.194 0.0000000000
113790  -47.783  -28.711  21.534 0.0000000000
48887  -48.383  -28.560  22.691 0.0000000000
58944  -50.117  -16.726  10.315 0.0000000000
115133  -51.987  -16.722  11.464 0.0000000000
58956  -51.391  -16.076  10.037 0.0000000000
62971  -56.724  -11.033  8.223 0.0000000000
64637  -57.471  -8.897  9.970 0.0000000000
64664  -57.174  -8.820  7.637 0.0000000000
64665  -57.790  -7.332  8.640 0.0000000000
26914  -15.834  -53.849  43.198 0.0000000000
26900  -14.879  -53.693  44.555 0.0000000000
42322  -44.584  -35.101  36.371 0.0000000000
42332  -44.217  -35.887  35.062 0.0000000000
42343  -44.218  -35.434  34.157 0.0000000000
42366  -43.057  -35.390  32.090 0.0000000000
40732  -42.417  -37.551  32.070 0.0000000000
41565  -42.715  -35.827  31.450 0.0000000000
42376  -42.554  -34.802  31.497 0.0000000000
43212  -41.451  -34.152  29.887 0.0000000000
43227  -39.299  -33.887  28.630 0.0000000000
32227  -20.977  -48.077  38.868 0.0000000000
33261  -21.911  -47.224  39.613 0.0000000000
33286  -21.849  -46.857  37.985 0.0000000000
109603  -22.523  -46.113  38.084 0.0000000000
35082  -24.080  -45.269  38.390 0.0000000000
34220  -23.322  -45.278  35.968 0.0000000000
35098  -24.251  -44.990  36.819 0.0000000000
35083  -25.401  -44.561  38.174 0.0000000000
35950  -26.120  -43.850  37.944 0.0000000000
35952  -27.104  -43.179  37.994 0.0000000000
35953  -28.022  -43.339  37.995 0.0000000000
35183  -33.996  -44.949  31.935 0.0000000000
105163  -34.698  -44.903  33.041 0.0000000000
35197  -36.234  -44.392  31.839 0.0000000000
35172  -36.353  -44.727  33.214 0.0000000000
35153  -36.314  -45.072  34.123 0.0000000000
35135  -37.492  -44.875  35.261 0.0000000000
35119  -38.485  -44.446  36.285 0.0000000000
35954  -38.950  -43.930  37.896 0.0000000000
36718  -39.838  -42.874  39.040 0.0000000000
36727  -39.886  -43.000  38.030 0.0000000000
102405  -40.999  -41.898  37.882 0.0000000000
38266  -41.884  -40.792  37.515 0.0000000000
37546  -41.380  -41.368  35.079 0.0000000000
39090  -42.248  -40.340  36.766 0.0000000000
39075  -42.270  -40.067  37.724 0.0000000000
39866  -42.957  -38.594  38.175 0.0000000000
31257  -19.078  -48.477  36.564 0.0000000000
47042  -47.546  -30.593  30.786 0.0000000000
47058  -48.725  -30.603  29.744 0.0000000000
46163  -49.092  -31.444  28.460 0.0000000000
46186  -50.520  -32.262  27.973 0.0000000000
111892  -47.826  -32.861  26.687 0.0000000000
45156  -49.028  -32.571  27.291 0.0000000000
50642  -49.665  -26.818  17.330 0.0000000000
100812  -50.246  -27.204  19.177 0.0000000000
50623  -51.030  -26.736  19.489 0.0000000000
51498  -52.456  -25.500  21.047 0.0000000000
52370  -52.629  -24.856  22.977 0.0000000000
116505  -53.620  -23.418  20.886 0.0000000000
53173  -53.285  -24.044  22.382 0.0000000000
105439  -40.464  -33.165  19.295 0.0000000000
45282  -42.587  -32.858  19.999 0.0000000000
45298  -41.127  -32.630  18.958 0.0000000000
46303  -42.558  -31.601  18.554 0.0000000000
112185  -42.714  -30.694  18.184 0.0000000000
48938  -43.904  -29.882  17.960 0.0000000000
48951  -44.719  -28.948  17.086 0.0000000000
49763  -45.856  -28.201  16.818 0.0000000000
49780  -46.290  -27.602  16.383 0.0000000000
50656  -47.611  -26.977  16.073 0.0000000000
51549  -48.830  -26.107  15.693 0.0000000000
52411  -49.809  -24.891  16.038 0.0000000000
53219  -50.125  -24.082  15.721 0.0000000000
53248  -47.492  -23.125  13.431 0.0000000000
115051  -49.992  -22.847  14.648 0.0000000000
54019  -51.033  -22.644  16.016 0.0000000000
54851  -51.178  -21.642  15.244 0.0000000000
55593  -51.852  -20.543  15.273 0.0000000000
117585  -52.736  -19.557  15.480 0.0000000000
57273  -53.708  -18.747  15.504 0.0000000000
57279  -52.094  -19.390  13.968 0.0000000000
57296  -51.153  -18.477  12.582 0.0000000000
57306  -50.668  -18.073  11.950 0.0000000000
58144  -49.728  -17.261  10.836 0.0000000000
27822  -14.028  -53.406  44.975 0.0000000000
27816  -14.000  -53.392  46.057 0.0000000000
27809  -12.890  -53.547  47.005 0.0000000000
25000  -14.429  -55.091  48.149 0.0000000000
26862  -13.392  -54.528  48.409 0.0000000000
26866  -12.436  -54.145  48.356 0.0000000000
26860  -12.094  -54.488  48.575 0.0000000000
25899  -10.725  -54.920  49.823 0.0000000000
108122  -9.860  -55.002  50.107 0.0000000000
24093  -9.426  -55.797  48.928 0.0000000000
47015  -47.126  -30.392  32.521 0.0000000000
45087  -44.411  -31.951  34.934 0.0000000000
45096  -43.083  -32.392  32.853 0.0000000000
46090  -43.941  -31.885  33.652 0.0000000000
47014  -45.500  -30.698  32.682 0.0000000000
100980  -46.064  -30.589  32.248 0.0000000000
110852  -47.361  -30.453  31.615 0.0000000000
47056  -46.257  -31.257  29.996 0.0000000000
46158  -44.883  -32.092  28.920 0.0000000000
113495  -44.475  -32.610  27.555 0.0000000000
46178  -42.674  -32.576  28.343 0.0000000000
45150  -42.972  -33.019  27.523 0.0000000000
116694  -43.916  -33.106  26.498 0.0000000000
44166  -42.961  -33.691  25.266 0.0000000000
105279  -42.031  -34.119  23.750 0.0000000000
112052  -40.917  -33.761  21.736 0.0000000000
45169  -36.939  -33.570  25.841 0.0000000000
103050  -36.955  -32.953  25.512 0.0000000000
45215  -36.950  -32.694  24.715 0.0000000000
45230  -37.305  -33.118  24.123 0.0000000000
44222  -37.236  -33.740  22.488 0.0000000000
106521  -38.701  -33.892  21.795 0.0000000000
116345  -38.752  -33.864  20.941 0.0000000000
44267  -39.280  -33.627  20.261 0.0000000000
35039  -24.902  -44.923  41.413 0.0000000000
104861  -25.156  -42.805  33.233 0.0000000000
117635  -26.534  -42.355  33.339 0.0000000000
37528  -26.590  -42.572  34.805 0.0000000000
36741  -27.138  -42.828  36.299 0.0000000000
36735  -27.544  -43.255  37.025 0.0000000000
117468  -28.733  -43.874  37.974 0.0000000000
36026  -30.966  -44.259  31.747 0.0000000000
35166  -30.601  -44.451  33.080 0.0000000000
35147  -30.763  -44.620  33.949 0.0000000000
34235  -32.952  -45.711  35.177 0.0000000000
35131  -31.543  -45.102  35.134 0.0000000000
35130  -30.306  -44.490  35.376 0.0000000000
103752  -30.628  -44.660  37.044 0.0000000000
35100  -30.094  -44.604  37.646 0.0000000000
104609  -29.988  -44.641  39.243 0.0000000000
35054  -31.130  -45.282  40.233 0.0000000000
34142  -31.744  -45.726  41.394 0.0000000000
102983  -13.277  -51.839  41.660 0.0000000000
28694  -13.885  -52.478  41.817 0.0000000000
30352  -15.302  -50.007  37.935 0.0000000000
29501  -14.474  -50.956  39.154 0.0000000000
28721  -14.966  -51.683  39.537 0.0000000000
27871  -15.081  -52.619  40.709 0.0000000000
27852  -15.351  -53.364  41.949 0.0000000000
26925  -16.765  -53.721  42.850 0.0000000000
28685  -19.808  -51.838  43.087 0.0000000000
45262  -43.452  -33.089  21.063 0.0000000000
103598  -45.093  -32.839  21.528 0.0000000000
105633  -47.306  -32.588  22.309 0.0000000000
47126  -46.448  -30.423  21.370 0.0000000000
46250  -47.635  -31.707  22.010 0.0000000000
45246  -49.008  -32.527  22.592 0.0000000000
46242  -50.714  -32.302  22.756 0.0000000000
49738  -49.566  -27.743  20.977 0.0000000000
121660  -49.152  -27.385  22.898 0.0000000000
48889  -50.250  -28.283  23.003 0.0000000000
58103  -54.941  -17.838  15.568 0.0000000000
58903  -55.242  -17.423  15.053 0.0000000000
59731  -55.998  -16.184  15.260 0.0000000000
58935  -53.312  -16.484  11.956 0.0000000000
59746  -55.477  -15.922  13.466 0.0000000000
59740  -56.440  -14.884  14.808 0.0000000000
108130  -56.674  -14.016  14.788 0.0000000000
62181  -57.395  -12.121  14.928 0.0000000000
61428  -55.524  -13.535  9.927 0.0000000000
61420  -56.319  -13.096  11.289 0.0000000000
108320  -57.356  -11.209  13.020 0.0000000000
65513  -58.488  -8.140  10.635 0.0000000000
38363  -39.767  -40.359  30.307 0.0000000000
39159  -40.342  -39.705  30.470 0.0000000000
108966  -41.633  -33.812  22.103 0.0000000000
120558  -42.262  -33.694  21.619 0.0000000000
56399  -53.369  -19.447  16.749 0.0000000000
56386  -53.465  -19.508  17.684 0.0000000000
57252  -54.043  -18.966  18.101 0.0000000000
57253  -54.716  -18.617  17.559 0.0000000000
58085  -55.216  -17.989  17.903 0.0000000000
57261  -54.570  -18.593  16.696 0.0000000000
27850  -13.716  -52.800  42.660 0.0000000000
27839  -14.310  -53.300  43.115 0.0000000000
44114  -38.688  -33.115  28.087 0.0000000000
45132  -39.182  -32.806  28.423 0.0000000000
46151  -38.915  -33.435  27.282 0.0000000000
32215  -21.869  -47.838  40.453 0.0000000000
35919  -29.283  -44.230  40.605 0.0000000000
35089  -37.982  -44.422  38.545 0.0000000000
35074  -38.230  -44.034  39.261 0.0000000000
35934  -38.688  -43.688  39.942 0.0000000000
49753  -47.775  -28.106  18.086 0.0000000000
49744  -48.007  -28.472  18.959 0.0000000000
49754  -48.617  -27.927  18.409 0.0000000000
39896  -43.030  -38.317  34.334 0.0000000000
108070  -40.022  -37.032  28.704 0.0000000000
117019  -41.109  -36.765  29.822 0.0000000000
33297  -21.517  -46.502  36.510 0.0000000000
35979  -25.882  -43.405  35.682 0.0000000000
104820  -26.111  -42.939  35.062 0.0000000000
36781  -39.275  -43.242  33.796 0.0000000000
36772  -39.415  -43.387  34.483 0.0000000000
36002  -39.168  -43.703  35.062 0.0000000000
36773  -40.471  -42.390  34.766 0.0000000000
39887  -42.653  -39.016  34.024 0.0000000000
40698  -43.188  -38.206  35.248 0.0000000000
33310  -20.594  -46.935  35.110 0.0000000000
44190  -48.328  -33.569  24.442 0.0000000000
44191  -49.133  -33.519  24.516 0.0000000000
44192  -49.832  -33.405  24.619 0.0000000000
44211  -48.795  -33.374  23.776 0.0000000000
53205  -51.865  -23.797  18.363 0.0000000000
104266  -54.564  -20.978  23.632 0.0000000000
52438  -46.652  -24.456  14.317 0.0000000000
55622  -49.004  -20.316  12.686 0.0000000000
56430  -49.555  -19.758  12.589 0.0000000000
27819  -11.690  -52.646  45.598 0.0000000000
27813  -11.269  -52.897  46.177 0.0000000000
27812  -10.544  -52.646  46.403 0.0000000000
26870  -15.757  -54.639  47.599 0.0000000000
25002  -16.024  -54.962  47.439 0.0000000000
23199  -11.489  -56.316  48.042 0.0000000000
103646  -10.949  -57.114  47.555 0.0000000000
119135  -43.327  -34.304  32.743 0.0000000000
47037  -42.797  -31.824  30.740 0.0000000000
111721  -42.744  -31.835  31.242 0.0000000000
47038  -43.580  -31.583  30.968 0.0000000000
47054  -43.197  -31.762  30.231 0.0000000000
46140  -42.747  -32.008  29.538 0.0000000000
44163  -39.812  -33.676  25.341 0.0000000000
45194  -40.249  -33.428  26.206 0.0000000000
44181  -39.639  -34.042  24.363 0.0000000000
44180  -38.923  -33.956  24.165 0.0000000000
35066  -24.877  -44.853  39.702 0.0000000000
36771  -28.692  -43.274  34.225 0.0000000000
35980  -28.707  -43.341  35.066 0.0000000000
35999  -29.503  -44.060  35.191 0.0000000000
35170  -33.783  -45.186  33.432 0.0000000000
122083  -32.928  -45.143  33.477 0.0000000000
35151  -34.003  -45.408  34.180 0.0000000000
34195  -33.145  -45.935  37.816 0.0000000000
34181  -32.478  -45.718  38.470 0.0000000000
34168  -33.675  -45.988  39.868 0.0000000000
38250  -41.915  -40.357  39.376 0.0000000000
28704  -18.377  -52.043  41.281 0.0000000000
111676  -43.909  -30.762  18.906 0.0000000000
47146  -44.576  -30.545  19.343 0.0000000000
48026  -48.416  -29.239  22.477 0.0000000000
47108  -48.493  -30.149  21.966 0.0000000000
47127  -50.128  -29.868  21.665 0.0000000000
51482  -51.484  -25.862  24.270 0.0000000000
51481  -50.863  -26.307  23.636 0.0000000000
58124  -52.895  -17.547  12.728 0.0000000000
60618  -54.792  -14.797  10.931 0.0000000000
60611  -55.425  -14.561  11.372 0.0000000000
60619  -55.294  -14.198  10.604 0.0000000000
109879  -56.873  -11.005  9.086 0.0000000000
62960  -56.762  -11.463  9.602 0.0000000000
112582  -57.021  -11.042  10.391 0.0000000000
39130  -41.644  -39.792  32.333 0.0000000000
39906  -41.687  -39.032  32.071 0.0000000000
39932  -40.201  -39.004  29.847 0.0000000000
39945  -40.341  -38.125  29.586 0.0000000000
36806  -39.265  -42.125  31.674 0.0000000000
36793  -39.427  -42.443  32.538 0.0000000000
37557  -40.272  -41.849  33.013 0.0000000000
38344  -40.933  -40.307  31.887 0.0000000000
39120  -41.996  -39.787  33.116 0.0000000000
44167  -43.911  -33.574  25.135 0.0000000000
44186  -44.326  -33.758  24.285 0.0000000000
44227  -44.171  -33.857  22.685 0.0000000000
44206  -44.728  -33.818  23.453 0.0000000000
44207  -45.569  -33.763  23.414 0.0000000000
44208  -46.398  -33.676  23.464 0.0000000000
44229  -46.017  -33.509  22.687 0.0000000000
54822  -52.173  -21.546  17.988 0.0000000000
55558  -52.464  -20.781  18.191 0.0000000000
56354  -53.898  -19.646  21.255 0.0000000000
105283  -53.931  -20.012  22.188 0.0000000000
58888  -55.905  -16.500  16.884 0.0000000000
59717  -56.227  -15.720  17.717 0.0000000000
27837  -12.883  -52.604  43.650 0.0000000000
28672  -11.912  -52.313  44.930 0.0000000000
27820  -12.522  -52.774  44.942 0.0000000000
44105  -40.875  -33.286  30.155 0.0000000000
46138  -39.991  -32.577  29.190 0.0000000000
46139  -40.570  -32.599  29.490 0.0000000000
47035  -41.381  -32.506  29.854 0.0000000000
47051  -40.991  -32.489  29.047 0.0000000000
102745  -39.378  -33.024  27.011 0.0000000000
46201  -39.225  -33.110  26.553 0.0000000000
46217  -38.500  -33.212  25.964 0.0000000000
113005  -26.570  -43.800  39.258 0.0000000000
35928  -26.042  -44.189  39.897 0.0000000000
35929  -26.817  -43.762  39.941 0.0000000000
35907  -28.366  -43.763  41.508 0.0000000000
104675  -27.815  -43.824  41.872 0.0000000000
35026  -30.320  -44.968  42.329 0.0000000000
35015  -30.069  -45.162  43.321 0.0000000000
34129  -30.886  -45.428  42.992 0.0000000000
36791  -29.023  -43.373  32.212 0.0000000000
36014  -29.626  -43.777  32.477 0.0000000000
34212  -36.355  -45.707  36.585 0.0000000000
117165  -36.814  -45.415  38.273 0.0000000000
34184  -36.209  -45.797  38.547 0.0000000000
34171  -35.949  -45.705  39.406 0.0000000000
34170  -35.228  -45.642  40.084 0.0000000000
35043  -36.915  -44.791  41.970 0.0000000000
120547  -18.322  -49.348  37.594 0.0000000000
30371  -18.953  -49.204  37.913 0.0000000000
30340  -19.212  -49.547  39.315 0.0000000000
29481  -19.524  -50.742  41.306 0.0000000000
30315  -20.034  -49.917  41.071 0.0000000000
31181  -21.734  -49.732  41.639 0.0000000000
30316  -20.949  -50.125  41.637 0.0000000000
119564  -45.872  -29.364  18.961 0.0000000000
48929  -45.889  -29.405  19.611 0.0000000000
116270  -46.412  -28.980  19.084 0.0000000000
49736  -48.065  -28.441  20.045 0.0000000000
48920  -47.381  -28.761  20.715 0.0000000000
49724  -48.158  -28.432  21.136 0.0000000000
49708  -48.117  -28.283  22.131 0.0000000000
104027  -50.957  -16.572  10.517 0.0000000000
62983  -56.576  -11.005  7.214 0.0000000000
63796  -56.929  -10.021  7.923 0.0000000000
112473  -56.778  -10.110  6.902 0.0000000000
26915  -16.460  -53.863  43.686 0.0000000000
25914  -17.733  -54.787  46.578 0.0000000000
113916  -44.086  -36.455  36.471 0.0000000000
42321  -44.369  -35.869  36.023 0.0000000000
41520  -43.980  -36.607  35.718 0.0000000000
112293  -43.971  -36.227  34.315 0.0000000000
41539  -43.841  -36.062  33.528 0.0000000000
121129  -43.715  -35.599  33.082 0.0000000000
42354  -43.434  -36.028  32.691 0.0000000000
39918  -41.824  -38.254  31.667 0.0000000000
41564  -42.318  -36.354  30.922 0.0000000000
117339  -42.097  -35.941  30.346 0.0000000000
42375  -42.269  -35.450  30.858 0.0000000000
42383  -41.934  -35.164  30.136 0.0000000000
43198  -41.959  -34.499  30.814 0.0000000000
42382  -41.365  -35.136  29.693 0.0000000000
43228  -39.926  -34.264  29.140 0.0000000000
33273  -21.492  -47.449  38.673 0.0000000000
119230  -23.036  -45.727  37.794 0.0000000000
34179  -23.297  -45.711  38.368 0.0000000000
34192  -23.651  -45.396  37.541 0.0000000000
34219  -22.770  -45.473  35.406 0.0000000000
35128  -23.600  -44.970  35.389 0.0000000000
35114  -24.743  -44.598  36.184 0.0000000000
35113  -23.960  -44.955  36.077 0.0000000000
113473  -24.952  -44.586  36.878 0.0000000000
102544  -24.646  -44.867  37.644 0.0000000000
35965  -26.799  -43.190  36.939 0.0000000000
35951  -26.768  -43.310  37.627 0.0000000000
36726  -27.346  -43.161  37.990 0.0000000000
35195  -34.380  -44.676  31.308 0.0000000000
35184  -34.667  -44.779  32.190 0.0000000000
36041  -36.831  -43.956  31.385 0.0000000000
36027  -37.032  -44.165  32.138 0.0000000000
36016  -37.126  -44.400  32.938 0.0000000000
35173  -36.994  -44.679  33.649 0.0000000000
35134  -36.686  -45.185  35.044 0.0000000000
108050  -39.053  -43.952  36.308 0.0000000000
35969  -38.855  -44.088  37.093 0.0000000000
35955  -39.473  -43.600  37.578 0.0000000000
36736  -39.925  -43.158  37.291 0.0000000000
37511  -40.972  -41.989  36.963 0.0000000000
36737  -40.476  -42.623  37.411 0.0000000000
37503  -41.577  -41.303  38.157 0.0000000000
37512  -41.524  -41.474  37.315 0.0000000000
110043  -42.347  -40.343  35.777 0.0000000000
110338  -42.636  -39.533  37.160 0.0000000000
118768  -42.882  -38.904  37.500 0.0000000000
113939  -43.697  -37.587  37.026 0.0000000000
32265  -19.634  -48.039  36.044 0.0000000000
32250  -20.727  -47.649  37.287 0.0000000000
103802  -47.115  -31.242  29.555 0.0000000000
47057  -47.774  -30.794  29.977 0.0000000000
47067  -47.954  -31.097  29.215 0.0000000000
46183  -47.641  -31.881  27.683 0.0000000000
46162  -48.054  -31.434  28.393 0.0000000000
46164  -50.072  -31.490  28.506 0.0000000000
46185  -49.525  -32.108  27.921 0.0000000000
45200  -46.498  -33.281  25.917 0.0000000000
45176  -46.583  -32.763  26.614 0.0000000000
45177  -47.231  -33.084  26.384 0.0000000000
44146  -49.039  -33.463  26.026 0.0000000000
45178  -48.582  -33.020  26.682 0.0000000000
45179  -49.511  -33.164  26.698 0.0000000000
45157  -50.004  -32.781  27.370 0.0000000000
45180  -50.458  -33.184  26.664 0.0000000000
45181  -51.339  -32.902  26.564 0.0000000000
45202  -51.571  -32.853  25.654 0.0000000000
51520  -50.341  -26.340  17.769 0.0000000000
50632  -50.722  -26.580  18.585 0.0000000000
51521  -51.025  -25.780  18.135 0.0000000000
52391  -52.680  -24.801  20.410 0.0000000000
51505  -52.197  -25.545  20.135 0.0000000000
51488  -52.466  -25.226  21.989 0.0000000000
100689  -52.927  -24.568  21.976 0.0000000000
54805  -52.962  -21.714  20.305 0.0000000000
108566  -52.877  -22.593  19.904 0.0000000000
106262  -53.479  -22.661  20.517 0.0000000000
53174  -53.738  -23.325  22.793 0.0000000000
24092  -8.694  -56.146  49.451 0.0000000000
24986  -8.381  -55.733  50.047 0.0000000000
24091  -7.854  -56.032  49.384 0.0000000000
103235  -41.868  -31.075  18.016 0.0000000000
47167  -42.218  -30.417  17.473 0.0000000000
48081  -43.436  -29.604  17.224 0.0000000000
48939  -44.427  -29.506  17.572 0.0000000000
48950  -43.879  -29.018  16.978 0.0000000000
49762  -45.049  -28.293  16.649 0.0000000000
49779  -45.434  -27.663  16.259 0.0000000000
50655  -46.735  -27.000  15.992 0.0000000000
51532  -47.208  -26.407  15.568 0.0000000000
51533  -48.031  -26.457  15.672 0.0000000000
51548  -47.899  -25.647  15.292 0.0000000000
52429  -48.610  -25.050  15.239 0.0000000000
52430  -49.363  -24.634  15.324 0.0000000000
101270  -50.417  -24.496  16.348 0.0000000000
53226  -49.600  -23.801  14.940 0.0000000000
54035  -49.394  -22.417  13.899 0.0000000000
54024  -50.599  -22.755  15.361 0.0000000000
54850  -50.621  -22.140  14.922 0.0000000000
54025  -50.974  -22.207  15.520 0.0000000000
55592  -51.397  -20.956  14.873 0.0000000000
56408  -52.247  -19.995  15.399 0.0000000000
56412  -52.456  -19.530  14.777 0.0000000000
57286  -51.635  -18.947  13.274 0.0000000000
27806  -10.267  -52.970  47.139 0.0000000000
26890  -15.661  -53.915  45.104 0.0000000000
26889  -14.834  -53.722  45.570 0.0000000000
119310  -14.234  -53.584  46.737 0.0000000000
27810  -13.701  -53.534  46.854 0.0000000000
26874  -13.498  -53.837  47.597 0.0000000000
24108  -14.814  -55.309  47.571 0.0000000000
24994  -13.119  -55.008  48.747 0.0000000000
24995  -13.995  -55.042  48.387 0.0000000000
25904  -13.294  -54.745  48.578 0.0000000000
26867  -12.940  -53.991  48.134 0.0000000000
26861  -12.829  -54.399  48.585 0.0000000000
24095  -10.810  -55.032  48.612 0.0000000000
24989  -11.233  -54.940  49.469 0.0000000000
25898  -10.212  -54.770  50.015 0.0000000000
24988  -10.490  -55.103  49.807 0.0000000000
24987  -9.751  -55.487  49.901 0.0000000000
24094  -10.021  -55.294  48.641 0.0000000000
47954  -48.096  -30.190  33.241 0.0000000000
42333  -44.541  -35.262  35.594 0.0000000000
43159  -44.647  -34.367  36.611 0.0000000000
43168  -44.625  -34.437  35.764 0.0000000000
44049  -44.384  -33.007  35.321 0.0000000000
45080  -44.241  -32.412  34.879 0.0000000000
45086  -44.011  -32.297  34.196 0.0000000000
44076  -42.823  -32.785  32.579 0.0000000000
45106  -42.734  -32.502  32.274 0.0000000000
46115  -43.507  -31.665  32.493 0.0000000000
46101  -43.398  -31.935  33.008 0.0000000000
46103  -44.534  -31.280  33.797 0.0000000000
100849  -44.916  -30.916  33.213 0.0000000000
47025  -45.377  -30.767  32.043 0.0000000000
47026  -45.891  -30.699  31.754 0.0000000000
117708  -46.502  -30.550  31.832 0.0000000000
47041  -46.361  -30.796  31.054 0.0000000000
119073  -45.210  -31.327  30.512 0.0000000000
46157  -43.975  -32.280  29.185 0.0000000000
46143  -45.516  -31.671  29.485 0.0000000000
46180  -45.145  -32.265  28.036 0.0000000000
108230  -44.293  -32.506  28.420 0.0000000000
100573  -41.565  -32.519  28.206 0.0000000000
113951  -41.708  -33.547  26.557 0.0000000000
45172  -42.359  -33.350  27.045 0.0000000000
45173  -43.213  -33.268  26.737 0.0000000000
45196  -42.620  -33.486  26.156 0.0000000000
45197  -43.513  -33.341  25.939 0.0000000000
44202  -40.235  -34.219  23.620 0.0000000000
44203  -41.150  -34.209  23.685 0.0000000000
107173  -40.830  -34.016  22.739 0.0000000000
110611  -40.275  -33.957  22.147 0.0000000000
46197  -36.516  -33.146  25.506 0.0000000000
46215  -36.002  -32.966  25.250 0.0000000000
100575  -36.564  -32.910  24.099 0.0000000000
44198  -36.883  -33.399  23.320 0.0000000000
44223  -38.176  -33.847  22.650 0.0000000000
106870  -37.852  -33.817  21.910 0.0000000000
33262  -22.531  -46.629  39.746 0.0000000000
33250  -22.414  -47.121  40.471 0.0000000000
35916  -25.801  -44.338  41.041 0.0000000000
35905  -25.478  -44.747  42.258 0.0000000000
37543  -27.180  -42.404  34.323 0.0000000000
116298  -26.913  -42.337  33.595 0.0000000000
37542  -26.772  -42.375  34.165 0.0000000000
37529  -27.070  -42.463  34.963 0.0000000000
36753  -26.991  -42.580  35.677 0.0000000000
36754  -27.308  -42.603  35.591 0.0000000000
35966  -28.333  -43.449  36.414 0.0000000000
102788  -28.488  -43.699  37.248 0.0000000000
116135  -29.311  -44.158  37.456 0.0000000000
103329  -32.271  -45.140  33.851 0.0000000000
35167  -31.509  -44.824  33.313 0.0000000000
35148  -31.524  -44.986  34.290 0.0000000000
103460  -34.936  -45.931  36.055 0.0000000000
34222  -33.647  -45.875  35.687 0.0000000000
35132  -32.200  -45.482  35.588 0.0000000000
108194  -31.495  -45.023  35.976 0.0000000000
120031  -30.975  -44.795  35.499 0.0000000000
35115  -30.661  -44.599  36.222 0.0000000000
35116  -31.285  -44.977  36.817 0.0000000000
35087  -31.162  -45.099  38.639 0.0000000000
35101  -31.021  -44.932  37.724 0.0000000000
35086  -30.382  -44.787  38.459 0.0000000000
116831  -30.672  -44.927  39.107 0.0000000000
35069  -30.553  -44.942  39.781 0.0000000000
34143  -32.533  -46.279  41.021 0.0000000000
34157  -35.097  -45.061  40.907 0.0000000000
105270  -34.684  -45.435  40.899 0.0000000000
34146  -35.430  -45.546  41.642 0.0000000000
119491  -13.709  -52.052  41.379 0.0000000000
103629  -14.204  -52.214  41.010 0.0000000000
30354  -17.191  -49.950  37.892 0.0000000000
30369  -16.611  -49.532  37.258 0.0000000000
29503  -16.366  -51.209  38.870 0.0000000000
29517  -15.840  -50.675  38.323 0.0000000000
29502  -15.416  -51.153  38.957 0.0000000000
29516  -14.885  -50.516  38.496 0.0000000000
27864  -16.302  -52.994  41.175 0.0000000000
27872  -15.972  -52.755  40.590 0.0000000000
27863  -15.588  -53.013  41.265 0.0000000000
27853  -16.121  -53.400  41.707 0.0000000000
122029  -16.642  -53.490  42.129 0.0000000000
116004  -19.704  -51.059  41.947 0.0000000000
28696  -19.446  -51.623  42.313 0.0000000000
47045  -50.993  -30.477  30.822 0.0000000000
105786  -43.168  -32.852  20.399 0.0000000000
45283  -43.886  -32.564  20.357 0.0000000000
45284  -45.072  -32.155  21.090 0.0000000000
45264  -45.747  -32.451  21.470 0.0000000000
45244  -46.414  -32.721  22.083 0.0000000000
110150  -47.025  -32.103  21.733 0.0000000000
48056  -46.192  -29.311  20.572 0.0000000000
48040  -45.944  -29.890  20.863 0.0000000000
120103  -47.449  -30.727  22.002 0.0000000000
46251  -48.471  -31.787  22.125 0.0000000000
45245  -48.110  -32.495  22.460 0.0000000000
45234  -49.584  -32.776  23.104 0.0000000000
45247  -49.869  -32.381  22.593 0.0000000000
47111  -51.470  -30.838  22.068 0.0000000000
46255  -52.126  -31.471  22.757 0.0000000000
50622  -50.566  -27.365  20.283 0.0000000000
49746  -49.624  -27.777  19.819 0.0000000000
50616  -50.220  -27.327  21.512 0.0000000000
50588  -50.387  -26.864  23.544 0.0000000000
50597  -49.695  -27.188  23.193 0.0000000000
49695  -49.934  -27.500  23.396 0.0000000000
48875  -49.304  -28.088  23.356 0.0000000000
48876  -49.990  -28.004  23.444 0.0000000000
57281  -53.488  -18.558  14.696 0.0000000000
58102  -54.110  -18.116  15.167 0.0000000000
58109  -53.897  -17.946  14.321 0.0000000000
58110  -54.347  -17.311  13.999 0.0000000000
58911  -55.098  -17.083  14.454 0.0000000000
58904  -55.650  -16.945  15.047 0.0000000000
58912  -55.623  -16.303  14.368 0.0000000000
59762  -53.334  -15.866  11.367 0.0000000000
59754  -55.517  -15.520  12.690 0.0000000000
58927  -54.850  -16.228  12.719 0.0000000000
60590  -55.935  -15.408  14.152 0.0000000000
60591  -56.337  -14.583  14.093 0.0000000000
61405  -56.642  -13.454  13.158 0.0000000000
62188  -57.174  -12.415  13.932 0.0000000000
62189  -57.699  -11.408  14.621 0.0000000000
61438  -55.507  -13.188  9.219 0.0000000000
61437  -54.938  -13.652  9.120 0.0000000000
106000  -55.831  -13.561  10.707 0.0000000000
61429  -56.157  -12.896  10.484 0.0000000000
62947  -57.247  -11.193  12.041 0.0000000000
100392  -58.000  -8.169  10.566 0.0000000000
100373  -58.340  -7.774  10.088 0.0000000000
39141  -40.839  -39.634  31.214 0.0000000000
36818  -38.347  -42.390  30.547 0.0000000000
37579  -39.029  -41.790  30.857 0.0000000000
37580  -39.643  -41.548  31.416 0.0000000000
38343  -40.179  -40.997  31.640 0.0000000000
44204  -42.614  -34.241  23.055 0.0000000000
44205  -43.366  -34.100  23.276 0.0000000000
44226  -43.253  -33.991  22.432 0.0000000000
44251  -43.846  -33.554  21.781 0.0000000000
117076  -52.573  -20.429  17.587 0.0000000000
56377  -52.874  -20.027  18.260 0.0000000000
56378  -53.536  -19.505  18.616 0.0000000000
58066  -55.152  -17.940  19.372 0.0000000000
58077  -55.295  -17.825  18.670 0.0000000000
58067  -55.626  -17.175  19.333 0.0000000000
119552  -12.687  -51.900  42.712 0.0000000000
28683  -13.064  -52.444  43.021 0.0000000000
44116  -39.739  -33.408  29.329 0.0000000000
45133  -39.698  -32.860  29.191 0.0000000000
46137  -39.502  -32.511  28.441 0.0000000000
46153  -39.684  -32.223  27.968 0.0000000000
106042  -39.159  -32.460  27.823 0.0000000000
46174  -39.194  -32.863  27.363 0.0000000000
31182  -22.095  -48.941  41.358 0.0000000000
35930  -27.497  -43.369  39.529 0.0000000000
102476  -27.345  -43.617  40.542 0.0000000000
114794  -27.889  -43.537  40.243 0.0000000000
35895  -29.115  -44.040  41.727 0.0000000000
35025  -29.570  -44.599  42.623 0.0000000000
35040  -30.448  -44.886  41.420 0.0000000000
35102  -37.255  -45.162  37.675 0.0000000000
35088  -37.350  -44.924  38.471 0.0000000000
35933  -37.836  -44.072  40.260 0.0000000000
31206  -20.039  -49.035  39.599 0.0000000000
31193  -20.256  -49.320  40.478 0.0000000000
119301  -46.543  -28.725  18.246 0.0000000000
48941  -47.182  -28.600  18.605 0.0000000000
49737  -48.780  -28.103  20.525 0.0000000000
40699  -43.657  -37.436  35.518 0.0000000000
107517  -43.811  -36.777  34.877 0.0000000000
115951  -41.436  -37.323  30.416 0.0000000000
33284  -20.962  -47.113  36.708 0.0000000000
33285  -21.376  -46.941  37.283 0.0000000000
117890  -22.188  -45.986  36.668 0.0000000000
35146  -23.975  -44.596  34.709 0.0000000000
35963  -25.574  -44.004  36.444 0.0000000000
35964  -26.388  -43.214  36.400 0.0000000000
36740  -26.962  -42.859  36.367 0.0000000000
36792  -38.694  -43.123  32.521 0.0000000000
36028  -37.896  -43.837  32.532 0.0000000000
35155  -38.033  -44.433  34.665 0.0000000000
104883  -38.578  -44.091  35.032 0.0000000000
35984  -39.504  -43.657  35.818 0.0000000000
36743  -40.140  -43.010  36.792 0.0000000000
36756  -40.067  -43.106  36.097 0.0000000000
37518  -40.946  -41.962  36.121 0.0000000000
38313  -41.979  -40.317  33.896 0.0000000000
39106  -42.617  -39.654  35.339 0.0000000000
39881  -42.897  -38.874  35.793 0.0000000000
39873  -42.900  -38.840  36.729 0.0000000000
32285  -20.126  -47.525  35.556 0.0000000000
32266  -20.386  -47.597  36.413 0.0000000000
46160  -46.610  -31.723  28.275 0.0000000000
46161  -47.237  -31.417  28.717 0.0000000000
46182  -46.829  -31.952  27.639 0.0000000000
44170  -47.008  -33.557  25.082 0.0000000000
44171  -47.811  -33.574  25.160 0.0000000000
44172  -48.640  -33.575  25.256 0.0000000000
44148  -50.809  -33.333  25.903 0.0000000000
44174  -50.290  -33.404  25.216 0.0000000000
45219  -50.556  -33.069  24.291 0.0000000000
52397  -51.041  -25.120  17.516 0.0000000000
51522  -51.625  -25.501  18.579 0.0000000000
52398  -51.491  -25.157  18.110 0.0000000000
52390  -52.356  -24.795  19.563 0.0000000000
53198  -52.780  -24.074  19.898 0.0000000000
55529  -53.967  -20.934  21.900 0.0000000000
54801  -53.957  -21.851  21.562 0.0000000000
54794  -54.232  -21.607  22.693 0.0000000000
120509  -57.331  -12.539  16.362 0.0000000000
48967  -43.396  -28.371  16.384 0.0000000000
52427  -46.212  -25.026  14.812 0.0000000000
52428  -47.159  -25.028  14.837 0.0000000000
52439  -47.620  -24.455  14.326 0.0000000000
54046  -48.886  -21.877  13.396 0.0000000000
54870  -49.654  -21.599  13.650 0.0000000000
54858  -50.790  -21.443  14.549 0.0000000000
106044  -49.879  -20.983  13.445 0.0000000000
55612  -50.447  -20.552  13.483 0.0000000000
55613  -51.224  -19.908  13.525 0.0000000000
56420  -50.322  -19.864  13.008 0.0000000000
56431  -50.093  -19.276  12.560 0.0000000000
27802  -10.882  -53.652  47.634 0.0000000000
26877  -15.877  -54.470  46.967 0.0000000000
26876  -15.300  -53.975  47.048 0.0000000000
26869  -14.985  -54.474  47.738 0.0000000000
24107  -13.984  -55.523  47.779 0.0000000000
24102  -12.756  -55.414  48.451 0.0000000000
24993  -12.353  -55.163  48.823 0.0000000000
24101  -12.057  -55.721  48.635 0.0000000000
24100  -11.294  -55.834  48.343 0.0000000000
109398  -9.857  -56.242  48.525 0.0000000000
23203  -10.278  -57.539  47.771 0.0000000000
113997  -44.124  -34.299  34.081 0.0000000000
43167  -44.422  -33.903  35.016 0.0000000000
44067  -43.577  -33.295  33.629 0.0000000000
46120  -42.213  -32.434  31.234 0.0000000000
46113  -42.633  -32.304  31.880 0.0000000000
46121  -42.757  -31.938  31.638 0.0000000000
46122  -43.311  -31.629  31.980 0.0000000000
47012  -44.033  -31.395  32.222 0.0000000000
47013  -44.778  -30.991  32.456 0.0000000000
47023  -43.855  -31.453  31.630 0.0000000000
47039  -44.471  -31.336  31.176 0.0000000000
45170  -39.789  -32.895  26.895 0.0000000000
45171  -40.726  -33.211  26.987 0.0000000000
45195  -41.090  -33.626  26.149 0.0000000000
44182  -40.533  -34.106  24.505 0.0000000000
34164  -23.051  -46.068  40.112 0.0000000000
34153  -24.310  -45.383  40.981 0.0000000000
35883  -26.629  -44.663  43.380 0.0000000000
35024  -25.911  -44.661  43.024 0.0000000000
37555  -27.716  -42.593  33.133 0.0000000000
108297  -27.193  -42.374  32.982 0.0000000000
121864  -27.632  -42.565  34.310 0.0000000000
36755  -27.933  -42.737  35.386 0.0000000000
35981  -28.966  -43.704  35.838 0.0000000000
105571  -32.025  -44.734  32.535 0.0000000000
121967  -32.552  -44.908  32.610 0.0000000000
34209  -33.928  -46.085  37.132 0.0000000000
116621  -33.528  -45.967  36.393 0.0000000000
34193  -31.717  -45.261  37.355 0.0000000000
34166  -31.832  -45.530  39.012 0.0000000000
116037  -31.870  -45.639  39.938 0.0000000000
121609  -32.459  -45.823  40.090 0.0000000000
34154  -32.984  -45.945  40.157 0.0000000000
121849  -33.079  -46.185  40.406 0.0000000000
29504  -17.279  -51.011  39.016 0.0000000000
27873  -16.910  -52.682  40.762 0.0000000000
116746  -20.897  -50.823  43.135 0.0000000000
119905  -43.532  -31.648  19.036 0.0000000000
46276  -43.384  -32.459  19.705 0.0000000000
46277  -44.136  -31.857  19.726 0.0000000000
46278  -45.147  -31.273  20.753 0.0000000000
48041  -47.564  -29.507  21.843 0.0000000000
48024  -47.089  -30.181  21.917 0.0000000000
102721  -47.820  -29.955  22.126 0.0000000000
108769  -48.711  -31.070  21.919 0.0000000000
46253  -50.178  -31.654  22.175 0.0000000000
47110  -50.555  -30.859  21.826 0.0000000000
51496  -51.326  -26.456  21.688 0.0000000000
50608  -50.589  -26.761  22.151 0.0000000000
49683  -51.162  -26.935  24.161 0.0000000000
58116  -52.874  -18.105  13.304 0.0000000000
58125  -53.569  -17.159  12.913 0.0000000000
58918  -54.126  -17.001  13.297 0.0000000000
60610  -55.018  -15.081  11.513 0.0000000000
60598  -56.303  -14.347  13.333 0.0000000000
61411  -55.857  -14.226  11.898 0.0000000000
61412  -56.431  -13.449  12.149 0.0000000000
115882  -55.336  -12.348  7.133 0.0000000000
62222  -55.593  -12.498  8.073 0.0000000000
62206  -56.601  -12.019  10.231 0.0000000000
62953  -57.107  -11.136  11.127 0.0000000000
63760  -57.634  -9.964  12.063 0.0000000000
109844  -57.888  -9.038  11.880 0.0000000000
100039  -58.208  -7.331  9.446 0.0000000000
114575  -58.603  -7.623  9.700 0.0000000000
100041  -58.803  -7.615  9.201 0.0000000000
39895  -42.369  -39.100  33.258 0.0000000000
40741  -41.230  -38.108  30.820 0.0000000000
116087  -40.883  -37.669  30.052 0.0000000000
35145  -23.483  -44.571  34.033 0.0000000000
35995  -24.315  -44.209  33.968 0.0000000000
35996  -25.070  -43.615  34.001 0.0000000000
36055  -36.938  -43.592  30.623 0.0000000000
105259  -37.623  -43.363  31.061 0.0000000000
36804  -38.200  -43.188  31.691 0.0000000000
100946  -39.104  -42.947  33.142 0.0000000000
36783  -40.423  -42.204  33.894 0.0000000000
37558  -40.848  -41.654  33.607 0.0000000000
38312  -41.394  -41.135  33.711 0.0000000000
39113  -42.351  -39.599  33.733 0.0000000000
45175  -45.123  -32.736  26.346 0.0000000000
45199  -45.472  -33.198  25.655 0.0000000000
120191  -45.499  -33.536  24.816 0.0000000000
110464  -45.140  -33.722  24.195 0.0000000000
44169  -46.185  -33.518  24.998 0.0000000000
44188  -46.721  -33.696  24.266 0.0000000000
54012  -51.653  -22.733  17.274 0.0000000000
54005  -51.925  -22.946  18.056 0.0000000000
54811  -52.297  -22.225  18.575 0.0000000000
54812  -52.644  -21.915  19.402 0.0000000000
55551  -52.660  -20.518  19.042 0.0000000000
115061  -52.938  -20.858  20.330 0.0000000000
55537  -53.584  -21.159  20.945 0.0000000000
111690  -53.780  -20.420  21.337 0.0000000000
58874  -55.915  -16.289  19.079 0.0000000000
104519  -56.305  -15.532  16.970 0.0000000000
28675  -11.440  -51.765  44.357 0.0000000000
105555  -42.080  -33.888  31.481 0.0000000000
43188  -42.485  -33.428  32.092 0.0000000000
44091  -41.990  -33.148  31.461 0.0000000000
45116  -41.766  -32.854  31.078 0.0000000000
45123  -40.705  -32.991  30.257 0.0000000000
45115  -41.289  -32.990  30.520 0.0000000000
46119  -41.649  -32.721  30.678 0.0000000000
46129  -41.841  -32.458  30.526 0.0000000000
47036  -42.206  -32.190  30.249 0.0000000000
118853  -42.162  -32.252  29.422 0.0000000000
47066  -41.657  -32.428  29.096 0.0000000000
46155  -41.197  -32.478  28.537 0.0000000000
46177  -40.625  -32.381  27.902 0.0000000000
46176  -39.919  -32.285  27.633 0.0000000000
46202  -40.163  -32.460  27.404 0.0000000000
104574  -39.006  -33.257  25.750 0.0000000000
104317  -25.201  -44.775  38.933 0.0000000000
35067  -25.506  -44.588  39.509 0.0000000000
117214  -27.080  -43.905  41.689 0.0000000000
35892  -26.556  -44.243  42.669 0.0000000000
37566  -27.743  -42.359  32.412 0.0000000000
36790  -28.333  -42.940  32.763 0.0000000000
118817  -35.144  -45.488  34.968 0.0000000000
34237  -34.594  -45.503  34.583 0.0000000000
34224  -35.372  -45.685  35.568 0.0000000000
34210  -34.872  -46.051  36.780 0.0000000000
103113  -35.676  -46.023  37.161 0.0000000000
34196  -34.808  -46.210  37.837 0.0000000000
101706  -34.233  -46.164  38.895 0.0000000000
34169  -34.549  -45.938  39.766 0.0000000000
35055  -35.779  -45.172  41.079 0.0000000000
35056  -36.552  -45.001  41.076 0.0000000000
35042  -36.134  -45.303  41.976 0.0000000000
30370  -17.652  -49.419  37.290 0.0000000000
30339  -18.470  -49.940  38.976 0.0000000000
29480  -18.819  -51.201  40.867 0.0000000000
29472  -20.897  -50.582  42.437 0.0000000000
48063  -45.140  -29.962  19.221 0.0000000000
48919  -46.697  -28.981  20.928 0.0000000000
48903  -47.332  -29.054  21.430 0.0000000000
48886  -47.854  -28.863  22.076 0.0000000000
48018  -48.857  -28.606  23.050 0.0000000000
58934  -51.317  -16.871  11.214 0.0000000000
58945  -51.821  -16.298  10.819 0.0000000000
116010  -52.606  -15.867  10.759 0.0000000000
62970  -56.039  -11.765  7.672 0.0000000000
63785  -56.958  -9.976  9.052 0.0000000000
64650  -57.365  -8.768  8.863 0.0000000000
26913  -14.990  -53.642  43.614 0.0000000000
26901  -15.727  -53.859  44.125 0.0000000000
26878  -17.102  -54.591  46.684 0.0000000000
42355  -43.937  -35.142  33.426 0.0000000000
42367  -43.536  -35.035  32.724 0.0000000000
40721  -42.817  -37.632  32.950 0.0000000000
106920  -42.886  -36.822  32.477 0.0000000000
41552  -42.560  -36.695  31.682 0.0000000000
113422  -42.956  -36.173  32.064 0.0000000000
43211  -40.345  -33.633  29.726 0.0000000000
43229  -40.730  -34.667  29.396 0.0000000000
44124  -38.665  -33.617  28.112 0.0000000000
32228  -21.374  -47.896  39.509 0.0000000000
33274  -22.172  -46.707  38.846 0.0000000000
34205  -22.759  -45.629  36.308 0.0000000000
34206  -23.460  -45.340  36.651 0.0000000000
116911  -24.735  -44.897  38.431 0.0000000000
35940  -26.758  -43.459  38.495 0.0000000000
35941  -27.272  -43.177  38.655 0.0000000000
35942  -27.812  -43.171  38.767 0.0000000000
35943  -28.561  -43.586  38.753 0.0000000000
36039  -32.734  -44.495  31.156 0.0000000000
35182  -32.718  -44.835  32.042 0.0000000000
120981  -33.441  -45.010  32.152 0.0000000000
101523  -33.952  -45.008  32.583 0.0000000000
35186  -36.486  -44.495  32.537 0.0000000000
35185  -35.618  -44.675  32.573 0.0000000000
35171  -35.510  -44.987  33.507 0.0000000000
35152  -35.366  -45.385  34.277 0.0000000000
35133  -35.837  -45.343  34.955 0.0000000000
35117  -36.899  -45.190  35.943 0.0000000000
35136  -38.217  -44.514  35.499 0.0000000000
35118  -37.712  -44.870  36.143 0.0000000000
35103  -37.954  -44.724  37.099 0.0000000000
35104  -38.393  -44.360  37.844 0.0000000000
35090  -38.611  -43.981  38.521 0.0000000000
35935  -39.306  -43.322  39.545 0.0000000000
35944  -39.288  -43.503  38.508 0.0000000000
36728  -40.471  -42.420  38.487 0.0000000000
118580  -41.045  -41.670  39.045 0.0000000000
38258  -41.911  -40.566  38.362 0.0000000000
37530  -40.916  -41.857  35.304 0.0000000000
37531  -41.427  -41.442  35.763 0.0000000000
107593  -41.836  -40.899  35.366 0.0000000000
38289  -41.845  -40.916  36.173 0.0000000000
38276  -41.787  -41.001  36.854 0.0000000000
39076  -42.695  -39.366  38.020 0.0000000000
40677  -43.279  -38.221  37.402 0.0000000000
31256  -18.218  -48.657  36.251 0.0000000000
31237  -19.399  -48.680  37.362 0.0000000000
32249  -19.922  -48.151  36.896 0.0000000000
102217  -48.349  -30.434  30.461 0.0000000000
47068  -48.797  -31.000  29.037 0.0000000000
47069  -49.709  -30.816  29.095 0.0000000000
47070  -50.537  -31.035  29.091 0.0000000000
45154  -47.199  -32.442  27.058 0.0000000000
45155  -48.114  -32.417  27.212 0.0000000000
50630  -49.168  -27.374  17.857 0.0000000000
49755  -49.446  -27.643  18.778 0.0000000000
50631  -49.936  -26.985  18.237 0.0000000000
121525  -51.323  -26.775  20.243 0.0000000000
51513  -51.378  -26.092  18.958 0.0000000000
50617  -51.724  -26.254  19.779 0.0000000000
51497  -51.774  -26.239  20.800 0.0000000000
109426  -51.839  -25.891  21.843 0.0000000000
52356  -52.163  -25.412  24.657 0.0000000000
53995  -52.725  -23.297  19.500 0.0000000000
53983  -53.128  -23.384  20.220 0.0000000000
53185  -53.173  -24.103  20.646 0.0000000000
53977  -53.842  -22.672  21.219 0.0000000000
115686  -53.730  -23.369  21.739 0.0000000000
53179  -53.337  -24.038  21.422 0.0000000000
53167  -53.121  -24.076  23.634 0.0000000000
25897  -9.444  -54.642  50.044 0.0000000000
45280  -40.243  -33.531  19.951 0.0000000000
45281  -41.800  -33.300  20.320 0.0000000000
102921  -41.103  -33.303  19.729 0.0000000000
45299  -41.898  -32.830  19.494 0.0000000000
46287  -41.991  -32.299  18.877 0.0000000000
46302  -41.594  -31.917  18.342 0.0000000000
119751  -43.198  -30.935  18.673 0.0000000000
47154  -43.528  -30.400  18.367 0.0000000000
48069  -43.042  -30.072  17.742 0.0000000000
48070  -44.756  -29.819  18.350 0.0000000000
48940  -45.145  -29.399  17.877 0.0000000000
49761  -44.235  -28.347  16.503 0.0000000000
48952  -45.490  -28.844  17.310 0.0000000000
48953  -46.256  -28.574  17.544 0.0000000000
49764  -46.670  -27.992  17.041 0.0000000000
49765  -47.498  -27.832  17.259 0.0000000000
104164  -45.857  -27.011  15.949 0.0000000000
50640  -47.150  -27.510  16.525 0.0000000000
103945  -48.028  -27.398  16.708 0.0000000000
111913  -48.924  -27.233  16.926 0.0000000000
51525  -49.343  -26.558  16.480 0.0000000000
114758  -49.984  -26.053  17.010 0.0000000000
120027  -48.658  -25.564  15.377 0.0000000000
52410  -49.198  -25.361  15.584 0.0000000000
51526  -50.347  -25.178  16.798 0.0000000000
52412  -50.968  -24.301  16.991 0.0000000000
104914  -51.153  -23.293  16.645 0.0000000000
53239  -48.108  -23.715  13.868 0.0000000000
53240  -49.083  -23.365  14.162 0.0000000000
101903  -50.221  -23.368  15.289 0.0000000000
53227  -50.652  -23.340  15.874 0.0000000000
115412  -51.452  -22.481  16.606 0.0000000000
54844  -51.449  -21.872  16.083 0.0000000000
55572  -51.964  -21.143  16.505 0.0000000000
55584  -51.702  -21.140  15.637 0.0000000000
55573  -52.411  -20.468  16.829 0.0000000000
56398  -52.679  -19.857  16.242 0.0000000000
56409  -53.243  -19.281  15.891 0.0000000000
104319  -53.876  -18.910  16.310 0.0000000000
100813  -53.060  -19.093  15.104 0.0000000000
57280  -52.835  -18.973  14.298 0.0000000000
57287  -52.498  -18.695  13.579 0.0000000000
58115  -52.076  -18.146  12.879 0.0000000000
58123  -51.466  -17.842  12.156 0.0000000000
58136  -50.983  -17.460  11.577 0.0000000000
103707  -50.214  -17.660  11.386 0.0000000000
58145  -50.532  -17.060  11.010 0.0000000000
27829  -14.133  -53.375  44.001 0.0000000000
27821  -13.210  -53.125  45.361 0.0000000000
27815  -13.072  -53.244  46.234 0.0000000000
24109  -15.507  -55.127  47.349 0.0000000000
25001  -15.276  -55.163  47.983 0.0000000000
25908  -14.596  -54.737  48.056 0.0000000000
25905  -13.957  -54.783  48.343 0.0000000000
26868  -13.994  -54.389  48.033 0.0000000000
26873  -12.693  -53.847  47.753 0.0000000000
27808  -12.177  -53.635  47.124 0.0000000000
27803  -11.853  -53.896  47.652 0.0000000000
26865  -11.460  -54.020  47.920 0.0000000000
109397  -11.805  -55.192  48.993 0.0000000000
26859  -10.940  -54.662  48.473 0.0000000000
107971  -9.032  -55.176  50.096 0.0000000000
107668  -9.118  -55.855  49.960 0.0000000000
24099  -9.145  -56.780  49.199 0.0000000000
47945  -48.593  -30.225  33.743 0.0000000000
112048  -44.764  -33.752  37.296 0.0000000000
44066  -43.229  -32.693  33.213 0.0000000000
45097  -43.483  -32.346  33.469 0.0000000000
46091  -44.405  -31.693  34.403 0.0000000000
47002  -45.639  -30.638  33.537 0.0000000000
100675  -46.341  -30.510  33.047 0.0000000000
100772  -47.025  -31.030  30.327 0.0000000000
46159  -45.785  -31.927  28.595 0.0000000000
104762  -43.056  -32.086  29.033 0.0000000000
45149  -42.009  -32.844  27.710 0.0000000000
46179  -43.637  -32.749  27.962 0.0000000000
45151  -43.808  -32.965  27.179 0.0000000000
45174  -44.541  -32.781  26.733 0.0000000000
44184  -42.417  -33.945  24.529 0.0000000000
105180  -42.751  -34.046  23.771 0.0000000000
106947  -41.791  -34.176  22.942 0.0000000000
45147  -37.350  -34.002  26.290 0.0000000000
46173  -37.808  -33.677  25.926 0.0000000000
46199  -37.709  -33.338  25.653 0.0000000000
111792  -37.188  -32.990  25.508 0.0000000000
113524  -36.964  -32.714  25.306 0.0000000000
100921  -37.636  -33.195  25.636 0.0000000000
108667  -37.485  -33.054  24.970 0.0000000000
45216  -38.149  -33.588  24.369 0.0000000000
44199  -37.712  -33.647  23.407 0.0000000000
44200  -38.549  -33.883  23.493 0.0000000000
44224  -39.057  -33.952  22.730 0.0000000000
44246  -38.011  -33.894  21.124 0.0000000000
107515  -39.591  -33.977  22.007 0.0000000000
44248  -40.187  -33.899  21.392 0.0000000000
102797  -40.020  -33.786  20.661 0.0000000000
44268  -40.874  -33.677  20.677 0.0000000000
109780  -22.802  -46.594  40.540 0.0000000000
35050  -24.676  -44.953  40.488 0.0000000000
36768  -25.789  -42.763  34.192 0.0000000000
36742  -27.656  -42.914  36.054 0.0000000000
106600  -30.336  -44.131  32.245 0.0000000000
35181  -31.173  -44.556  32.420 0.0000000000
120002  -29.951  -44.010  32.956 0.0000000000
36015  -30.056  -44.047  33.702 0.0000000000
108594  -30.142  -44.320  34.551 0.0000000000
34236  -33.811  -45.592  34.883 0.0000000000
34221  -32.862  -45.899  36.034 0.0000000000
118350  -30.853  -44.772  34.795 0.0000000000
35968  -29.995  -44.282  36.820 0.0000000000
35085  -29.434  -44.310  38.440 0.0000000000
35068  -29.850  -44.618  40.124 0.0000000000
35053  -30.492  -44.901  40.587 0.0000000000
35041  -31.103  -45.206  41.024 0.0000000000
118625  -31.638  -45.534  40.638 0.0000000000
27851  -14.518  -53.090  42.289 0.0000000000
28710  -14.100  -51.402  39.818 0.0000000000
28711  -14.589  -52.058  40.207 0.0000000000
28712  -15.483  -52.256  40.041 0.0000000000
27862  -14.754  -52.862  41.479 0.0000000000
26924  -15.971  -53.712  42.383 0.0000000000
28686  -20.634  -51.399  43.403 0.0000000000
45261  -42.557  -33.296  20.897 0.0000000000
45242  -44.721  -33.396  21.932 0.0000000000
45263  -44.377  -32.809  21.172 0.0000000000
45243  -45.528  -33.138  22.057 0.0000000000
45231  -46.852  -33.258  22.826 0.0000000000
45232  -47.664  -33.065  22.989 0.0000000000
47138  -45.378  -30.486  20.432 0.0000000000
47125  -45.782  -30.744  20.973 0.0000000000
117551  -46.281  -31.201  21.277 0.0000000000
47107  -46.918  -31.140  21.719 0.0000000000
45233  -48.455  -32.993  23.118 0.0000000000
121863  -49.107  -32.998  23.263 0.0000000000
45235  -50.268  -32.767  23.319 0.0000000000
45236  -51.152  -32.628  23.522 0.0000000000
119938  -51.426  -32.079  22.973 0.0000000000
50607  -49.763  -27.087  22.612 0.0000000000
49726  -49.288  -27.549  22.140 0.0000000000
49709  -48.657  -27.837  22.757 0.0000000000
117695  -48.831  -28.141  23.157 0.0000000000
48888  -49.503  -28.501  23.110 0.0000000000
48028  -50.106  -28.970  22.146 0.0000000000
48042  -50.940  -29.432  21.638 0.0000000000
57274  -54.408  -18.442  15.910 0.0000000000
118125  -54.936  -18.116  16.300 0.0000000000
117100  -55.505  -17.362  15.536 0.0000000000
58893  -55.796  -16.770  15.842 0.0000000000
59732  -56.371  -15.255  15.515 0.0000000000
58925  -52.553  -16.964  12.022 0.0000000000
119761  -54.490  -16.668  13.047 0.0000000000
59752  -54.116  -16.041  11.979 0.0000000000
110205  -56.164  -15.669  14.789 0.0000000000
60584  -56.771  -13.967  15.721 0.0000000000
61392  -57.025  -12.908  15.332 0.0000000000
61398  -56.817  -13.478  14.177 0.0000000000
112549  -56.895  -12.347  12.054 0.0000000000
62941  -57.544  -11.333  13.884 0.0000000000
100356  -58.754  -8.019  10.292 0.0000000000
24996  -14.593  -54.897  48.149 0.0000000000
25910  -16.099  -54.823  47.472 0.0000000000
35194  -33.464  -44.859  31.508 0.0000000000
35894  -28.326  -43.865  42.420 0.0000000000
44122  -37.935  -34.122  26.893 0.0000000000
44245  -37.134  -33.887  21.449 0.0000000000
44247  -39.426  -33.896  21.172 0.0000000000
45148  -38.070  -34.079  26.821 0.0000000000
45265  -46.453  -31.963  21.365 0.0000000000
46198  -37.108  -33.200  25.613 0.0000000000
46216  -36.470  -32.769  25.305 0.0000000000
48054  -45.037  -30.318  19.871 0.0000000000
49682  -50.578  -27.043  23.758 0.0000000000
49710  -49.169  -27.684  23.209 0.0000000000
50657  -48.523  -26.901  16.158 0.0000000000
51487  -51.045  -26.280  22.673 0.0000000000
51534  -49.616  -25.703  16.237 0.0000000000
52363  -52.000  -25.302  23.881 0.0000000000
53220  -50.682  -23.919  16.302 0.0000000000
53994  -52.292  -23.126  18.804 0.0000000000
54871  -50.315  -21.201  13.929 0.0000000000
55585  -52.164  -20.532  15.977 0.0000000000
55610  -48.450  -21.382  13.088 0.0000000000
56369  -53.594  -19.437  19.401 0.0000000000
58926  -53.966  -16.652  12.619 0.0000000000
101665  -52.632  -21.066  19.684 0.0000000000
102702  -51.942  -22.239  17.809 0.0000000000
105267  -55.917  -14.872  12.789 0.0000000000
107486  -51.872  -24.749  18.690 0.0000000000
107670  -35.483  -45.342  41.441 0.0000000000
113203  -54.630  -17.651  14.742 0.0000000000
115420  -45.087  -30.846  33.926 0.0000000000
118649  -11.295  -54.962  48.901 0.0000000000
118940  -42.459  -34.130  31.863 0.0000000000
119707  -26.307  -44.018  40.439 0.0000000000
120307  -43.955  -29.557  17.393 0.0000000000
120521  -37.246  -43.688  31.172 0.0000000000
121104  -12.152  -52.681  45.279 0.0000000000
