#!ascii label  , from subject sub-038 vox2ras=TkReg
883
105444  15.031  -36.746  52.371 0.0000000000
37588  3.506  -40.291  36.358 0.0000000000
37456  12.281  -40.743  44.571 0.0000000000
39192  4.878  -38.366  45.465 0.0000000000
43312  3.744  -33.864  44.087 0.0000000000
40103  15.239  -37.243  46.002 0.0000000000
114913  10.332  -35.866  47.646 0.0000000000
37418  18.573  -38.572  50.994 0.0000000000
110958  15.813  -41.129  47.539 0.0000000000
35791  12.399  -43.049  47.410 0.0000000000
119101  2.571  -35.145  49.985 0.0000000000
41014  2.851  -36.731  44.471 0.0000000000
105985  2.461  -31.202  47.504 0.0000000000
35826  9.184  -43.066  44.308 0.0000000000
37531  8.548  -41.007  40.689 0.0000000000
40151  9.765  -37.430  43.682 0.0000000000
40065  5.574  -37.533  49.288 0.0000000000
36661  4.240  -39.822  40.670 0.0000000000
40183  2.664  -37.507  40.122 0.0000000000
41828  6.169  -35.387  39.256 0.0000000000
45119  7.184  -31.866  43.321 0.0000000000
40946  15.357  -36.582  48.825 0.0000000000
40928  12.752  -36.292  50.009 0.0000000000
39126  17.103  -37.854  51.552 0.0000000000
37424  17.755  -39.186  49.561 0.0000000000
39138  17.085  -38.512  49.629 0.0000000000
125865  16.270  -39.419  47.604 0.0000000000
43248  2.593  -33.581  48.898 0.0000000000
36614  10.454  -42.374  44.665 0.0000000000
37480  10.884  -40.322  43.107 0.0000000000
126445  12.070  -39.542  43.461 0.0000000000
122361  7.925  -36.863  51.111 0.0000000000
105035  7.377  -36.828  49.061 0.0000000000
36601  12.534  -42.288  46.492 0.0000000000
34981  10.860  -43.633  46.878 0.0000000000
36603  11.049  -42.922  46.072 0.0000000000
35810  8.317  -43.901  45.139 0.0000000000
105353  7.067  -39.690  42.569 0.0000000000
36646  5.795  -41.005  41.005 0.0000000000
37482  4.144  -39.656  42.822 0.0000000000
42540  2.912  -35.101  44.344 0.0000000000
110531  2.682  -36.971  41.924 0.0000000000
41803  3.388  -35.995  41.463 0.0000000000
41830  3.834  -36.343  39.322 0.0000000000
42563  5.733  -34.881  41.867 0.0000000000
38335  13.586  -39.345  45.012 0.0000000000
40130  12.962  -36.835  44.175 0.0000000000
121026  13.365  -35.777  46.528 0.0000000000
40060  10.096  -36.511  50.185 0.0000000000
38293  19.508  -38.361  48.659 0.0000000000
117917  17.969  -40.273  45.410 0.0000000000
36592  18.114  -40.390  47.670 0.0000000000
35795  16.740  -41.463  46.803 0.0000000000
36590  14.209  -41.925  47.025 0.0000000000
113255  14.378  -40.918  47.047 0.0000000000
40094  3.377  -37.876  47.590 0.0000000000
126501  3.068  -38.557  44.983 0.0000000000
125297  2.495  -36.303  47.044 0.0000000000
43265  2.502  -33.684  46.068 0.0000000000
110029  2.474  -32.481  45.758 0.0000000000
40886  14.574  -35.846  55.177 0.0000000000
41744  19.572  -35.560  48.162 0.0000000000
42481  20.861  -33.979  50.016 0.0000000000
125195  19.785  -36.410  52.630 0.0000000000
39973  17.260  -36.232  54.098 0.0000000000
35043  6.908  -44.157  42.887 0.0000000000
35055  8.555  -43.304  40.837 0.0000000000
35843  9.670  -42.278  42.546 0.0000000000
125543  8.991  -39.433  41.943 0.0000000000
39208  7.085  -38.370  44.326 0.0000000000
41013  10.577  -36.456  44.741 0.0000000000
40106  7.010  -37.218  46.600 0.0000000000
39160  5.373  -37.799  47.040 0.0000000000
40050  3.528  -37.114  49.656 0.0000000000
35866  7.078  -42.573  38.815 0.0000000000
35883  4.837  -41.840  38.222 0.0000000000
36677  3.648  -40.589  38.851 0.0000000000
106010  2.990  -39.192  42.551 0.0000000000
37533  3.352  -39.348  40.379 0.0000000000
38451  3.015  -39.598  37.824 0.0000000000
120041  3.694  -37.448  37.311 0.0000000000
41870  4.996  -36.816  37.287 0.0000000000
46892  2.634  -29.566  46.565 0.0000000000
46000  3.079  -30.346  44.917 0.0000000000
46915  4.841  -29.421  44.177 0.0000000000
43289  6.075  -32.592  44.198 0.0000000000
42561  7.676  -34.293  41.693 0.0000000000
40925  15.289  -36.832  50.620 0.0000000000
40041  13.612  -36.650  51.290 0.0000000000
39998  13.645  -36.600  53.293 0.0000000000
39122  15.889  -37.026  52.429 0.0000000000
116947  16.925  -38.022  51.052 0.0000000000
40039  16.295  -37.521  51.074 0.0000000000
40075  16.389  -37.576  48.762 0.0000000000
36738  3.690  -41.054  35.123 0.0000000000
120264  3.336  -40.084  36.133 0.0000000000
37457  11.809  -41.289  44.642 0.0000000000
37470  11.776  -40.689  44.176 0.0000000000
37469  12.254  -39.970  43.976 0.0000000000
37454  18.856  -39.048  45.197 0.0000000000
37439  12.666  -41.849  45.900 0.0000000000
36602  11.810  -42.545  46.445 0.0000000000
36605  11.629  -42.353  45.719 0.0000000000
36606  10.751  -42.681  45.396 0.0000000000
38356  6.019  -38.967  43.779 0.0000000000
38371  5.357  -39.348  43.091 0.0000000000
38357  4.793  -39.151  43.880 0.0000000000
42524  3.147  -34.455  44.281 0.0000000000
41792  3.191  -35.938  42.389 0.0000000000
42539  3.552  -34.668  43.599 0.0000000000
42564  4.608  -35.116  41.901 0.0000000000
42538  4.845  -34.252  43.099 0.0000000000
39172  14.342  -38.774  45.427 0.0000000000
40114  13.982  -37.018  44.622 0.0000000000
40994  14.535  -36.695  45.451 0.0000000000
40929  11.909  -36.320  50.186 0.0000000000
40015  8.891  -36.847  52.166 0.0000000000
38290  19.191  -39.078  50.096 0.0000000000
36584  18.842  -39.509  48.105 0.0000000000
37423  18.818  -39.367  49.715 0.0000000000
105611  16.841  -40.311  47.819 0.0000000000
36587  17.387  -40.249  48.010 0.0000000000
122104  16.318  -41.362  47.316 0.0000000000
36589  14.856  -41.525  47.404 0.0000000000
39159  15.949  -38.192  47.046 0.0000000000
37436  14.980  -40.302  47.289 0.0000000000
38319  14.761  -39.258  46.155 0.0000000000
37444  13.979  -40.037  45.735 0.0000000000
40954  2.838  -36.758  48.606 0.0000000000
40095  2.878  -37.516  47.275 0.0000000000
121570  2.515  -36.307  48.310 0.0000000000
45066  2.363  -31.818  48.197 0.0000000000
43256  2.432  -33.215  47.562 0.0000000000
107643  2.234  -32.522  46.717 0.0000000000
44208  2.591  -33.162  45.711 0.0000000000
45091  2.171  -32.101  46.155 0.0000000000
106990  20.211  -36.481  51.077 0.0000000000
35836  8.096  -43.513  43.855 0.0000000000
35028  8.447  -43.356  42.947 0.0000000000
108763  9.142  -42.880  43.035 0.0000000000
38368  11.098  -39.368  42.767 0.0000000000
38384  10.468  -39.699  42.389 0.0000000000
39239  9.798  -38.576  42.599 0.0000000000
39225  8.316  -38.545  43.241 0.0000000000
40152  8.980  -37.874  43.672 0.0000000000
41011  12.357  -35.928  44.795 0.0000000000
41012  11.563  -36.292  44.417 0.0000000000
40985  10.291  -36.052  46.656 0.0000000000
40079  6.527  -37.207  48.919 0.0000000000
40091  7.790  -36.883  47.095 0.0000000000
40093  6.268  -37.153  48.045 0.0000000000
40107  6.213  -37.517  47.102 0.0000000000
39152  4.965  -37.634  48.697 0.0000000000
39140  4.252  -37.703  48.495 0.0000000000
40066  4.648  -37.438  49.932 0.0000000000
35815  17.347  -40.766  45.272 0.0000000000
35832  16.927  -40.899  44.182 0.0000000000
34973  12.686  -43.186  47.471 0.0000000000
33313  12.076  -44.617  46.816 0.0000000000
34110  11.782  -44.045  47.303 0.0000000000
34983  9.551  -44.384  46.682 0.0000000000
34112  9.824  -44.825  47.086 0.0000000000
35818  8.916  -43.478  44.818 0.0000000000
35002  7.500  -44.125  44.901 0.0000000000
118905  8.908  -42.645  40.479 0.0000000000
115468  7.952  -43.165  39.471 0.0000000000
36671  8.156  -41.934  39.577 0.0000000000
104747  4.925  -40.751  40.948 0.0000000000
36659  5.611  -41.396  40.167 0.0000000000
106697  4.190  -40.601  39.930 0.0000000000
36689  3.951  -41.166  38.629 0.0000000000
110284  3.913  -40.214  39.805 0.0000000000
40137  2.768  -37.787  44.766 0.0000000000
38358  2.958  -39.036  43.884 0.0000000000
106855  2.702  -38.454  43.937 0.0000000000
40173  2.661  -37.567  40.831 0.0000000000
39253  2.785  -38.361  41.293 0.0000000000
39265  2.721  -38.284  40.552 0.0000000000
111296  2.879  -39.022  39.219 0.0000000000
39287  2.776  -38.295  38.869 0.0000000000
112839  2.739  -38.340  38.003 0.0000000000
41062  3.259  -36.995  38.805 0.0000000000
106066  5.209  -35.743  39.018 0.0000000000
41843  4.689  -36.229  38.408 0.0000000000
41842  5.429  -36.073  38.200 0.0000000000
47891  3.350  -28.497  46.022 0.0000000000
46904  2.530  -29.736  45.646 0.0000000000
46903  2.951  -29.178  45.139 0.0000000000
46020  5.833  -29.837  43.107 0.0000000000
46010  5.487  -29.958  43.874 0.0000000000
45998  5.633  -30.872  44.381 0.0000000000
44222  6.663  -32.223  43.813 0.0000000000
42536  6.707  -33.890  42.964 0.0000000000
43326  7.806  -33.062  42.627 0.0000000000
40965  15.357  -36.668  47.877 0.0000000000
40966  14.728  -36.287  47.385 0.0000000000
40935  14.403  -36.323  49.413 0.0000000000
38286  17.504  -37.860  51.683 0.0000000000
121003  18.229  -39.267  49.916 0.0000000000
39129  17.466  -38.457  50.793 0.0000000000
38294  17.390  -39.136  49.147 0.0000000000
117828  16.979  -39.049  48.620 0.0000000000
122275  15.840  -40.564  47.560 0.0000000000
126569  16.591  -38.875  48.106 0.0000000000
40089  16.356  -37.954  47.990 0.0000000000
42483  2.484  -34.561  50.474 0.0000000000
42489  2.537  -34.489  49.522 0.0000000000
120113  2.376  -32.922  50.302 0.0000000000
45052  2.574  -31.439  49.216 0.0000000000
107693  2.793  -30.550  48.855 0.0000000000
110535  9.668  -42.960  44.594 0.0000000000
36631  10.137  -41.841  43.379 0.0000000000
36624  10.449  -41.828  44.095 0.0000000000
38355  11.669  -40.008  43.456 0.0000000000
107996  11.334  -38.038  43.090 0.0000000000
40077  9.130  -36.575  49.180 0.0000000000
40953  8.775  -36.471  48.293 0.0000000000
40062  7.923  -36.896  49.916 0.0000000000
105591  6.443  -37.351  50.360 0.0000000000
40035  5.560  -37.718  51.214 0.0000000000
40048  4.705  -37.631  50.812 0.0000000000
106889  12.705  -42.636  47.043 0.0000000000
35792  11.724  -43.166  47.158 0.0000000000
35798  11.514  -43.044  46.928 0.0000000000
35799  10.702  -43.531  46.663 0.0000000000
35805  9.630  -43.731  46.037 0.0000000000
34991  8.745  -44.023  45.645 0.0000000000
35808  10.178  -43.305  45.708 0.0000000000
35817  9.881  -43.157  45.033 0.0000000000
38386  7.582  -39.927  41.775 0.0000000000
37532  7.627  -41.022  40.600 0.0000000000
105010  6.214  -40.548  41.617 0.0000000000
37515  5.076  -40.406  41.837 0.0000000000
36638  4.182  -40.013  42.020 0.0000000000
41775  2.842  -35.851  44.309 0.0000000000
41030  2.617  -37.108  42.809 0.0000000000
41793  2.842  -36.439  42.598 0.0000000000
41804  3.006  -36.485  41.703 0.0000000000
41040  3.133  -36.471  40.868 0.0000000000
41056  3.555  -36.628  39.121 0.0000000000
41817  3.678  -36.009  40.596 0.0000000000
41816  4.466  -35.668  40.366 0.0000000000
41815  5.460  -35.421  39.981 0.0000000000
46019  6.462  -30.485  42.764 0.0000000000
44233  7.793  -32.343  42.662 0.0000000000
45143  8.549  -31.919  41.700 0.0000000000
38320  13.146  -40.349  45.097 0.0000000000
38354  12.762  -39.370  44.093 0.0000000000
39189  13.327  -38.815  44.329 0.0000000000
41010  13.317  -36.196  44.755 0.0000000000
105266  11.662  -35.881  46.807 0.0000000000
105209  13.098  -35.910  47.476 0.0000000000
40950  11.706  -35.893  48.514 0.0000000000
40951  10.673  -36.036  48.739 0.0000000000
40045  8.939  -36.760  51.203 0.0000000000
38307  19.276  -38.406  47.186 0.0000000000
105357  19.034  -39.217  46.090 0.0000000000
37434  18.854  -39.572  46.457 0.0000000000
36586  17.963  -40.023  48.314 0.0000000000
119151  17.320  -41.138  46.836 0.0000000000
34989  16.388  -41.737  45.365 0.0000000000
34972  13.089  -43.193  47.382 0.0000000000
36591  13.500  -42.476  46.905 0.0000000000
37432  15.117  -40.795  47.609 0.0000000000
37433  14.543  -41.008  47.310 0.0000000000
36596  13.073  -42.180  46.746 0.0000000000
37438  13.264  -41.746  46.217 0.0000000000
37445  13.485  -40.955  45.694 0.0000000000
39175  3.978  -38.341  46.649 0.0000000000
39193  4.088  -38.625  45.222 0.0000000000
39176  3.400  -38.224  46.342 0.0000000000
40108  2.740  -37.531  46.453 0.0000000000
41000  2.454  -36.916  46.032 0.0000000000
42494  2.562  -34.481  48.265 0.0000000000
111080  2.463  -35.573  46.738 0.0000000000
110537  2.490  -35.340  45.891 0.0000000000
42516  2.613  -34.467  45.614 0.0000000000
43293  2.854  -33.443  45.296 0.0000000000
44214  3.080  -32.828  45.103 0.0000000000
39969  14.107  -36.499  54.599 0.0000000000
40088  19.195  -37.254  46.946 0.0000000000
43246  21.236  -32.840  49.093 0.0000000000
43231  21.404  -33.211  50.531 0.0000000000
43241  20.808  -33.800  49.198 0.0000000000
119846  19.831  -35.288  49.135 0.0000000000
40945  19.489  -36.168  48.518 0.0000000000
40074  19.518  -36.817  48.592 0.0000000000
39124  19.526  -37.577  51.099 0.0000000000
38283  19.149  -37.687  51.862 0.0000000000
40900  18.874  -36.238  54.034 0.0000000000
118331  17.895  -37.215  52.608 0.0000000000
39106  16.595  -36.464  53.365 0.0000000000
39987  15.809  -36.417  53.705 0.0000000000
35851  9.099  -42.816  41.237 0.0000000000
36655  9.244  -41.219  40.950 0.0000000000
36637  10.047  -41.529  42.467 0.0000000000
37511  9.577  -40.656  41.477 0.0000000000
37512  8.866  -40.433  41.220 0.0000000000
107007  7.894  -39.409  42.174 0.0000000000
39227  6.768  -38.822  43.953 0.0000000000
39209  6.294  -38.568  44.520 0.0000000000
39221  12.170  -38.029  43.416 0.0000000000
40132  11.025  -36.872  43.971 0.0000000000
40133  10.170  -36.968  44.092 0.0000000000
40971  8.461  -36.577  47.484 0.0000000000
40104  8.792  -36.681  45.759 0.0000000000
40116  8.049  -36.962  45.201 0.0000000000
40117  7.133  -37.271  45.608 0.0000000000
40118  6.231  -37.548  46.017 0.0000000000
39174  4.713  -38.113  46.422 0.0000000000
39162  4.002  -38.200  47.389 0.0000000000
40080  3.669  -37.659  48.329 0.0000000000
40941  3.067  -36.524  49.502 0.0000000000
40930  3.438  -36.965  50.993 0.0000000000
40921  2.921  -36.363  51.053 0.0000000000
41734  2.576  -35.487  50.825 0.0000000000
32460  11.114  -45.620  46.018 0.0000000000
34111  10.314  -44.471  47.098 0.0000000000
36673  6.692  -41.911  39.400 0.0000000000
36688  6.123  -42.262  38.409 0.0000000000
36703  3.595  -40.555  37.229 0.0000000000
38372  4.001  -39.496  43.475 0.0000000000
37484  3.534  -39.500  42.894 0.0000000000
36639  3.826  -39.824  42.026 0.0000000000
39241  2.757  -38.460  42.205 0.0000000000
38402  3.269  -39.368  41.826 0.0000000000
106334  3.870  -39.530  40.719 0.0000000000
37546  3.562  -39.882  39.615 0.0000000000
37568  3.255  -40.053  37.934 0.0000000000
37569  3.336  -39.907  37.242 0.0000000000
39312  3.117  -39.068  36.781 0.0000000000
41061  3.746  -36.708  38.317 0.0000000000
41871  4.551  -37.006  37.446 0.0000000000
45956  3.032  -29.958  48.550 0.0000000000
123878  3.420  -29.001  47.852 0.0000000000
45967  2.498  -30.349  47.083 0.0000000000
45977  2.250  -30.425  46.216 0.0000000000
45111  2.872  -31.358  45.072 0.0000000000
108668  3.487  -32.267  44.919 0.0000000000
45999  3.970  -29.958  44.606 0.0000000000
45109  4.023  -31.561  44.885 0.0000000000
43291  4.543  -33.184  44.349 0.0000000000
42537  5.715  -33.834  43.484 0.0000000000
120751  6.503  -34.472  42.349 0.0000000000
105236  7.405  -34.810  41.061 0.0000000000
108008  8.183  -34.367  41.102 0.0000000000
40026  14.849  -36.751  51.461 0.0000000000
105258  14.020  -36.578  52.238 0.0000000000
40009  14.283  -36.657  52.913 0.0000000000
40008  15.159  -36.693  52.815 0.0000000000
40025  15.765  -37.146  51.788 0.0000000000
109032  15.684  -37.065  51.056 0.0000000000
36725  3.797  -40.750  35.881 0.0000000000
104962  3.480  -40.378  35.713 0.0000000000
39169  19.202  -38.236  45.737 0.0000000000
105860  19.133  -38.536  45.275 0.0000000000
38317  19.059  -38.903  45.539 0.0000000000
37446  12.222  -41.577  45.277 0.0000000000
36613  11.371  -41.973  44.993 0.0000000000
39210  5.412  -38.689  44.599 0.0000000000
38338  4.601  -38.786  44.691 0.0000000000
105572  4.111  -34.803  42.786 0.0000000000
119804  4.117  -34.292  43.471 0.0000000000
39171  15.102  -38.252  45.846 0.0000000000
39187  14.654  -37.649  45.218 0.0000000000
38287  19.057  -38.581  50.832 0.0000000000
37419  18.721  -39.077  50.437 0.0000000000
126293  16.718  -40.856  47.625 0.0000000000
34969  15.447  -41.682  47.327 0.0000000000
119333  15.048  -41.688  47.378 0.0000000000
36593  15.342  -41.020  47.645 0.0000000000
39170  15.532  -37.953  46.365 0.0000000000
38318  15.427  -38.751  46.514 0.0000000000
111835  2.629  -36.082  48.988 0.0000000000
125646  2.230  -31.828  47.447 0.0000000000
117718  2.246  -32.298  47.464 0.0000000000
45079  2.152  -31.789  46.815 0.0000000000
35835  8.779  -43.158  43.789 0.0000000000
39223  10.747  -38.375  42.790 0.0000000000
39224  9.810  -37.933  43.111 0.0000000000
40984  11.119  -35.968  46.169 0.0000000000
40064  6.148  -37.399  49.501 0.0000000000
39151  5.732  -37.501  48.614 0.0000000000
39131  5.170  -37.478  49.601 0.0000000000
34109  12.389  -43.677  47.442 0.0000000000
34974  11.947  -43.479  47.356 0.0000000000
34117  9.267  -44.891  46.766 0.0000000000
35819  8.046  -43.828  44.918 0.0000000000
35827  8.263  -43.548  44.538 0.0000000000
35015  7.515  -43.959  44.251 0.0000000000
123437  8.943  -41.627  40.413 0.0000000000
35858  8.712  -42.147  39.956 0.0000000000
36656  8.336  -41.532  40.093 0.0000000000
36660  4.558  -40.224  40.724 0.0000000000
107201  4.641  -41.104  40.075 0.0000000000
109530  2.646  -37.441  43.772 0.0000000000
39276  2.696  -38.281  39.761 0.0000000000
40193  2.838  -37.516  39.320 0.0000000000
40203  2.903  -37.570  38.405 0.0000000000
41841  6.045  -35.771  38.521 0.0000000000
47885  3.941  -28.193  46.495 0.0000000000
47890  3.916  -28.028  45.575 0.0000000000
47897  3.420  -28.609  45.307 0.0000000000
46009  6.211  -30.561  43.595 0.0000000000
45120  6.510  -31.390  43.871 0.0000000000
43309  7.267  -32.623  43.206 0.0000000000
40947  14.659  -36.326  48.339 0.0000000000
40027  13.041  -36.509  52.134 0.0000000000
39120  16.878  -37.405  52.213 0.0000000000
38288  17.731  -38.395  51.077 0.0000000000
125133  16.706  -37.927  50.365 0.0000000000
39130  17.196  -38.407  50.445 0.0000000000
39150  16.727  -38.275  48.800 0.0000000000
40058  16.000  -37.077  49.235 0.0000000000
40076  15.937  -37.121  48.347 0.0000000000
40090  15.826  -37.310  47.470 0.0000000000
43242  2.408  -33.672  50.146 0.0000000000
45038  2.651  -31.604  50.377 0.0000000000
45948  2.815  -30.767  49.824 0.0000000000
45947  3.059  -30.075  49.366 0.0000000000
36623  11.135  -41.430  44.312 0.0000000000
38367  11.751  -38.947  42.972 0.0000000000
122775  8.746  -36.795  50.411 0.0000000000
117023  8.727  -36.766  49.694 0.0000000000
105060  6.893  -37.265  51.186 0.0000000000
40046  6.087  -37.682  51.041 0.0000000000
120133  6.201  -37.558  51.606 0.0000000000
36597  12.024  -42.580  46.863 0.0000000000
35803  11.289  -43.007  46.611 0.0000000000
35804  10.397  -43.400  46.172 0.0000000000
35800  9.926  -43.870  46.543 0.0000000000
122937  6.806  -40.137  41.942 0.0000000000
37481  4.766  -39.774  42.571 0.0000000000
37497  4.334  -39.942  42.259 0.0000000000
41023  2.746  -36.501  43.542 0.0000000000
120747  2.976  -35.739  43.435 0.0000000000
41802  4.071  -35.500  41.202 0.0000000000
41801  5.059  -35.205  40.979 0.0000000000
46018  7.180  -31.125  42.284 0.0000000000
45132  7.950  -31.804  42.240 0.0000000000
45144  7.881  -31.370  41.549 0.0000000000
38336  13.064  -39.674  44.633 0.0000000000
40995  13.876  -36.228  45.177 0.0000000000
40996  13.078  -35.761  45.616 0.0000000000
107340  12.008  -35.663  45.798 0.0000000000
40983  12.551  -35.759  46.621 0.0000000000
40948  13.945  -36.136  47.888 0.0000000000
40949  13.192  -36.094  48.488 0.0000000000
40938  11.358  -36.139  49.462 0.0000000000
40939  10.574  -36.268  49.633 0.0000000000
40940  9.893  -36.388  49.389 0.0000000000
110803  9.515  -36.693  50.754 0.0000000000
38299  19.398  -38.609  47.903 0.0000000000
116484  19.082  -39.051  47.198 0.0000000000
124451  18.491  -40.035  47.639 0.0000000000
120997  18.745  -39.770  47.202 0.0000000000
35793  18.211  -40.543  46.940 0.0000000000
37427  17.891  -39.523  48.879 0.0000000000
35787  17.178  -41.046  47.389 0.0000000000
35802  16.928  -41.183  46.123 0.0000000000
34985  16.123  -41.853  45.994 0.0000000000
34122  14.595  -43.149  45.652 0.0000000000
35788  14.371  -42.137  47.034 0.0000000000
35789  13.827  -42.642  47.079 0.0000000000
37435  15.809  -40.134  47.437 0.0000000000
36595  14.035  -41.912  46.976 0.0000000000
36600  13.920  -41.799  46.862 0.0000000000
37437  14.001  -41.039  46.361 0.0000000000
39163  3.600  -38.175  47.125 0.0000000000
40972  2.567  -36.869  47.753 0.0000000000
40987  2.560  -36.916  46.812 0.0000000000
111712  2.444  -36.185  46.316 0.0000000000
113779  2.551  -34.022  46.993 0.0000000000
42508  2.496  -34.659  46.371 0.0000000000
41767  2.726  -35.274  45.106 0.0000000000
124599  2.738  -32.841  45.479 0.0000000000
43292  3.173  -33.685  44.758 0.0000000000
40894  14.300  -36.344  54.909 0.0000000000
40887  13.622  -35.833  55.603 0.0000000000
42435  13.549  -35.371  55.782 0.0000000000
41752  19.436  -35.816  47.185 0.0000000000
119010  19.147  -36.198  46.449 0.0000000000
40979  19.138  -36.716  46.662 0.0000000000
40964  19.346  -36.503  47.655 0.0000000000
107671  21.225  -33.736  50.933 0.0000000000
43240  21.298  -33.098  49.860 0.0000000000
42488  20.396  -34.506  49.322 0.0000000000
42482  20.448  -34.823  49.798 0.0000000000
40933  19.749  -36.158  49.274 0.0000000000
40056  19.732  -36.810  49.321 0.0000000000
39123  20.172  -36.397  52.214 0.0000000000
40007  19.840  -36.967  51.438 0.0000000000
39118  19.478  -37.414  51.722 0.0000000000
39119  19.211  -37.949  51.362 0.0000000000
38279  19.359  -37.289  52.214 0.0000000000
41710  18.637  -36.017  54.308 0.0000000000
39972  18.121  -36.271  54.137 0.0000000000
39985  18.415  -36.442  53.641 0.0000000000
39986  17.730  -36.391  53.716 0.0000000000
39112  17.224  -36.740  52.907 0.0000000000
39101  16.817  -36.306  53.775 0.0000000000
40885  15.652  -35.771  55.036 0.0000000000
39967  15.721  -36.134  54.344 0.0000000000
40893  15.318  -36.070  54.575 0.0000000000
39988  15.377  -36.389  53.683 0.0000000000
35042  7.741  -43.794  42.434 0.0000000000
35844  9.144  -42.901  42.191 0.0000000000
35850  9.457  -42.345  41.617 0.0000000000
36636  10.403  -41.010  42.857 0.0000000000
117515  9.599  -39.259  42.167 0.0000000000
37510  9.974  -40.080  41.905 0.0000000000
38400  9.261  -39.867  41.651 0.0000000000
38401  8.475  -39.733  41.720 0.0000000000
38385  8.652  -39.019  42.366 0.0000000000
39207  7.990  -38.188  44.068 0.0000000000
39226  7.446  -38.778  43.693 0.0000000000
39205  12.841  -38.146  43.707 0.0000000000
120036  9.810  -36.876  44.695 0.0000000000
110000  8.313  -36.660  49.082 0.0000000000
40970  9.358  -36.203  47.322 0.0000000000
40105  7.853  -36.856  46.154 0.0000000000
40115  9.064  -36.993  44.964 0.0000000000
126301  5.796  -37.684  46.596 0.0000000000
39173  5.420  -37.842  46.107 0.0000000000
39161  4.566  -38.048  47.242 0.0000000000
40067  4.028  -37.418  49.229 0.0000000000
40068  3.426  -37.132  48.874 0.0000000000
40037  4.034  -37.284  51.302 0.0000000000
37443  18.457  -40.073  46.008 0.0000000000
110381  18.395  -39.798  45.353 0.0000000000
36621  18.005  -40.004  45.044 0.0000000000
33314  11.300  -45.135  46.723 0.0000000000
32446  11.543  -45.222  46.426 0.0000000000
34975  11.095  -43.882  47.098 0.0000000000
35030  6.802  -44.236  43.790 0.0000000000
34190  6.132  -44.517  43.312 0.0000000000
35082  8.000  -42.496  39.343 0.0000000000
35083  7.496  -43.111  38.898 0.0000000000
37514  6.722  -40.932  40.979 0.0000000000
36658  6.739  -41.320  40.269 0.0000000000
36674  5.266  -41.829  39.300 0.0000000000
120821  3.709  -40.870  38.135 0.0000000000
36701  4.051  -41.367  37.655 0.0000000000
36702  3.655  -40.892  37.473 0.0000000000
36690  3.507  -40.478  37.943 0.0000000000
120817  3.461  -38.650  45.057 0.0000000000
38339  3.902  -39.106  44.378 0.0000000000
38340  3.192  -38.960  44.452 0.0000000000
38374  3.170  -39.278  43.243 0.0000000000
38373  3.478  -39.341  43.634 0.0000000000
37499  3.549  -39.599  42.307 0.0000000000
40153  2.614  -38.033  43.024 0.0000000000
120648  2.685  -37.599  42.226 0.0000000000
38416  3.070  -38.824  40.984 0.0000000000
107560  2.905  -39.023  41.780 0.0000000000
112613  3.531  -39.276  41.211 0.0000000000
38439  3.082  -39.631  38.565 0.0000000000
38463  3.219  -39.559  36.719 0.0000000000
39299  3.085  -39.332  37.223 0.0000000000
40214  3.058  -37.734  37.564 0.0000000000
41090  3.880  -37.754  36.603 0.0000000000
41844  3.998  -36.385  38.640 0.0000000000
41856  5.083  -36.412  37.693 0.0000000000
41857  4.377  -36.612  37.902 0.0000000000
41088  4.879  -37.413  36.667 0.0000000000
47886  3.822  -28.606  47.468 0.0000000000
46879  3.183  -29.136  47.272 0.0000000000
46880  2.835  -29.755  47.420 0.0000000000
46918  2.837  -29.876  45.137 0.0000000000
121343  2.501  -30.676  45.459 0.0000000000
122281  3.073  -32.055  45.084 0.0000000000
45110  3.293  -31.600  44.947 0.0000000000
47904  4.341  -28.489  44.515 0.0000000000
46916  4.137  -29.069  44.511 0.0000000000
47905  3.634  -28.806  44.816 0.0000000000
45107  6.006  -31.852  44.460 0.0000000000
45108  5.086  -31.644  44.803 0.0000000000
44212  5.329  -32.508  44.552 0.0000000000
44213  4.322  -32.401  44.729 0.0000000000
43290  5.531  -33.216  44.096 0.0000000000
116863  7.420  -33.597  42.664 0.0000000000
105953  7.227  -34.182  42.325 0.0000000000
42562  6.847  -34.721  41.723 0.0000000000
119754  8.263  -32.808  42.268 0.0000000000
40934  15.304  -36.693  49.809 0.0000000000
40926  14.487  -36.586  50.503 0.0000000000
40010  13.350  -36.730  52.817 0.0000000000
104908  12.965  -36.787  53.016 0.0000000000
39121  16.437  -37.240  52.294 0.0000000000
39127  16.474  -37.528  51.772 0.0000000000
40057  16.540  -37.743  49.512 0.0000000000
40040  16.017  -37.233  50.241 0.0000000000
37589  3.289  -40.012  35.703 0.0000000000
124363  12.232  -42.183  46.028 0.0000000000
107765  6.297  -39.409  43.057 0.0000000000
110328  4.484  -39.480  43.126 0.0000000000
120617  3.151  -35.082  43.783 0.0000000000
41784  3.388  -35.287  43.021 0.0000000000
42552  3.768  -35.457  42.128 0.0000000000
42551  4.949  -34.644  42.440 0.0000000000
39188  13.970  -38.224  44.709 0.0000000000
40982  13.970  -36.041  45.999 0.0000000000
40044  10.379  -36.694  51.100 0.0000000000
107338  9.598  -36.793  51.498 0.0000000000
40014  9.579  -36.870  51.960 0.0000000000
38289  19.438  -38.717  49.478 0.0000000000
37421  19.391  -38.878  48.921 0.0000000000
37422  19.183  -39.175  49.353 0.0000000000
36582  18.836  -39.395  48.873 0.0000000000
36585  18.418  -39.758  48.287 0.0000000000
37428  17.415  -39.566  48.548 0.0000000000
34978  15.911  -41.823  46.799 0.0000000000
38308  15.795  -39.350  47.085 0.0000000000
113962  15.089  -39.584  46.773 0.0000000000
38309  14.505  -40.168  46.670 0.0000000000
40081  3.023  -37.460  48.128 0.0000000000
111240  2.428  -35.985  47.621 0.0000000000
44178  2.441  -32.665  48.430 0.0000000000
120089  2.372  -33.194  46.611 0.0000000000
44202  2.353  -32.817  46.129 0.0000000000
42493  19.764  -35.018  47.708 0.0000000000
40924  20.134  -36.499  50.094 0.0000000000
40917  20.487  -35.967  52.049 0.0000000000
40006  20.185  -36.111  52.457 0.0000000000
39974  16.696  -36.066  54.403 0.0000000000
35029  7.570  -43.807  43.371 0.0000000000
37494  10.384  -40.371  42.443 0.0000000000
126270  9.268  -38.803  42.484 0.0000000000
39240  9.124  -38.415  42.867 0.0000000000
125711  12.218  -36.409  44.284 0.0000000000
40997  11.340  -35.957  45.211 0.0000000000
40998  10.437  -36.200  45.696 0.0000000000
40078  7.793  -36.711  48.123 0.0000000000
114066  6.922  -36.874  48.361 0.0000000000
40092  6.969  -37.058  47.529 0.0000000000
123430  5.708  -37.482  47.728 0.0000000000
112106  5.099  -37.651  47.858 0.0000000000
39139  4.619  -37.548  49.176 0.0000000000
40049  3.895  -37.386  50.340 0.0000000000
36612  17.639  -40.388  44.856 0.0000000000
35823  17.133  -40.883  44.767 0.0000000000
33305  12.593  -44.086  47.338 0.0000000000
33306  11.938  -44.372  47.161 0.0000000000
33307  11.145  -44.798  47.058 0.0000000000
34976  10.185  -44.232  47.009 0.0000000000
35069  8.456  -42.912  39.946 0.0000000000
36675  4.269  -41.335  39.263 0.0000000000
36676  3.930  -40.846  39.244 0.0000000000
39195  2.920  -38.190  45.277 0.0000000000
39211  2.898  -38.584  44.590 0.0000000000
39228  2.784  -38.943  43.182 0.0000000000
40162  2.700  -37.625  41.537 0.0000000000
113174  2.853  -38.982  40.118 0.0000000000
39298  2.840  -39.074  38.358 0.0000000000
124832  2.857  -39.048  37.690 0.0000000000
41072  3.418  -37.118  37.979 0.0000000000
41829  4.385  -36.099  39.129 0.0000000000
111562  3.477  -28.675  46.766 0.0000000000
46891  3.057  -28.949  46.476 0.0000000000
47898  2.852  -29.010  45.772 0.0000000000
121584  4.898  -30.185  44.352 0.0000000000
43310  6.545  -33.118  43.622 0.0000000000
109521  7.221  -33.244  43.055 0.0000000000
42549  7.869  -33.695  42.217 0.0000000000
40980  15.359  -36.790  46.927 0.0000000000
109340  13.920  -36.202  48.698 0.0000000000
40936  13.366  -36.219  49.353 0.0000000000
40042  12.603  -36.662  50.871 0.0000000000
38285  18.107  -38.169  51.493 0.0000000000
37420  18.197  -38.808  50.733 0.0000000000
117597  17.847  -38.902  50.417 0.0000000000
38291  17.541  -38.805  50.072 0.0000000000
37429  17.006  -39.713  48.225 0.0000000000
36588  16.303  -40.484  47.626 0.0000000000
37431  16.525  -39.808  47.808 0.0000000000
126195  16.264  -38.746  47.589 0.0000000000
40102  15.619  -37.469  46.735 0.0000000000
41740  2.521  -35.312  49.188 0.0000000000
114273  2.467  -32.884  49.456 0.0000000000
44165  2.523  -32.238  49.875 0.0000000000
115208  2.472  -32.196  49.038 0.0000000000
112234  2.645  -31.043  48.337 0.0000000000
35834  9.483  -42.590  43.609 0.0000000000
35825  9.898  -42.438  44.171 0.0000000000
36630  10.717  -41.181  43.638 0.0000000000
115750  11.270  -40.733  43.798 0.0000000000
40150  10.604  -37.502  43.427 0.0000000000
40952  9.652  -36.163  48.466 0.0000000000
106859  7.192  -37.060  50.461 0.0000000000
40063  6.897  -37.063  49.703 0.0000000000
105448  5.786  -37.428  50.061 0.0000000000
40047  5.339  -37.578  50.471 0.0000000000
35797  12.281  -42.758  47.166 0.0000000000
34986  9.132  -43.990  46.053 0.0000000000
35809  9.269  -43.617  45.390 0.0000000000
37513  8.051  -40.421  41.219 0.0000000000
119511  7.186  -40.500  41.358 0.0000000000
37496  5.922  -39.945  42.404 0.0000000000
36647  4.478  -40.153  41.624 0.0000000000
36648  4.208  -39.845  41.531 0.0000000000
105045  2.740  -36.944  41.163 0.0000000000
41048  2.809  -36.892  40.424 0.0000000000
41057  3.007  -36.909  39.650 0.0000000000
41047  3.416  -36.479  39.974 0.0000000000
108450  4.049  -36.096  39.838 0.0000000000
123812  4.729  -35.851  39.659 0.0000000000
41814  6.411  -35.076  39.924 0.0000000000
46008  6.904  -31.153  43.193 0.0000000000
118702  7.478  -31.665  42.828 0.0000000000
36712  3.702  -40.616  36.641 0.0000000000
38321  12.650  -40.811  44.904 0.0000000000
38337  12.666  -40.187  44.565 0.0000000000
121295  13.512  -37.789  44.167 0.0000000000
124251  10.937  -35.951  46.991 0.0000000000
40981  14.733  -36.389  46.409 0.0000000000
40967  14.059  -35.857  46.952 0.0000000000
40937  12.388  -36.116  49.211 0.0000000000
125822  12.489  -35.948  48.266 0.0000000000
40968  12.116  -35.831  47.574 0.0000000000
40969  11.223  -35.760  47.723 0.0000000000
40061  9.354  -36.678  49.907 0.0000000000
124402  8.583  -36.808  51.553 0.0000000000
40031  9.006  -36.786  51.744 0.0000000000
104368  19.208  -38.444  46.307 0.0000000000
120879  19.115  -38.918  46.615 0.0000000000
36598  18.422  -40.239  46.352 0.0000000000
109503  18.106  -40.383  45.874 0.0000000000
36604  17.651  -40.603  45.733 0.0000000000
35807  16.966  -41.168  45.428 0.0000000000
36583  18.336  -39.482  48.997 0.0000000000
121685  17.660  -40.550  47.686 0.0000000000
35794  17.694  -40.819  47.139 0.0000000000
35000  16.315  -41.782  44.899 0.0000000000
34121  15.368  -42.535  45.700 0.0000000000
34107  13.299  -43.456  47.286 0.0000000000
34108  12.854  -43.555  47.519 0.0000000000
35790  13.124  -42.897  47.260 0.0000000000
35796  12.857  -42.727  47.121 0.0000000000
36594  14.652  -41.373  47.396 0.0000000000
106648  12.847  -42.139  46.562 0.0000000000
106540  12.909  -41.238  45.471 0.0000000000
113858  4.230  -38.346  45.917 0.0000000000
121470  3.683  -38.412  45.795 0.0000000000
39194  3.202  -38.327  45.570 0.0000000000
39164  3.143  -37.990  46.829 0.0000000000
39177  2.960  -38.034  46.037 0.0000000000
40119  2.726  -37.628  45.694 0.0000000000
111925  2.801  -36.878  45.306 0.0000000000
121423  2.458  -35.582  48.331 0.0000000000
42502  2.471  -35.048  47.371 0.0000000000
111710  2.589  -36.084  45.612 0.0000000000
119916  2.954  -36.099  45.004 0.0000000000
43277  2.697  -33.788  45.535 0.0000000000
42525  2.853  -34.305  45.008 0.0000000000
39997  14.504  -36.515  53.398 0.0000000000
107126  13.863  -36.392  53.853 0.0000000000
39978  13.987  -36.449  54.402 0.0000000000
40888  13.239  -35.829  56.737 0.0000000000
104617  19.219  -37.835  46.398 0.0000000000
119601  20.106  -34.542  48.526 0.0000000000
126069  19.416  -36.681  48.154 0.0000000000
115590  19.363  -37.099  47.808 0.0000000000
39158  19.332  -37.755  47.245 0.0000000000
39149  19.467  -37.443  48.182 0.0000000000
40023  19.824  -37.077  50.639 0.0000000000
40024  19.575  -37.752  50.340 0.0000000000
39128  19.419  -38.465  50.225 0.0000000000
38284  18.781  -38.048  51.570 0.0000000000
40908  19.885  -35.452  53.266 0.0000000000
40904  19.725  -35.898  53.120 0.0000000000
117590  19.269  -36.105  53.834 0.0000000000
39103  19.206  -36.568  53.004 0.0000000000
39110  19.057  -37.110  52.650 0.0000000000
39111  18.474  -37.218  52.634 0.0000000000
38281  18.304  -37.658  52.124 0.0000000000
38282  17.526  -37.476  52.260 0.0000000000
115702  16.328  -36.198  54.213 0.0000000000
39107  16.113  -36.561  53.271 0.0000000000
39114  16.217  -36.843  52.696 0.0000000000
39115  15.924  -36.831  52.700 0.0000000000
39996  15.318  -36.546  53.334 0.0000000000
35041  8.514  -43.376  41.849 0.0000000000
35857  9.238  -42.057  40.808 0.0000000000
37495  10.097  -40.879  42.045 0.0000000000
36645  9.702  -41.594  41.639 0.0000000000
38369  7.717  -39.104  42.889 0.0000000000
38370  6.914  -39.200  43.397 0.0000000000
39206  12.312  -38.943  43.479 0.0000000000
40131  12.027  -37.116  43.875 0.0000000000
39222  11.865  -38.269  43.223 0.0000000000
40149  11.500  -37.583  43.477 0.0000000000
106214  9.522  -36.306  46.218 0.0000000000
40986  8.617  -36.568  46.668 0.0000000000
40999  9.727  -36.611  45.348 0.0000000000
40134  9.374  -37.220  44.242 0.0000000000
40135  8.480  -37.444  44.460 0.0000000000
40136  7.517  -37.669  44.764 0.0000000000
39190  6.626  -37.929  45.086 0.0000000000
39191  5.805  -38.205  45.320 0.0000000000
39153  3.854  -37.999  47.806 0.0000000000
105873  4.393  -37.874  47.916 0.0000000000
115099  2.703  -35.797  49.818 0.0000000000
40931  3.265  -36.800  50.315 0.0000000000
113658  2.882  -36.186  50.310 0.0000000000
107127  13.347  -36.419  54.299 0.0000000000
37442  18.748  -39.392  45.418 0.0000000000
37455  18.547  -39.504  45.265 0.0000000000
36628  17.728  -40.132  44.508 0.0000000000
36622  17.481  -40.468  44.589 0.0000000000
118715  11.071  -44.270  47.126 0.0000000000
33315  10.434  -45.453  46.592 0.0000000000
34237  7.811  -43.717  40.305 0.0000000000
36657  7.614  -41.636  39.812 0.0000000000
36672  7.609  -42.087  39.346 0.0000000000
35881  6.425  -42.790  37.996 0.0000000000
37483  3.784  -39.553  43.052 0.0000000000
37498  3.900  -39.714  42.516 0.0000000000
36649  3.997  -39.662  41.462 0.0000000000
37516  3.614  -39.542  41.746 0.0000000000
38427  3.179  -39.517  39.423 0.0000000000
37558  3.346  -40.077  38.691 0.0000000000
122921  3.484  -40.270  37.445 0.0000000000
37577  3.545  -40.266  36.945 0.0000000000
37578  3.381  -39.989  36.604 0.0000000000
38476  3.228  -39.742  36.233 0.0000000000
39326  3.143  -39.184  36.335 0.0000000000
41071  3.999  -36.952  37.685 0.0000000000
41089  4.295  -37.416  37.054 0.0000000000
45957  2.902  -30.361  47.966 0.0000000000
46866  3.285  -29.569  48.044 0.0000000000
119941  2.290  -31.050  46.703 0.0000000000
117010  2.127  -31.315  46.114 0.0000000000
45100  2.438  -31.705  45.649 0.0000000000
44215  2.767  -32.225  45.368 0.0000000000
105938  3.641  -33.073  44.636 0.0000000000
46917  3.352  -29.499  44.838 0.0000000000
116600  3.535  -30.888  44.842 0.0000000000
111032  4.575  -30.809  44.720 0.0000000000
43311  4.723  -33.771  43.802 0.0000000000
42550  5.753  -34.377  42.720 0.0000000000
42574  6.319  -35.086  40.850 0.0000000000
107264  7.065  -35.067  39.482 0.0000000000
37425  19.396  -38.828  48.407 0.0000000000
37426  19.195  -39.167  48.625 0.0000000000
37430  19.192  -39.174  47.927 0.0000000000
38280  18.894  -37.577  52.216 0.0000000000
39102  16.175  -36.407  53.716 0.0000000000
39104  18.681  -36.711  53.090 0.0000000000
39105  17.169  -36.384  53.535 0.0000000000
39108  15.781  -36.586  53.233 0.0000000000
39109  19.563  -36.735  52.552 0.0000000000
39113  16.679  -36.830  52.763 0.0000000000
39116  19.960  -36.450  52.443 0.0000000000
39117  19.859  -36.847  52.091 0.0000000000
39125  19.351  -38.135  50.821 0.0000000000
39148  19.486  -38.002  47.962 0.0000000000
39238  10.413  -38.981  42.430 0.0000000000
39966  16.260  -36.061  54.461 0.0000000000
39968  14.997  -36.204  54.272 0.0000000000
39975  15.970  -36.270  54.118 0.0000000000
39976  15.514  -36.259  53.968 0.0000000000
39977  14.853  -36.260  53.976 0.0000000000
39983  19.593  -36.310  52.890 0.0000000000
39984  19.013  -36.400  53.565 0.0000000000
39989  14.682  -36.353  53.813 0.0000000000
39995  19.929  -36.153  52.715 0.0000000000
40021  20.341  -36.133  52.201 0.0000000000
40022  20.274  -36.411  51.846 0.0000000000
40891  16.508  -35.844  54.692 0.0000000000
40895  13.528  -36.566  55.187 0.0000000000
40899  19.279  -35.900  54.082 0.0000000000
40901  17.537  -36.056  54.345 0.0000000000
40907  20.070  -35.759  52.769 0.0000000000
41697  14.188  -35.156  55.530 0.0000000000
41698  13.556  -35.382  56.947 0.0000000000
41699  13.169  -35.464  57.030 0.0000000000
41712  19.832  -35.232  53.788 0.0000000000
42434  14.338  -35.022  55.507 0.0000000000
107914  17.901  -36.660  53.124 0.0000000000
112830  19.385  -36.161  53.379 0.0000000000
113859  19.575  -35.741  53.706 0.0000000000
119455  14.971  -35.461  55.239 0.0000000000
125462  13.245  -36.021  55.605 0.0000000000
