#!ascii label  , from subject sub-009 vox2ras=TkReg
1017
36464  -16.897  -50.335  49.793 0.0000000000
49133  -40.985  -37.326  43.777 0.0000000000
121955  -43.941  -30.499  41.959 0.0000000000
117799  -51.142  -31.931  34.925 0.0000000000
46267  -39.573  -40.662  47.960 0.0000000000
127564  -48.315  -30.380  38.059 0.0000000000
118295  -52.018  -23.573  32.690 0.0000000000
67731  -54.186  -17.896  33.864 0.0000000000
47316  -43.044  -39.526  39.885 0.0000000000
128091  -45.919  -36.642  44.447 0.0000000000
53373  -42.009  -33.672  40.947 0.0000000000
38564  -18.449  -48.760  52.886 0.0000000000
35329  -23.500  -51.671  51.254 0.0000000000
32336  -26.985  -54.315  51.046 0.0000000000
33356  -32.181  -53.132  49.289 0.0000000000
37584  -36.163  -49.435  48.859 0.0000000000
41485  -40.300  -45.735  47.770 0.0000000000
119511  -42.245  -42.079  44.141 0.0000000000
52272  -49.173  -33.430  41.390 0.0000000000
69590  -56.039  -15.802  32.222 0.0000000000
125797  -41.234  -38.940  41.026 0.0000000000
49156  -43.325  -37.134  40.657 0.0000000000
135756  -40.861  -36.134  41.167 0.0000000000
38600  -19.043  -48.467  49.434 0.0000000000
37545  -21.188  -50.255  52.734 0.0000000000
41472  -35.976  -46.867  48.823 0.0000000000
39638  -38.022  -47.542  47.856 0.0000000000
42326  -38.144  -44.598  50.095 0.0000000000
48199  -42.118  -37.755  47.297 0.0000000000
45340  -42.445  -41.134  46.476 0.0000000000
47272  -42.079  -40.049  43.883 0.0000000000
45380  -41.561  -41.243  41.663 0.0000000000
55404  -45.016  -32.392  45.072 0.0000000000
52241  -47.010  -33.922  43.489 0.0000000000
56450  -47.588  -30.065  43.212 0.0000000000
131543  -49.573  -31.447  36.385 0.0000000000
54425  -51.796  -32.597  38.004 0.0000000000
54452  -52.820  -33.035  35.617 0.0000000000
55554  -51.592  -32.285  33.570 0.0000000000
63311  -54.047  -24.063  36.770 0.0000000000
60427  -52.901  -26.340  35.827 0.0000000000
44303  -38.002  -42.748  47.272 0.0000000000
55541  -48.838  -31.792  33.885 0.0000000000
66029  -51.986  -20.802  34.092 0.0000000000
66020  -54.367  -20.668  34.599 0.0000000000
67769  -56.492  -18.576  30.181 0.0000000000
46371  -46.814  -40.409  40.317 0.0000000000
48239  -45.239  -38.114  42.006 0.0000000000
51238  -44.706  -35.397  43.442 0.0000000000
132151  -17.717  -50.235  51.896 0.0000000000
33385  -23.801  -53.201  48.235 0.0000000000
119837  -24.916  -52.987  50.065 0.0000000000
32370  -26.587  -54.804  47.798 0.0000000000
31400  -28.578  -55.364  46.930 0.0000000000
31403  -31.273  -55.069  47.766 0.0000000000
32387  -34.235  -53.339  47.143 0.0000000000
35356  -34.292  -51.452  48.993 0.0000000000
36503  -38.592  -50.092  47.254 0.0000000000
122329  -41.023  -43.326  49.371 0.0000000000
42358  -40.635  -44.388  46.147 0.0000000000
42373  -44.128  -44.859  44.294 0.0000000000
43351  -43.715  -43.691  41.547 0.0000000000
44393  -43.636  -42.347  39.578 0.0000000000
56467  -49.782  -31.015  40.804 0.0000000000
120442  -51.679  -27.977  34.217 0.0000000000
57467  -52.038  -30.166  34.236 0.0000000000
36433  -16.243  -50.532  51.284 0.0000000000
48246  -41.061  -38.216  41.834 0.0000000000
49147  -41.248  -37.323  41.174 0.0000000000
113901  -40.738  -37.010  42.918 0.0000000000
41483  -36.040  -45.824  47.884 0.0000000000
42332  -36.797  -45.146  49.975 0.0000000000
42340  -37.228  -44.819  48.651 0.0000000000
48221  -41.612  -38.027  45.317 0.0000000000
131854  -41.663  -39.675  45.662 0.0000000000
48228  -41.502  -38.799  43.717 0.0000000000
47271  -41.433  -39.481  43.236 0.0000000000
55417  -45.981  -31.301  44.051 0.0000000000
125961  -46.179  -30.597  43.620 0.0000000000
55534  -50.662  -31.874  35.532 0.0000000000
55523  -51.524  -32.526  36.017 0.0000000000
114432  -51.777  -32.642  35.161 0.0000000000
54463  -51.951  -33.243  34.786 0.0000000000
55544  -51.540  -32.155  34.230 0.0000000000
63324  -55.429  -23.730  36.157 0.0000000000
61443  -55.797  -25.799  37.259 0.0000000000
61483  -55.563  -25.859  34.940 0.0000000000
66055  -52.336  -20.130  31.571 0.0000000000
120100  -52.620  -19.538  33.394 0.0000000000
66018  -53.703  -20.890  35.037 0.0000000000
67694  -54.589  -18.509  34.650 0.0000000000
124250  -54.924  -19.192  34.342 0.0000000000
68630  -54.758  -17.808  34.444 0.0000000000
68674  -57.289  -16.958  31.867 0.0000000000
46369  -44.826  -40.448  40.378 0.0000000000
47301  -45.922  -39.269  41.422 0.0000000000
47300  -43.812  -38.979  40.701 0.0000000000
51263  -42.832  -35.061  40.763 0.0000000000
50201  -43.947  -36.219  42.089 0.0000000000
113180  -43.453  -34.644  42.322 0.0000000000
133161  -43.634  -33.119  43.523 0.0000000000
54370  -42.096  -32.329  42.420 0.0000000000
113869  -19.169  -50.142  52.333 0.0000000000
37535  -19.395  -49.672  52.554 0.0000000000
36423  -21.649  -50.691  52.063 0.0000000000
34358  -26.906  -53.444  50.362 0.0000000000
32335  -26.382  -54.092  51.163 0.0000000000
32359  -25.633  -54.785  49.030 0.0000000000
31377  -26.805  -54.803  49.265 0.0000000000
31398  -27.280  -55.324  47.620 0.0000000000
31378  -27.991  -54.425  49.066 0.0000000000
31383  -31.816  -54.544  48.404 0.0000000000
133288  -32.666  -54.051  47.486 0.0000000000
32352  -32.764  -53.526  48.524 0.0000000000
38587  -35.479  -49.098  48.747 0.0000000000
37568  -34.452  -50.477  48.519 0.0000000000
36473  -35.448  -50.547  48.701 0.0000000000
34364  -35.159  -51.402  48.581 0.0000000000
117131  -36.199  -50.380  48.630 0.0000000000
35406  -36.985  -51.167  47.165 0.0000000000
37595  -37.331  -49.524  48.352 0.0000000000
40585  -39.299  -46.560  48.181 0.0000000000
38625  -39.729  -48.315  46.960 0.0000000000
39648  -40.108  -47.765  46.833 0.0000000000
40597  -40.712  -46.739  45.798 0.0000000000
44278  -38.702  -42.443  48.639 0.0000000000
45294  -40.579  -41.709  48.595 0.0000000000
114904  -41.775  -41.877  45.056 0.0000000000
43271  -42.252  -42.854  46.170 0.0000000000
43286  -41.498  -43.028  45.178 0.0000000000
41500  -41.418  -44.835  44.751 0.0000000000
43303  -42.160  -43.676  43.908 0.0000000000
43335  -42.683  -43.379  42.738 0.0000000000
46366  -41.824  -40.653  39.974 0.0000000000
45401  -42.233  -41.483  39.841 0.0000000000
46387  -43.433  -40.920  39.510 0.0000000000
46389  -45.297  -41.065  39.971 0.0000000000
113821  -17.456  -48.377  51.241 0.0000000000
38573  -17.115  -48.462  52.216 0.0000000000
38550  -17.262  -48.930  53.413 0.0000000000
48232  -47.081  -38.352  42.685 0.0000000000
114772  -47.440  -36.875  43.191 0.0000000000
53356  -48.219  -32.821  42.448 0.0000000000
56516  -47.554  -30.267  39.585 0.0000000000
57433  -48.799  -29.489  41.239 0.0000000000
56518  -49.384  -30.391  40.285 0.0000000000
52329  -52.680  -34.525  36.569 0.0000000000
53405  -51.473  -33.651  38.822 0.0000000000
58402  -53.557  -27.420  35.913 0.0000000000
59437  -52.350  -27.334  35.249 0.0000000000
58409  -52.687  -28.358  35.473 0.0000000000
131204  -52.078  -29.483  34.664 0.0000000000
127941  -52.418  -29.362  34.632 0.0000000000
56552  -52.898  -29.604  33.321 0.0000000000
115105  -54.503  -17.614  31.277 0.0000000000
68660  -55.132  -16.947  33.347 0.0000000000
68683  -55.612  -16.754  30.681 0.0000000000
69612  -56.608  -15.864  29.918 0.0000000000
114690  -42.226  -39.089  40.064 0.0000000000
115653  -43.473  -38.030  40.635 0.0000000000
48254  -42.095  -38.056  40.134 0.0000000000
50221  -41.889  -36.422  40.188 0.0000000000
51269  -41.076  -34.943  40.449 0.0000000000
113819  -18.931  -48.582  50.984 0.0000000000
38577  -20.092  -49.475  52.190 0.0000000000
37565  -22.727  -49.729  50.490 0.0000000000
39624  -35.914  -47.935  49.496 0.0000000000
38606  -36.990  -48.611  48.742 0.0000000000
39626  -36.815  -47.195  49.132 0.0000000000
40572  -38.953  -46.069  49.885 0.0000000000
41475  -40.062  -45.365  49.835 0.0000000000
48185  -40.660  -38.940  48.126 0.0000000000
46269  -41.263  -40.944  48.141 0.0000000000
116860  -42.251  -39.750  47.278 0.0000000000
46301  -42.252  -40.890  46.168 0.0000000000
45360  -42.135  -41.354  44.411 0.0000000000
45369  -42.219  -41.779  43.408 0.0000000000
46325  -41.679  -40.342  43.057 0.0000000000
47299  -41.133  -39.801  41.407 0.0000000000
127898  -17.826  -48.418  48.800 0.0000000000
51205  -45.475  -35.203  45.258 0.0000000000
50164  -47.480  -35.767  44.654 0.0000000000
53311  -46.389  -33.728  44.714 0.0000000000
54345  -47.076  -32.614  43.534 0.0000000000
54372  -48.811  -32.050  42.161 0.0000000000
56535  -49.508  -30.805  37.767 0.0000000000
56536  -50.244  -30.829  38.580 0.0000000000
55510  -50.465  -31.372  37.746 0.0000000000
54439  -53.012  -33.368  36.533 0.0000000000
63328  -52.779  -23.510  34.941 0.0000000000
62449  -52.763  -24.911  34.603 0.0000000000
62420  -53.523  -24.694  36.741 0.0000000000
59413  -54.301  -26.217  36.999 0.0000000000
50160  -41.040  -36.102  45.717 0.0000000000
50146  -40.399  -36.893  46.034 0.0000000000
56481  -45.394  -30.361  41.794 0.0000000000
55507  -47.301  -31.132  37.138 0.0000000000
55521  -48.404  -31.398  36.275 0.0000000000
55532  -48.766  -31.652  35.533 0.0000000000
55542  -49.790  -31.680  34.114 0.0000000000
125943  -51.624  -22.124  33.676 0.0000000000
65102  -52.999  -21.671  35.169 0.0000000000
114902  -54.288  -22.579  35.739 0.0000000000
65098  -55.016  -22.456  35.334 0.0000000000
68646  -56.099  -17.285  33.330 0.0000000000
66891  -55.663  -19.127  31.527 0.0000000000
46354  -48.144  -39.489  41.345 0.0000000000
124010  -46.861  -39.353  42.420 0.0000000000
48230  -45.810  -37.496  43.473 0.0000000000
49148  -43.903  -37.626  41.325 0.0000000000
50202  -44.719  -36.788  42.674 0.0000000000
51220  -44.879  -35.681  44.396 0.0000000000
118480  -44.650  -34.153  45.006 0.0000000000
54342  -44.045  -32.140  43.958 0.0000000000
50191  -40.190  -35.286  42.785 0.0000000000
52255  -39.985  -34.022  41.707 0.0000000000
118419  -40.779  -32.092  41.459 0.0000000000
36447  -17.415  -50.240  50.535 0.0000000000
36448  -18.371  -50.233  50.646 0.0000000000
33396  -24.645  -53.334  46.940 0.0000000000
128763  -22.646  -49.379  49.657 0.0000000000
36450  -23.907  -50.512  50.871 0.0000000000
34325  -24.161  -51.835  50.770 0.0000000000
32368  -25.275  -53.848  48.344 0.0000000000
129456  -29.201  -54.829  45.792 0.0000000000
32384  -30.570  -54.688  46.027 0.0000000000
35352  -31.897  -52.318  49.191 0.0000000000
36453  -33.324  -51.289  48.902 0.0000000000
34362  -33.504  -52.384  49.220 0.0000000000
34378  -34.419  -52.592  48.515 0.0000000000
33388  -35.192  -52.841  47.327 0.0000000000
38623  -38.195  -48.489  47.805 0.0000000000
43240  -37.801  -43.290  48.846 0.0000000000
43213  -39.638  -44.160  50.000 0.0000000000
42343  -41.046  -44.231  49.084 0.0000000000
44266  -41.942  -42.109  48.667 0.0000000000
43242  -41.494  -43.650  48.464 0.0000000000
41486  -40.861  -45.190  47.379 0.0000000000
41493  -40.831  -46.401  45.419 0.0000000000
41502  -42.789  -45.864  45.323 0.0000000000
43353  -45.682  -44.248  41.292 0.0000000000
120520  -42.229  -42.535  41.665 0.0000000000
43367  -44.014  -43.444  40.652 0.0000000000
43381  -45.342  -43.226  39.870 0.0000000000
44396  -46.723  -42.558  39.547 0.0000000000
36418  -16.399  -50.010  52.605 0.0000000000
122054  -47.528  -29.617  41.942 0.0000000000
57414  -48.761  -29.687  42.187 0.0000000000
54385  -49.706  -32.057  41.171 0.0000000000
56520  -50.685  -31.448  39.592 0.0000000000
53391  -51.028  -33.255  39.652 0.0000000000
52286  -50.343  -33.726  39.924 0.0000000000
55552  -49.567  -31.653  33.311 0.0000000000
56549  -50.978  -30.925  33.988 0.0000000000
60455  -51.835  -26.187  33.675 0.0000000000
124354  -51.580  -26.722  33.199 0.0000000000
134289  -51.058  -29.193  33.128 0.0000000000
56550  -51.531  -30.479  34.045 0.0000000000
56546  -51.484  -31.272  34.103 0.0000000000
55555  -51.921  -31.361  33.574 0.0000000000
35382  -16.344  -50.792  48.978 0.0000000000
49139  -40.933  -37.825  42.904 0.0000000000
137014  -40.970  -37.407  42.149 0.0000000000
41490  -36.199  -46.045  46.823 0.0000000000
132187  -36.509  -45.093  48.006 0.0000000000
41484  -36.640  -45.361  47.234 0.0000000000
49124  -41.378  -37.621  44.553 0.0000000000
48220  -41.616  -38.470  44.403 0.0000000000
122223  -41.221  -38.130  43.706 0.0000000000
48238  -41.018  -38.661  42.969 0.0000000000
131988  -44.341  -30.848  43.126 0.0000000000
56449  -45.524  -30.999  43.730 0.0000000000
56463  -44.630  -30.516  42.470 0.0000000000
135484  -51.245  -32.230  35.441 0.0000000000
63331  -55.838  -24.145  35.796 0.0000000000
62451  -55.637  -25.079  35.347 0.0000000000
67744  -53.464  -18.163  33.006 0.0000000000
67730  -53.428  -18.738  33.792 0.0000000000
66875  -53.909  -19.065  34.466 0.0000000000
67712  -54.061  -17.938  34.070 0.0000000000
68617  -54.723  -18.009  34.695 0.0000000000
68629  -54.755  -17.695  34.435 0.0000000000
134883  -43.777  -39.596  40.334 0.0000000000
47317  -44.610  -39.683  40.835 0.0000000000
52270  -42.385  -34.303  40.775 0.0000000000
52257  -43.058  -34.619  41.394 0.0000000000
52256  -42.720  -33.856  41.865 0.0000000000
53354  -42.010  -33.031  41.764 0.0000000000
38552  -18.818  -49.163  52.890 0.0000000000
36424  -22.917  -50.911  51.519 0.0000000000
129087  -22.254  -51.196  51.681 0.0000000000
33350  -26.732  -53.820  51.150 0.0000000000
32347  -26.679  -54.537  50.668 0.0000000000
32348  -27.364  -54.377  50.090 0.0000000000
32341  -32.205  -53.578  48.925 0.0000000000
32350  -31.814  -54.166  48.707 0.0000000000
32351  -32.101  -53.812  48.714 0.0000000000
32361  -32.368  -54.184  48.124 0.0000000000
33365  -32.353  -53.221  49.041 0.0000000000
37570  -35.838  -49.277  48.786 0.0000000000
36457  -35.978  -49.796  48.716 0.0000000000
35375  -35.443  -50.615  48.769 0.0000000000
37585  -36.460  -49.620  48.801 0.0000000000
36486  -37.086  -50.211  48.275 0.0000000000
40586  -39.941  -46.273  48.230 0.0000000000
120480  -39.835  -46.963  47.279 0.0000000000
40591  -39.906  -46.275  47.023 0.0000000000
39649  -40.441  -47.131  46.317 0.0000000000
40592  -40.979  -46.326  47.052 0.0000000000
45309  -39.404  -41.341  48.217 0.0000000000
46259  -40.225  -40.794  48.265 0.0000000000
44328  -41.906  -42.820  44.445 0.0000000000
43302  -41.573  -43.818  44.624 0.0000000000
43318  -42.489  -43.672  43.208 0.0000000000
44341  -42.223  -42.787  43.476 0.0000000000
47315  -42.302  -40.056  39.776 0.0000000000
46367  -42.502  -40.889  39.568 0.0000000000
47329  -42.944  -40.444  39.504 0.0000000000
46368  -43.799  -40.261  39.952 0.0000000000
38574  -17.999  -48.456  52.257 0.0000000000
38551  -18.094  -48.925  53.353 0.0000000000
49126  -46.202  -37.233  43.904 0.0000000000
135310  -47.350  -37.461  43.051 0.0000000000
49127  -46.766  -36.948  43.772 0.0000000000
115890  -48.784  -33.099  42.080 0.0000000000
113199  -47.957  -33.275  42.336 0.0000000000
53375  -48.240  -33.487  41.774 0.0000000000
52284  -48.645  -33.758  41.071 0.0000000000
56525  -47.810  -30.356  38.531 0.0000000000
56517  -48.462  -30.172  39.570 0.0000000000
113456  -49.176  -30.355  39.588 0.0000000000
62468  -52.382  -24.276  33.284 0.0000000000
58410  -53.441  -28.073  35.518 0.0000000000
58401  -53.068  -27.832  35.750 0.0000000000
57462  -52.933  -28.827  35.131 0.0000000000
126573  -41.717  -38.757  40.384 0.0000000000
48253  -41.492  -38.090  40.690 0.0000000000
50211  -41.307  -36.419  40.773 0.0000000000
49154  -41.746  -37.228  40.431 0.0000000000
51270  -41.544  -35.669  40.357 0.0000000000
51262  -40.894  -35.633  40.721 0.0000000000
114877  -18.630  -48.492  50.251 0.0000000000
38586  -21.978  -49.226  50.040 0.0000000000
40584  -35.511  -46.713  48.279 0.0000000000
115291  -35.315  -47.239  48.735 0.0000000000
39631  -35.662  -48.090  49.358 0.0000000000
40568  -35.982  -47.769  49.393 0.0000000000
40569  -36.479  -47.570  49.226 0.0000000000
40577  -36.548  -46.980  49.095 0.0000000000
42325  -37.273  -45.138  50.162 0.0000000000
41466  -37.312  -45.855  50.129 0.0000000000
41467  -38.141  -45.340  50.227 0.0000000000
41474  -39.739  -45.810  49.993 0.0000000000
42327  -39.208  -44.800  50.203 0.0000000000
48186  -41.287  -38.615  48.090 0.0000000000
47236  -41.781  -39.277  47.934 0.0000000000
47242  -42.380  -38.589  47.240 0.0000000000
47262  -41.772  -39.913  44.802 0.0000000000
113463  -41.764  -40.457  45.595 0.0000000000
118116  -41.963  -41.209  45.438 0.0000000000
46314  -41.911  -40.721  44.661 0.0000000000
46326  -42.148  -40.870  43.693 0.0000000000
127347  -41.074  -39.183  42.154 0.0000000000
47286  -41.220  -39.893  42.411 0.0000000000
47314  -41.565  -39.675  40.333 0.0000000000
38599  -18.219  -48.415  49.488 0.0000000000
53309  -45.494  -33.541  45.318 0.0000000000
52202  -46.399  -34.105  45.031 0.0000000000
54329  -45.564  -32.796  45.195 0.0000000000
56436  -46.654  -30.647  43.441 0.0000000000
55418  -46.680  -31.473  43.742 0.0000000000
55419  -47.292  -31.761  43.502 0.0000000000
54356  -47.760  -32.070  43.016 0.0000000000
55426  -47.849  -31.254  43.147 0.0000000000
123756  -49.004  -31.124  36.889 0.0000000000
55509  -49.908  -31.410  36.983 0.0000000000
118489  -53.060  -32.826  36.139 0.0000000000
119563  -52.235  -32.635  37.008 0.0000000000
53421  -53.123  -34.379  36.248 0.0000000000
54464  -52.616  -34.086  35.495 0.0000000000
63329  -53.114  -23.190  35.579 0.0000000000
62450  -52.978  -24.020  35.670 0.0000000000
126679  -53.661  -24.167  36.622 0.0000000000
59427  -54.875  -26.504  36.168 0.0000000000
50147  -40.776  -36.360  45.817 0.0000000000
55508  -48.132  -30.995  37.013 0.0000000000
121822  -48.325  -31.777  34.779 0.0000000000
121316  -49.259  -31.743  34.774 0.0000000000
66885  -52.111  -20.088  33.105 0.0000000000
65121  -51.325  -21.175  32.646 0.0000000000
64246  -51.127  -21.998  32.756 0.0000000000
65114  -51.583  -21.379  33.448 0.0000000000
65101  -52.405  -21.994  34.845 0.0000000000
65109  -52.678  -21.203  34.804 0.0000000000
66019  -53.974  -20.465  34.667 0.0000000000
134343  -53.764  -21.424  35.426 0.0000000000
65103  -54.117  -21.309  35.278 0.0000000000
65097  -54.628  -22.601  35.631 0.0000000000
65104  -54.578  -21.822  35.309 0.0000000000
65111  -55.375  -22.469  34.526 0.0000000000
65110  -55.027  -21.784  34.647 0.0000000000
66886  -55.112  -19.114  34.120 0.0000000000
69576  -55.600  -16.329  32.522 0.0000000000
69560  -55.611  -16.695  33.283 0.0000000000
69578  -56.287  -16.240  32.579 0.0000000000
67755  -57.258  -17.701  30.935 0.0000000000
68673  -56.955  -18.114  31.996 0.0000000000
133325  -47.593  -40.439  40.329 0.0000000000
46372  -48.132  -40.099  40.700 0.0000000000
46353  -47.365  -39.945  41.350 0.0000000000
47287  -45.878  -38.565  41.822 0.0000000000
47288  -46.681  -38.933  42.105 0.0000000000
48240  -45.907  -37.928  42.477 0.0000000000
47273  -46.633  -38.526  42.336 0.0000000000
48229  -45.449  -37.479  42.767 0.0000000000
135699  -43.876  -35.375  42.715 0.0000000000
50193  -44.252  -36.005  42.853 0.0000000000
50194  -44.878  -36.251  43.617 0.0000000000
52200  -44.863  -35.168  45.095 0.0000000000
52220  -44.977  -34.701  43.981 0.0000000000
53343  -43.393  -32.451  43.560 0.0000000000
122945  -44.129  -32.740  44.160 0.0000000000
116571  -17.786  -50.241  51.208 0.0000000000
36435  -18.390  -50.296  51.726 0.0000000000
35326  -20.100  -50.362  51.951 0.0000000000
37544  -20.470  -49.981  52.571 0.0000000000
36414  -20.851  -50.312  52.883 0.0000000000
34391  -23.187  -52.705  47.885 0.0000000000
33395  -23.761  -52.957  47.272 0.0000000000
33386  -24.498  -53.518  47.761 0.0000000000
37578  -23.291  -49.749  49.784 0.0000000000
37566  -23.508  -50.099  50.513 0.0000000000
129647  -24.255  -52.305  50.479 0.0000000000
33348  -24.475  -53.012  49.746 0.0000000000
32369  -26.021  -54.255  48.105 0.0000000000
33387  -25.340  -53.797  47.403 0.0000000000
32380  -26.178  -54.208  46.965 0.0000000000
33398  -26.123  -53.957  46.237 0.0000000000
31399  -28.062  -55.529  47.533 0.0000000000
32382  -27.664  -55.322  46.923 0.0000000000
31409  -28.233  -55.450  46.820 0.0000000000
31421  -28.653  -54.618  45.471 0.0000000000
31411  -29.171  -54.998  46.355 0.0000000000
113548  -30.697  -54.988  47.900 0.0000000000
32371  -30.665  -54.363  46.980 0.0000000000
32385  -31.290  -54.304  46.793 0.0000000000
115858  -31.862  -54.092  46.525 0.0000000000
32372  -33.686  -53.616  47.469 0.0000000000
32386  -33.430  -53.788  47.083 0.0000000000
32404  -33.922  -53.246  46.578 0.0000000000
36455  -34.583  -50.807  48.616 0.0000000000
36472  -34.090  -50.882  48.807 0.0000000000
36454  -33.978  -51.069  48.865 0.0000000000
35354  -33.609  -51.514  49.091 0.0000000000
34345  -33.839  -51.749  49.196 0.0000000000
33367  -33.868  -52.827  48.827 0.0000000000
34363  -34.030  -52.079  49.139 0.0000000000
34380  -35.675  -51.996  47.855 0.0000000000
113390  -35.484  -52.749  47.441 0.0000000000
33389  -35.748  -52.737  47.079 0.0000000000
33400  -35.500  -52.658  46.892 0.0000000000
36502  -37.674  -50.596  47.363 0.0000000000
35420  -37.493  -50.943  46.429 0.0000000000
35407  -38.570  -50.538  46.617 0.0000000000
38607  -37.392  -48.052  48.567 0.0000000000
38622  -37.454  -48.825  48.386 0.0000000000
42357  -37.379  -44.096  47.197 0.0000000000
43255  -37.796  -43.436  47.737 0.0000000000
44264  -39.816  -42.692  48.631 0.0000000000
43226  -39.046  -43.433  49.201 0.0000000000
43227  -39.603  -43.893  48.802 0.0000000000
42335  -39.740  -44.616  49.181 0.0000000000
42336  -40.731  -44.016  49.174 0.0000000000
46282  -42.154  -40.793  47.196 0.0000000000
45310  -41.614  -41.449  48.220 0.0000000000
45326  -42.280  -41.679  47.212 0.0000000000
120456  -41.640  -43.416  46.773 0.0000000000
43256  -42.083  -43.237  47.906 0.0000000000
42351  -41.189  -44.107  47.303 0.0000000000
41487  -40.880  -45.182  46.474 0.0000000000
116587  -40.664  -45.378  45.581 0.0000000000
41509  -42.111  -45.486  44.469 0.0000000000
41510  -43.469  -45.193  45.038 0.0000000000
43336  -43.435  -44.019  42.280 0.0000000000
43352  -44.683  -44.114  41.353 0.0000000000
45381  -41.897  -41.910  42.333 0.0000000000
125758  -41.839  -41.850  41.351 0.0000000000
44392  -42.873  -41.614  39.495 0.0000000000
44378  -42.771  -42.296  39.820 0.0000000000
44379  -43.454  -42.897  39.959 0.0000000000
44380  -44.304  -43.108  39.868 0.0000000000
44394  -44.646  -42.656  39.622 0.0000000000
43382  -46.367  -43.253  39.831 0.0000000000
44395  -45.604  -42.533  39.537 0.0000000000
46370  -45.810  -40.433  40.378 0.0000000000
45402  -46.292  -41.244  39.694 0.0000000000
45403  -47.338  -41.067  39.744 0.0000000000
36411  -17.933  -49.612  53.076 0.0000000000
36410  -17.015  -49.379  53.037 0.0000000000
36419  -17.259  -50.034  52.441 0.0000000000
36434  -17.067  -50.237  51.380 0.0000000000
52222  -47.016  -34.824  44.009 0.0000000000
114721  -47.428  -35.623  43.971 0.0000000000
51240  -47.229  -34.990  43.950 0.0000000000
116151  -46.058  -30.393  41.129 0.0000000000
56482  -46.600  -30.156  42.103 0.0000000000
57434  -49.011  -29.788  40.974 0.0000000000
57423  -48.824  -29.448  41.532 0.0000000000
135793  -49.374  -30.502  41.269 0.0000000000
55442  -49.533  -31.060  41.396 0.0000000000
55456  -49.896  -31.370  40.771 0.0000000000
55492  -50.883  -31.414  38.518 0.0000000000
56528  -50.586  -31.036  39.229 0.0000000000
54411  -51.491  -32.512  38.898 0.0000000000
53397  -51.332  -33.483  39.291 0.0000000000
52287  -50.965  -33.686  39.518 0.0000000000
53390  -50.372  -33.452  40.018 0.0000000000
52297  -50.852  -33.943  39.360 0.0000000000
55553  -50.293  -31.469  33.585 0.0000000000
56557  -50.514  -30.908  33.093 0.0000000000
129961  -53.097  -25.707  35.873 0.0000000000
61481  -52.245  -25.587  34.211 0.0000000000
61472  -52.844  -25.868  35.092 0.0000000000
127787  -51.736  -27.069  33.908 0.0000000000
59461  -51.368  -27.549  33.212 0.0000000000
59474  -50.961  -27.622  32.318 0.0000000000
59460  -51.115  -28.267  32.866 0.0000000000
122533  -51.418  -28.522  33.625 0.0000000000
57473  -51.664  -29.720  34.091 0.0000000000
55545  -51.999  -30.966  33.826 0.0000000000
50200  -40.857  -36.631  41.803 0.0000000000
41477  -36.141  -46.228  48.523 0.0000000000
41473  -36.794  -46.218  49.156 0.0000000000
41478  -36.721  -45.628  48.647 0.0000000000
42333  -37.584  -44.494  49.662 0.0000000000
48207  -42.322  -37.929  46.941 0.0000000000
120388  -42.492  -38.779  46.925 0.0000000000
48214  -41.730  -38.758  46.168 0.0000000000
129808  -41.681  -39.006  45.031 0.0000000000
47261  -41.901  -39.238  44.125 0.0000000000
55415  -44.910  -31.948  44.618 0.0000000000
55405  -45.407  -32.208  44.759 0.0000000000
132159  -45.569  -31.273  44.070 0.0000000000
124687  -46.107  -30.810  43.729 0.0000000000
57405  -46.814  -30.333  43.444 0.0000000000
55522  -50.336  -31.727  36.249 0.0000000000
63313  -54.848  -23.763  36.361 0.0000000000
62422  -54.436  -24.591  37.399 0.0000000000
62437  -56.026  -24.973  36.447 0.0000000000
61459  -56.398  -25.735  35.861 0.0000000000
66042  -52.379  -19.758  32.528 0.0000000000
66036  -52.255  -20.135  33.796 0.0000000000
66030  -52.776  -20.463  34.437 0.0000000000
66856  -53.608  -20.181  34.539 0.0000000000
66857  -53.798  -19.861  34.386 0.0000000000
66859  -54.540  -19.452  34.394 0.0000000000
67696  -54.841  -18.997  34.638 0.0000000000
67713  -55.120  -18.943  34.665 0.0000000000
67732  -55.249  -18.110  34.124 0.0000000000
70444  -56.768  -15.716  31.475 0.0000000000
69579  -56.825  -16.219  32.176 0.0000000000
69591  -57.144  -16.040  31.592 0.0000000000
118668  -57.514  -16.553  31.059 0.0000000000
67784  -57.198  -17.877  29.772 0.0000000000
46352  -46.376  -39.866  41.091 0.0000000000
47318  -45.454  -39.923  40.903 0.0000000000
127392  -44.917  -38.847  41.450 0.0000000000
48247  -44.258  -38.274  41.467 0.0000000000
51264  -43.083  -35.745  40.835 0.0000000000
50212  -43.528  -36.278  41.141 0.0000000000
51253  -43.508  -35.448  41.655 0.0000000000
52239  -44.031  -34.671  43.264 0.0000000000
52238  -43.501  -33.843  42.981 0.0000000000
53342  -42.716  -32.958  42.916 0.0000000000
54355  -42.675  -32.146  43.165 0.0000000000
117965  -18.179  -50.094  52.528 0.0000000000
127537  -18.649  -49.742  52.813 0.0000000000
36412  -19.383  -49.821  52.571 0.0000000000
36420  -20.270  -50.144  52.376 0.0000000000
33372  -23.925  -53.034  49.150 0.0000000000
132389  -25.787  -53.604  50.795 0.0000000000
32346  -26.126  -53.952  49.866 0.0000000000
116619  -26.188  -54.794  49.483 0.0000000000
32360  -26.115  -55.095  48.773 0.0000000000
31388  -26.820  -55.144  48.331 0.0000000000
31389  -27.536  -55.228  48.336 0.0000000000
31390  -28.349  -55.057  48.536 0.0000000000
31404  -31.928  -54.764  47.897 0.0000000000
31413  -31.987  -54.428  47.398 0.0000000000
32362  -33.175  -53.707  47.888 0.0000000000
32363  -33.905  -53.447  47.803 0.0000000000
38621  -34.809  -48.780  48.554 0.0000000000
37582  -34.587  -49.913  48.399 0.0000000000
37583  -34.970  -49.685  48.512 0.0000000000
37569  -35.153  -49.974  48.523 0.0000000000
129468  -34.842  -51.125  48.704 0.0000000000
113278  -34.521  -51.714  48.868 0.0000000000
35405  -36.326  -51.576  47.500 0.0000000000
36487  -37.905  -50.035  47.897 0.0000000000
39634  -38.383  -46.623  48.339 0.0000000000
39639  -38.806  -47.272  47.703 0.0000000000
39640  -39.408  -47.580  47.273 0.0000000000
39660  -40.973  -47.220  45.654 0.0000000000
40598  -41.804  -46.888  45.960 0.0000000000
44291  -38.647  -42.182  47.775 0.0000000000
44277  -38.204  -42.816  48.308 0.0000000000
118106  -39.001  -41.865  48.426 0.0000000000
44279  -39.165  -42.071  48.575 0.0000000000
44265  -41.064  -42.364  49.231 0.0000000000
45351  -42.638  -41.498  45.851 0.0000000000
44305  -42.619  -41.974  46.390 0.0000000000
129344  -42.480  -42.215  45.772 0.0000000000
123237  -40.922  -43.372  45.807 0.0000000000
42366  -40.934  -44.847  45.297 0.0000000000
43285  -41.272  -44.099  45.052 0.0000000000
42372  -42.128  -44.642  44.202 0.0000000000
41519  -42.818  -45.219  43.845 0.0000000000
42381  -42.663  -44.471  43.461 0.0000000000
43319  -43.166  -44.142  42.909 0.0000000000
46351  -41.343  -40.546  40.870 0.0000000000
45388  -41.687  -41.334  40.582 0.0000000000
45419  -43.540  -41.570  39.460 0.0000000000
45420  -44.490  -42.049  39.417 0.0000000000
46388  -44.354  -41.184  39.718 0.0000000000
114879  -16.967  -48.458  50.289 0.0000000000
113822  -16.547  -48.474  51.230 0.0000000000
37533  -17.661  -49.057  53.431 0.0000000000
52240  -47.154  -34.273  43.360 0.0000000000
53355  -47.357  -33.449  42.794 0.0000000000
56499  -47.399  -30.106  40.495 0.0000000000
57443  -48.328  -29.881  40.492 0.0000000000
57444  -48.768  -29.971  40.609 0.0000000000
56500  -49.465  -30.496  40.565 0.0000000000
54412  -51.873  -33.054  38.310 0.0000000000
53398  -51.592  -33.231  38.905 0.0000000000
120214  -52.750  -27.022  35.724 0.0000000000
60426  -52.622  -26.696  35.347 0.0000000000
59438  -52.620  -27.696  35.575 0.0000000000
58408  -52.019  -28.219  35.209 0.0000000000
58420  -51.781  -28.963  34.584 0.0000000000
58415  -52.268  -28.983  35.140 0.0000000000
57468  -52.421  -29.855  33.964 0.0000000000
68659  -54.261  -17.529  33.054 0.0000000000
68672  -54.761  -17.133  32.293 0.0000000000
69601  -55.191  -16.813  31.515 0.0000000000
115912  -55.852  -16.071  31.652 0.0000000000
70457  -56.493  -15.807  31.449 0.0000000000
69603  -56.772  -15.495  30.686 0.0000000000
48255  -42.861  -38.533  40.153 0.0000000000
117534  -42.823  -37.745  40.200 0.0000000000
49155  -42.372  -37.150  40.180 0.0000000000
50222  -42.767  -36.388  40.544 0.0000000000
51271  -42.359  -35.689  40.449 0.0000000000
52281  -41.955  -34.918  40.357 0.0000000000
52269  -41.535  -34.232  40.589 0.0000000000
38575  -18.743  -48.650  51.880 0.0000000000
38565  -19.285  -48.967  52.280 0.0000000000
38576  -19.477  -48.762  51.406 0.0000000000
122894  -19.995  -48.954  51.801 0.0000000000
37556  -21.439  -49.710  51.768 0.0000000000
37546  -21.978  -50.199  52.052 0.0000000000
36437  -22.623  -50.579  51.607 0.0000000000
37558  -23.242  -50.268  51.089 0.0000000000
34342  -31.343  -52.749  49.830 0.0000000000
39630  -35.194  -48.116  48.970 0.0000000000
38588  -35.834  -48.545  49.157 0.0000000000
38589  -36.167  -48.515  49.178 0.0000000000
37572  -36.463  -49.156  48.816 0.0000000000
39625  -36.464  -48.015  49.353 0.0000000000
39632  -36.893  -47.787  49.069 0.0000000000
39627  -37.244  -46.571  49.128 0.0000000000
41465  -36.762  -45.792  50.012 0.0000000000
40570  -37.260  -46.439  49.570 0.0000000000
40578  -38.121  -46.216  49.130 0.0000000000
40579  -39.110  -46.041  49.238 0.0000000000
40580  -39.630  -45.742  49.302 0.0000000000
41479  -39.870  -45.543  48.740 0.0000000000
47233  -39.982  -40.054  47.890 0.0000000000
46268  -40.864  -40.341  48.250 0.0000000000
125273  -41.343  -40.118  48.147 0.0000000000
46270  -41.742  -40.577  47.804 0.0000000000
114634  -42.061  -39.821  46.558 0.0000000000
46291  -42.235  -40.251  46.706 0.0000000000
46338  -41.805  -41.126  42.764 0.0000000000
46337  -41.310  -40.529  42.045 0.0000000000
114878  -17.822  -48.396  50.299 0.0000000000
113820  -18.268  -48.443  51.154 0.0000000000
50162  -45.608  -36.047  45.097 0.0000000000
50163  -47.228  -36.111  45.034 0.0000000000
132522  -46.556  -34.744  45.238 0.0000000000
52203  -46.902  -34.569  44.862 0.0000000000
52221  -46.644  -34.329  44.284 0.0000000000
55407  -46.234  -32.156  44.290 0.0000000000
53326  -46.515  -33.232  44.166 0.0000000000
53327  -46.779  -33.627  43.662 0.0000000000
53344  -47.447  -32.864  42.998 0.0000000000
54371  -48.337  -32.417  42.477 0.0000000000
53357  -49.020  -32.749  41.995 0.0000000000
131025  -48.871  -30.485  38.129 0.0000000000
56527  -49.419  -30.527  38.691 0.0000000000
55511  -51.332  -31.995  37.814 0.0000000000
116833  -50.862  -32.080  36.951 0.0000000000
54426  -52.303  -33.218  37.418 0.0000000000
53413  -52.682  -33.925  36.980 0.0000000000
63334  -52.182  -23.110  34.400 0.0000000000
62459  -52.501  -24.042  34.252 0.0000000000
135631  -52.898  -24.281  34.959 0.0000000000
61473  -53.135  -24.930  35.487 0.0000000000
126371  -53.268  -25.782  36.244 0.0000000000
62406  -54.166  -25.061  38.105 0.0000000000
61425  -54.058  -25.842  38.151 0.0000000000
60411  -53.224  -26.468  36.092 0.0000000000
136449  -53.680  -26.980  36.136 0.0000000000
58403  -54.154  -27.281  35.786 0.0000000000
118324  -41.186  -36.799  44.618 0.0000000000
123194  -40.675  -36.384  44.002 0.0000000000
51204  -40.769  -35.810  45.363 0.0000000000
46281  -39.345  -40.270  47.445 0.0000000000
48196  -40.267  -38.765  47.240 0.0000000000
48197  -40.806  -38.382  47.570 0.0000000000
49097  -41.850  -37.493  47.103 0.0000000000
123202  -41.047  -36.922  46.050 0.0000000000
49117  -41.285  -36.971  45.437 0.0000000000
56496  -43.900  -30.698  41.131 0.0000000000
56480  -44.541  -30.443  41.635 0.0000000000
56513  -45.076  -31.199  39.929 0.0000000000
119794  -45.860  -30.780  40.296 0.0000000000
56533  -47.876  -30.591  37.671 0.0000000000
130127  -49.071  -31.491  36.152 0.0000000000
55533  -49.691  -31.586  35.631 0.0000000000
121792  -50.198  -31.634  34.908 0.0000000000
64239  -51.732  -22.774  33.120 0.0000000000
64234  -51.976  -22.377  34.415 0.0000000000
64229  -52.829  -22.247  35.108 0.0000000000
64220  -53.474  -22.548  35.677 0.0000000000
120219  -53.171  -21.050  35.241 0.0000000000
65095  -53.725  -21.731  35.575 0.0000000000
64222  -54.152  -22.543  35.927 0.0000000000
64223  -54.691  -23.274  35.891 0.0000000000
64224  -54.947  -23.199  35.815 0.0000000000
63336  -55.591  -23.569  34.987 0.0000000000
66031  -54.628  -20.706  34.381 0.0000000000
68644  -55.138  -17.121  34.108 0.0000000000
68645  -55.445  -17.198  33.741 0.0000000000
128764  -55.679  -17.831  33.523 0.0000000000
68661  -56.574  -17.036  32.630 0.0000000000
131884  -56.110  -18.300  32.780 0.0000000000
47302  -46.932  -39.501  42.027 0.0000000000
47290  -47.147  -39.475  41.940 0.0000000000
48231  -46.525  -38.222  42.551 0.0000000000
48222  -46.097  -37.684  43.124 0.0000000000
49125  -45.647  -37.344  43.974 0.0000000000
49141  -44.560  -37.581  42.050 0.0000000000
49140  -43.995  -36.953  41.674 0.0000000000
49134  -45.098  -37.228  43.956 0.0000000000
50178  -45.303  -36.836  44.365 0.0000000000
136575  -45.192  -36.420  44.863 0.0000000000
126739  -45.167  -34.358  45.267 0.0000000000
53325  -44.471  -33.235  44.940 0.0000000000
52219  -44.426  -33.746  43.910 0.0000000000
54343  -44.559  -32.390  44.730 0.0000000000
56462  -43.630  -30.774  42.650 0.0000000000
50210  -40.525  -35.700  41.597 0.0000000000
51252  -40.210  -34.756  41.638 0.0000000000
51261  -40.519  -35.067  40.781 0.0000000000
53372  -41.216  -33.401  41.060 0.0000000000
53353  -41.415  -32.586  41.658 0.0000000000
54369  -41.517  -32.072  41.884 0.0000000000
36465  -17.778  -50.186  49.802 0.0000000000
36466  -18.601  -50.214  49.681 0.0000000000
38553  -19.663  -49.584  52.456 0.0000000000
36413  -20.302  -50.042  52.449 0.0000000000
36425  -23.857  -51.264  51.254 0.0000000000
34324  -23.806  -51.662  51.100 0.0000000000
33373  -24.577  -53.425  48.689 0.0000000000
32358  -25.285  -53.733  49.186 0.0000000000
115084  -27.310  -54.686  46.291 0.0000000000
114467  -28.690  -55.066  47.774 0.0000000000
31401  -29.189  -54.952  47.031 0.0000000000
31412  -29.972  -54.584  46.641 0.0000000000
114206  -32.593  -54.061  47.045 0.0000000000
135513  -32.370  -53.744  46.290 0.0000000000
34343  -32.245  -52.577  49.376 0.0000000000
116032  -33.235  -51.156  48.818 0.0000000000
35353  -32.775  -51.800  49.228 0.0000000000
33357  -32.783  -52.759  49.245 0.0000000000
33366  -33.165  -53.023  48.991 0.0000000000
33376  -33.582  -53.322  48.339 0.0000000000
33377  -34.226  -53.132  48.054 0.0000000000
34379  -35.034  -52.321  48.192 0.0000000000
33378  -34.857  -52.978  47.761 0.0000000000
32373  -34.471  -53.189  47.525 0.0000000000
32374  -34.872  -52.885  47.123 0.0000000000
37596  -38.341  -49.372  47.756 0.0000000000
38624  -38.986  -48.189  47.365 0.0000000000
37597  -39.077  -48.908  47.323 0.0000000000
37609  -39.253  -49.530  47.014 0.0000000000
42347  -36.993  -44.650  47.641 0.0000000000
42348  -37.509  -44.080  48.145 0.0000000000
42334  -38.121  -44.035  49.631 0.0000000000
43241  -38.145  -42.890  49.084 0.0000000000
43225  -38.409  -43.445  49.266 0.0000000000
43212  -38.778  -44.157  49.677 0.0000000000
42328  -40.004  -44.886  50.127 0.0000000000
42342  -39.836  -44.841  48.807 0.0000000000
42349  -40.385  -44.949  48.305 0.0000000000
46260  -40.871  -41.128  48.316 0.0000000000
134331  -41.530  -42.230  49.069 0.0000000000
126044  -41.681  -42.841  49.074 0.0000000000
126438  -42.200  -42.550  47.113 0.0000000000
43229  -42.068  -43.037  48.741 0.0000000000
43228  -41.466  -43.446  49.110 0.0000000000
42350  -40.666  -44.183  48.063 0.0000000000
41492  -40.592  -45.897  46.252 0.0000000000
41494  -42.254  -46.599  45.482 0.0000000000
41501  -41.193  -45.927  44.782 0.0000000000
44352  -42.200  -42.674  42.691 0.0000000000
44367  -42.792  -43.302  41.957 0.0000000000
45389  -42.190  -42.094  40.585 0.0000000000
44366  -43.007  -42.878  40.902 0.0000000000
44397  -47.794  -42.458  39.752 0.0000000000
123502  -46.229  -42.012  39.398 0.0000000000
45422  -47.065  -41.859  39.476 0.0000000000
118147  -16.553  -50.206  51.931 0.0000000000
50181  -47.438  -35.977  44.181 0.0000000000
56464  -45.819  -30.526  42.765 0.0000000000
56465  -46.787  -30.104  43.141 0.0000000000
135578  -47.402  -29.892  43.132 0.0000000000
57432  -48.173  -29.481  41.373 0.0000000000
57413  -48.504  -29.367  42.176 0.0000000000
56466  -48.359  -29.781  42.743 0.0000000000
55441  -49.035  -31.138  42.086 0.0000000000
54373  -49.247  -32.055  41.737 0.0000000000
53376  -49.367  -33.036  41.565 0.0000000000
119174  -49.909  -30.611  39.428 0.0000000000
56519  -50.117  -30.848  39.961 0.0000000000
56502  -50.401  -31.279  39.973 0.0000000000
54397  -50.764  -32.349  39.875 0.0000000000
55465  -50.311  -31.439  40.244 0.0000000000
54386  -50.200  -32.115  40.479 0.0000000000
53377  -49.716  -32.782  40.749 0.0000000000
52285  -49.524  -33.682  40.504 0.0000000000
55543  -50.669  -31.555  34.393 0.0000000000
116500  -52.374  -24.801  33.937 0.0000000000
61494  -52.270  -25.274  33.172 0.0000000000
115056  -51.789  -26.052  32.775 0.0000000000
60441  -52.211  -26.607  34.582 0.0000000000
60467  -51.288  -26.769  32.489 0.0000000000
130210  -50.454  -29.247  32.284 0.0000000000
57478  -50.489  -30.029  32.677 0.0000000000
133921  -51.474  -29.129  33.873 0.0000000000
57472  -50.956  -30.086  33.453 0.0000000000
56551  -52.345  -30.462  33.369 0.0000000000
55565  -52.082  -31.133  32.952 0.0000000000
31410  -28.688  -55.082  46.325 0.0000000000
32334  -25.252  -53.350  49.899 0.0000000000
33355  -31.673  -53.058  49.312 0.0000000000
34344  -33.189  -52.097  49.317 0.0000000000
35355  -34.165  -51.320  48.929 0.0000000000
36438  -23.619  -50.773  51.286 0.0000000000
36456  -35.370  -50.315  48.529 0.0000000000
36474  -35.905  -50.018  48.794 0.0000000000
37532  -16.721  -48.978  53.426 0.0000000000
37555  -20.740  -49.777  52.251 0.0000000000
37557  -22.375  -49.968  51.471 0.0000000000
37571  -36.217  -49.020  48.908 0.0000000000
38563  -17.692  -48.637  53.094 0.0000000000
38590  -36.446  -48.460  49.135 0.0000000000
38604  -35.127  -48.945  48.695 0.0000000000
38605  -35.496  -48.477  49.026 0.0000000000
39633  -37.484  -47.028  48.640 0.0000000000
40571  -38.067  -46.123  49.976 0.0000000000
40576  -35.604  -47.553  49.104 0.0000000000
41468  -39.076  -45.629  50.105 0.0000000000
41469  -39.834  -45.252  50.091 0.0000000000
42341  -37.605  -44.046  48.944 0.0000000000
42393  -44.000  -44.674  42.718 0.0000000000
43224  -37.917  -43.631  49.295 0.0000000000
44263  -38.735  -42.674  48.972 0.0000000000
44280  -42.213  -42.389  48.023 0.0000000000
44398  -48.825  -42.468  39.803 0.0000000000
45293  -39.811  -41.647  48.456 0.0000000000
45295  -41.321  -41.685  48.645 0.0000000000
45311  -42.004  -41.494  47.956 0.0000000000
45421  -45.384  -41.741  39.509 0.0000000000
46339  -47.238  -39.657  41.745 0.0000000000
46386  -42.992  -41.065  39.373 0.0000000000
47234  -40.521  -39.763  48.163 0.0000000000
47235  -41.046  -39.423  48.295 0.0000000000
47274  -46.786  -38.966  42.215 0.0000000000
47289  -46.913  -39.460  42.122 0.0000000000
48184  -40.316  -39.362  47.869 0.0000000000
48187  -41.933  -38.320  47.755 0.0000000000
48198  -41.577  -37.977  47.547 0.0000000000
48223  -46.434  -37.701  43.170 0.0000000000
48224  -47.014  -37.644  43.263 0.0000000000
49096  -40.819  -37.822  46.615 0.0000000000
49109  -40.068  -37.297  46.427 0.0000000000
49110  -41.692  -37.485  46.894 0.0000000000
49118  -41.415  -37.730  46.314 0.0000000000
49128  -47.185  -36.789  43.634 0.0000000000
50134  -41.132  -37.325  46.198 0.0000000000
50148  -41.125  -37.088  46.090 0.0000000000
50161  -44.980  -35.892  45.120 0.0000000000
50176  -41.123  -35.934  45.149 0.0000000000
50177  -44.988  -36.521  44.590 0.0000000000
50179  -46.744  -36.445  44.329 0.0000000000
50180  -47.257  -36.149  44.335 0.0000000000
51191  -40.739  -35.944  45.550 0.0000000000
51206  -46.443  -35.534  45.278 0.0000000000
51207  -47.072  -35.295  45.170 0.0000000000
51221  -47.436  -35.556  44.337 0.0000000000
51239  -47.286  -35.067  43.434 0.0000000000
52201  -45.976  -34.280  45.379 0.0000000000
52204  -47.245  -35.216  44.515 0.0000000000
53308  -44.895  -33.648  45.199 0.0000000000
53310  -46.144  -33.356  45.167 0.0000000000
53358  -49.390  -32.774  41.627 0.0000000000
53378  -50.401  -32.844  40.089 0.0000000000
53389  -49.607  -33.332  40.642 0.0000000000
54328  -44.933  -32.968  45.220 0.0000000000
54330  -45.981  -32.604  44.816 0.0000000000
54331  -46.367  -32.907  44.673 0.0000000000
54344  -46.685  -32.360  43.996 0.0000000000
54453  -53.230  -33.726  35.930 0.0000000000
55406  -45.822  -32.185  44.576 0.0000000000
55416  -45.317  -31.678  44.332 0.0000000000
55427  -48.438  -31.363  42.676 0.0000000000
55480  -50.789  -31.849  39.724 0.0000000000
55493  -51.113  -31.661  39.064 0.0000000000
56435  -45.033  -31.561  44.305 0.0000000000
56437  -47.397  -30.831  43.342 0.0000000000
56451  -48.183  -30.422  43.069 0.0000000000
56452  -48.722  -30.271  42.522 0.0000000000
56484  -49.176  -30.131  41.125 0.0000000000
56501  -50.101  -31.053  40.266 0.0000000000
56526  -48.659  -30.349  38.721 0.0000000000
56534  -48.581  -30.626  37.575 0.0000000000
57412  -47.972  -29.549  42.742 0.0000000000
57420  -47.494  -29.669  42.626 0.0000000000
57421  -48.135  -29.270  42.142 0.0000000000
57422  -48.628  -29.260  41.686 0.0000000000
59412  -53.859  -26.385  36.506 0.0000000000
59414  -54.962  -27.270  37.367 0.0000000000
59425  -53.191  -27.217  35.903 0.0000000000
59426  -54.265  -26.634  36.243 0.0000000000
59448  -51.949  -27.452  34.673 0.0000000000
60397  -53.854  -25.745  36.872 0.0000000000
60398  -54.062  -26.505  37.968 0.0000000000
60399  -54.656  -27.024  38.119 0.0000000000
60428  -55.623  -25.869  35.308 0.0000000000
61426  -54.592  -25.661  38.241 0.0000000000
61427  -55.113  -25.582  38.073 0.0000000000
61441  -53.533  -25.263  36.779 0.0000000000
61442  -53.828  -25.190  37.550 0.0000000000
61444  -56.268  -26.078  36.608 0.0000000000
61458  -53.304  -25.158  36.246 0.0000000000
61460  -55.889  -25.657  35.587 0.0000000000
61474  -55.645  -25.661  35.301 0.0000000000
61482  -55.969  -25.977  34.120 0.0000000000
62407  -54.649  -24.804  38.030 0.0000000000
62421  -53.965  -24.629  37.276 0.0000000000
62423  -54.694  -24.343  36.954 0.0000000000
62436  -53.212  -24.505  36.140 0.0000000000
62438  -56.265  -24.919  35.849 0.0000000000
63312  -54.480  -23.940  36.626 0.0000000000
63314  -55.333  -23.971  36.541 0.0000000000
63321  -53.229  -23.974  36.248 0.0000000000
63322  -53.615  -23.376  36.143 0.0000000000
63323  -55.028  -23.640  36.185 0.0000000000
63330  -55.386  -23.462  35.701 0.0000000000
63341  -52.127  -23.409  33.617 0.0000000000
64213  -54.054  -23.281  36.176 0.0000000000
64214  -54.393  -23.304  36.043 0.0000000000
64221  -53.709  -22.475  35.783 0.0000000000
64228  -52.535  -22.712  34.887 0.0000000000
64230  -55.318  -22.941  35.213 0.0000000000
65094  -53.456  -21.737  35.498 0.0000000000
65096  -54.328  -21.976  35.581 0.0000000000
65108  -51.929  -21.623  34.273 0.0000000000
66006  -53.516  -21.312  35.325 0.0000000000
66007  -54.155  -21.946  35.713 0.0000000000
66017  -53.363  -20.963  35.103 0.0000000000
66035  -51.785  -20.651  33.264 0.0000000000
66041  -51.780  -20.501  32.411 0.0000000000
66858  -54.615  -19.068  34.586 0.0000000000
66874  -53.059  -19.671  34.102 0.0000000000
67695  -54.769  -18.355  34.726 0.0000000000
68643  -54.776  -17.242  34.017 0.0000000000
68671  -53.975  -17.812  31.973 0.0000000000
69561  -56.030  -16.591  33.189 0.0000000000
69577  -55.967  -16.024  32.750 0.0000000000
69602  -56.308  -16.182  30.744 0.0000000000
70434  -56.409  -15.827  32.114 0.0000000000
70435  -56.813  -15.816  31.740 0.0000000000
70445  -57.038  -15.479  31.261 0.0000000000
113171  -51.122  -32.044  39.416 0.0000000000
114911  -38.461  -50.662  45.966 0.0000000000
116289  -42.505  -39.358  46.946 0.0000000000
117354  -39.167  -50.094  46.667 0.0000000000
119655  -27.004  -54.679  46.983 0.0000000000
119852  -56.011  -24.184  36.158 0.0000000000
119903  -49.119  -30.192  41.786 0.0000000000
120946  -51.354  -31.993  38.483 0.0000000000
122029  -55.625  -24.464  34.853 0.0000000000
122127  -45.200  -30.844  43.333 0.0000000000
122404  -36.822  -49.069  48.780 0.0000000000
123403  -36.902  -46.563  49.446 0.0000000000
123659  -53.698  -18.006  32.473 0.0000000000
124734  -55.156  -24.769  37.224 0.0000000000
128405  -46.501  -36.258  44.901 0.0000000000
131059  -39.033  -39.699  46.956 0.0000000000
131890  -53.769  -21.257  35.344 0.0000000000
135403  -46.149  -34.885  45.457 0.0000000000
135940  -43.889  -35.766  42.353 0.0000000000
136239  -53.240  -21.012  35.271 0.0000000000
136769  -51.881  -22.743  33.878 0.0000000000
