#!ascii label  , from subject sub-009 vox2ras=TkReg
987
45482  -36.715  -41.638  35.282 0.0000000000
43403  -19.319  -43.917  36.730 0.0000000000
40743  -28.375  -46.461  35.493 0.0000000000
67840  -43.332  -18.156  22.031 0.0000000000
70565  -47.689  -15.327  17.816 0.0000000000
42411  -12.499  -44.444  40.848 0.0000000000
65199  -38.661  -21.241  24.884 0.0000000000
49203  -37.267  -37.014  34.098 0.0000000000
42477  -33.025  -44.248  35.581 0.0000000000
42432  -15.961  -44.200  37.936 0.0000000000
39730  -16.435  -47.670  39.958 0.0000000000
45528  -32.976  -41.216  32.040 0.0000000000
48333  -32.406  -38.594  32.163 0.0000000000
115480  -23.984  -45.634  35.825 0.0000000000
44479  -29.109  -42.335  32.530 0.0000000000
56654  -38.589  -30.277  23.386 0.0000000000
61614  -42.286  -26.283  22.616 0.0000000000
133432  -43.732  -22.446  24.123 0.0000000000
36625  -9.026  -50.899  40.302 0.0000000000
33440  -7.450  -53.290  42.644 0.0000000000
51348  -30.269  -35.575  29.400 0.0000000000
55594  -30.451  -32.175  27.733 0.0000000000
54583  -34.204  -31.763  24.941 0.0000000000
37715  -12.412  -49.115  39.249 0.0000000000
41563  -19.498  -45.098  38.882 0.0000000000
41554  -22.109  -46.003  38.808 0.0000000000
43434  -35.027  -43.010  35.673 0.0000000000
45443  -18.306  -41.192  37.100 0.0000000000
43401  -17.434  -43.378  37.076 0.0000000000
41561  -17.718  -45.707  37.909 0.0000000000
46444  -31.410  -39.942  34.241 0.0000000000
117936  -31.135  -41.881  32.229 0.0000000000
126140  -38.333  -28.649  23.156 0.0000000000
57583  -41.062  -29.061  22.673 0.0000000000
60595  -40.133  -26.143  22.839 0.0000000000
125791  -41.001  -22.321  23.071 0.0000000000
65243  -42.689  -21.230  21.391 0.0000000000
130921  -45.929  -22.405  21.666 0.0000000000
66129  -45.205  -20.918  19.933 0.0000000000
66143  -47.412  -20.132  19.018 0.0000000000
131027  -29.335  -36.878  33.586 0.0000000000
49243  -31.070  -37.493  30.857 0.0000000000
51321  -27.842  -35.320  32.084 0.0000000000
55591  -27.482  -31.278  28.937 0.0000000000
57505  -29.510  -29.498  27.115 0.0000000000
55605  -32.437  -31.862  27.048 0.0000000000
58508  -31.673  -28.307  25.571 0.0000000000
58531  -33.917  -28.852  24.363 0.0000000000
40740  -25.947  -46.346  35.808 0.0000000000
128137  -10.979  -47.559  39.816 0.0000000000
40662  -12.476  -46.811  39.339 0.0000000000
30406  -7.495  -55.943  42.362 0.0000000000
29425  -6.135  -57.249  42.654 0.0000000000
62541  -38.939  -24.625  25.623 0.0000000000
50262  -36.197  -35.505  34.079 0.0000000000
41592  -30.732  -45.372  35.986 0.0000000000
42421  -14.300  -43.789  39.382 0.0000000000
40681  -14.523  -46.634  38.425 0.0000000000
41560  -15.928  -45.911  37.888 0.0000000000
114378  -47.711  -15.239  16.057 0.0000000000
45513  -34.676  -41.654  32.867 0.0000000000
46468  -35.225  -40.086  32.389 0.0000000000
47378  -33.495  -39.558  32.141 0.0000000000
44433  -19.803  -41.983  35.773 0.0000000000
42459  -21.485  -44.412  36.335 0.0000000000
43442  -21.943  -43.384  34.962 0.0000000000
122408  -24.078  -43.910  33.927 0.0000000000
42490  -26.103  -44.621  32.985 0.0000000000
44468  -26.875  -42.369  32.718 0.0000000000
42492  -28.454  -44.416  33.120 0.0000000000
42495  -31.029  -44.122  33.734 0.0000000000
43459  -33.120  -43.223  33.486 0.0000000000
54570  -39.343  -32.518  25.392 0.0000000000
63446  -40.321  -23.825  23.874 0.0000000000
62560  -42.738  -23.788  24.289 0.0000000000
66999  -48.680  -19.128  18.556 0.0000000000
134354  -8.274  -52.685  41.561 0.0000000000
32421  -9.653  -55.095  42.702 0.0000000000
49232  -35.444  -37.874  31.819 0.0000000000
50280  -33.720  -36.055  31.018 0.0000000000
52433  -33.055  -34.281  31.860 0.0000000000
120699  -27.086  -33.279  30.692 0.0000000000
53507  -29.636  -33.907  28.546 0.0000000000
54497  -32.714  -32.914  30.493 0.0000000000
53510  -34.416  -33.297  29.263 0.0000000000
53532  -35.643  -33.329  27.902 0.0000000000
53542  -37.261  -33.492  26.536 0.0000000000
55646  -36.982  -31.872  23.983 0.0000000000
119623  -36.119  -29.221  23.736 0.0000000000
40670  -24.422  -46.975  38.719 0.0000000000
38712  -9.293  -48.542  40.850 0.0000000000
36649  -10.451  -50.329  39.440 0.0000000000
37717  -14.056  -48.654  39.344 0.0000000000
119516  -4.525  -57.794  42.464 0.0000000000
42435  -20.073  -44.865  38.258 0.0000000000
41564  -20.717  -45.089  38.549 0.0000000000
41574  -20.791  -44.987  37.849 0.0000000000
44439  -36.386  -42.303  35.687 0.0000000000
43414  -18.614  -42.547  36.544 0.0000000000
44415  -17.913  -42.577  36.851 0.0000000000
43402  -18.441  -43.439  36.706 0.0000000000
42433  -18.425  -44.765  37.522 0.0000000000
59597  -38.126  -27.552  24.526 0.0000000000
59616  -39.055  -27.246  23.219 0.0000000000
60578  -39.135  -26.479  23.783 0.0000000000
67838  -41.637  -18.653  22.754 0.0000000000
66106  -41.067  -20.347  22.162 0.0000000000
66970  -42.342  -19.601  21.518 0.0000000000
65257  -44.093  -21.200  20.667 0.0000000000
66982  -43.680  -19.637  20.673 0.0000000000
114421  -44.783  -18.831  20.228 0.0000000000
51322  -28.250  -35.828  32.784 0.0000000000
58469  -28.801  -28.189  28.194 0.0000000000
130206  -30.476  -28.850  26.296 0.0000000000
59562  -31.147  -27.338  26.567 0.0000000000
59563  -31.967  -26.969  26.285 0.0000000000
40742  -27.592  -46.459  35.403 0.0000000000
39805  -27.904  -47.097  36.587 0.0000000000
40727  -28.771  -46.926  36.249 0.0000000000
40636  -11.336  -45.492  40.873 0.0000000000
41548  -12.870  -45.906  39.580 0.0000000000
70559  -49.252  -15.893  18.439 0.0000000000
30405  -6.730  -56.583  42.505 0.0000000000
48292  -38.339  -37.847  36.142 0.0000000000
50269  -36.677  -36.464  33.647 0.0000000000
42475  -31.688  -44.514  35.398 0.0000000000
42448  -32.915  -44.883  37.126 0.0000000000
44403  -16.312  -42.168  38.322 0.0000000000
44402  -15.511  -42.454  38.968 0.0000000000
44383  -14.904  -42.449  39.888 0.0000000000
42422  -15.006  -44.054  38.741 0.0000000000
42430  -14.654  -44.775  38.873 0.0000000000
125387  -16.285  -45.173  37.780 0.0000000000
40666  -18.448  -46.063  39.772 0.0000000000
40665  -17.695  -46.578  39.232 0.0000000000
45529  -33.634  -41.521  32.134 0.0000000000
46467  -34.414  -40.421  32.209 0.0000000000
46465  -33.047  -40.154  32.272 0.0000000000
45457  -20.876  -40.968  35.787 0.0000000000
44435  -21.027  -42.674  35.248 0.0000000000
45472  -21.382  -41.621  35.297 0.0000000000
44451  -23.187  -42.607  34.467 0.0000000000
134656  -24.195  -43.105  33.925 0.0000000000
42483  -24.708  -44.589  33.555 0.0000000000
44466  -25.344  -42.901  33.098 0.0000000000
45509  -28.338  -41.314  33.495 0.0000000000
127779  -27.643  -41.972  32.621 0.0000000000
131259  -27.099  -43.407  32.481 0.0000000000
43464  -28.584  -42.934  32.449 0.0000000000
42493  -29.354  -44.472  33.262 0.0000000000
43465  -29.464  -43.136  32.473 0.0000000000
45527  -31.852  -41.598  32.188 0.0000000000
43468  -31.936  -42.958  32.573 0.0000000000
117200  -33.193  -42.025  32.269 0.0000000000
44471  -34.381  -42.358  33.358 0.0000000000
55649  -39.318  -31.327  24.389 0.0000000000
55628  -40.530  -31.596  25.244 0.0000000000
134291  -40.641  -30.641  24.313 0.0000000000
128073  -42.081  -27.622  22.452 0.0000000000
132765  -42.705  -28.722  23.347 0.0000000000
63420  -38.341  -22.754  25.988 0.0000000000
63445  -38.929  -23.793  24.688 0.0000000000
121526  -38.881  -22.917  24.191 0.0000000000
130938  -42.705  -22.556  23.624 0.0000000000
64317  -42.137  -22.882  23.987 0.0000000000
64318  -43.017  -22.914  24.298 0.0000000000
63450  -44.153  -23.543  24.819 0.0000000000
66998  -47.939  -19.475  18.837 0.0000000000
68803  -48.212  -17.857  19.032 0.0000000000
68804  -49.021  -17.512  18.906 0.0000000000
135378  -8.433  -50.015  41.343 0.0000000000
35473  -8.194  -51.231  41.662 0.0000000000
122162  -8.612  -51.362  40.866 0.0000000000
32433  -10.162  -54.226  42.547 0.0000000000
31427  -9.464  -56.340  44.226 0.0000000000
47387  -34.463  -38.901  31.764 0.0000000000
47381  -35.425  -39.215  32.163 0.0000000000
48343  -34.037  -38.146  31.324 0.0000000000
50292  -29.789  -36.651  30.172 0.0000000000
50295  -32.400  -36.471  30.531 0.0000000000
51349  -31.830  -35.858  30.086 0.0000000000
51335  -33.402  -35.049  31.306 0.0000000000
52451  -32.327  -34.781  30.181 0.0000000000
118366  -26.801  -30.849  31.148 0.0000000000
117662  -28.919  -32.084  27.862 0.0000000000
55592  -28.369  -32.606  28.304 0.0000000000
54526  -30.305  -32.747  28.181 0.0000000000
53509  -31.479  -33.335  29.300 0.0000000000
54513  -31.631  -32.970  29.100 0.0000000000
118606  -32.805  -32.844  30.015 0.0000000000
54528  -32.318  -32.756  28.479 0.0000000000
55616  -32.990  -31.886  26.227 0.0000000000
54544  -34.047  -33.030  27.490 0.0000000000
54555  -34.907  -32.950  26.126 0.0000000000
53534  -36.883  -33.542  27.345 0.0000000000
54566  -35.452  -32.817  25.458 0.0000000000
54567  -37.051  -32.870  25.123 0.0000000000
132147  -34.898  -31.938  24.568 0.0000000000
59581  -35.215  -27.419  25.421 0.0000000000
126416  -35.577  -28.812  23.984 0.0000000000
114954  -36.021  -27.995  24.654 0.0000000000
41587  -22.665  -45.244  36.470 0.0000000000
114281  -23.042  -45.836  37.243 0.0000000000
41577  -23.932  -46.160  37.244 0.0000000000
39749  -11.364  -47.916  39.369 0.0000000000
38753  -10.321  -48.836  39.503 0.0000000000
37714  -11.583  -49.271  39.302 0.0000000000
39776  -15.097  -47.304  38.411 0.0000000000
38757  -14.270  -48.139  38.804 0.0000000000
38758  -14.833  -48.310  39.410 0.0000000000
41540  -19.697  -45.294  39.788 0.0000000000
41541  -20.373  -45.476  40.126 0.0000000000
41553  -21.622  -45.966  39.592 0.0000000000
40655  -23.274  -47.072  39.855 0.0000000000
43432  -33.610  -43.677  35.101 0.0000000000
42464  -34.251  -44.104  36.727 0.0000000000
45428  -17.214  -41.111  37.924 0.0000000000
44404  -16.918  -41.877  37.755 0.0000000000
43400  -16.674  -43.769  37.527 0.0000000000
41571  -16.715  -44.689  37.524 0.0000000000
123998  -17.773  -44.719  37.350 0.0000000000
41562  -18.589  -45.268  38.317 0.0000000000
46464  -32.253  -40.748  32.336 0.0000000000
46455  -32.541  -39.775  32.918 0.0000000000
45510  -29.300  -41.018  33.551 0.0000000000
44480  -29.957  -42.479  32.476 0.0000000000
45512  -31.247  -41.220  32.520 0.0000000000
57569  -38.388  -29.528  23.168 0.0000000000
57570  -39.756  -29.676  23.076 0.0000000000
58564  -39.844  -28.346  22.545 0.0000000000
59629  -40.542  -27.784  22.364 0.0000000000
127661  -41.073  -26.593  22.443 0.0000000000
65213  -39.616  -21.470  23.414 0.0000000000
66101  -40.041  -20.808  23.034 0.0000000000
65215  -41.344  -21.785  22.512 0.0000000000
65230  -42.944  -21.789  22.030 0.0000000000
129045  -44.571  -22.346  22.820 0.0000000000
65245  -44.444  -21.876  21.162 0.0000000000
65246  -45.369  -21.997  20.975 0.0000000000
65260  -46.773  -21.699  20.093 0.0000000000
66142  -46.541  -20.371  19.288 0.0000000000
67871  -46.034  -18.748  19.803 0.0000000000
35511  -10.455  -51.675  40.116 0.0000000000
34482  -9.820  -52.250  40.522 0.0000000000
34471  -11.084  -52.630  41.603 0.0000000000
49219  -30.285  -37.846  32.463 0.0000000000
49228  -31.630  -38.079  31.490 0.0000000000
49218  -29.585  -37.230  32.202 0.0000000000
50291  -28.687  -36.342  30.786 0.0000000000
51346  -28.363  -35.516  30.266 0.0000000000
127517  -27.127  -30.100  30.656 0.0000000000
128379  -27.697  -29.025  29.351 0.0000000000
56589  -28.405  -30.044  27.826 0.0000000000
55603  -29.505  -30.936  27.313 0.0000000000
120450  -30.978  -31.593  27.367 0.0000000000
56592  -30.716  -30.854  26.816 0.0000000000
56610  -31.584  -29.893  25.955 0.0000000000
56612  -32.893  -30.416  24.975 0.0000000000
56629  -33.681  -30.435  24.516 0.0000000000
58509  -32.459  -28.401  25.182 0.0000000000
41590  -25.173  -46.091  35.711 0.0000000000
40704  -25.392  -46.581  37.388 0.0000000000
40725  -26.119  -46.539  36.780 0.0000000000
40648  -11.552  -46.929  39.854 0.0000000000
121567  -12.735  -48.385  39.042 0.0000000000
119285  -7.627  -54.623  42.174 0.0000000000
136863  -6.916  -53.738  43.786 0.0000000000
31439  -6.608  -55.769  42.548 0.0000000000
31432  -5.706  -55.754  43.273 0.0000000000
30394  -5.153  -55.979  43.465 0.0000000000
52394  -35.349  -34.192  34.022 0.0000000000
41604  -29.536  -45.642  35.160 0.0000000000
40728  -29.745  -46.609  36.335 0.0000000000
43342  -13.839  -42.769  41.119 0.0000000000
42412  -13.158  -44.050  40.423 0.0000000000
41549  -13.446  -45.388  39.329 0.0000000000
41550  -14.196  -45.555  38.863 0.0000000000
40682  -15.465  -46.623  38.164 0.0000000000
39777  -15.805  -47.196  38.456 0.0000000000
119208  -16.838  -45.880  37.660 0.0000000000
40664  -17.039  -46.908  38.805 0.0000000000
39731  -17.144  -47.239  40.408 0.0000000000
70564  -46.913  -14.997  17.434 0.0000000000
45498  -35.664  -41.767  34.119 0.0000000000
133676  -36.179  -40.462  33.616 0.0000000000
45531  -34.985  -40.933  32.580 0.0000000000
47379  -34.169  -39.601  32.047 0.0000000000
48334  -33.063  -38.991  32.141 0.0000000000
48324  -32.476  -38.934  33.706 0.0000000000
48323  -32.251  -38.749  33.319 0.0000000000
49220  -31.360  -38.347  32.600 0.0000000000
49199  -29.770  -37.358  34.078 0.0000000000
43416  -19.877  -43.605  36.363 0.0000000000
42458  -20.626  -44.089  36.542 0.0000000000
43429  -20.406  -43.257  35.804 0.0000000000
42471  -21.977  -44.207  35.558 0.0000000000
117847  -23.129  -44.688  35.110 0.0000000000
45489  -22.731  -41.976  34.715 0.0000000000
43443  -22.853  -43.446  34.604 0.0000000000
42473  -23.867  -45.074  34.980 0.0000000000
41611  -24.600  -45.339  34.373 0.0000000000
116998  -26.134  -45.888  34.233 0.0000000000
41614  -27.497  -45.635  34.022 0.0000000000
44453  -25.647  -42.192  33.849 0.0000000000
44467  -26.138  -43.291  32.643 0.0000000000
42491  -27.522  -44.322  32.911 0.0000000000
41615  -28.371  -45.533  34.253 0.0000000000
41617  -29.837  -45.218  34.643 0.0000000000
42474  -30.488  -44.742  34.428 0.0000000000
42476  -32.260  -44.116  34.899 0.0000000000
43467  -31.129  -43.120  32.495 0.0000000000
43457  -31.527  -43.616  33.072 0.0000000000
43446  -32.692  -43.709  34.072 0.0000000000
43448  -34.073  -43.196  34.590 0.0000000000
44457  -34.979  -42.347  34.103 0.0000000000
45454  -18.702  -41.715  36.524 0.0000000000
57548  -41.711  -29.783  23.955 0.0000000000
61583  -39.291  -25.754  24.423 0.0000000000
61600  -40.325  -25.522  23.104 0.0000000000
62569  -41.607  -24.700  23.481 0.0000000000
64315  -40.601  -23.165  23.690 0.0000000000
62559  -41.935  -24.039  24.152 0.0000000000
62570  -42.734  -24.603  23.602 0.0000000000
62562  -44.525  -24.478  24.471 0.0000000000
134560  -49.951  -18.367  18.015 0.0000000000
69711  -49.403  -16.428  18.738 0.0000000000
115131  -48.507  -15.776  19.438 0.0000000000
127839  -7.896  -51.398  42.522 0.0000000000
34455  -7.781  -52.850  42.148 0.0000000000
34469  -9.501  -52.850  41.147 0.0000000000
33455  -9.099  -53.597  41.558 0.0000000000
32431  -8.388  -54.320  41.909 0.0000000000
31440  -8.266  -55.656  42.369 0.0000000000
46457  -36.299  -39.968  33.427 0.0000000000
48325  -36.667  -38.587  33.187 0.0000000000
49222  -36.225  -37.966  32.489 0.0000000000
49245  -32.786  -37.209  30.891 0.0000000000
50282  -35.221  -36.833  31.735 0.0000000000
49212  -36.231  -36.901  32.900 0.0000000000
50275  -34.865  -35.796  31.950 0.0000000000
51324  -34.326  -34.781  32.451 0.0000000000
52413  -33.909  -34.021  32.823 0.0000000000
53477  -27.228  -33.745  31.282 0.0000000000
52448  -27.903  -34.284  29.826 0.0000000000
55583  -27.182  -31.606  29.700 0.0000000000
52465  -28.481  -34.018  28.989 0.0000000000
52466  -29.291  -34.503  28.936 0.0000000000
52450  -31.686  -34.273  29.757 0.0000000000
54483  -32.741  -33.467  31.165 0.0000000000
54529  -33.325  -32.949  28.213 0.0000000000
53522  -35.050  -33.297  28.576 0.0000000000
54556  -38.869  -33.022  25.840 0.0000000000
54587  -38.237  -32.335  24.473 0.0000000000
55667  -37.343  -31.114  23.724 0.0000000000
56631  -35.239  -30.723  23.861 0.0000000000
56651  -36.066  -30.563  23.666 0.0000000000
56653  -37.673  -30.234  23.372 0.0000000000
58553  -37.459  -29.176  23.360 0.0000000000
58515  -37.511  -27.824  24.944 0.0000000000
41575  -21.482  -45.238  37.569 0.0000000000
40686  -22.895  -46.468  38.663 0.0000000000
122496  -24.936  -46.764  38.141 0.0000000000
118362  -9.150  -49.367  40.303 0.0000000000
38713  -9.894  -48.054  40.507 0.0000000000
38733  -9.679  -48.750  39.970 0.0000000000
36626  -9.698  -50.635  39.706 0.0000000000
35512  -11.330  -51.685  40.593 0.0000000000
134421  -13.191  -46.744  39.015 0.0000000000
38756  -13.565  -48.319  38.889 0.0000000000
37716  -13.282  -48.975  39.287 0.0000000000
28463  -5.508  -59.159  43.937 0.0000000000
29413  -4.980  -58.041  42.947 0.0000000000
30393  -4.759  -56.054  43.285 0.0000000000
46436  -37.134  -40.812  35.282 0.0000000000
42445  -19.631  -44.471  37.401 0.0000000000
42446  -20.357  -44.570  37.385 0.0000000000
43415  -19.175  -43.134  36.343 0.0000000000
116973  -18.844  -44.306  37.140 0.0000000000
59584  -38.712  -27.182  25.261 0.0000000000
59598  -38.640  -27.075  24.127 0.0000000000
60563  -39.042  -26.593  24.832 0.0000000000
67839  -42.468  -18.331  22.411 0.0000000000
66965  -41.907  -19.085  21.921 0.0000000000
67849  -42.685  -18.863  21.618 0.0000000000
66971  -42.956  -19.640  21.131 0.0000000000
67850  -43.445  -18.786  21.167 0.0000000000
67863  -44.156  -18.780  20.598 0.0000000000
59547  -30.523  -27.409  27.155 0.0000000000
119678  -28.021  -46.835  35.900 0.0000000000
41538  -12.197  -45.201  40.419 0.0000000000
70558  -48.555  -15.656  18.625 0.0000000000
70567  -49.609  -15.816  17.759 0.0000000000
70566  -48.823  -15.521  17.843 0.0000000000
49194  -37.192  -36.619  35.124 0.0000000000
135777  -32.227  -44.485  35.712 0.0000000000
42462  -32.577  -44.714  36.332 0.0000000000
43391  -16.007  -43.119  38.038 0.0000000000
43377  -14.844  -43.161  39.220 0.0000000000
43390  -15.412  -43.512  38.495 0.0000000000
129179  -15.462  -44.182  38.359 0.0000000000
124581  -33.795  -41.007  32.065 0.0000000000
45491  -24.371  -41.827  34.573 0.0000000000
44452  -24.774  -42.496  33.944 0.0000000000
43453  -24.633  -43.448  33.382 0.0000000000
45524  -28.747  -41.591  32.813 0.0000000000
45523  -28.039  -41.641  32.776 0.0000000000
44478  -28.251  -42.084  32.519 0.0000000000
42502  -28.959  -43.771  32.754 0.0000000000
44483  -32.305  -42.094  32.204 0.0000000000
55669  -38.910  -30.838  23.844 0.0000000000
126406  -40.142  -31.021  24.524 0.0000000000
56632  -39.597  -30.714  24.005 0.0000000000
60606  -42.339  -27.004  22.530 0.0000000000
59631  -42.686  -27.486  22.771 0.0000000000
60597  -43.524  -26.560  23.183 0.0000000000
64302  -38.491  -22.038  25.402 0.0000000000
130285  -38.569  -22.878  25.058 0.0000000000
64313  -38.690  -22.086  24.530 0.0000000000
113940  -44.010  -22.900  24.874 0.0000000000
68794  -47.839  -17.440  19.717 0.0000000000
36602  -8.476  -50.658  41.048 0.0000000000
35509  -9.121  -51.809  40.502 0.0000000000
48342  -33.170  -38.418  31.571 0.0000000000
126380  -30.872  -36.259  29.845 0.0000000000
127493  -31.348  -35.235  29.639 0.0000000000
116624  -29.708  -32.379  27.765 0.0000000000
54512  -30.918  -32.974  28.771 0.0000000000
54527  -31.058  -32.655  28.538 0.0000000000
115601  -31.683  -32.787  28.788 0.0000000000
55595  -31.438  -32.345  28.020 0.0000000000
54564  -33.518  -31.853  25.533 0.0000000000
54553  -33.586  -32.351  26.207 0.0000000000
54565  -34.163  -32.417  25.741 0.0000000000
53550  -35.808  -33.279  26.020 0.0000000000
118035  -34.849  -32.407  25.228 0.0000000000
54584  -35.608  -32.334  24.659 0.0000000000
41598  -23.265  -45.199  35.707 0.0000000000
41588  -23.501  -45.663  36.497 0.0000000000
122805  -24.155  -45.923  36.528 0.0000000000
38755  -11.882  -48.510  39.220 0.0000000000
36651  -12.089  -49.723  39.462 0.0000000000
36628  -12.171  -50.367  40.066 0.0000000000
37695  -12.903  -49.653  39.861 0.0000000000
39753  -15.573  -47.723  39.110 0.0000000000
39752  -14.832  -47.838  38.749 0.0000000000
38735  -15.554  -48.251  40.162 0.0000000000
34438  -7.385  -52.534  43.165 0.0000000000
33425  -7.128  -53.206  43.477 0.0000000000
48303  -38.114  -38.433  35.320 0.0000000000
113305  -20.364  -45.153  39.239 0.0000000000
41565  -21.260  -45.399  38.933 0.0000000000
41552  -20.934  -45.498  39.681 0.0000000000
40654  -22.613  -46.851  40.431 0.0000000000
40668  -22.518  -46.534  39.531 0.0000000000
43433  -34.374  -43.411  35.371 0.0000000000
43418  -34.759  -43.562  36.158 0.0000000000
46393  -18.299  -40.196  38.441 0.0000000000
45429  -17.836  -40.746  37.755 0.0000000000
44414  -17.293  -42.472  37.247 0.0000000000
44413  -16.737  -42.814  37.605 0.0000000000
42444  -17.300  -44.328  37.289 0.0000000000
42434  -19.213  -44.802  37.987 0.0000000000
41551  -18.940  -45.492  39.324 0.0000000000
46454  -31.804  -40.307  33.107 0.0000000000
46445  -32.161  -39.487  33.864 0.0000000000
45497  -30.120  -40.623  33.840 0.0000000000
57581  -39.191  -29.029  22.804 0.0000000000
58554  -39.049  -28.094  22.851 0.0000000000
60594  -39.629  -26.638  22.969 0.0000000000
59628  -39.723  -27.492  22.616 0.0000000000
60604  -40.389  -26.821  22.507 0.0000000000
126266  -41.009  -27.168  22.368 0.0000000000
61612  -40.760  -26.042  22.611 0.0000000000
66100  -39.422  -20.650  23.702 0.0000000000
132619  -39.904  -20.137  23.415 0.0000000000
129613  -42.003  -20.951  21.519 0.0000000000
65229  -41.394  -21.038  21.879 0.0000000000
65242  -42.056  -21.533  21.891 0.0000000000
65231  -43.955  -22.008  22.190 0.0000000000
65244  -43.532  -21.568  21.297 0.0000000000
66128  -44.593  -20.664  20.166 0.0000000000
65258  -44.874  -21.469  20.424 0.0000000000
65259  -45.804  -21.509  20.135 0.0000000000
65269  -46.408  -21.088  19.675 0.0000000000
66141  -45.805  -20.633  19.587 0.0000000000
66984  -45.251  -19.250  19.816 0.0000000000
49209  -29.735  -37.425  33.136 0.0000000000
50274  -29.167  -36.810  32.816 0.0000000000
120915  -28.304  -36.082  31.831 0.0000000000
51333  -28.039  -35.485  31.105 0.0000000000
58483  -29.222  -28.677  27.486 0.0000000000
58482  -28.468  -29.093  27.988 0.0000000000
57504  -28.987  -29.527  27.590 0.0000000000
56590  -29.206  -30.245  27.434 0.0000000000
56591  -29.973  -30.315  26.953 0.0000000000
57513  -31.193  -29.030  25.866 0.0000000000
56611  -32.211  -30.054  25.452 0.0000000000
57524  -31.934  -29.174  25.454 0.0000000000
57525  -32.660  -29.379  25.020 0.0000000000
59564  -32.823  -26.750  26.023 0.0000000000
136409  -26.650  -46.555  36.258 0.0000000000
40707  -28.564  -47.431  37.107 0.0000000000
129856  -27.677  -47.416  37.399 0.0000000000
40649  -12.067  -46.111  40.105 0.0000000000
134209  -11.506  -46.169  40.386 0.0000000000
39750  -12.168  -47.688  39.174 0.0000000000
125678  -7.367  -55.307  42.342 0.0000000000
30400  -5.905  -56.523  42.756 0.0000000000
30399  -5.099  -57.111  42.954 0.0000000000
131508  -36.541  -35.740  35.264 0.0000000000
51310  -36.017  -35.208  34.968 0.0000000000
51309  -35.619  -34.606  34.542 0.0000000000
41591  -29.985  -45.876  35.825 0.0000000000
43376  -14.258  -43.012  39.934 0.0000000000
44370  -14.348  -42.502  40.574 0.0000000000
43361  -13.910  -43.041  40.543 0.0000000000
43360  -13.484  -43.425  40.868 0.0000000000
42413  -13.732  -43.579  40.100 0.0000000000
42420  -13.695  -44.491  39.514 0.0000000000
41559  -15.082  -45.771  38.377 0.0000000000
40683  -16.426  -46.720  38.134 0.0000000000
41572  -17.298  -45.152  37.497 0.0000000000
132649  -16.796  -45.281  37.536 0.0000000000
39755  -17.107  -47.094  39.609 0.0000000000
45514  -35.382  -41.329  33.273 0.0000000000
46466  -33.709  -40.362  32.147 0.0000000000
132364  -32.556  -39.168  33.557 0.0000000000
49201  -31.213  -38.211  34.572 0.0000000000
49211  -31.648  -38.467  33.724 0.0000000000
49210  -30.585  -38.072  33.607 0.0000000000
44423  -19.737  -42.812  35.928 0.0000000000
44434  -20.287  -42.497  35.626 0.0000000000
42472  -22.612  -44.722  35.613 0.0000000000
42481  -22.630  -44.128  34.993 0.0000000000
43444  -23.604  -43.304  34.247 0.0000000000
42482  -23.424  -44.212  34.505 0.0000000000
122498  -24.111  -44.652  34.220 0.0000000000
42489  -25.492  -44.870  33.241 0.0000000000
41612  -25.347  -45.476  33.846 0.0000000000
41620  -26.121  -45.395  33.456 0.0000000000
41613  -26.747  -45.710  33.847 0.0000000000
45494  -27.234  -41.252  34.457 0.0000000000
44454  -26.534  -41.848  33.870 0.0000000000
123826  -26.045  -42.475  33.082 0.0000000000
42501  -28.043  -43.604  32.684 0.0000000000
41622  -27.948  -45.020  33.562 0.0000000000
42484  -28.852  -45.023  33.749 0.0000000000
41616  -29.188  -45.403  34.449 0.0000000000
42494  -30.215  -44.403  33.458 0.0000000000
127191  -31.386  -44.351  34.642 0.0000000000
45526  -30.504  -41.850  32.475 0.0000000000
44481  -30.740  -42.467  32.322 0.0000000000
44469  -32.740  -42.735  32.775 0.0000000000
43458  -32.343  -43.432  33.254 0.0000000000
43447  -33.400  -43.481  34.282 0.0000000000
44472  -35.028  -41.910  33.528 0.0000000000
120632  -35.484  -42.382  34.642 0.0000000000
46421  -19.597  -40.720  36.328 0.0000000000
45444  -18.925  -40.806  36.669 0.0000000000
45455  -19.307  -41.400  36.111 0.0000000000
44422  -19.179  -42.281  36.137 0.0000000000
54557  -39.586  -32.899  26.152 0.0000000000
55650  -40.934  -30.985  24.775 0.0000000000
55629  -41.307  -31.380  25.480 0.0000000000
57571  -40.485  -29.592  23.031 0.0000000000
57572  -41.131  -29.723  23.410 0.0000000000
136143  -39.198  -25.364  25.253 0.0000000000
62557  -39.292  -24.759  24.491 0.0000000000
128640  -39.536  -24.091  24.133 0.0000000000
62558  -39.985  -24.455  23.808 0.0000000000
62568  -40.603  -24.851  23.468 0.0000000000
118589  -40.987  -24.210  23.808 0.0000000000
64327  -40.208  -22.365  23.400 0.0000000000
63448  -42.298  -23.320  24.313 0.0000000000
64316  -41.647  -23.163  23.929 0.0000000000
61603  -43.770  -25.006  23.787 0.0000000000
62561  -43.520  -24.100  24.378 0.0000000000
62542  -44.892  -23.794  24.958 0.0000000000
133746  -45.643  -22.541  22.222 0.0000000000
67000  -49.617  -19.125  18.306 0.0000000000
67883  -49.345  -18.236  18.313 0.0000000000
68795  -48.740  -17.064  19.512 0.0000000000
68796  -49.173  -16.740  19.161 0.0000000000
69710  -49.045  -16.117  19.073 0.0000000000
127233  -8.019  -52.064  41.948 0.0000000000
34470  -10.283  -52.811  41.186 0.0000000000
33456  -9.925  -53.357  41.599 0.0000000000
32432  -9.279  -54.418  42.022 0.0000000000
31441  -8.726  -55.095  42.202 0.0000000000
30402  -9.036  -56.213  43.311 0.0000000000
46456  -35.725  -40.522  33.067 0.0000000000
46447  -36.624  -40.375  34.095 0.0000000000
47372  -35.868  -39.687  32.776 0.0000000000
48345  -35.280  -38.594  31.870 0.0000000000
47382  -36.084  -38.922  32.603 0.0000000000
48335  -35.694  -38.538  32.152 0.0000000000
49229  -32.533  -38.008  31.226 0.0000000000
49244  -31.963  -37.455  30.777 0.0000000000
49246  -33.181  -36.591  30.869 0.0000000000
50281  -34.478  -36.454  31.284 0.0000000000
50276  -35.588  -36.138  32.569 0.0000000000
51334  -32.998  -34.838  30.807 0.0000000000
51323  -33.439  -34.423  32.245 0.0000000000
52412  -33.077  -34.011  32.539 0.0000000000
115275  -26.842  -32.532  31.061 0.0000000000
54482  -27.080  -33.155  31.470 0.0000000000
52447  -27.466  -34.044  30.567 0.0000000000
125417  -27.303  -30.909  29.539 0.0000000000
118972  -27.168  -30.905  30.256 0.0000000000
53520  -28.927  -33.362  28.358 0.0000000000
54511  -27.921  -33.176  28.853 0.0000000000
52467  -30.299  -34.390  28.868 0.0000000000
53492  -31.222  -33.925  29.311 0.0000000000
54496  -32.160  -33.127  29.747 0.0000000000
53494  -32.412  -33.362  30.264 0.0000000000
53464  -33.155  -33.603  32.005 0.0000000000
54474  -33.661  -33.218  32.022 0.0000000000
124249  -33.636  -33.028  29.936 0.0000000000
123899  -31.678  -31.723  27.344 0.0000000000
55596  -32.088  -32.266  27.746 0.0000000000
54531  -34.851  -33.240  27.706 0.0000000000
53535  -37.786  -33.687  27.280 0.0000000000
53536  -38.732  -33.613  27.170 0.0000000000
53544  -39.048  -33.331  26.496 0.0000000000
53543  -38.237  -33.414  26.365 0.0000000000
54585  -36.568  -32.437  24.485 0.0000000000
54568  -37.888  -32.859  24.991 0.0000000000
54586  -37.442  -32.446  24.414 0.0000000000
55647  -37.796  -31.773  24.006 0.0000000000
57544  -34.149  -29.659  24.247 0.0000000000
56630  -34.417  -30.517  24.188 0.0000000000
57546  -35.692  -29.841  23.700 0.0000000000
57567  -36.367  -29.869  23.528 0.0000000000
56652  -36.820  -30.472  23.573 0.0000000000
57568  -36.987  -29.830  23.412 0.0000000000
57547  -36.674  -29.154  23.644 0.0000000000
58514  -36.946  -27.826  25.215 0.0000000000
42447  -21.107  -44.726  37.114 0.0000000000
41586  -21.876  -44.969  36.841 0.0000000000
40702  -23.370  -46.333  37.960 0.0000000000
40701  -22.557  -46.017  38.006 0.0000000000
40687  -23.654  -46.755  38.628 0.0000000000
118334  -23.230  -46.855  39.167 0.0000000000
40669  -23.876  -47.149  39.287 0.0000000000
40689  -25.743  -47.007  38.188 0.0000000000
40708  -29.481  -47.229  36.982 0.0000000000
37676  -8.715  -49.244  41.341 0.0000000000
39729  -10.838  -47.062  40.544 0.0000000000
39716  -10.216  -47.312  41.022 0.0000000000
39728  -10.454  -47.732  40.164 0.0000000000
37713  -10.739  -49.479  39.348 0.0000000000
37712  -9.801  -49.643  39.568 0.0000000000
35527  -10.230  -51.075  39.673 0.0000000000
36627  -11.149  -50.955  39.876 0.0000000000
40663  -13.694  -46.259  38.951 0.0000000000
38769  -13.816  -47.756  38.627 0.0000000000
126376  -47.262  -15.099  16.793 0.0000000000
127904  -4.552  -58.750  42.721 0.0000000000
30398  -4.745  -57.210  42.783 0.0000000000
122955  -21.189  -45.283  38.199 0.0000000000
44438  -35.642  -42.659  35.323 0.0000000000
136506  -18.259  -41.955  36.853 0.0000000000
115676  -17.981  -44.175  37.026 0.0000000000
59615  -38.373  -27.759  23.473 0.0000000000
66957  -40.844  -19.036  23.105 0.0000000000
66964  -41.216  -19.503  22.336 0.0000000000
66112  -41.724  -20.139  21.718 0.0000000000
66113  -42.496  -20.397  21.320 0.0000000000
66114  -43.305  -20.636  20.896 0.0000000000
124501  -44.023  -20.376  20.509 0.0000000000
66983  -44.459  -19.646  20.145 0.0000000000
66140  -45.139  -20.139  19.690 0.0000000000
50267  -28.742  -36.327  33.481 0.0000000000
51315  -28.249  -35.607  33.738 0.0000000000
51314  -27.832  -35.097  33.052 0.0000000000
57512  -29.827  -28.702  26.770 0.0000000000
58484  -29.743  -27.944  27.098 0.0000000000
58494  -30.323  -28.002  26.492 0.0000000000
58495  -30.950  -28.140  25.956 0.0000000000
59577  -31.527  -27.627  25.897 0.0000000000
40741  -26.797  -46.407  35.549 0.0000000000
40726  -27.355  -46.704  36.099 0.0000000000
69721  -49.755  -16.378  18.245 0.0000000000
69722  -50.418  -16.183  17.652 0.0000000000
29417  -8.013  -57.184  43.134 0.0000000000
29427  -7.428  -56.805  42.591 0.0000000000
29416  -7.296  -57.561  42.907 0.0000000000
29426  -6.818  -57.202  42.579 0.0000000000
29415  -6.529  -57.852  42.830 0.0000000000
50263  -36.681  -36.078  34.549 0.0000000000
41606  -30.996  -44.788  35.376 0.0000000000
42461  -31.621  -44.939  36.205 0.0000000000
41593  -32.240  -45.126  36.855 0.0000000000
45409  -16.129  -41.490  39.168 0.0000000000
45408  -15.557  -41.749  39.890 0.0000000000
42431  -15.512  -44.896  38.298 0.0000000000
40685  -18.147  -45.931  38.797 0.0000000000
45530  -34.234  -41.278  32.303 0.0000000000
45456  -20.059  -41.208  35.928 0.0000000000
45471  -20.532  -41.808  35.505 0.0000000000
44436  -21.921  -42.307  34.893 0.0000000000
45490  -23.552  -41.835  34.633 0.0000000000
124457  -23.951  -42.469  34.255 0.0000000000
43454  -25.451  -43.943  32.994 0.0000000000
130421  -27.904  -41.262  34.233 0.0000000000
45508  -27.475  -41.590  33.274 0.0000000000
43463  -27.707  -42.676  32.467 0.0000000000
43455  -29.844  -43.842  32.817 0.0000000000
44482  -31.485  -42.326  32.262 0.0000000000
44470  -33.563  -42.592  32.975 0.0000000000
44484  -33.988  -41.969  32.510 0.0000000000
54588  -38.983  -32.080  24.726 0.0000000000
54571  -40.090  -32.284  25.705 0.0000000000
55627  -39.731  -31.788  25.022 0.0000000000
57584  -41.807  -28.402  22.582 0.0000000000
57573  -42.031  -29.167  23.287 0.0000000000
131470  -42.406  -28.053  22.716 0.0000000000
63434  -38.606  -23.628  25.686 0.0000000000
117136  -39.485  -23.487  23.951 0.0000000000
64329  -41.807  -22.498  23.249 0.0000000000
64328  -41.288  -22.809  23.571 0.0000000000
63449  -43.279  -23.339  24.545 0.0000000000
63435  -44.807  -23.268  25.130 0.0000000000
66989  -47.332  -19.244  19.000 0.0000000000
67881  -47.997  -18.740  18.822 0.0000000000
67882  -48.643  -18.316  18.673 0.0000000000
37675  -8.240  -50.428  41.742 0.0000000000
119813  -8.521  -52.107  41.132 0.0000000000
31434  -9.621  -55.758  43.397 0.0000000000
47380  -34.812  -39.531  32.038 0.0000000000
47388  -34.992  -38.940  31.801 0.0000000000
48344  -34.847  -38.337  31.596 0.0000000000
50293  -30.644  -36.994  30.353 0.0000000000
50294  -31.446  -36.833  30.310 0.0000000000
51351  -33.054  -35.756  30.743 0.0000000000
51336  -34.114  -35.387  31.546 0.0000000000
51350  -32.545  -35.529  30.405 0.0000000000
120993  -28.122  -31.677  28.337 0.0000000000
54525  -29.362  -32.811  28.031 0.0000000000
53521  -30.017  -33.252  28.341 0.0000000000
53508  -30.666  -33.585  28.796 0.0000000000
134725  -32.475  -32.899  29.934 0.0000000000
54498  -33.217  -32.690  30.632 0.0000000000
54514  -33.041  -33.165  29.145 0.0000000000
54543  -33.271  -32.557  27.072 0.0000000000
54554  -34.084  -32.802  26.584 0.0000000000
53540  -35.477  -33.308  26.961 0.0000000000
53533  -36.159  -33.419  27.391 0.0000000000
53551  -36.678  -33.311  25.875 0.0000000000
53552  -37.568  -33.202  25.739 0.0000000000
118005  -36.185  -32.870  25.259 0.0000000000
127259  -36.132  -31.869  23.998 0.0000000000
58511  -34.266  -27.880  24.657 0.0000000000
58532  -34.686  -28.792  24.178 0.0000000000
58512  -35.325  -27.993  24.573 0.0000000000
121905  -36.385  -28.327  24.287 0.0000000000
42460  -22.133  -44.715  36.153 0.0000000000
40688  -24.156  -46.580  38.043 0.0000000000
39748  -10.710  -48.175  39.588 0.0000000000
38754  -11.081  -48.699  39.336 0.0000000000
36650  -11.361  -50.061  39.422 0.0000000000
39775  -14.378  -47.487  38.535 0.0000000000
49204  -37.792  -37.682  34.583 0.0000000000
40652  -19.749  -45.712  40.626 0.0000000000
40653  -20.501  -45.886  40.895 0.0000000000
41542  -21.125  -45.926  40.346 0.0000000000
43417  -33.914  -43.961  35.890 0.0000000000
42463  -33.423  -44.476  36.477 0.0000000000
45427  -16.760  -41.281  38.534 0.0000000000
45442  -17.637  -41.663  37.296 0.0000000000
41573  -17.954  -45.165  37.615 0.0000000000
40667  -19.142  -45.672  40.089 0.0000000000
47365  -32.189  -39.019  34.334 0.0000000000
45525  -29.625  -41.703  32.739 0.0000000000
45511  -30.279  -41.198  33.069 0.0000000000
46453  -30.952  -40.627  33.552 0.0000000000
132240  -39.363  -30.258  23.480 0.0000000000
128024  -39.064  -29.751  23.156 0.0000000000
57582  -40.135  -29.089  22.622 0.0000000000
125841  -40.524  -28.545  22.446 0.0000000000
58565  -41.076  -28.341  22.382 0.0000000000
59630  -41.377  -27.724  22.341 0.0000000000
60605  -41.683  -26.917  22.395 0.0000000000
61613  -41.520  -26.073  22.532 0.0000000000
65200  -38.880  -21.305  24.048 0.0000000000
66093  -39.009  -20.498  24.478 0.0000000000
65214  -40.441  -21.635  22.915 0.0000000000
66963  -40.486  -20.008  22.785 0.0000000000
65228  -40.682  -20.979  22.389 0.0000000000
65216  -42.329  -22.111  22.687 0.0000000000
64330  -43.247  -22.200  23.015 0.0000000000
65217  -44.028  -22.254  23.261 0.0000000000
65232  -44.997  -22.397  21.885 0.0000000000
65270  -47.138  -21.046  19.485 0.0000000000
120532  -45.963  -19.684  19.402 0.0000000000
135979  -46.746  -19.679  19.136 0.0000000000
129594  -46.656  -18.946  19.313 0.0000000000
35510  -9.693  -51.459  39.995 0.0000000000
49227  -30.741  -37.827  31.621 0.0000000000
49226  -30.043  -37.488  31.666 0.0000000000
50273  -28.633  -36.384  32.548 0.0000000000
120774  -28.880  -36.734  31.871 0.0000000000
50279  -29.438  -37.100  31.200 0.0000000000
51347  -29.090  -35.780  29.748 0.0000000000
57486  -27.510  -29.445  30.170 0.0000000000
56580  -27.373  -30.414  28.992 0.0000000000
58468  -28.183  -28.611  28.731 0.0000000000
133402  -27.740  -29.632  28.536 0.0000000000
56581  -27.897  -30.691  28.325 0.0000000000
56582  -28.744  -31.075  27.713 0.0000000000
55593  -29.550  -31.688  27.505 0.0000000000
55604  -30.170  -31.298  27.194 0.0000000000
135728  -31.270  -31.243  26.885 0.0000000000
55614  -31.814  -31.256  26.592 0.0000000000
56598  -30.769  -29.855  26.417 0.0000000000
56599  -31.325  -30.654  26.391 0.0000000000
55615  -32.392  -31.296  26.115 0.0000000000
129939  -32.441  -30.746  25.561 0.0000000000
55625  -32.897  -31.267  25.474 0.0000000000
55626  -33.479  -31.177  24.909 0.0000000000
55644  -34.040  -31.076  24.511 0.0000000000
57526  -33.377  -29.565  24.565 0.0000000000
58510  -33.276  -28.565  24.739 0.0000000000
59578  -32.237  -27.565  25.613 0.0000000000
59579  -33.267  -27.499  25.282 0.0000000000
59580  -34.393  -27.095  25.652 0.0000000000
41589  -24.652  -45.984  36.125 0.0000000000
40723  -24.686  -46.219  36.901 0.0000000000
40724  -25.326  -46.297  36.468 0.0000000000
40705  -26.290  -46.905  37.559 0.0000000000
40706  -27.018  -46.833  36.957 0.0000000000
39794  -26.960  -47.255  37.686 0.0000000000
122174  -10.921  -46.183  40.717 0.0000000000
39718  -16.176  -47.992  40.763 0.0000000000
121828  -7.244  -54.016  42.815 0.0000000000
32430  -6.931  -54.887  42.648 0.0000000000
32419  -6.165  -55.096  43.337 0.0000000000
31426  -5.377  -54.992  44.035 0.0000000000
115445  -38.849  -24.192  26.447 0.0000000000
63421  -38.707  -23.467  26.671 0.0000000000
64292  -38.451  -22.025  26.177 0.0000000000
65177  -38.734  -21.247  25.809 0.0000000000
40744  -29.206  -46.312  35.642 0.0000000000
40729  -30.493  -46.035  36.504 0.0000000000
41539  -12.862  -44.809  39.905 0.0000000000
40684  -17.356  -46.409  38.290 0.0000000000
39754  -16.417  -47.271  38.978 0.0000000000
45499  -36.533  -41.221  34.569 0.0000000000
46446  -36.010  -40.946  33.821 0.0000000000
47386  -33.758  -38.927  31.811 0.0000000000
47371  -32.837  -39.306  32.762 0.0000000000
48312  -31.957  -38.619  34.147 0.0000000000
119724  -32.677  -38.957  32.874 0.0000000000
50261  -29.814  -37.040  34.978 0.0000000000
43404  -19.984  -44.142  36.921 0.0000000000
43430  -21.206  -43.691  35.687 0.0000000000
45458  -21.826  -40.726  35.784 0.0000000000
45473  -22.279  -41.376  35.212 0.0000000000
127203  -22.496  -42.763  34.668 0.0000000000
41599  -24.589  -45.728  35.279 0.0000000000
41600  -25.411  -45.935  34.864 0.0000000000
117920  -26.244  -46.228  35.000 0.0000000000
41601  -26.992  -46.102  34.674 0.0000000000
41602  -27.916  -45.993  34.828 0.0000000000
133727  -26.041  -44.016  32.712 0.0000000000
129412  -26.628  -44.170  32.702 0.0000000000
41621  -26.954  -45.125  33.192 0.0000000000
41603  -28.742  -45.824  35.036 0.0000000000
41605  -30.254  -45.255  35.258 0.0000000000
42485  -29.694  -44.986  33.930 0.0000000000
43466  -30.310  -43.182  32.486 0.0000000000
43456  -30.688  -43.750  32.960 0.0000000000
43445  -31.862  -43.856  33.950 0.0000000000
43431  -32.990  -43.830  34.799 0.0000000000
44455  -33.828  -42.959  33.790 0.0000000000
44456  -34.418  -42.743  34.141 0.0000000000
44437  -34.837  -42.806  34.855 0.0000000000
45481  -36.105  -42.030  34.933 0.0000000000
46408  -18.603  -40.364  37.487 0.0000000000
55617  -40.844  -31.989  26.020 0.0000000000
56633  -40.296  -30.265  23.713 0.0000000000
56634  -41.173  -30.329  24.229 0.0000000000
56635  -41.861  -30.130  24.559 0.0000000000
61570  -39.291  -26.129  25.487 0.0000000000
61599  -39.656  -25.898  23.434 0.0000000000
61584  -39.776  -25.166  23.750 0.0000000000
61601  -41.164  -25.379  22.872 0.0000000000
61602  -42.095  -25.437  22.925 0.0000000000
64314  -39.155  -22.173  23.773 0.0000000000
130946  -39.576  -22.837  23.727 0.0000000000
63447  -41.340  -23.579  24.009 0.0000000000
60596  -43.074  -25.755  23.107 0.0000000000
61585  -44.486  -25.439  24.045 0.0000000000
129820  -49.927  -17.800  17.995 0.0000000000
68805  -49.592  -17.132  18.565 0.0000000000
70549  -47.712  -15.304  19.800 0.0000000000
34439  -7.742  -51.982  42.914 0.0000000000
34481  -9.148  -52.413  40.829 0.0000000000
34468  -8.843  -52.865  41.258 0.0000000000
33442  -9.742  -53.870  41.921 0.0000000000
33454  -8.375  -53.410  41.618 0.0000000000
33441  -7.720  -53.800  41.974 0.0000000000
113347  -7.965  -55.164  42.179 0.0000000000
30401  -8.296  -56.369  42.721 0.0000000000
31433  -8.952  -55.730  42.696 0.0000000000
133779  -36.889  -40.588  34.683 0.0000000000
47373  -36.377  -39.324  33.161 0.0000000000
48314  -37.300  -38.215  33.824 0.0000000000
49213  -36.821  -37.535  33.304 0.0000000000
121729  -33.316  -37.642  31.111 0.0000000000
49231  -34.694  -37.467  31.358 0.0000000000
49230  -33.907  -37.073  30.934 0.0000000000
49221  -35.797  -37.171  32.220 0.0000000000
50268  -36.080  -36.004  33.337 0.0000000000
51317  -35.498  -35.088  33.571 0.0000000000
51325  -35.031  -35.194  32.765 0.0000000000
51316  -34.777  -34.380  33.273 0.0000000000
52410  -27.595  -34.550  32.410 0.0000000000
123013  -27.294  -32.614  32.891 0.0000000000
53463  -27.367  -33.571  32.282 0.0000000000
51332  -27.522  -34.544  31.430 0.0000000000
52430  -27.828  -34.853  30.402 0.0000000000
51358  -28.565  -34.892  29.579 0.0000000000
55574  -26.885  -31.699  30.613 0.0000000000
54495  -27.117  -32.546  30.014 0.0000000000
55584  -27.546  -32.274  29.008 0.0000000000
136000  -27.440  -32.905  29.377 0.0000000000
53491  -27.589  -33.485  29.755 0.0000000000
51359  -29.612  -34.999  29.244 0.0000000000
52449  -30.925  -34.705  29.241 0.0000000000
52432  -32.810  -34.130  31.115 0.0000000000
53493  -31.869  -33.677  29.782 0.0000000000
52431  -32.357  -33.927  30.353 0.0000000000
52411  -32.918  -33.926  31.929 0.0000000000
53465  -33.610  -33.660  32.587 0.0000000000
53466  -34.407  -33.523  32.902 0.0000000000
54499  -33.886  -32.643  30.858 0.0000000000
54515  -33.713  -33.271  28.996 0.0000000000
54530  -34.228  -33.228  28.386 0.0000000000
53553  -38.253  -33.057  25.597 0.0000000000
54569  -38.619  -32.698  25.122 0.0000000000
55648  -38.560  -31.569  24.163 0.0000000000
55668  -38.138  -30.994  23.660 0.0000000000
55645  -34.635  -31.330  24.262 0.0000000000
120198  -35.354  -31.634  24.091 0.0000000000
127207  -35.843  -31.232  23.815 0.0000000000
57545  -34.932  -29.740  23.947 0.0000000000
55666  -36.528  -31.197  23.766 0.0000000000
58534  -37.661  -28.171  23.801 0.0000000000
58533  -36.996  -28.363  24.168 0.0000000000
113161  -21.780  -45.636  38.121 0.0000000000
41576  -22.221  -45.541  37.347 0.0000000000
40703  -24.619  -46.469  37.548 0.0000000000
39778  -25.234  -47.201  38.821 0.0000000000
39779  -26.053  -47.458  38.863 0.0000000000
39733  -24.837  -47.808  40.001 0.0000000000
37694  -8.743  -50.041  40.653 0.0000000000
117364  -9.228  -50.130  40.010 0.0000000000
39715  -9.650  -47.749  41.431 0.0000000000
38734  -10.180  -48.305  39.871 0.0000000000
35513  -12.041  -51.120  40.630 0.0000000000
39774  -13.782  -47.101  38.644 0.0000000000
39751  -13.102  -47.563  38.887 0.0000000000
136142  -14.981  -48.522  40.074 0.0000000000
37696  -13.805  -49.221  39.977 0.0000000000
70580  -48.203  -15.392  16.966 0.0000000000
28473  -6.064  -58.496  43.346 0.0000000000
29414  -5.592  -57.990  42.881 0.0000000000
28472  -5.103  -58.691  43.212 0.0000000000
113997  -4.333  -57.142  42.447 0.0000000000
30392  -4.417  -56.051  43.006 0.0000000000
39757  -24.661  -47.424  39.401 0.0000000000
49242  -30.234  -37.342  30.911 0.0000000000
53541  -36.371  -33.442  26.679 0.0000000000
54542  -32.664  -32.525  27.733 0.0000000000
56572  -27.317  -30.273  29.834 0.0000000000
56600  -31.949  -30.658  25.991 0.0000000000
58555  -42.400  -28.515  22.963 0.0000000000
65218  -45.348  -22.499  22.839 0.0000000000
125462  -27.424  -29.748  29.314 0.0000000000
128123  -32.262  -32.967  29.385 0.0000000000
129099  -21.884  -46.365  40.265 0.0000000000
130040  -30.309  -34.915  29.120 0.0000000000
130808  -30.072  -29.427  26.663 0.0000000000
131029  -34.669  -33.104  26.966 0.0000000000
132212  -33.331  -37.109  30.945 0.0000000000
134951  -21.516  -46.272  40.688 0.0000000000
