#!ascii label  , from subject sub-009 vox2ras=TkReg
1635
37484  -33.604  -50.892  -31.574 0.5000000000
37477  -33.425  -50.321  -31.396 0.4000000060
38491  -33.610  -50.275  -30.421 0.6000000238
38490  -32.810  -49.754  -31.282 0.6000000238
38496  -32.120  -48.647  -32.441 0.6000000238
40516  -32.018  -48.085  -32.554 0.6000000238
37468  -34.263  -50.693  -29.794 0.6999999881
38489  -31.964  -49.333  -30.999 0.6999999881
39557  -31.433  -48.497  -31.622 0.6999999881
40503  -32.190  -47.637  -32.110 0.5000000000
40502  -31.264  -48.015  -31.444 0.6999999881
39564  -32.531  -48.167  -33.136 0.5000000000
36313  -30.138  -52.320  -25.437 0.5000000000
38483  -33.054  -49.749  -29.947 0.6999999881
134765  -31.422  -49.100  -29.641 0.6999999881
39556  -30.480  -48.621  -30.888 0.6999999881
39553  -31.076  -49.061  -30.491 0.6999999881
39552  -30.168  -48.975  -30.379 0.6999999881
41395  -31.778  -47.237  -30.978 0.6000000238
38460  -36.445  -50.014  -26.129 0.6999999881
117724  -36.012  -49.306  -26.674 0.6999999881
114739  -33.878  -49.514  -29.269 0.6999999881
126117  -33.759  -49.041  -28.848 0.6999999881
36312  -29.613  -52.028  -25.797 0.6000000238
34201  -28.171  -53.064  -26.669 0.4000000060
38482  -32.069  -49.368  -29.700 0.6999999881
41393  -29.789  -47.283  -30.637 0.6999999881
38443  -36.077  -49.259  -24.759 0.6999999881
38444  -36.433  -49.970  -25.158 0.6999999881
38472  -35.828  -49.429  -27.636 0.6999999881
39521  -35.463  -48.675  -26.179 0.6999999881
39508  -35.518  -48.642  -25.244 0.6999999881
36278  -30.072  -51.307  -24.202 0.6000000238
39536  -35.351  -48.750  -27.128 0.6999999881
39544  -33.115  -48.638  -28.622 0.6999999881
38471  -35.021  -48.991  -27.993 0.6999999881
39520  -34.730  -48.205  -26.569 0.6999999881
39507  -34.895  -48.046  -25.693 0.6999999881
36310  -27.996  -51.626  -26.068 0.5000000000
36325  -28.545  -52.284  -26.463 0.5000000000
39542  -30.747  -48.877  -29.585 0.6999999881
40470  -34.120  -47.629  -26.036 0.6999999881
35211  -28.023  -52.659  -26.809 0.4000000060
39551  -29.760  -48.613  -30.422 0.6999999881
39543  -31.928  -48.686  -28.895 0.6999999881
39534  -33.562  -48.153  -27.777 0.6999999881
39519  -33.852  -47.903  -26.865 0.6999999881
34212  -27.336  -53.019  -27.373 0.4000000060
39531  -30.126  -48.518  -29.152 0.6999999881
40481  -32.989  -47.626  -27.159 0.6999999881
40469  -33.247  -47.382  -26.286 0.6999999881
40501  -30.116  -48.107  -30.877 0.6999999881
39541  -29.730  -48.796  -29.895 0.6999999881
41365  -30.842  -46.908  -27.355 0.6999999881
40480  -32.126  -47.516  -27.355 0.6999999881
41394  -30.782  -47.256  -30.950 0.6999999881
40478  -30.244  -47.632  -28.365 0.6999999881
41379  -31.617  -46.484  -30.415 0.6000000238
41392  -28.675  -47.330  -30.302 0.6999999881
44126  -31.747  -43.608  -30.634 0.5000000000
43114  -32.271  -44.282  -30.124 0.5000000000
44129  -34.485  -43.440  -30.226 0.4000000060
44116  -34.004  -43.938  -29.804 0.5000000000
39494  -34.999  -47.966  -24.788 0.6999999881
38413  -29.145  -49.889  -23.066 0.6000000238
36295  -29.133  -51.331  -25.276 0.5000000000
39532  -31.048  -48.193  -28.597 0.6999999881
40500  -29.282  -48.049  -30.324 0.6999999881
44125  -30.028  -43.809  -30.843 0.6999999881
42263  -30.717  -46.391  -30.590 0.6999999881
43113  -30.906  -45.367  -30.410 0.6999999881
113617  -30.823  -44.239  -30.520 0.6999999881
120645  -32.111  -49.293  -21.037 0.6999999881
39443  -33.415  -48.745  -21.047 0.6999999881
120243  -33.858  -47.972  -21.112 0.8000000119
117518  -34.466  -48.090  -21.853 0.8000000119
38377  -31.580  -49.728  -21.390 0.6000000238
128399  -31.914  -48.625  -20.808 0.6000000238
39429  -33.081  -48.108  -20.655 0.6000000238
115734  -34.825  -48.151  -22.797 0.8000000119
39441  -30.488  -48.528  -21.178 0.6000000238
39477  -35.013  -47.956  -23.847 0.6999999881
38393  -30.299  -49.761  -22.183 0.6000000238
38375  -29.912  -49.005  -21.741 0.6000000238
37385  -28.780  -50.305  -23.776 0.6000000238
38412  -28.394  -49.606  -23.245 0.6000000238
40458  -34.325  -47.439  -25.206 0.6999999881
37418  -28.203  -51.176  -25.314 0.5000000000
37400  -27.582  -50.502  -24.724 0.6000000238
40448  -34.530  -47.309  -24.361 0.6999999881
41358  -32.834  -46.895  -25.918 0.6999999881
40493  -29.132  -48.315  -29.991 0.6999999881
40468  -32.437  -47.191  -26.548 0.6999999881
121253  -28.783  -45.445  -30.285 0.8000000119
42262  -29.520  -46.211  -30.502 0.6999999881
40487  -29.387  -48.185  -29.375 0.6999999881
41366  -31.661  -47.039  -26.869 0.6999999881
134686  -29.170  -44.523  -30.554 0.8000000119
40499  -28.614  -47.807  -30.009 0.6999999881
121862  -29.116  -47.364  -28.764 0.6999999881
44127  -32.736  -43.465  -30.625 0.5000000000
44128  -33.708  -43.300  -30.621 0.5000000000
121608  -33.910  -42.703  -31.363 0.5000000000
123779  -34.650  -42.841  -31.052 0.4000000060
39428  -32.246  -48.076  -20.551 0.6000000238
40405  -33.876  -47.113  -20.952 0.8000000119
40406  -34.280  -47.369  -21.608 0.8999999762
39427  -31.272  -48.058  -20.704 0.6000000238
122216  -34.431  -47.009  -22.019 0.8000000119
40419  -34.528  -47.414  -22.362 0.8000000119
121772  -34.583  -47.228  -23.343 0.8000000119
39459  -29.099  -48.751  -22.001 0.6000000238
39458  -28.478  -48.468  -22.415 0.6000000238
41330  -34.441  -46.614  -24.173 0.8000000119
37399  -26.825  -50.208  -25.063 0.6000000238
122014  -27.785  -49.298  -23.360 0.6000000238
39475  -27.539  -48.611  -23.283 0.6000000238
124935  -33.929  -46.389  -24.883 0.6999999881
37434  -27.158  -51.364  -26.255 0.5000000000
41343  -33.330  -46.522  -25.397 0.6999999881
121299  -33.701  -45.894  -25.195 0.6999999881
37433  -26.339  -51.030  -26.519 0.5000000000
37416  -26.627  -50.589  -25.776 0.5000000000
41342  -32.680  -46.288  -25.859 0.6999999881
41357  -32.172  -46.636  -26.338 0.6999999881
43111  -28.327  -44.542  -30.149 0.8000000119
42261  -28.235  -46.517  -30.118 0.8000000119
40492  -28.588  -47.737  -29.639 0.6999999881
41363  -28.923  -46.525  -28.330 0.6999999881
41355  -30.542  -46.266  -27.208 0.6999999881
42242  -28.005  -46.471  -29.574 0.6999999881
40385  -30.926  -47.098  -20.552 0.6999999881
41268  -31.544  -46.428  -20.398 0.6999999881
132709  -32.451  -46.717  -20.395 0.6999999881
41269  -33.263  -46.881  -20.536 0.8000000119
41288  -33.714  -46.342  -20.826 0.8000000119
40404  -30.261  -47.645  -20.877 0.6999999881
125125  -33.000  -46.140  -20.435 0.8000000119
122876  -34.522  -45.920  -21.950 0.8000000119
40403  -29.550  -47.242  -21.152 0.6000000238
41316  -34.618  -46.488  -23.306 0.8000000119
39439  -28.785  -48.086  -21.890 0.6000000238
42193  -34.797  -45.944  -23.718 0.6999999881
38428  -27.042  -49.752  -24.363 0.6000000238
38411  -27.255  -49.180  -23.757 0.6000000238
42207  -34.428  -45.856  -24.598 0.8000000119
38442  -26.162  -49.882  -25.370 0.6000000238
43045  -34.428  -45.230  -25.408 0.8000000119
37432  -25.409  -50.721  -26.786 0.4000000060
115634  -32.013  -45.922  -26.311 0.6999999881
42206  -33.138  -45.948  -25.550 0.6999999881
127587  -25.318  -52.085  -29.239 0.4000000060
42220  -32.869  -45.620  -26.063 0.6999999881
42241  -28.263  -45.618  -29.781 0.8000000119
41372  -28.224  -47.020  -29.183 0.8000000119
41356  -31.380  -46.443  -26.710 0.6999999881
41354  -29.695  -46.139  -27.664 0.6999999881
44138  -30.707  -42.880  -31.136 0.6999999881
44139  -31.557  -42.828  -31.101 0.5000000000
45133  -33.574  -42.241  -31.691 0.5000000000
44141  -33.185  -42.822  -31.191 0.5000000000
45135  -35.254  -42.418  -31.866 0.4000000060
42134  -30.998  -45.804  -20.363 0.6000000238
42136  -32.513  -45.438  -20.437 0.6999999881
42137  -33.407  -45.449  -20.808 0.8000000119
128004  -34.069  -45.881  -21.254 0.8000000119
41287  -30.077  -46.662  -20.801 0.6999999881
40402  -28.849  -47.283  -21.700 0.6999999881
42176  -34.905  -45.827  -22.823 0.8000000119
41299  -28.270  -46.851  -22.374 0.6000000238
42161  -34.915  -45.258  -22.127 0.8000000119
40417  -27.781  -47.277  -22.868 0.6000000238
42177  -35.408  -45.196  -23.479 0.8000000119
42194  -35.117  -45.442  -24.194 0.8000000119
38410  -26.631  -48.904  -24.209 0.6000000238
39493  -26.285  -48.069  -24.034 0.6000000238
42208  -35.060  -45.258  -24.807 0.8000000119
43058  -33.398  -44.905  -26.443 0.8000000119
37415  -25.855  -50.261  -26.033 0.5000000000
113476  -32.103  -44.526  -27.186 0.8000000119
43057  -32.557  -45.075  -26.666 0.6999999881
37431  -24.601  -50.294  -27.220 0.4000000060
44123  -28.097  -43.584  -30.273 0.8000000119
42235  -28.108  -45.503  -29.358 0.8000000119
42225  -28.413  -45.159  -28.687 0.8000000119
42226  -29.078  -45.567  -28.006 0.8000000119
43070  -31.285  -44.954  -27.278 0.6999999881
44124  -28.949  -43.738  -30.672 0.8000000119
42236  -28.246  -46.113  -28.819 0.8000000119
42227  -30.309  -45.445  -27.419 0.6999999881
45123  -29.764  -43.004  -31.140 0.8000000119
43067  -28.577  -44.411  -28.636 0.8000000119
42975  -30.956  -44.975  -20.486 0.6000000238
41286  -29.303  -46.411  -21.368 0.6000000238
42991  -33.473  -44.640  -20.953 0.6999999881
129327  -34.726  -44.600  -21.717 0.6999999881
41285  -28.675  -46.458  -21.921 0.6000000238
42152  -29.609  -45.447  -21.380 0.6000000238
125013  -30.232  -44.923  -21.020 0.6000000238
122859  -28.255  -46.017  -22.402 0.6000000238
42162  -35.337  -45.127  -22.722 0.8000000119
40433  -26.670  -47.546  -23.610 0.6000000238
41298  -27.716  -46.397  -22.907 0.6000000238
43000  -35.286  -44.577  -22.265 0.6999999881
39492  -25.923  -48.617  -24.649 0.5000000000
43033  -35.628  -44.790  -24.408 0.8000000119
39505  -24.671  -48.154  -25.291 0.3000000119
43059  -34.828  -44.486  -26.044 0.8000000119
43071  -33.052  -44.174  -27.094 0.8000000119
44080  -34.113  -44.150  -26.712 0.8000000119
44096  -31.404  -43.998  -27.639 0.8000000119
43083  -28.150  -44.481  -29.314 0.8000000119
129256  -31.822  -45.269  -26.820 0.6999999881
43068  -28.974  -44.741  -28.195 0.8000000119
46152  -31.997  -41.771  -31.609 0.6000000238
128243  -35.239  -41.185  -32.205 0.3000000119
132411  -31.393  -44.242  -20.587 0.6000000238
44009  -32.157  -44.011  -20.538 0.6999999881
42990  -33.039  -43.925  -20.784 0.6999999881
42992  -34.063  -44.057  -21.210 0.6999999881
43043  -23.777  -43.349  -25.385 0.5000000000
42151  -28.841  -45.718  -21.886 0.6000000238
42160  -29.019  -44.812  -21.955 0.6000000238
44028  -35.607  -43.832  -22.475 0.6999999881
41314  -26.192  -46.244  -23.827 0.5000000000
42175  -27.069  -45.869  -23.354 0.5000000000
42159  -28.350  -45.151  -22.424 0.6000000238
44041  -36.114  -43.838  -23.366 0.6999999881
120363  -24.761  -46.867  -25.043 0.3000000119
40447  -25.626  -47.729  -24.395 0.5000000000
43001  -35.669  -44.548  -22.992 0.8000000119
44055  -36.498  -43.572  -24.733 0.8000000119
43047  -36.058  -44.205  -25.071 0.8000000119
44098  -33.749  -43.421  -27.362 0.8999999762
119471  -35.046  -43.724  -26.558 0.8999999762
44069  -35.653  -44.046  -25.870 0.8000000119
44070  -36.246  -43.482  -25.545 0.8000000119
38440  -24.579  -48.937  -25.975 0.4000000060
44097  -32.344  -43.714  -27.566 0.8999999762
44081  -34.509  -43.378  -27.099 0.8999999762
116156  -27.945  -42.981  -30.314 0.8000000119
124399  -28.018  -44.020  -29.864 0.8000000119
44095  -30.383  -43.897  -27.937 0.8000000119
43069  -30.664  -44.590  -27.595 0.8000000119
45122  -28.695  -42.872  -30.737 0.8000000119
45130  -29.575  -42.244  -31.206 0.6999999881
46151  -31.159  -41.687  -31.487 0.6000000238
47119  -32.738  -41.289  -31.579 0.6000000238
45145  -33.571  -41.689  -31.848 0.6000000238
42989  -30.578  -44.037  -20.995 0.6000000238
44017  -31.481  -43.551  -20.972 0.6000000238
123988  -32.373  -43.271  -21.021 0.6999999881
42988  -29.728  -44.402  -21.491 0.6000000238
44018  -33.337  -43.115  -21.108 0.6999999881
42999  -29.138  -43.862  -22.081 0.6000000238
44019  -34.335  -43.113  -21.476 0.8000000119
42192  -25.902  -45.346  -24.128 0.6000000238
42174  -26.465  -45.243  -23.698 0.5000000000
42997  -27.771  -44.569  -22.852 0.6000000238
44027  -34.977  -43.891  -21.764 0.6999999881
44042  -36.493  -43.000  -23.490 0.8000000119
41328  -24.882  -46.095  -25.088 0.4000000060
131611  -36.509  -43.537  -24.008 0.6999999881
40446  -24.951  -47.531  -24.836 0.4000000060
43017  -36.229  -44.143  -24.229 0.8000000119
45102  -34.325  -42.575  -27.535 0.8000000119
44083  -36.352  -42.680  -25.962 0.8000000119
45111  -31.824  -42.445  -28.294 0.8999999762
45101  -33.351  -42.717  -27.773 0.8000000119
44082  -35.740  -43.219  -26.296 0.8000000119
45100  -32.554  -42.950  -27.947 0.8000000119
44093  -28.413  -43.716  -28.940 0.8000000119
45098  -30.085  -43.086  -28.353 0.8000000119
44115  -27.811  -43.281  -30.035 0.8000000119
44094  -29.272  -43.920  -28.293 0.8000000119
45129  -28.760  -42.135  -31.010 0.8000000119
45096  -28.247  -42.819  -29.288 0.8000000119
47117  -30.833  -41.062  -31.511 0.6999999881
47118  -31.733  -41.176  -31.554 0.6999999881
127924  -32.624  -40.031  -30.848 0.6000000238
48063  -33.294  -39.669  -30.651 0.6000000238
48064  -34.253  -39.225  -30.387 0.6000000238
45024  -32.538  -42.435  -21.712 0.8000000119
45064  -23.962  -41.226  -24.597 0.5000000000
44024  -27.909  -43.599  -22.969 0.5000000000
44020  -35.241  -42.985  -22.008 0.8000000119
43031  -25.586  -44.002  -24.372 0.5000000000
43014  -26.548  -44.389  -23.607 0.5000000000
45027  -35.140  -42.213  -21.941 0.8000000119
45035  -35.727  -42.325  -22.326 0.8000000119
43030  -24.862  -44.115  -24.951 0.5000000000
44029  -36.003  -43.072  -22.708 0.8000000119
119722  -36.757  -42.931  -24.311 0.8000000119
45049  -36.833  -42.146  -23.793 0.8000000119
117192  -36.695  -42.876  -25.168 0.8000000119
45067  -37.003  -42.254  -24.758 0.8000000119
114809  -35.153  -42.905  -27.002 0.8000000119
45089  -35.820  -42.393  -26.687 0.8000000119
45110  -30.803  -42.388  -28.444 0.8000000119
45121  -28.165  -42.364  -30.513 0.8000000119
45108  -27.856  -42.700  -29.848 0.8000000119
46150  -30.261  -41.613  -31.435 0.6999999881
46149  -29.323  -41.565  -31.238 0.6999999881
47102  -32.251  -40.591  -31.269 0.6999999881
47116  -29.903  -40.942  -31.427 0.6999999881
47100  -30.470  -40.409  -31.113 0.6999999881
48062  -31.948  -39.950  -30.735 0.6999999881
45033  -31.272  -41.682  -22.778 0.8000000119
123716  -31.083  -42.455  -22.337 0.6000000238
132778  -31.785  -42.235  -22.304 0.6000000238
134682  -32.866  -41.745  -21.930 0.8000000119
45019  -24.186  -42.141  -21.997 0.6000000238
46048  -24.653  -40.833  -23.223 0.5000000000
44025  -29.297  -43.010  -22.479 0.6000000238
45032  -29.413  -42.264  -22.940 0.6000000238
45025  -33.517  -42.327  -21.552 0.8000000119
42150  -24.890  -45.158  -21.522 0.6000000238
42987  -24.678  -44.062  -21.439 0.6000000238
45020  -24.938  -42.010  -21.499 0.6000000238
46069  -26.522  -41.251  -23.479 0.5000000000
45046  -27.234  -42.068  -23.547 0.5000000000
40363  -27.231  -47.557  -19.765 0.5000000000
41266  -26.369  -46.081  -20.534 0.5000000000
42973  -25.347  -44.635  -20.826 0.6000000238
44014  -24.755  -42.941  -21.309 0.6000000238
45066  -25.589  -41.787  -24.244 0.5000000000
45036  -36.350  -42.300  -22.919 0.8000000119
41249  -27.059  -46.565  -19.852 0.5000000000
44039  -27.280  -43.133  -23.460 0.5000000000
39394  -26.893  -48.781  -18.019 0.4000000060
115588  -26.588  -43.532  -23.659 0.5000000000
46074  -37.140  -41.255  -23.788 0.6999999881
46111  -35.834  -41.578  -26.891 0.8000000119
45080  -36.873  -42.137  -25.607 0.8000000119
46102  -37.228  -41.580  -25.190 0.6999999881
119169  -32.792  -42.106  -28.172 0.8000000119
46121  -33.649  -41.869  -27.947 0.8000000119
46101  -37.046  -41.373  -25.988 0.8000000119
45088  -35.220  -42.064  -27.364 0.8000000119
46110  -35.197  -41.159  -27.383 0.8000000119
46136  -27.689  -41.886  -29.985 0.8999999762
46127  -27.990  -41.753  -29.528 0.8999999762
45109  -29.856  -42.251  -28.568 0.8000000119
46119  -28.851  -41.968  -28.826 1.0000000000
46128  -30.512  -41.741  -28.543 0.8000000119
46148  -28.393  -41.598  -30.803 0.8000000119
47115  -28.990  -40.940  -31.041 0.6999999881
46052  -30.531  -41.061  -23.329 0.8000000119
45034  -32.135  -41.553  -22.569 0.8000000119
46043  -32.771  -41.026  -22.284 0.8000000119
45009  -25.501  -42.763  -21.018 0.6000000238
46072  -29.520  -40.769  -23.533 0.6000000238
46051  -29.890  -41.690  -23.114 0.6000000238
117892  -33.659  -41.536  -21.795 0.8000000119
42133  -26.017  -45.124  -20.281 0.5000000000
44006  -25.306  -43.652  -20.780 0.6000000238
46038  -25.348  -41.386  -22.014 0.6000000238
46071  -28.601  -40.728  -23.466 0.6000000238
46044  -34.663  -41.673  -21.788 0.8000000119
46045  -35.419  -41.663  -22.007 0.6999999881
129830  -27.561  -40.081  -22.935 0.6000000238
45048  -29.089  -41.627  -23.419 0.6000000238
40353  -27.370  -48.073  -18.696 0.4000000060
41250  -27.250  -46.069  -19.055 0.4000000060
42118  -26.702  -45.610  -19.722 0.4000000060
43993  -26.534  -43.733  -19.631 0.4000000060
46056  -36.681  -41.501  -23.009 0.6999999881
41236  -27.379  -46.435  -18.172 0.4000000060
42940  -27.058  -45.182  -19.005 0.4000000060
45022  -27.516  -41.579  -21.257 0.4000000060
42941  -27.568  -44.763  -18.289 0.4000000060
45001  -27.904  -42.885  -19.663 0.5000000000
47058  -37.362  -40.821  -25.476 0.6999999881
42092  -27.498  -45.557  -17.729 0.3000000119
43995  -27.985  -43.311  -19.049 0.5000000000
45011  -27.815  -42.368  -20.451 0.5000000000
46120  -33.068  -41.134  -28.249 0.8000000119
127911  -33.878  -41.142  -28.061 0.8000000119
47063  -35.774  -40.847  -26.934 0.8000000119
47057  -37.054  -40.539  -26.226 0.8000000119
47064  -36.459  -41.083  -26.558 0.8000000119
46126  -27.244  -41.107  -29.789 0.8000000119
47081  -29.760  -41.380  -28.526 0.8000000119
47082  -30.719  -41.053  -28.525 0.8000000119
46129  -31.288  -41.653  -28.463 0.8000000119
47084  -32.337  -40.708  -28.302 0.8000000119
47073  -33.653  -40.553  -28.187 0.8000000119
47080  -27.570  -40.751  -29.213 1.0000000000
47071  -31.947  -40.062  -28.291 0.8000000119
46142  -27.871  -41.858  -30.257 0.8000000119
47069  -29.170  -40.652  -28.470 0.8000000119
47083  -31.582  -40.835  -28.386 0.8000000119
46141  -27.815  -41.286  -30.452 0.8999999762
47099  -29.506  -40.313  -30.983 0.6999999881
48060  -30.095  -39.627  -30.683 0.6999999881
48061  -31.077  -39.787  -30.667 0.6999999881
126643  -31.736  -39.170  -30.262 0.6999999881
48965  -33.316  -38.689  -30.278 0.6000000238
135617  -32.193  -38.765  -30.100 0.6999999881
48964  -30.797  -38.773  -30.216 0.6999999881
49977  -34.019  -38.042  -30.265 0.6000000238
46053  -31.411  -40.906  -23.175 0.8000000119
46054  -32.082  -40.563  -22.976 0.8000000119
115233  -25.800  -41.903  -21.460 0.5000000000
47983  -29.747  -39.488  -23.091 0.8000000119
47991  -30.613  -39.780  -23.266 0.8000000119
46073  -30.812  -40.373  -23.425 0.8000000119
47013  -33.462  -40.602  -21.971 0.8000000119
42974  -25.883  -44.183  -20.181 0.5000000000
45021  -26.660  -41.716  -21.452 0.6000000238
46040  -27.137  -40.802  -22.079 0.5000000000
47039  -30.011  -40.075  -23.497 0.8000000119
136571  -34.211  -41.074  -21.781 0.6999999881
42957  -26.486  -44.688  -19.595 0.4000000060
123054  -27.029  -42.263  -20.789 0.5000000000
47023  -28.965  -39.475  -22.794 0.6999999881
47022  -28.148  -39.704  -22.982 0.6999999881
118855  -34.997  -41.014  -21.690 0.6999999881
47016  -36.109  -40.307  -21.962 0.6999999881
42104  -27.356  -45.624  -18.427 0.3000000119
47028  -36.407  -40.877  -22.405 0.6999999881
47040  -36.960  -40.670  -23.083 0.6999999881
47041  -37.070  -39.809  -23.223 0.6999999881
45002  -28.567  -42.787  -19.182 0.5000000000
47051  -37.510  -39.698  -24.650 0.6999999881
42928  -27.864  -43.944  -17.972 0.4000000060
43976  -28.155  -43.302  -18.490 0.4000000060
47062  -35.333  -40.302  -27.328 0.8000000119
117682  -37.389  -39.898  -25.603 0.6999999881
47074  -34.472  -40.593  -27.861 0.8000000119
48025  -33.880  -39.827  -28.166 0.8000000119
48903  -34.898  -38.725  -27.503 0.6999999881
120443  -30.120  -40.616  -28.512 0.8000000119
47072  -32.940  -40.101  -28.361 0.8000000119
46135  -27.382  -41.277  -30.092 0.8999999762
47068  -28.170  -40.323  -28.606 0.8000000119
48021  -28.944  -39.721  -28.461 0.8000000119
123665  -29.659  -39.076  -28.391 0.8000000119
47097  -27.523  -40.611  -30.467 0.8999999762
47091  -26.926  -40.522  -29.824 0.8000000119
47098  -28.504  -40.321  -30.861 0.8999999762
48059  -29.041  -39.559  -30.767 0.8000000119
48065  -35.274  -39.232  -30.468 0.4000000060
48963  -29.661  -38.803  -30.414 0.6999999881
51013  -33.759  -36.885  -30.661 0.5000000000
47985  -31.254  -39.493  -23.069 0.6999999881
47972  -29.837  -39.429  -22.521 0.6999999881
47976  -33.378  -39.528  -22.020 0.6999999881
42958  -27.084  -44.287  -19.022 0.4000000060
46042  -29.952  -40.593  -21.142 0.6000000238
133285  -31.733  -39.044  -22.791 0.6999999881
47014  -34.335  -40.327  -21.696 0.6999999881
47015  -35.361  -40.137  -21.625 0.6999999881
47029  -36.586  -40.053  -22.457 0.6999999881
45003  -29.416  -42.313  -19.665 0.5000000000
44988  -29.163  -42.303  -18.625 0.4000000060
131804  -37.392  -39.557  -23.905 0.6999999881
44971  -28.596  -42.480  -17.247 0.3000000119
135710  -28.967  -42.172  -17.833 0.3000000119
46027  -30.111  -41.727  -19.795 0.5000000000
48026  -34.713  -39.635  -27.706 0.6999999881
117026  -36.231  -40.166  -26.759 0.6999999881
47997  -37.453  -38.869  -24.279 0.6999999881
46020  -29.836  -41.815  -18.872 0.4000000060
134996  -36.955  -39.761  -26.335 0.6999999881
133406  -35.562  -39.423  -27.186 0.6999999881
117507  -34.111  -38.956  -28.037 0.6999999881
47070  -30.930  -40.141  -28.424 0.8000000119
48023  -31.494  -39.328  -28.278 0.8000000119
48024  -32.373  -39.298  -28.247 0.8000000119
48022  -30.585  -39.246  -28.380 0.8000000119
47067  -27.158  -40.043  -28.718 0.8000000119
48057  -26.453  -39.293  -29.679 0.8000000119
48044  -26.328  -39.803  -29.282 0.8000000119
47079  -26.804  -40.248  -29.369 0.8999999762
48058  -27.849  -39.571  -30.690 0.8999999762
48962  -27.647  -38.743  -30.317 0.8000000119
49973  -29.238  -38.067  -30.040 0.8000000119
49975  -32.412  -37.276  -30.186 0.6999999881
49976  -33.161  -37.621  -30.309 0.6000000238
125069  -30.188  -37.960  -29.942 0.6999999881
122395  -31.063  -37.616  -29.899 0.6999999881
50996  -29.429  -36.509  -29.564 0.6999999881
47025  -31.948  -39.658  -23.071 0.6999999881
47969  -31.045  -39.548  -21.368 0.6000000238
47974  -31.468  -38.856  -22.109 0.6000000238
47975  -32.201  -38.733  -22.255 0.6999999881
122080  -32.846  -38.818  -22.139 0.6999999881
45013  -29.520  -41.615  -20.513 0.5000000000
47012  -30.302  -39.729  -21.739 0.6000000238
48876  -33.620  -38.685  -21.622 0.6999999881
47977  -34.468  -39.448  -21.592 0.6999999881
47006  -30.619  -40.314  -20.753 0.6000000238
127593  -28.170  -43.083  -17.107 0.3000000119
46035  -30.305  -41.125  -20.307 0.5000000000
48869  -32.081  -38.533  -21.438 0.6000000238
47987  -36.762  -39.206  -22.620 0.6999999881
46021  -30.316  -41.335  -19.171 0.4000000060
46028  -30.492  -41.196  -19.735 0.5000000000
47966  -31.368  -39.452  -19.961 0.6000000238
128658  -37.388  -38.292  -24.978 0.6999999881
47992  -37.176  -39.023  -23.416 0.6999999881
48005  -37.157  -39.004  -26.022 0.6999999881
116996  -29.369  -39.967  -17.779 0.3000000119
48904  -35.751  -38.502  -26.994 0.6999999881
126226  -31.914  -38.583  -28.215 0.8000000119
48916  -32.751  -38.508  -28.166 0.6999999881
48918  -34.167  -37.998  -27.722 0.6999999881
49902  -35.098  -37.820  -27.251 0.6999999881
48033  -25.974  -39.234  -28.221 0.8000000119
48020  -27.871  -39.542  -28.344 0.8000000119
126324  -28.694  -38.923  -28.268 0.8000000119
48914  -30.263  -38.473  -28.249 0.8000000119
48961  -25.921  -38.585  -29.478 0.8000000119
49919  -26.673  -37.116  -27.559 0.8000000119
116315  -28.882  -37.617  -27.820 0.8000000119
49899  -28.703  -36.816  -27.487 0.8000000119
131850  -28.625  -36.130  -27.410 0.8000000119
51012  -32.787  -36.473  -30.763 0.6000000238
49959  -28.876  -37.262  -29.610 0.8000000119
49974  -30.598  -36.907  -29.802 0.6000000238
52001  -29.419  -35.612  -29.751 0.6999999881
50997  -30.127  -36.147  -29.724 0.6000000238
132937  -31.249  -36.603  -30.005 0.6000000238
47970  -31.520  -39.116  -20.941 0.6000000238
48877  -34.655  -38.674  -21.306 0.6999999881
47978  -35.267  -39.265  -21.485 0.6999999881
48878  -35.572  -38.609  -21.375 0.6999999881
47979  -36.112  -39.347  -21.836 0.6999999881
46994  -30.607  -40.638  -19.203 0.4000000060
125966  -31.020  -40.174  -19.745 0.4000000060
48870  -32.482  -38.045  -20.758 0.5000000000
48872  -34.977  -37.919  -20.913 0.6999999881
48881  -36.756  -38.522  -22.060 0.6999999881
48865  -31.846  -38.574  -20.282 0.5000000000
49873  -37.275  -37.822  -22.129 0.6999999881
48882  -37.197  -38.455  -22.754 0.6999999881
47958  -30.289  -40.023  -18.280 0.3000000119
48848  -30.058  -39.102  -18.225 0.3000000119
47959  -30.962  -39.655  -19.008 0.4000000060
48885  -37.451  -38.291  -23.541 0.6999999881
49834  -29.634  -38.201  -18.373 0.3000000119
49890  -37.067  -37.547  -25.291 0.6999999881
49881  -37.345  -37.568  -24.500 0.6999999881
49903  -35.895  -37.530  -26.699 0.6999999881
50927  -37.070  -36.993  -24.822 0.6999999881
130686  -31.093  -38.603  -28.279 0.8000000119
50926  -36.604  -36.767  -25.492 0.6999999881
114633  -35.206  -37.086  -26.987 0.6999999881
50947  -35.955  -36.245  -25.935 0.6999999881
48912  -27.557  -38.770  -27.930 0.8000000119
48913  -29.375  -38.323  -28.138 0.8000000119
122720  -33.217  -37.799  -27.907 0.6999999881
50946  -34.763  -36.374  -26.843 0.6999999881
115533  -35.315  -35.845  -26.339 0.6999999881
48019  -26.661  -39.448  -28.209 0.8000000119
127845  -28.548  -38.308  -28.007 0.8000000119
49921  -30.007  -37.684  -27.930 0.8000000119
49922  -30.856  -37.427  -27.919 0.8000000119
49923  -31.534  -37.305  -27.951 0.8000000119
50968  -33.462  -36.351  -27.391 0.8000000119
51959  -34.635  -35.418  -26.654 0.6999999881
48928  -25.496  -38.665  -28.116 0.8000000119
130588  -29.507  -37.067  -27.642 0.8000000119
50945  -30.386  -36.261  -27.543 0.8000000119
50967  -32.596  -36.003  -27.538 0.8000000119
127518  -25.843  -39.204  -28.581 0.8000000119
49943  -24.777  -37.900  -28.080 0.8000000119
49920  -27.840  -37.324  -27.514 0.8000000119
50944  -29.536  -36.345  -27.486 0.8000000119
51978  -32.001  -35.234  -27.383 0.8000000119
129758  -26.214  -38.169  -29.811 0.8000000119
133621  -26.130  -36.485  -27.764 0.8000000119
115620  -29.082  -35.527  -27.397 0.8000000119
51957  -30.017  -35.621  -27.430 0.8000000119
124500  -31.227  -35.002  -27.317 0.8000000119
51007  -25.323  -37.054  -29.389 0.8000000119
51975  -28.717  -34.760  -27.330 0.8000000119
49972  -26.322  -37.448  -29.736 0.8000000119
51024  -32.923  -35.902  -31.814 0.5000000000
120706  -31.763  -36.939  -30.081 0.6000000238
51008  -26.458  -36.387  -29.524 0.8000000119
51009  -27.718  -36.039  -29.517 0.8000000119
116548  -32.175  -36.105  -30.702 0.6000000238
52020  -31.813  -35.270  -31.527 0.6000000238
51010  -30.939  -35.691  -30.223 0.6000000238
51011  -31.648  -35.858  -30.515 0.6000000238
48875  -32.754  -38.447  -21.618 0.6999999881
48871  -34.021  -38.053  -21.121 0.6999999881
49871  -35.966  -37.932  -21.148 0.6999999881
129654  -32.964  -37.594  -20.624 0.5000000000
123683  -34.223  -37.506  -20.724 0.6999999881
48864  -31.372  -38.781  -19.370 0.4000000060
122622  -31.625  -38.060  -19.561 0.4000000060
48866  -32.057  -37.866  -19.960 0.5000000000
49872  -36.721  -37.866  -21.571 0.6999999881
49875  -37.533  -37.715  -22.907 0.6999999881
127920  -30.257  -37.796  -18.628 0.3000000119
131979  -31.700  -37.122  -19.255 0.3000000119
49864  -32.502  -37.398  -20.042 0.5000000000
50906  -37.115  -37.038  -21.589 0.6999999881
50914  -37.606  -36.933  -23.204 0.6999999881
50878  -31.106  -36.093  -18.798 0.3000000119
117852  -30.232  -36.004  -19.100 0.3000000119
50919  -37.366  -35.897  -24.094 0.6999999881
119700  -32.875  -36.983  -27.680 0.8000000119
135468  -34.102  -36.571  -27.227 0.6999999881
119816  -36.384  -35.882  -25.294 0.6999999881
49925  -33.718  -37.148  -27.524 0.6999999881
51960  -35.206  -34.972  -26.238 0.6999999881
129748  -27.982  -37.988  -27.796 0.8000000119
49900  -30.256  -36.916  -27.666 0.8000000119
53075  -34.000  -35.020  -27.014 0.8000000119
127092  -26.951  -38.025  -27.710 0.8000000119
53097  -33.312  -34.728  -27.151 0.8000000119
49918  -25.657  -38.055  -27.737 0.8000000119
50965  -30.916  -35.716  -27.488 0.8000000119
53096  -32.564  -34.523  -27.259 0.8000000119
50964  -25.317  -37.210  -27.872 0.8000000119
49957  -24.828  -37.518  -28.793 0.8000000119
50943  -27.812  -36.486  -27.373 0.8000000119
51976  -29.609  -34.885  -27.385 0.8000000119
129053  -30.048  -34.383  -27.324 0.8000000119
53095  -31.723  -34.393  -27.267 0.8000000119
136059  -25.567  -36.329  -29.239 0.8000000119
51990  -25.305  -36.181  -28.526 0.8000000119
51956  -27.995  -35.511  -27.288 0.8000000119
53074  -27.780  -34.541  -27.320 0.8000000119
54137  -31.451  -33.639  -27.263 0.8000000119
121158  -33.225  -38.006  -21.171 0.6000000238
48849  -30.655  -38.619  -18.639 0.3000000119
49854  -33.135  -37.064  -20.206 0.5000000000
49866  -34.759  -37.095  -20.526 0.6999999881
49867  -35.589  -37.251  -20.747 0.6999999881
49868  -36.393  -37.247  -21.085 0.6999999881
115824  -35.404  -36.484  -20.267 0.6999999881
50897  -36.709  -36.548  -20.924 0.6999999881
117019  -30.486  -36.912  -18.739 0.3000000119
50879  -31.835  -36.133  -19.145 0.3000000119
49853  -29.417  -37.304  -18.645 0.3000000119
51876  -31.710  -34.678  -19.355 0.3000000119
50898  -37.209  -36.157  -21.334 0.6999999881
129601  -37.474  -36.427  -21.958 0.6999999881
53007  -29.658  -34.370  -20.762 0.3000000119
52996  -30.105  -34.805  -20.133 0.3000000119
52997  -30.935  -34.706  -19.717 0.3000000119
113384  -31.966  -34.021  -19.577 0.3000000119
53025  -29.084  -34.029  -21.210 0.3000000119
51928  -36.938  -35.448  -24.733 0.6999999881
51939  -36.347  -35.013  -25.277 0.6999999881
53076  -34.540  -34.416  -26.544 0.8000000119
54138  -32.305  -33.748  -27.259 0.8000000119
113484  -25.315  -36.362  -28.059 0.8000000119
50942  -27.036  -36.068  -27.401 0.8000000119
51954  -26.534  -34.881  -27.681 0.8000000119
51955  -27.127  -35.176  -27.398 0.8000000119
53092  -28.583  -34.026  -27.343 0.8000000119
54135  -29.265  -33.531  -27.384 0.8000000119
54136  -30.700  -33.403  -27.282 0.8000000119
52014  -26.053  -35.480  -29.380 0.8000000119
54117  -27.924  -33.793  -27.472 0.8000000119
52015  -27.150  -35.146  -29.642 0.8000000119
52016  -28.465  -35.313  -29.708 0.6000000238
50895  -33.927  -36.895  -20.298 0.6000000238
114081  -34.807  -35.889  -19.784 0.6000000238
132379  -36.305  -36.122  -20.358 0.6999999881
120929  -32.226  -35.576  -19.267 0.4000000060
124647  -36.887  -35.889  -20.727 0.6999999881
53012  -34.800  -34.241  -19.607 0.4000000060
51896  -37.286  -35.272  -21.095 0.6999999881
51910  -37.544  -35.707  -21.893 0.6999999881
124733  -37.702  -36.168  -22.688 0.6999999881
55133  -32.411  -33.005  -20.243 0.3000000119
53015  -37.149  -34.535  -20.661 0.6000000238
53039  -37.505  -34.334  -22.368 0.6999999881
130325  -37.639  -35.543  -23.384 0.6999999881
121443  -37.449  -33.913  -23.201 0.6999999881
53054  -36.843  -34.580  -24.655 0.6999999881
53064  -36.183  -34.166  -25.192 0.6999999881
51980  -33.378  -35.526  -27.267 0.8000000119
51979  -32.771  -35.201  -27.336 0.8000000119
132916  -33.832  -34.312  -26.873 0.8000000119
53094  -30.794  -34.213  -27.195 0.8000000119
121423  -32.771  -33.029  -27.119 0.8000000119
53093  -29.366  -34.205  -27.326 0.8000000119
55202  -30.707  -32.612  -27.426 0.8000000119
53108  -25.561  -35.053  -28.682 0.8000000119
54115  -26.414  -34.273  -27.916 0.8000000119
54134  -28.472  -33.298  -27.529 0.8000000119
55221  -29.146  -32.688  -27.543 0.8000000119
54133  -27.520  -33.075  -27.849 0.8000000119
52002  -30.146  -35.126  -30.355 0.6000000238
53128  -26.377  -34.410  -29.658 0.8000000119
52017  -29.281  -34.468  -30.354 0.6000000238
53129  -27.402  -34.115  -29.905 0.6999999881
53130  -28.380  -33.850  -30.206 0.6999999881
132510  -34.014  -36.119  -19.813 0.6000000238
51894  -35.703  -35.617  -19.917 0.6000000238
53010  -32.827  -34.110  -19.456 0.3000000119
51895  -36.627  -35.205  -20.282 0.6000000238
54057  -32.332  -33.540  -19.829 0.3000000119
114217  -34.099  -33.569  -19.658 0.3000000119
53013  -35.798  -34.686  -19.827 0.5000000000
54059  -34.872  -33.267  -19.941 0.5000000000
53026  -37.430  -34.396  -21.351 0.6999999881
55131  -31.136  -33.142  -21.049 0.3000000119
55137  -36.787  -32.828  -20.644 0.4000000060
54082  -37.459  -33.573  -22.579 0.6999999881
120441  -30.583  -32.163  -21.429 0.3000000119
54091  -37.403  -33.179  -23.230 0.6000000238
55185  -36.631  -32.836  -24.512 0.6000000238
116277  -35.507  -33.793  -25.660 0.8000000119
54108  -36.075  -33.252  -25.227 0.6999999881
54107  -34.737  -33.482  -26.026 0.8000000119
115652  -35.276  -33.104  -25.553 0.6999999881
135010  -36.179  -32.683  -25.013 0.6999999881
54120  -33.227  -33.845  -27.006 0.8000000119
115186  -34.035  -33.631  -26.590 0.8000000119
54121  -34.165  -32.956  -26.203 0.6999999881
55193  -34.648  -32.457  -25.608 0.6999999881
115627  -35.375  -31.876  -25.179 0.6999999881
54119  -31.978  -33.027  -27.352 0.8000000119
113552  -33.556  -32.994  -26.686 0.8000000119
55206  -33.857  -32.297  -26.298 0.6999999881
56224  -34.787  -31.565  -25.489 0.6999999881
55203  -31.537  -32.437  -27.352 0.8000000119
55204  -32.304  -32.330  -27.129 0.8000000119
56236  -33.370  -31.534  -26.440 0.6999999881
56237  -34.149  -31.563  -25.930 0.6999999881
117278  -25.567  -35.667  -28.314 0.8000000119
114669  -25.778  -34.070  -28.588 0.8000000119
55222  -29.963  -33.099  -27.358 0.8000000119
54132  -26.378  -33.323  -28.261 0.8000000119
121380  -28.284  -32.633  -27.765 0.8000000119
56233  -30.382  -31.883  -27.552 0.8000000119
52000  -25.571  -35.820  -28.928 0.8000000119
54148  -25.614  -33.093  -28.905 0.8000000119
55220  -27.642  -32.163  -28.144 0.8000000119
56232  -29.485  -31.875  -27.647 0.8000000119
53117  -25.804  -34.695  -29.186 0.8000000119
54160  -25.917  -33.683  -29.627 0.8000000119
55269  -26.100  -32.894  -30.044 0.6999999881
113250  -30.187  -34.341  -30.769 0.6000000238
53131  -30.721  -34.216  -30.824 0.6000000238
54179  -26.634  -33.567  -30.025 0.6999999881
54181  -28.143  -33.179  -30.328 0.6999999881
53014  -36.634  -34.196  -20.151 0.5000000000
54062  -37.198  -33.672  -20.755 0.5000000000
54058  -33.162  -33.366  -19.657 0.3000000119
55136  -35.840  -32.770  -20.246 0.4000000060
54074  -37.423  -33.608  -21.744 0.6000000238
55134  -33.681  -32.179  -20.178 0.3000000119
55154  -37.295  -32.871  -21.287 0.5000000000
55166  -37.408  -32.834  -22.301 0.6000000238
56179  -32.435  -31.133  -20.813 0.3000000119
56159  -34.429  -31.525  -20.379 0.3000000119
56181  -37.220  -32.280  -21.747 0.6000000238
125360  -37.406  -32.431  -23.057 0.6000000238
56177  -31.045  -31.430  -21.501 0.3000000119
57101  -35.102  -30.779  -20.582 0.3000000119
56178  -31.707  -31.383  -21.246 0.3000000119
131881  -36.889  -32.111  -24.228 0.6000000238
56199  -30.254  -31.356  -21.633 0.3000000119
55184  -36.259  -32.097  -24.836 0.6999999881
57191  -31.038  -31.237  -27.479 0.8000000119
56235  -32.555  -31.592  -26.834 0.6999999881
56234  -31.779  -31.750  -27.244 0.6999999881
57204  -30.493  -30.468  -27.732 0.6999999881
55219  -26.654  -32.389  -28.388 0.8000000119
117082  -28.552  -31.963  -27.851 0.8000000119
57190  -29.958  -31.175  -27.685 0.6000000238
53132  -31.442  -34.436  -31.057 0.6000000238
121560  -25.755  -32.929  -29.412 0.6999999881
55250  -26.072  -32.081  -29.720 0.6999999881
55234  -25.778  -32.328  -29.177 0.6999999881
114056  -28.781  -33.039  -30.389 0.6999999881
134340  -29.532  -33.715  -30.621 0.6999999881
54180  -27.051  -32.939  -30.299 0.6999999881
57243  -28.565  -30.098  -30.723 0.5000000000
57244  -29.989  -30.070  -30.412 0.5000000000
56201  -37.284  -31.954  -22.472 0.6000000238
56211  -37.126  -31.726  -23.438 0.6000000238
56200  -36.902  -31.001  -22.530 0.6000000238
118196  -36.751  -30.783  -23.566 0.6000000238
56217  -35.981  -31.301  -24.817 0.6999999881
136103  -35.853  -30.669  -24.890 0.6999999881
57137  -28.260  -30.487  -22.342 0.3000000119
57194  -33.730  -30.731  -26.232 0.6999999881
56225  -35.385  -31.079  -25.297 0.6999999881
57180  -34.671  -30.692  -25.741 0.6999999881
56247  -28.891  -31.179  -27.921 0.6999999881
117841  -32.013  -31.005  -27.129 0.6999999881
57193  -32.820  -30.765  -26.633 0.6000000238
57205  -31.441  -30.404  -27.448 0.6999999881
55218  -25.930  -32.541  -28.747 0.6999999881
56244  -26.088  -31.920  -28.903 0.6999999881
56246  -27.857  -31.346  -28.289 0.6999999881
57202  -28.163  -30.463  -28.558 0.6000000238
56257  -26.393  -31.358  -29.340 0.6999999881
54183  -30.102  -33.907  -30.827 0.6000000238
123898  -30.772  -34.092  -30.820 0.5000000000
116693  -27.503  -32.262  -30.365 0.6999999881
56292  -27.253  -31.143  -30.465 0.6999999881
114072  -28.333  -31.929  -30.356 0.6999999881
55251  -29.248  -31.722  -30.048 0.6000000238
57141  -36.528  -30.173  -22.026 0.4000000060
57159  -36.668  -30.053  -22.893 0.5000000000
128022  -36.468  -29.984  -23.823 0.6000000238
57171  -36.081  -30.014  -24.671 0.6000000238
58062  -27.916  -29.785  -22.725 0.3000000119
58063  -28.723  -29.795  -22.685 0.3000000119
120681  -35.034  -29.811  -25.719 0.6000000238
125778  -33.279  -30.045  -26.588 0.6000000238
57192  -32.278  -30.285  -27.091 0.6000000238
56245  -26.888  -31.623  -28.625 0.6999999881
57203  -29.439  -30.470  -28.065 0.6000000238
57201  -27.102  -30.915  -29.042 0.6999999881
58132  -28.024  -29.803  -29.234 0.6000000238
56291  -26.548  -31.517  -30.178 0.6999999881
55271  -29.155  -32.589  -30.173 0.6999999881
55272  -29.661  -33.302  -30.440 0.6000000238
126532  -31.611  -33.047  -29.750 0.5000000000
55252  -29.951  -32.578  -29.956 0.6000000238
54161  -30.610  -33.374  -30.283 0.6000000238
56293  -28.314  -30.932  -30.506 0.5000000000
56273  -30.275  -31.635  -29.728 0.5000000000
56274  -31.144  -31.629  -29.481 0.5000000000
57227  -29.576  -30.845  -30.206 0.5000000000
58070  -35.828  -28.913  -21.921 0.4000000060
58071  -36.324  -29.431  -22.374 0.4000000060
59046  -36.031  -28.705  -22.765 0.4000000060
58068  -33.798  -28.869  -21.591 0.4000000060
58102  -36.162  -29.289  -24.190 0.6000000238
58088  -29.154  -29.029  -22.916 0.3000000119
58089  -30.112  -28.979  -22.729 0.3000000119
59041  -31.456  -28.628  -22.625 0.3000000119
124786  -28.928  -27.521  -23.750 0.3000000119
58125  -34.191  -29.744  -26.174 0.6000000238
58123  -32.713  -29.586  -27.127 0.5000000000
58135  -30.954  -29.756  -27.768 0.6000000238
58122  -31.815  -29.683  -27.465 0.6000000238
58134  -30.058  -29.825  -28.187 0.6000000238
58133  -28.976  -29.783  -28.561 0.6000000238
59114  -30.565  -29.176  -28.212 0.6000000238
57214  -26.537  -30.737  -29.864 0.6999999881
58144  -28.527  -29.226  -29.302 0.6000000238
57225  -26.679  -30.720  -30.190 0.6999999881
58051  -35.333  -29.458  -21.412 0.4000000060
58091  -36.367  -29.306  -23.265 0.5000000000
131921  -34.892  -27.799  -22.073 0.4000000060
58090  -36.037  -28.628  -23.692 0.4000000060
58113  -35.678  -29.333  -25.133 0.5000000000
119642  -29.538  -28.325  -23.198 0.3000000119
60109  -30.555  -27.372  -23.257 0.3000000119
59063  -31.071  -28.000  -22.949 0.4000000060
131667  -32.224  -27.278  -22.799 0.4000000060
59107  -34.267  -28.695  -26.371 0.5000000000
58112  -34.983  -28.993  -25.824 0.6000000238
58124  -33.524  -29.174  -26.763 0.5000000000
58136  -32.169  -29.000  -27.693 0.5000000000
127035  -31.349  -29.122  -27.879 0.6000000238
58137  -33.001  -28.574  -27.442 0.5000000000
59113  -29.620  -29.185  -28.654 0.6000000238
59123  -30.263  -28.526  -28.699 0.6000000238
129610  -27.437  -29.437  -30.252 0.6000000238
59136  -28.036  -28.642  -30.065 0.6000000238
57226  -27.125  -30.203  -30.386 0.5000000000
57242  -27.299  -30.101  -30.609 0.5000000000
58164  -27.644  -29.313  -31.312 0.5000000000
58165  -29.151  -29.468  -31.108 0.5000000000
121245  -30.435  -29.363  -30.698 0.5000000000
58069  -34.923  -28.560  -21.622 0.4000000060
129727  -35.865  -28.692  -24.505 0.4000000060
60098  -35.153  -27.386  -22.776 0.4000000060
59081  -35.668  -27.957  -24.240 0.4000000060
59095  -35.483  -28.399  -25.156 0.4000000060
61052  -30.080  -26.838  -23.592 0.3000000119
60130  -29.339  -26.698  -24.033 0.3000000119
59106  -33.732  -28.311  -26.902 0.4000000060
129814  -32.319  -28.347  -27.924 0.5000000000
59116  -32.739  -27.736  -27.915 0.4000000060
130232  -30.984  -28.691  -28.225 0.6000000238
59115  -31.650  -28.538  -28.108 0.5000000000
59122  -29.142  -28.626  -29.306 0.6000000238
59124  -31.110  -28.156  -28.455 0.5000000000
58163  -27.293  -29.331  -30.881 0.5000000000
59135  -27.289  -28.603  -30.882 0.6000000238
131513  -28.671  -28.154  -29.887 0.6000000238
60177  -29.631  -28.007  -29.408 0.6000000238
60188  -27.932  -27.973  -30.568 0.6000000238
59151  -28.610  -28.829  -31.812 0.5000000000
124529  -31.468  -29.234  -30.558 0.5000000000
132666  -27.287  -28.859  -31.252 0.5000000000
63036  -28.164  -24.180  -25.153 0.3000000119
63021  -29.169  -24.720  -24.729 0.4000000060
63896  -29.831  -23.441  -24.960 0.4000000060
60189  -28.988  -27.600  -30.221 0.5000000000
63895  -28.468  -23.397  -25.276 0.4000000060
60191  -30.917  -27.163  -29.310 0.5000000000
61139  -31.192  -26.390  -29.453 0.5000000000
60212  -28.293  -27.600  -31.617 0.5000000000
61138  -30.302  -26.570  -30.130 0.5000000000
58182  -27.928  -28.690  -31.613 0.5000000000
59167  -28.337  -28.073  -31.912 0.6000000238
59153  -31.599  -28.531  -31.055 0.5000000000
59152  -29.839  -28.822  -31.493 0.6000000238
59170  -30.592  -28.127  -31.777 0.5000000000
136801  -30.823  -28.807  -31.076 0.6000000238
115166  -29.212  -23.307  -25.064 0.4000000060
63884  -31.446  -23.843  -24.660 0.4000000060
60204  -28.395  -27.337  -31.164 0.5000000000
60213  -28.616  -26.972  -31.907 0.5000000000
60225  -28.993  -27.038  -32.754 0.5000000000
61162  -28.938  -26.590  -32.563 0.5000000000
61163  -29.258  -25.969  -32.643 0.5000000000
59169  -29.379  -28.108  -32.309 0.5000000000
59181  -28.926  -27.726  -32.445 0.5000000000
59171  -31.538  -27.839  -31.515 0.4000000060
60214  -30.057  -27.511  -32.673 0.5000000000
64760  -30.654  -22.318  -25.261 0.4000000060
64774  -28.496  -21.822  -25.768 0.4000000060
61137  -29.327  -26.867  -30.746 0.5000000000
60226  -29.495  -27.206  -32.858 0.4000000060
60227  -30.186  -26.820  -33.214 0.4000000060
119885  -30.910  -27.310  -32.351 0.5000000000
60215  -32.102  -27.181  -31.714 0.3000000119
62125  -29.898  -25.348  -32.176 0.4000000060
61173  -29.550  -26.404  -33.168 0.4000000060
61164  -31.105  -26.512  -32.962 0.5000000000
61165  -32.328  -26.234  -32.364 0.4000000060
61174  -30.357  -26.066  -33.540 0.4000000060
120729  -34.853  -26.865  -30.707 0.4000000060
125436  -30.938  -24.782  -33.244 0.4000000060
61166  -33.408  -26.264  -31.838 0.4000000060
60217  -34.143  -26.579  -31.314 0.4000000060
61152  -34.814  -25.971  -31.092 0.4000000060
61153  -35.415  -26.336  -30.351 0.4000000060
61175  -31.229  -25.761  -33.273 0.4000000060
62127  -32.113  -25.478  -32.823 0.3000000119
62128  -33.068  -25.635  -32.328 0.4000000060
62140  -31.488  -24.951  -33.156 0.4000000060
63109  -33.649  -24.927  -32.248 0.3000000119
62129  -33.969  -25.815  -31.722 0.4000000060
117668  -34.376  -25.314  -31.569 0.5000000000
62141  -32.614  -24.885  -32.846 0.4000000060
63123  -33.198  -24.122  -33.019 0.4000000060
135479  -32.536  -49.009  -29.105 0.6999999881
37401  -28.461  -50.719  -24.544 0.6000000238
40387  -32.743  -47.452  -20.465 0.6999999881
41300  -34.539  -46.663  -22.498 0.8000000119
42153  -30.308  -45.742  -20.734 0.6000000238
42976  -31.895  -44.783  -20.369 0.6000000238
42977  -32.749  -44.689  -20.593 0.6999999881
43046  -35.341  -44.708  -25.306 0.8000000119
42205  -24.257  -45.567  -25.686 0.4000000060
44108  -27.993  -43.547  -29.625 0.8000000119
45023  -31.686  -42.850  -21.659 0.6000000238
46091  -24.949  -41.134  -24.198 0.5000000000
46112  -36.478  -41.896  -26.345 0.8000000119
45026  -34.473  -42.309  -21.681 0.8000000119
40364  -27.461  -47.003  -18.999 0.4000000060
47038  -28.952  -39.814  -23.266 0.6000000238
44007  -26.026  -43.278  -20.353 0.5000000000
113592  -28.460  -39.816  -22.500 0.6000000238
125165  -33.259  -39.185  -28.249 0.6999999881
51977  -30.447  -34.963  -27.360 0.8000000119
53063  -35.682  -34.601  -25.709 0.6999999881
53055  -37.343  -34.107  -23.977 0.6999999881
54098  -36.692  -33.720  -24.574 0.6000000238
51893  -33.386  -35.580  -19.592 0.6000000238
54061  -36.510  -33.426  -20.279 0.5000000000
123511  -36.553  -30.885  -21.547 0.4000000060
59045  -35.475  -28.176  -22.320 0.4000000060
125194  -32.946  -49.517  -32.303 0.5000000000
37469  -34.913  -51.025  -29.240 0.6999999881
41396  -32.942  -47.017  -30.894 0.5000000000
36297  -30.559  -51.942  -24.805 0.5000000000
39495  -35.565  -48.616  -24.324 0.6999999881
39533  -32.640  -47.978  -28.056 0.6999999881
41364  -29.896  -46.769  -27.898 0.6999999881
40479  -31.281  -47.498  -27.693 0.6999999881
42243  -31.505  -45.900  -30.103 0.6999999881
43115  -33.137  -44.060  -29.992 0.5000000000
130984  -31.525  -44.526  -30.274 0.6000000238
44140  -32.372  -42.871  -31.105 0.5000000000
38391  -28.765  -49.192  -22.634 0.6000000238
40457  -33.520  -47.125  -25.538 0.6999999881
43112  -29.868  -44.966  -30.605 0.6999999881
38376  -30.800  -49.311  -21.622 0.6000000238
41344  -33.929  -46.901  -24.898 0.6999999881
45134  -34.436  -42.339  -31.828 0.4000000060
41289  -34.264  -46.610  -21.547 0.8000000119
39457  -27.930  -48.115  -22.857 0.6000000238
40434  -27.315  -47.791  -23.261 0.6000000238
43093  -28.183  -44.821  -29.689 0.8000000119
41267  -30.733  -46.355  -20.496 0.6999999881
38426  -25.846  -49.251  -25.106 0.5000000000
115550  -34.098  -44.870  -26.121 0.8000000119
45132  -32.152  -42.304  -31.442 0.5000000000
42154  -34.180  -45.119  -21.413 0.6999999881
41315  -27.019  -46.865  -23.319 0.6000000238
43016  -35.850  -44.514  -23.698 0.8000000119
116638  -30.525  -42.266  -31.300 0.6999999881
114373  -32.796  -41.942  -31.691 0.6000000238
42158  -27.733  -45.498  -22.902 0.6000000238
45099  -31.087  -43.186  -28.150 0.8999999762
45097  -29.040  -42.960  -28.670 0.8000000119
124928  -34.516  -40.628  -31.353 0.4000000060
119617  -24.058  -44.556  -25.551 0.3000000119
119696  -25.464  -45.741  -24.532 0.5000000000
41329  -25.372  -46.767  -24.454 0.5000000000
41341  -24.361  -46.480  -25.668 0.4000000060
127675  -33.013  -43.390  -27.552 0.8999999762
45116  -27.853  -42.576  -30.134 0.8000000119
44015  -29.894  -43.459  -21.740 0.6000000238
124425  -28.608  -43.391  -22.672 0.5000000000
42190  -24.888  -45.188  -25.083 0.4000000060
42191  -25.499  -44.857  -24.587 0.5000000000
43032  -25.962  -44.638  -24.002 0.5000000000
46122  -34.466  -41.563  -27.723 0.8000000119
47101  -31.393  -40.530  -31.187 0.6999999881
126642  -32.542  -39.258  -30.394 0.6000000238
48966  -34.883  -38.360  -30.289 0.4000000060
44026  -30.133  -42.578  -22.419 0.6000000238
45063  -23.042  -40.787  -25.036 0.5000000000
117659  -25.184  -43.314  -24.620 0.5000000000
130441  -28.292  -43.070  -23.049 0.5000000000
44054  -25.855  -42.941  -24.126 0.5000000000
46055  -36.101  -41.625  -22.393 0.6999999881
129804  -30.578  -41.896  -22.784 0.6000000238
117012  -23.976  -41.167  -22.897 0.5000000000
47034  -25.544  -40.819  -23.339 0.6000000238
46067  -24.814  -40.764  -23.776 0.5000000000
46049  -25.367  -40.879  -22.809 0.6000000238
46047  -23.940  -40.830  -23.780 0.5000000000
45031  -28.713  -42.563  -23.132 0.5000000000
42132  -25.628  -45.595  -21.071 0.6000000238
46092  -25.758  -41.379  -23.908 0.5000000000
46070  -27.612  -40.891  -23.372 0.6000000238
126658  -26.980  -40.652  -23.202 0.6000000238
45045  -26.282  -41.961  -23.895 0.5000000000
45047  -28.227  -41.783  -23.448 0.5000000000
40354  -27.401  -47.356  -18.148 0.4000000060
46093  -37.382  -41.035  -24.625 0.6999999881
46130  -32.161  -41.475  -28.311 0.8000000119
135427  -29.003  -41.318  -28.523 0.8999999762
45010  -26.320  -42.536  -20.864 0.5000000000
47009  -26.971  -40.434  -22.704 0.6000000238
46050  -26.202  -40.690  -22.933 0.6000000238
47037  -28.146  -40.066  -23.215 0.6000000238
47010  -27.691  -40.098  -22.643 0.6000000238
43994  -27.311  -43.466  -19.247 0.4000000060
44008  -26.902  -42.850  -19.993 0.4000000060
120604  -27.981  -40.587  -21.824 0.5000000000
46034  -28.458  -41.574  -20.927 0.5000000000
46075  -37.381  -40.361  -23.999 0.6999999881
43975  -27.671  -43.860  -18.666 0.4000000060
45012  -28.718  -42.431  -20.155 0.5000000000
46118  -28.399  -41.164  -28.752 0.8000000119
122582  -31.812  -38.175  -29.918 0.6999999881
47026  -32.641  -40.067  -22.512 0.6999999881
47984  -30.519  -39.383  -22.850 0.6999999881
47011  -29.345  -39.682  -22.135 0.6000000238
48006  -37.421  -39.072  -25.198 0.6999999881
43960  -28.268  -43.242  -17.751 0.4000000060
125660  -28.619  -38.796  -30.482 0.8000000119
135005  -31.153  -39.275  -22.623 0.6000000238
47986  -32.394  -39.191  -22.569 0.6999999881
46041  -28.999  -40.616  -21.502 0.6000000238
46019  -29.369  -41.544  -17.859 0.3000000119
48012  -36.370  -39.197  -26.628 0.6999999881
128770  -37.502  -38.128  -24.200 0.6999999881
46993  -30.143  -40.965  -18.193 0.3000000119
131449  -26.735  -38.701  -30.011 0.8999999762
118592  -28.238  -38.083  -29.944 0.8000000119
123415  -27.174  -38.063  -29.935 0.8000000119
49960  -29.780  -37.204  -29.668 0.6000000238
50995  -28.663  -36.294  -29.499 0.8000000119
47001  -30.758  -40.680  -20.028 0.5000000000
48905  -36.528  -38.321  -26.399 0.6999999881
49924  -32.260  -37.696  -28.082 0.8000000119
125349  -35.567  -36.659  -26.526 0.6999999881
49971  -25.370  -37.887  -29.480 0.8000000119
49958  -27.664  -37.106  -29.664 0.8000000119
119615  -36.264  -38.452  -21.613 0.6999999881
49878  -37.527  -37.579  -23.724 0.6999999881
49904  -36.610  -37.534  -26.033 0.6999999881
113490  -37.386  -36.797  -24.081 0.6999999881
129861  -36.167  -36.929  -26.195 0.6999999881
50918  -36.972  -36.299  -24.765 0.6999999881
51938  -35.782  -35.436  -25.780 0.6999999881
49901  -31.099  -36.636  -27.721 0.8000000119
115823  -32.008  -36.764  -27.832 0.8000000119
50966  -31.681  -35.979  -27.602 0.8000000119
126322  -31.118  -37.913  -18.902 0.3000000119
50911  -37.495  -37.032  -22.395 0.6999999881
50880  -32.519  -36.517  -19.645 0.5000000000
51925  -37.615  -36.268  -23.490 0.6999999881
50877  -29.294  -36.296  -19.181 0.3000000119
51929  -37.357  -35.035  -24.062 0.6999999881
50896  -34.552  -36.512  -20.153 0.6000000238
51892  -32.632  -34.937  -19.362 0.3000000119
53009  -31.228  -34.137  -20.180 0.3000000119
54056  -31.615  -33.482  -20.436 0.3000000119
113424  -28.201  -34.519  -29.899 0.6999999881
113103  -34.153  -35.165  -19.550 0.6000000238
114219  -35.060  -35.136  -19.616 0.6000000238
53011  -33.724  -34.206  -19.487 0.4000000060
121386  -37.546  -34.981  -21.830 0.6999999881
51920  -37.649  -35.229  -22.570 0.6999999881
53048  -37.536  -34.682  -23.286 0.6999999881
54099  -37.147  -33.338  -23.955 0.6000000238
55205  -33.089  -32.279  -26.770 0.8000000119
134876  -31.104  -31.979  -27.450 0.8000000119
55201  -29.945  -32.433  -27.510 0.8000000119
54182  -29.118  -33.674  -30.514 0.6000000238
114946  -29.858  -34.007  -30.840 0.6000000238
121479  -33.342  -34.824  -19.471 0.5000000000
54060  -35.783  -33.742  -19.920 0.5000000000
55152  -31.315  -32.267  -21.241 0.3000000119
56157  -32.646  -32.141  -20.447 0.3000000119
55153  -36.945  -32.186  -21.086 0.5000000000
55176  -37.153  -32.595  -23.744 0.6000000238
56218  -36.638  -31.421  -24.254 0.6000000238
56156  -31.924  -31.930  -20.910 0.3000000119
56160  -35.561  -31.704  -20.503 0.3000000119
57115  -32.590  -30.185  -21.190 0.3000000119
57172  -36.353  -30.672  -24.367 0.6000000238
55270  -26.576  -32.306  -30.184 0.6999999881
56272  -26.338  -31.300  -29.792 0.6999999881
57181  -35.512  -30.271  -25.336 0.6999999881
58052  -36.086  -29.678  -21.647 0.4000000060
57215  -27.209  -30.232  -29.657 0.6000000238
55253  -30.928  -32.445  -29.618 0.6000000238
57228  -30.790  -30.748  -29.744 0.4000000060
59042  -32.246  -28.580  -22.355 0.4000000060
59040  -30.804  -28.603  -22.793 0.3000000119
59061  -28.741  -28.302  -23.437 0.3000000119
114533  -29.694  -27.533  -23.458 0.3000000119
60110  -31.466  -27.150  -23.092 0.4000000060
120498  -35.317  -27.574  -25.004 0.4000000060
128744  -33.922  -27.810  -26.964 0.4000000060
59125  -31.915  -27.796  -28.345 0.5000000000
60203  -27.691  -27.941  -31.076 0.6000000238
128387  -28.558  -24.656  -24.911 0.3000000119
63883  -30.469  -23.831  -24.775 0.4000000060
63897  -30.561  -23.016  -25.071 0.4000000060
62139  -30.653  -25.407  -33.337 0.4000000060
63122  -32.319  -24.161  -33.157 0.4000000060
62115  -35.356  -25.499  -30.452 0.3000000119
32234  -35.411  -55.057  -26.919 0.5000000000
32233  -34.850  -55.166  -27.635 0.5000000000
32186  -33.897  -55.526  -23.866 0.4000000060
32202  -35.254  -55.455  -24.769 0.5000000000
32215  -35.560  -55.183  -25.450 0.5000000000
123960  -35.737  -54.816  -26.188 0.5000000000
34202  -35.949  -53.781  -27.046 0.6000000238
34213  -36.215  -53.032  -27.343 0.6000000238
125802  -34.520  -54.890  -23.819 0.5000000000
33186  -34.281  -54.125  -23.571 0.5000000000
33203  -36.031  -54.005  -24.816 0.5000000000
33219  -36.257  -53.669  -25.504 0.5000000000
34161  -33.943  -53.357  -23.490 0.5000000000
114134  -36.586  -52.375  -26.106 0.6000000238
35213  -36.519  -52.385  -26.885 0.6000000238
133574  -36.378  -53.183  -26.360 0.6000000238
35219  -36.283  -52.372  -27.609 0.6000000238
37460  -36.102  -51.091  -28.136 0.6000000238
36337  -36.417  -51.640  -27.386 0.6000000238
36346  -35.492  -51.480  -28.699 0.6000000238
37459  -35.492  -50.558  -28.660 0.6000000238
34162  -34.842  -53.482  -23.525 0.5000000000
34176  -35.981  -53.461  -24.304 0.5000000000
35203  -36.503  -52.808  -25.370 0.6000000238
124994  -33.023  -53.276  -23.449 0.5000000000
35180  -34.535  -52.751  -23.336 0.5000000000
36327  -36.642  -51.591  -26.419 0.6000000238
34159  -32.029  -53.216  -23.589 0.5000000000
35178  -32.661  -52.653  -23.410 0.5000000000
118298  -36.531  -51.207  -26.935 0.6000000238
37448  -36.113  -50.207  -28.017 0.6000000238
38484  -33.918  -50.028  -29.703 0.6000000238
35181  -35.914  -52.837  -23.888 0.5000000000
113999  -36.543  -52.231  -24.826 0.5000000000
35179  -33.598  -52.694  -23.337 0.5000000000
132913  -35.088  -52.101  -23.012 0.5000000000
116798  -35.294  -52.793  -23.524 0.5000000000
36284  -35.717  -52.115  -23.527 0.5000000000
37419  -36.693  -50.885  -25.564 0.6000000238
36281  -32.378  -51.990  -23.144 0.5000000000
36282  -33.277  -52.076  -22.997 0.5000000000
35177  -31.784  -52.545  -23.695 0.5000000000
36280  -31.549  -51.782  -23.433 0.5000000000
38473  -36.381  -50.035  -27.128 0.6000000238
38485  -34.710  -50.044  -29.197 0.6000000238
38479  -35.391  -49.698  -28.457 0.6000000238
133422  -33.813  -51.554  -22.581 0.5000000000
36262  -35.584  -51.313  -23.065 0.5000000000
36285  -36.136  -51.338  -23.902 0.6000000238
37389  -36.051  -50.330  -23.582 0.6000000238
36260  -32.941  -51.332  -22.458 0.5000000000
36299  -36.539  -51.505  -24.734 0.6000000238
37403  -36.436  -50.630  -24.539 0.6000000238
36298  -31.135  -52.276  -24.308 0.5000000000
36296  -29.900  -51.611  -25.114 0.5000000000
39545  -34.119  -48.704  -28.276 0.6000000238
133569  -33.847  -50.851  -22.200 0.5000000000
37371  -35.362  -50.414  -22.692 0.5000000000
38414  -35.603  -49.538  -23.072 0.6000000238
36259  -32.008  -51.368  -22.677 0.5000000000
37388  -31.005  -51.216  -23.023 0.5000000000
37367  -31.427  -50.861  -22.317 0.6000000238
38395  -33.859  -50.101  -21.752 0.6000000238
37370  -34.605  -50.300  -22.166 0.5000000000
38397  -35.082  -49.601  -22.349 0.5000000000
39478  -35.437  -48.721  -23.425 0.6000000238
37368  -32.234  -50.807  -21.971 0.6000000238
37355  -33.191  -49.916  -21.473 0.6000000238
38429  -36.014  -49.328  -23.878 0.6000000238
37365  -29.859  -50.250  -22.792 0.5000000000
37366  -30.626  -50.557  -22.548 0.5000000000
38394  -31.073  -50.101  -21.941 0.6000000238
37402  -29.321  -50.972  -24.427 0.4000000060
37354  -32.376  -50.080  -21.389 0.6000000238
38378  -32.901  -49.390  -21.141 0.6000000238
39444  -34.177  -48.780  -21.474 0.6000000238
38396  -34.437  -49.520  -21.800 0.5000000000
39460  -34.780  -48.854  -22.087 0.6000000238
47103  -33.091  -40.500  -31.195 0.5000000000
49865  -33.575  -37.547  -20.700 0.5000000000
53077  -35.162  -34.226  -26.105 0.6000000238
52018  -30.884  -34.663  -30.784 0.5000000000
62130  -34.889  -25.090  -31.115 0.4000000060
63100  -35.247  -24.691  -30.537 0.3000000119
114231  -35.549  -24.353  -29.169 0.3000000119
63942  -35.550  -23.746  -28.505 0.3000000119
31214  -33.315  -56.280  -23.869 0.4000000060
31248  -34.673  -56.490  -25.380 0.5000000000
32225  -35.369  -55.559  -26.164 0.5000000000
33256  -35.234  -53.888  -28.340 0.5000000000
33185  -33.716  -54.749  -23.558 0.4000000060
120372  -35.753  -53.540  -27.888 0.6000000238
35218  -35.965  -52.768  -28.131 0.6000000238
35228  -35.464  -52.340  -28.699 0.5000000000
36351  -34.987  -51.902  -29.276 0.5000000000
117931  -33.020  -55.345  -23.382 0.4000000060
125958  -32.626  -53.890  -23.312 0.5000000000
34158  -31.260  -53.432  -23.904 0.5000000000
35190  -31.272  -52.893  -24.344 0.3000000119
34191  -30.130  -52.834  -25.394 0.4000000060
35212  -29.343  -52.833  -26.184 0.4000000060
47120  -33.809  -41.048  -31.651 0.4000000060
47104  -34.884  -40.043  -30.791 0.4000000060
127889  -33.995  -40.266  -30.875 0.4000000060
50881  -33.317  -36.356  -19.876 0.5000000000
52019  -31.481  -35.032  -31.110 0.5000000000
52030  -31.607  -34.532  -31.184 0.5000000000
56180  -36.956  -31.615  -21.708 0.4000000060
117089  -35.399  -24.168  -30.013 0.3000000119
113769  -35.538  -23.034  -28.701 0.3000000119
36279  -30.824  -51.604  -23.917 0.5000000000
37387  -30.276  -50.980  -23.285 0.6000000238
35189  -30.589  -52.597  -24.896 0.4000000060
33244  -35.422  -54.366  -27.610 0.6000000238
136883  -34.514  -56.089  -24.535 0.4000000060
33218  -35.923  -54.425  -25.479 0.5000000000
33232  -36.058  -54.072  -26.232 0.6000000238
34163  -35.480  -53.496  -23.843 0.5000000000
135349  -33.060  -54.533  -23.320 0.5000000000
36261  -34.707  -51.268  -22.557 0.5000000000
37369  -33.063  -50.508  -21.887 0.5000000000
63111  -34.818  -24.273  -31.214 0.4000000060
33184  -32.413  -54.590  -23.118 0.4000000060
34244  -34.953  -52.762  -29.293 0.4000000060
117330  -31.882  -53.854  -23.270 0.4000000060
46065  -22.454  -40.946  -24.946 0.4000000060
45079  -22.390  -41.417  -25.411 0.3000000119
44068  -23.547  -41.847  -25.162 0.4000000060
132823  -22.864  -41.783  -23.477 0.4000000060
45043  -22.283  -41.112  -24.352 0.4000000060
40415  -24.654  -47.512  -22.383 0.4000000060
42157  -24.414  -45.694  -22.145 0.4000000060
42995  -23.428  -43.774  -22.706 0.4000000060
126769  -23.461  -41.890  -22.783 0.4000000060
38373  -25.584  -50.143  -21.750 0.3000000119
40416  -25.419  -47.917  -22.050 0.3000000119
38365  -26.500  -49.582  -20.482 0.4000000060
123731  -24.268  -44.810  -22.039 0.4000000060
38374  -26.011  -49.314  -21.469 0.4000000060
40399  -25.312  -47.009  -21.959 0.5000000000
39438  -26.488  -48.720  -20.854 0.4000000060
40384  -26.844  -48.133  -20.352 0.4000000060
41284  -25.847  -46.558  -21.283 0.5000000000
115718  -27.153  -48.375  -19.578 0.4000000060
120881  -36.362  -32.185  -20.648 0.3000000119
55135  -34.716  -32.410  -20.210 0.3000000119
56161  -36.433  -31.539  -20.989 0.3000000119
60190  -30.030  -27.355  -29.769 0.4000000060
58050  -34.375  -29.472  -21.320 0.3000000119
60178  -30.586  -27.819  -29.013 0.4000000060
59043  -33.154  -28.310  -21.989 0.3000000119
60094  -31.834  -27.919  -22.726 0.3000000119
61124  -31.639  -27.034  -28.777 0.3000000119
61151  -29.640  -26.079  -31.371 0.4000000060
59044  -34.155  -27.972  -21.843 0.3000000119
60097  -34.404  -27.301  -22.370 0.3000000119
60095  -32.634  -27.746  -22.432 0.3000000119
60096  -33.527  -27.471  -22.267 0.3000000119
61044  -34.601  -26.724  -22.933 0.3000000119
60111  -35.382  -27.351  -23.638 0.3000000119
61043  -33.867  -26.726  -22.657 0.3000000119
61057  -34.695  -26.207  -23.642 0.3000000119
61058  -35.139  -26.767  -24.002 0.3000000119
60131  -35.362  -27.289  -24.325 0.3000000119
59094  -34.909  -27.969  -25.881 0.3000000119
61055  -32.323  -26.608  -23.112 0.3000000119
61054  -31.606  -26.230  -23.422 0.3000000119
62022  -30.926  -25.751  -23.706 0.3000000119
126627  -34.289  -27.895  -26.590 0.3000000119
62047  -30.360  -25.266  -24.130 0.3000000119
60167  -33.523  -27.654  -27.399 0.3000000119
60180  -33.180  -26.971  -27.990 0.3000000119
63037  -28.937  -24.007  -24.940 0.3000000119
132292  -29.392  -23.723  -24.929 0.3000000119
60179  -32.412  -27.027  -28.356 0.3000000119
64759  -29.822  -22.582  -25.153 0.3000000119
64757  -27.932  -22.660  -25.722 0.3000000119
62138  -29.923  -25.644  -33.289 0.3000000119
61056  -33.296  -26.180  -23.172 0.3000000119
131205  -34.155  -26.212  -23.131 0.3000000119
127018  -34.953  -26.206  -24.471 0.3000000119
60152  -35.016  -27.034  -25.525 0.3000000119
62024  -32.454  -25.839  -23.462 0.3000000119
129898  -33.193  -25.502  -23.595 0.3000000119
61078  -35.030  -26.373  -25.149 0.3000000119
115746  -34.646  -27.161  -26.334 0.3000000119
62023  -31.726  -25.373  -23.642 0.3000000119
63007  -32.600  -25.063  -23.781 0.3000000119
63008  -33.492  -24.976  -24.026 0.3000000119
60168  -34.153  -27.312  -26.987 0.3000000119
62046  -29.442  -25.587  -24.415 0.3000000119
62048  -31.071  -24.999  -23.818 0.3000000119
61113  -33.837  -26.752  -27.511 0.3000000119
117324  -30.828  -24.492  -24.310 0.3000000119
131944  -32.848  -26.424  -28.387 0.3000000119
61125  -32.059  -26.205  -28.769 0.3000000119
65694  -30.323  -21.692  -25.394 0.3000000119
130601  -30.545  -25.620  -30.499 0.3000000119
62114  -30.711  -24.863  -31.428 0.3000000119
62126  -30.474  -24.904  -32.882 0.3000000119
62026  -34.573  -25.538  -24.327 0.3000000119
62059  -34.813  -25.679  -25.114 0.3000000119
61096  -34.857  -26.168  -25.954 0.3000000119
63024  -32.933  -24.422  -24.345 0.3000000119
63009  -34.146  -25.016  -24.290 0.3000000119
63026  -34.441  -24.844  -25.021 0.3000000119
61126  -33.463  -26.181  -28.089 0.3000000119
63898  -31.180  -23.293  -24.987 0.3000000119
64761  -31.429  -22.561  -25.306 0.3000000119
62089  -32.859  -25.746  -28.494 0.3000000119
65695  -31.156  -21.784  -25.556 0.3000000119
65696  -31.970  -21.940  -25.874 0.3000000119
62101  -31.506  -25.576  -29.491 0.3000000119
126854  -31.201  -25.035  -30.242 0.3000000119
62068  -34.634  -25.140  -25.830 0.3000000119
63886  -33.367  -23.832  -24.962 0.3000000119
63038  -34.064  -24.077  -25.355 0.3000000119
63039  -34.366  -24.451  -25.766 0.3000000119
62077  -34.468  -25.513  -26.674 0.3000000119
61106  -34.410  -26.468  -26.869 0.3000000119
63885  -32.423  -23.813  -24.714 0.3000000119
63052  -34.303  -24.534  -26.558 0.3000000119
130747  -34.053  -25.867  -27.488 0.3000000119
123610  -31.984  -23.190  -25.063 0.3000000119
63899  -32.860  -23.234  -25.305 0.3000000119
63900  -33.572  -23.438  -25.708 0.3000000119
64762  -32.417  -22.584  -25.589 0.3000000119
65711  -33.108  -21.662  -27.039 0.3000000119
119626  -32.772  -25.042  -28.409 0.3000000119
62088  -32.224  -25.331  -28.876 0.3000000119
65710  -31.658  -21.288  -25.975 0.3000000119
124538  -32.405  -21.335  -26.452 0.3000000119
63108  -30.986  -24.450  -32.905 0.3000000119
130449  -34.093  -25.079  -27.263 0.3000000119
63913  -33.532  -23.112  -26.585 0.3000000119
63901  -34.070  -23.849  -26.144 0.3000000119
118724  -33.433  -25.229  -27.903 0.3000000119
64763  -33.166  -22.760  -25.984 0.3000000119
64776  -33.252  -22.382  -26.634 0.3000000119
66586  -31.749  -20.501  -26.432 0.3000000119
64775  -32.816  -22.075  -26.257 0.3000000119
65726  -33.317  -21.802  -27.666 0.3000000119
63078  -32.431  -24.593  -28.825 0.3000000119
122744  -31.810  -24.834  -29.527 0.3000000119
63089  -31.523  -24.368  -30.673 0.3000000119
63099  -31.001  -24.311  -32.102 0.3000000119
63065  -33.795  -24.430  -27.416 0.3000000119
63051  -33.896  -23.750  -26.925 0.3000000119
115019  -33.557  -23.791  -27.593 0.3000000119
64793  -33.378  -22.389  -27.227 0.3000000119
63927  -33.505  -23.127  -27.392 0.3000000119
63079  -33.134  -24.326  -28.135 0.3000000119
66587  -32.668  -20.700  -27.149 0.3000000119
63090  -32.122  -24.120  -29.577 0.3000000119
65725  -33.096  -21.125  -27.753 0.3000000119
64811  -33.321  -22.404  -28.044 0.3000000119
63963  -31.569  -23.718  -31.607 0.3000000119
63988  -32.350  -23.444  -33.238 0.3000000119
63121  -31.531  -24.228  -33.098 0.3000000119
63941  -33.209  -23.372  -28.119 0.3000000119
114444  -32.777  -20.207  -28.074 0.3000000119
63940  -32.603  -23.797  -28.776 0.3000000119
127774  -32.960  -20.884  -28.392 0.3000000119
65739  -33.168  -21.544  -28.238 0.3000000119
118450  -32.629  -22.871  -28.863 0.3000000119
63953  -31.988  -23.582  -30.412 0.3000000119
63977  -31.794  -23.202  -32.451 0.3000000119
64841  -32.344  -22.659  -33.291 0.3000000119
63976  -31.390  -23.928  -32.642 0.3000000119
127485  -31.813  -23.503  -33.037 0.3000000119
66619  -32.760  -20.517  -29.005 0.3000000119
65738  -32.693  -21.276  -29.012 0.3000000119
64820  -32.499  -21.857  -29.822 0.3000000119
134784  -32.534  -22.379  -29.355 0.3000000119
114403  -32.338  -22.777  -30.011 0.3000000119
64834  -32.178  -22.471  -32.190 0.3000000119
63964  -31.953  -22.966  -31.277 0.3000000119
63133  -33.163  -23.440  -33.437 0.3000000119
63996  -33.305  -22.835  -33.608 0.3000000119
63124  -33.868  -23.893  -32.624 0.3000000119
133179  -33.724  -23.418  -33.392 0.3000000119
63110  -34.347  -24.571  -31.772 0.3000000119
67472  -32.853  -19.658  -28.989 0.3000000119
65749  -32.637  -20.983  -29.845 0.3000000119
65755  -32.534  -21.425  -30.818 0.3000000119
64826  -32.317  -22.213  -30.988 0.3000000119
113502  -32.476  -21.795  -31.941 0.3000000119
63997  -34.058  -22.916  -33.830 0.3000000119
63978  -34.415  -23.626  -32.117 0.3000000119
36350  -34.523  -51.509  -29.907 0.4000000060
38390  -25.260  -49.383  -22.133 0.3000000119
42996  -24.108  -43.918  -22.190 0.4000000060
45044  -23.270  -41.125  -23.683 0.4000000060
41283  -25.152  -46.085  -21.774 0.4000000060
40383  -26.558  -47.183  -20.652 0.4000000060
40400  -25.926  -47.490  -21.447 0.4000000060
51877  -32.844  -35.825  -19.571 0.3000000119
57102  -35.934  -30.855  -20.908 0.3000000119
59064  -35.685  -28.010  -23.235 0.3000000119
128870  -35.034  -26.850  -23.361 0.3000000119
129404  -31.264  -27.593  -28.732 0.4000000060
63022  -29.958  -24.661  -24.559 0.3000000119
63882  -29.612  -24.066  -24.817 0.3000000119
64758  -28.873  -22.585  -25.361 0.3000000119
65693  -29.398  -21.741  -25.449 0.3000000119
61079  -35.166  -26.862  -24.731 0.3000000119
39455  -24.723  -48.527  -22.383 0.4000000060
40414  -23.897  -47.093  -22.705 0.4000000060
42156  -23.726  -45.309  -22.543 0.4000000060
133042  -23.744  -44.542  -22.501 0.4000000060
37346  -25.827  -50.876  -19.959 0.3000000119
39437  -25.983  -48.346  -21.520 0.4000000060
62025  -34.024  -25.555  -23.636 0.3000000119
63023  -31.836  -24.522  -24.097 0.3000000119
63025  -33.846  -24.449  -24.620 0.3000000119
131340  -32.325  -23.450  -29.487 0.3000000119
64810  -32.786  -22.018  -28.836 0.3000000119
63989  -34.442  -23.030  -33.581 0.3000000119
38389  -24.431  -49.466  -22.494 0.4000000060
46160  -34.229  -41.548  -32.027 0.4000000060
36334  -25.814  -51.532  -28.291 0.3000000119
36335  -26.517  -51.943  -27.883 0.3000000119
37458  -25.015  -51.112  -28.471 0.3000000119
36336  -27.229  -52.376  -27.349 0.3000000119
37326  -26.162  -50.452  -19.360 0.3000000119
38344  -26.573  -49.794  -19.365 0.3000000119
38333  -26.528  -49.513  -18.458 0.3000000119
43011  -22.058  -44.103  -23.712 0.3000000119
41296  -23.829  -46.197  -22.646 0.3000000119
123730  -23.031  -44.656  -23.048 0.3000000119
41297  -24.564  -46.591  -22.298 0.3000000119
44037  -22.280  -42.254  -23.742 0.3000000119
43012  -22.620  -43.481  -23.275 0.3000000119
40431  -23.340  -47.542  -23.280 0.3000000119
42173  -23.195  -45.736  -23.208 0.3000000119
46161  -34.833  -41.649  -32.233 0.3000000119
31215  -34.114  -56.151  -24.282 0.4000000060
31231  -34.377  -56.464  -24.756 0.5000000000
31232  -34.854  -56.067  -24.811 0.4000000060
31249  -35.172  -55.895  -25.422 0.5000000000
32187  -35.191  -54.883  -24.201 0.5000000000
32201  -34.675  -55.631  -24.282 0.4000000060
33187  -35.070  -54.216  -23.768 0.5000000000
33202  -35.583  -54.140  -24.255 0.5000000000
33231  -35.733  -54.424  -26.810 0.6000000238
34160  -33.443  -53.978  -23.429 0.5000000000
34177  -36.279  -53.379  -24.871 0.5000000000
34228  -35.374  -53.181  -28.605 0.5000000000
35182  -36.237  -52.148  -24.186 0.5000000000
35191  -36.329  -52.830  -24.504 0.5000000000
35202  -29.691  -52.647  -25.878 0.5000000000
35217  -26.604  -52.558  -27.968 0.3000000119
36283  -34.216  -52.099  -22.929 0.5000000000
36311  -28.876  -51.809  -25.960 0.5000000000
36314  -36.668  -51.888  -25.489 0.6000000238
36323  -26.929  -51.693  -27.115 0.3000000119
36324  -27.749  -52.023  -26.790 0.3000000119
36326  -29.231  -52.479  -26.202 0.4000000060
36344  -25.623  -51.697  -28.927 0.4000000060
36347  -36.049  -51.958  -28.184 0.6000000238
37352  -26.122  -50.255  -20.889 0.3000000119
37353  -31.725  -50.376  -21.694 0.6000000238
37384  -27.841  -49.979  -23.892 0.6000000238
37386  -29.549  -50.627  -23.575 0.5000000000
37417  -27.353  -50.971  -25.468 0.5000000000
37435  -36.568  -50.750  -26.584 0.6000000238
37446  -25.203  -50.938  -27.789 0.3000000119
37447  -26.048  -51.348  -27.410 0.5000000000
37449  -36.386  -50.819  -27.378 0.6000000238
38332  -25.993  -49.745  -18.269 0.3000000119
38379  -33.700  -49.418  -21.404 0.6000000238
38392  -29.511  -49.462  -22.399 0.6000000238
38427  -26.386  -49.454  -24.777 0.6000000238
38430  -36.343  -49.862  -24.350 0.6999999881
38441  -25.438  -49.521  -25.619 0.5000000000
38458  -24.909  -49.964  -26.312 0.4000000060
38459  -36.056  -49.280  -25.688 0.6999999881
38477  -33.087  -49.210  -29.215 0.6999999881
38478  -34.533  -49.295  -28.721 0.6000000238
39405  -27.036  -49.011  -18.969 0.4000000060
39426  -26.865  -48.974  -19.964 0.4000000060
39440  -29.486  -48.119  -21.387 0.6000000238
39442  -32.605  -48.717  -20.840 0.6999999881
39456  -25.500  -48.695  -21.954 0.3000000119
39474  -26.931  -48.352  -23.666 0.6000000238
39476  -28.093  -48.919  -22.890 0.6000000238
39491  -25.249  -48.167  -24.825 0.5000000000
39506  -25.270  -48.766  -25.207 0.3000000119
39535  -34.472  -48.428  -27.446 0.6999999881
40386  -31.855  -47.320  -20.455 0.6999999881
40388  -33.399  -47.510  -20.689 0.6999999881
40401  -26.365  -47.971  -20.987 0.4000000060
40418  -28.349  -47.678  -22.361 0.6000000238
40432  -26.060  -47.216  -23.921 0.5000000000
41378  -28.012  -47.324  -29.892 0.6999999881
42135  -31.681  -45.578  -20.344 0.6999999881
42219  -31.160  -45.781  -26.791 0.6999999881
42998  -28.446  -44.224  -22.459 0.6000000238
43013  -26.057  -43.918  -23.883 0.5000000000
43015  -27.157  -44.021  -23.221 0.5000000000
43044  -33.586  -45.431  -25.786 0.6999999881
44016  -30.812  -43.172  -21.687 0.6000000238
44022  -23.689  -42.934  -22.279 0.4000000060
44023  -24.225  -43.198  -21.731 0.6000000238
44038  -23.075  -42.741  -23.007 0.4000000060
44040  -27.965  -42.727  -23.310 0.5000000000
44053  -24.465  -43.029  -24.902 0.5000000000
44987  -28.640  -42.725  -18.234 0.3000000119
45030  -24.711  -41.350  -22.360 0.6000000238
45062  -21.892  -41.289  -25.101 0.4000000060
45065  -24.834  -42.151  -24.603 0.5000000000
45068  -37.160  -41.673  -24.428 0.6999999881
45131  -31.376  -42.252  -31.357 0.6000000238
45146  -34.272  -41.958  -32.119 0.3000000119
46039  -26.173  -41.007  -22.237 0.6000000238
46066  -23.087  -40.865  -24.479 0.4000000060
46068  -25.611  -41.005  -23.630 0.5000000000
46089  -22.276  -41.106  -25.163 0.4000000060
46090  -23.925  -40.876  -24.346 0.5000000000
47002  -31.073  -39.939  -20.412 0.6000000238
47020  -25.095  -40.767  -23.373 0.6000000238
47021  -26.955  -40.420  -22.992 0.6000000238
47024  -31.394  -40.103  -23.320 0.8000000119
47027  -35.773  -40.958  -21.967 0.6999999881
47035  -26.282  -40.793  -23.225 0.6000000238
47036  -27.583  -40.151  -23.097 0.6000000238
47134  -34.632  -41.130  -31.958 0.4000000060
47973  -30.714  -39.361  -22.284 0.6999999881
48018  -26.186  -38.834  -27.872 0.8000000119
48034  -26.319  -39.654  -28.673 0.8000000119
48043  -25.900  -39.124  -29.105 0.8000000119
48915  -31.419  -37.934  -28.200 0.8000000119
48917  -33.505  -38.475  -28.076 0.6999999881
48945  -25.318  -38.410  -28.763 0.8000000119
49889  -37.084  -38.214  -25.762 0.6999999881
49926  -34.515  -37.155  -27.287 0.6999999881
50981  -24.827  -37.031  -28.330 0.8000000119
50994  -25.094  -36.739  -28.858 0.8000000119
51958  -34.058  -35.875  -27.060 0.8000000119
51974  -26.213  -35.637  -27.820 0.8000000119
53073  -27.031  -34.561  -27.499 0.8000000119
53091  -25.875  -34.919  -28.182 0.8000000119
54116  -27.173  -33.941  -27.621 0.8000000119
54118  -31.280  -33.022  -27.352 0.8000000119
55194  -35.619  -32.573  -25.266 0.6999999881
59150  -27.642  -28.307  -31.353 0.6000000238
59168  -28.637  -28.335  -32.050 0.5000000000
60224  -28.617  -27.491  -32.261 0.6000000238
61042  -32.976  -26.947  -22.657 0.3000000119
61150  -28.900  -26.558  -31.837 0.5000000000
61161  -28.692  -27.075  -32.263 0.5000000000
114966  -32.816  -42.401  -31.448 0.5000000000
115644  -27.578  -33.504  -30.159 0.6999999881
115954  -29.927  -39.891  -28.525 0.8000000119
116230  -25.625  -33.875  -29.080 0.8000000119
119544  -31.834  -47.905  -28.133 0.6999999881
120788  -32.596  -38.314  -30.112 0.6999999881
121193  -29.764  -44.680  -27.816 0.8000000119
121546  -31.497  -51.303  -22.861 0.5000000000
122804  -35.631  -54.704  -24.782 0.5000000000
123480  -27.091  -39.253  -30.266 0.8999999762
123525  -27.147  -44.940  -23.308 0.5000000000
123592  -30.022  -33.794  -27.289 0.8000000119
124483  -30.965  -43.401  -30.819 0.6999999881
126375  -31.370  -48.913  -21.122 0.6000000238
127194  -37.509  -40.375  -24.884 0.6999999881
128757  -26.894  -39.920  -30.111 0.8000000119
129641  -26.274  -50.219  -20.021 0.3000000119
130779  -26.092  -31.797  -29.418 0.6999999881
130988  -31.876  -43.285  -28.006 0.8999999762
131187  -31.460  -35.494  -27.442 0.8000000119
131274  -28.236  -40.949  -30.735 0.8999999762
132083  -28.813  -52.780  -26.471 0.4000000060
132086  -32.771  -30.188  -26.816 0.6000000238
133418  -32.243  -46.062  -20.383 0.6999999881
133424  -35.221  -48.961  -22.699 0.6000000238
133940  -36.108  -36.749  -20.636 0.6999999881
134101  -37.289  -38.650  -25.513 0.6999999881
134154  -29.775  -46.060  -21.010 0.6000000238
134631  -31.440  -53.859  -23.280 0.4000000060
134768  -37.351  -33.632  -23.610 0.6999999881
134796  -26.463  -46.960  -23.626 0.6000000238
134922  -29.221  -27.924  -23.475 0.3000000119
136473  -30.737  -38.009  -28.178 0.8000000119
136984  -26.646  -42.723  -23.712 0.5000000000
