#!ascii label  , from subject sub-043 vox2ras=TkReg
791
33985  25.645  -46.752  39.872 0.0000000000
50957  44.567  -28.895  26.371 0.0000000000
53706  52.434  -25.352  23.700 0.0000000000
46516  40.524  -33.418  34.427 0.0000000000
32076  30.576  -48.854  33.449 0.0000000000
29290  29.028  -50.406  37.264 0.0000000000
52782  48.785  -26.158  26.980 0.0000000000
111877  48.139  -29.036  29.199 0.0000000000
42929  38.180  -37.525  35.016 0.0000000000
124787  34.303  -45.999  34.275 0.0000000000
63595  51.909  -15.000  20.500 0.0000000000
57476  52.186  -21.113  22.861 0.0000000000
47421  38.682  -32.244  31.046 0.0000000000
50051  44.004  -29.477  32.454 0.0000000000
125411  28.267  -47.607  37.034 0.0000000000
32001  27.768  -48.792  39.135 0.0000000000
51865  46.441  -27.307  26.066 0.0000000000
52744  48.655  -27.105  28.561 0.0000000000
51822  46.233  -27.924  29.111 0.0000000000
118998  39.933  -41.084  34.176 0.0000000000
31123  32.251  -50.471  34.799 0.0000000000
33036  33.264  -48.193  33.467 0.0000000000
30205  33.560  -49.638  33.839 0.0000000000
63576  52.405  -14.910  22.448 0.0000000000
61930  52.323  -16.977  20.899 0.0000000000
61903  52.570  -16.961  22.698 0.0000000000
55555  51.119  -23.297  24.734 0.0000000000
113986  51.078  -22.291  22.739 0.0000000000
56498  52.414  -22.589  23.421 0.0000000000
55580  53.656  -22.630  20.853 0.0000000000
117303  53.617  -25.208  20.896 0.0000000000
44796  39.329  -35.263  35.499 0.0000000000
45705  38.583  -34.621  33.014 0.0000000000
47366  39.606  -32.073  34.539 0.0000000000
118597  39.882  -30.805  32.056 0.0000000000
49150  42.523  -30.419  35.108 0.0000000000
128847  44.913  -30.525  32.763 0.0000000000
47404  42.785  -32.327  32.322 0.0000000000
32033  30.150  -49.651  36.486 0.0000000000
54597  49.154  -24.775  24.450 0.0000000000
54573  51.379  -24.884  26.766 0.0000000000
51857  50.719  -27.016  26.826 0.0000000000
50128  49.048  -29.468  26.497 0.0000000000
39029  35.598  -42.136  35.912 0.0000000000
41015  37.993  -39.669  36.595 0.0000000000
41984  39.629  -38.315  35.341 0.0000000000
42935  41.238  -37.286  33.897 0.0000000000
44832  42.205  -35.515  31.204 0.0000000000
37031  33.979  -44.099  34.134 0.0000000000
36068  35.436  -43.944  34.762 0.0000000000
62757  50.867  -14.956  18.152 0.0000000000
125722  51.309  -18.442  21.741 0.0000000000
59350  53.077  -19.134  22.163 0.0000000000
57527  53.483  -21.609  19.471 0.0000000000
50934  43.957  -29.205  28.957 0.0000000000
50896  46.323  -29.509  31.343 0.0000000000
48342  47.173  -31.045  30.178 0.0000000000
31989  25.859  -48.540  40.269 0.0000000000
32978  26.733  -47.655  39.808 0.0000000000
31083  26.728  -49.243  39.119 0.0000000000
51859  45.921  -27.851  26.542 0.0000000000
51843  46.713  -27.385  27.883 0.0000000000
129478  45.561  -28.116  27.865 0.0000000000
31122  32.985  -50.076  34.211 0.0000000000
62728  50.866  -15.477  21.781 0.0000000000
62720  52.428  -15.764  22.809 0.0000000000
61909  51.845  -16.290  22.878 0.0000000000
54586  51.918  -24.573  25.280 0.0000000000
56481  52.034  -22.846  24.188 0.0000000000
54594  52.491  -24.623  23.754 0.0000000000
119782  53.139  -24.160  22.089 0.0000000000
126405  39.968  -34.156  35.326 0.0000000000
46498  39.514  -33.544  35.271 0.0000000000
47346  40.449  -32.279  34.496 0.0000000000
48272  40.722  -31.426  34.382 0.0000000000
47345  41.729  -31.526  34.299 0.0000000000
47363  43.021  -31.527  34.063 0.0000000000
47387  41.324  -32.547  33.017 0.0000000000
32034  29.090  -48.333  36.278 0.0000000000
31106  29.763  -49.649  37.213 0.0000000000
127693  30.571  -50.648  35.860 0.0000000000
52788  47.429  -26.282  25.036 0.0000000000
53699  47.876  -25.738  24.509 0.0000000000
53690  48.776  -25.422  25.782 0.0000000000
123144  49.902  -24.528  25.819 0.0000000000
53676  50.012  -25.398  26.776 0.0000000000
52764  51.604  -26.249  27.057 0.0000000000
53645  50.628  -26.030  27.301 0.0000000000
128791  48.541  -27.840  28.720 0.0000000000
127896  49.308  -27.587  27.863 0.0000000000
50100  48.303  -28.957  28.655 0.0000000000
49246  48.693  -30.424  26.562 0.0000000000
50113  48.054  -29.964  27.886 0.0000000000
127674  36.574  -42.829  36.847 0.0000000000
39973  36.665  -41.058  36.855 0.0000000000
39028  37.697  -41.490  36.692 0.0000000000
39994  39.835  -39.980  34.850 0.0000000000
41997  40.790  -37.588  34.527 0.0000000000
34039  33.825  -47.076  33.762 0.0000000000
35093  33.446  -45.468  33.606 0.0000000000
36099  33.901  -44.770  34.551 0.0000000000
37008  34.498  -43.960  34.871 0.0000000000
125774  34.920  -45.642  34.690 0.0000000000
64441  52.267  -13.612  21.366 0.0000000000
63610  51.588  -14.656  19.736 0.0000000000
61096  53.879  -18.191  19.944 0.0000000000
57477  51.801  -21.778  23.190 0.0000000000
57501  50.914  -21.448  21.415 0.0000000000
58441  51.565  -20.684  22.130 0.0000000000
58448  51.299  -19.749  21.627 0.0000000000
59351  51.858  -19.696  22.525 0.0000000000
124864  52.432  -18.987  22.657 0.0000000000
115275  52.682  -19.551  22.452 0.0000000000
55599  53.502  -23.503  20.242 0.0000000000
57517  53.876  -21.551  20.164 0.0000000000
42012  36.945  -38.655  34.749 0.0000000000
42948  37.943  -37.661  33.437 0.0000000000
128414  38.737  -33.826  32.415 0.0000000000
45710  38.502  -34.706  31.302 0.0000000000
108086  41.565  -30.044  32.382 0.0000000000
110116  41.039  -30.365  30.830 0.0000000000
50076  42.677  -29.900  30.589 0.0000000000
50101  43.160  -29.683  29.262 0.0000000000
50075  43.560  -29.513  30.759 0.0000000000
50911  45.154  -28.770  30.679 0.0000000000
50050  44.822  -29.414  32.334 0.0000000000
129025  45.549  -31.778  31.585 0.0000000000
47399  46.287  -30.895  31.220 0.0000000000
46554  46.580  -32.198  30.062 0.0000000000
47426  47.143  -32.256  28.811 0.0000000000
32986  28.138  -47.709  37.689 0.0000000000
31097  28.612  -49.675  38.265 0.0000000000
29301  27.993  -49.864  36.684 0.0000000000
30174  27.542  -49.965  38.570 0.0000000000
52783  47.944  -26.425  27.026 0.0000000000
125569  49.268  -26.530  27.819 0.0000000000
52767  48.062  -26.666  28.097 0.0000000000
51828  47.617  -27.293  29.018 0.0000000000
51808  47.628  -28.408  29.605 0.0000000000
31138  31.244  -49.656  34.706 0.0000000000
32091  31.716  -48.376  32.741 0.0000000000
32060  32.972  -49.188  33.936 0.0000000000
32059  33.785  -48.892  34.022 0.0000000000
118957  34.577  -48.101  34.055 0.0000000000
33018  35.064  -46.935  34.613 0.0000000000
32058  34.474  -48.386  34.142 0.0000000000
63582  52.511  -14.409  21.774 0.0000000000
62740  52.681  -15.529  21.824 0.0000000000
62727  52.680  -15.502  22.363 0.0000000000
125304  52.631  -16.300  22.192 0.0000000000
61080  53.106  -18.613  21.729 0.0000000000
55568  50.103  -23.406  23.569 0.0000000000
55574  50.594  -22.826  23.164 0.0000000000
56500  51.932  -22.339  23.662 0.0000000000
56499  52.141  -22.064  23.382 0.0000000000
57488  53.118  -21.254  22.139 0.0000000000
126788  53.168  -22.631  21.837 0.0000000000
55590  53.644  -23.739  20.859 0.0000000000
43870  38.802  -36.505  35.121 0.0000000000
44820  38.347  -36.004  34.218 0.0000000000
45695  38.668  -34.650  34.987 0.0000000000
46531  38.837  -33.442  33.932 0.0000000000
47406  39.041  -32.310  32.770 0.0000000000
49206  39.231  -31.332  31.535 0.0000000000
49166  39.827  -30.938  33.723 0.0000000000
49164  41.571  -30.444  34.277 0.0000000000
50035  42.783  -29.846  34.119 0.0000000000
49163  44.777  -30.062  33.999 0.0000000000
48286  44.075  -30.708  34.377 0.0000000000
47384  44.473  -31.847  32.838 0.0000000000
109687  44.953  -32.976  30.740 0.0000000000
34026  28.384  -47.548  35.246 0.0000000000
33037  28.905  -48.003  34.888 0.0000000000
32062  30.407  -49.105  34.389 0.0000000000
31124  31.374  -50.155  35.250 0.0000000000
29311  31.808  -51.252  35.153 0.0000000000
54588  49.978  -24.299  24.997 0.0000000000
55526  51.192  -24.432  25.989 0.0000000000
53688  52.126  -25.347  25.385 0.0000000000
52780  51.828  -26.005  26.033 0.0000000000
51863  51.050  -26.900  25.204 0.0000000000
50964  50.740  -28.278  24.592 0.0000000000
51841  49.651  -27.019  27.718 0.0000000000
50955  49.520  -28.528  26.333 0.0000000000
39066  35.261  -41.237  33.610 0.0000000000
40008  35.736  -40.546  34.805 0.0000000000
41029  36.876  -39.563  36.080 0.0000000000
41986  37.958  -38.830  36.189 0.0000000000
39040  39.279  -41.354  35.588 0.0000000000
41028  38.478  -39.303  36.367 0.0000000000
42913  38.647  -38.350  35.632 0.0000000000
111007  39.764  -37.134  35.061 0.0000000000
110791  40.287  -36.380  34.745 0.0000000000
44810  40.709  -35.635  33.807 0.0000000000
45704  41.227  -34.897  32.229 0.0000000000
107299  41.749  -36.136  32.529 0.0000000000
119216  35.092  -42.831  35.303 0.0000000000
36996  35.807  -42.702  35.820 0.0000000000
36067  36.379  -43.301  35.403 0.0000000000
34022  35.486  -45.894  34.397 0.0000000000
35064  36.390  -44.669  34.176 0.0000000000
64483  51.527  -13.697  17.477 0.0000000000
61082  50.618  -17.446  21.364 0.0000000000
117008  51.989  -17.967  22.520 0.0000000000
61065  52.926  -18.334  22.305 0.0000000000
110728  53.646  -19.314  20.714 0.0000000000
57500  53.640  -21.089  21.342 0.0000000000
115060  54.088  -20.899  20.146 0.0000000000
120692  53.951  -20.108  19.643 0.0000000000
44827  38.331  -36.270  32.262 0.0000000000
50114  42.739  -29.858  27.819 0.0000000000
120792  44.195  -28.958  28.166 0.0000000000
109236  45.530  -28.291  29.454 0.0000000000
51810  46.388  -28.572  30.472 0.0000000000
50895  47.070  -28.947  30.525 0.0000000000
49183  45.666  -29.985  32.369 0.0000000000
49202  46.725  -29.956  31.096 0.0000000000
49229  47.436  -30.071  29.835 0.0000000000
48347  47.374  -31.362  28.742 0.0000000000
47415  41.635  -33.271  31.366 0.0000000000
46557  43.728  -33.485  30.032 0.0000000000
33973  26.018  -47.396  40.207 0.0000000000
32969  25.380  -47.916  40.562 0.0000000000
33974  25.236  -47.226  40.556 0.0000000000
32968  26.317  -48.010  40.242 0.0000000000
50956  45.300  -28.413  26.041 0.0000000000
50944  45.217  -28.334  27.076 0.0000000000
61910  51.240  -16.123  22.214 0.0000000000
53696  52.323  -24.910  24.614 0.0000000000
54595  52.301  -24.037  24.482 0.0000000000
122887  52.749  -25.082  23.101 0.0000000000
120444  52.837  -25.590  22.751 0.0000000000
45694  40.220  -34.337  34.943 0.0000000000
121776  40.159  -33.350  34.958 0.0000000000
47365  40.876  -32.335  34.244 0.0000000000
119394  41.134  -32.407  33.993 0.0000000000
46530  40.741  -33.540  33.595 0.0000000000
31096  29.312  -49.670  37.785 0.0000000000
30185  29.545  -50.566  37.063 0.0000000000
29299  29.361  -50.865  36.609 0.0000000000
53678  48.315  -25.952  26.262 0.0000000000
53691  48.093  -25.868  25.402 0.0000000000
53677  49.157  -25.680  26.525 0.0000000000
53689  49.534  -25.083  26.104 0.0000000000
53675  50.570  -25.626  27.217 0.0000000000
53659  49.593  -26.025  27.249 0.0000000000
50918  48.086  -28.371  29.259 0.0000000000
50931  48.452  -28.284  28.767 0.0000000000
108260  47.760  -29.726  29.190 0.0000000000
38017  37.134  -42.886  36.550 0.0000000000
38006  36.973  -42.124  36.953 0.0000000000
37003  37.857  -43.123  36.169 0.0000000000
34038  34.216  -46.859  34.024 0.0000000000
35094  33.516  -46.200  33.558 0.0000000000
35082  33.982  -46.077  34.136 0.0000000000
35081  33.764  -45.454  34.157 0.0000000000
35067  34.192  -45.338  34.573 0.0000000000
35051  34.556  -44.935  34.866 0.0000000000
35066  34.592  -45.666  34.570 0.0000000000
64440  52.481  -13.663  21.214 0.0000000000
65334  52.370  -12.935  20.874 0.0000000000
63609  52.466  -13.897  20.723 0.0000000000
57489  51.935  -21.122  22.840 0.0000000000
58435  52.185  -20.412  22.750 0.0000000000
59345  52.062  -19.694  22.732 0.0000000000
58434  52.339  -20.188  22.615 0.0000000000
55600  53.347  -24.058  19.870 0.0000000000
56556  53.229  -23.108  19.603 0.0000000000
42937  37.609  -38.164  34.921 0.0000000000
42936  38.045  -37.595  34.397 0.0000000000
46550  38.791  -33.197  31.528 0.0000000000
46559  38.498  -33.091  30.712 0.0000000000
116132  42.427  -29.809  32.315 0.0000000000
50066  41.945  -29.992  31.356 0.0000000000
50065  43.160  -29.691  31.719 0.0000000000
123804  44.206  -29.277  31.628 0.0000000000
46545  45.767  -32.653  30.724 0.0000000000
46544  46.199  -32.136  30.674 0.0000000000
46555  46.139  -32.899  29.803 0.0000000000
115588  46.574  -32.758  29.363 0.0000000000
32977  27.219  -47.977  39.081 0.0000000000
32987  27.500  -47.550  38.264 0.0000000000
32976  28.049  -48.192  38.521 0.0000000000
32014  28.441  -49.027  38.738 0.0000000000
31081  28.078  -49.737  39.075 0.0000000000
30173  28.140  -50.035  38.664 0.0000000000
30160  27.506  -49.978  39.068 0.0000000000
51872  46.374  -27.376  25.112 0.0000000000
52789  46.955  -26.791  25.565 0.0000000000
52784  47.080  -26.814  26.507 0.0000000000
52768  47.274  -26.908  27.493 0.0000000000
51829  46.899  -27.469  28.777 0.0000000000
51842  47.460  -27.029  28.418 0.0000000000
51820  47.660  -27.770  29.340 0.0000000000
51821  47.023  -27.865  29.532 0.0000000000
31137  32.186  -49.885  34.545 0.0000000000
31148  31.832  -49.461  33.907 0.0000000000
31136  33.083  -49.741  34.151 0.0000000000
117525  33.853  -48.980  33.981 0.0000000000
33020  34.126  -47.895  33.921 0.0000000000
32043  34.265  -48.617  34.008 0.0000000000
32042  34.938  -47.926  34.492 0.0000000000
63584  51.482  -14.448  21.982 0.0000000000
63583  52.277  -14.277  21.940 0.0000000000
125686  52.728  -14.787  22.232 0.0000000000
117114  52.868  -14.886  22.211 0.0000000000
63575  52.700  -15.179  22.429 0.0000000000
62716  52.463  -16.385  22.821 0.0000000000
62719  52.495  -15.897  22.635 0.0000000000
61908  52.540  -16.777  22.744 0.0000000000
61081  52.677  -17.649  21.856 0.0000000000
61902  52.691  -17.659  22.856 0.0000000000
55556  50.325  -23.556  24.430 0.0000000000
55567  50.742  -22.889  24.076 0.0000000000
56515  52.940  -22.136  22.398 0.0000000000
55565  52.886  -23.072  22.385 0.0000000000
54611  53.495  -24.913  21.465 0.0000000000
125778  53.528  -24.169  21.260 0.0000000000
54619  53.670  -24.537  20.988 0.0000000000
116003  53.545  -24.405  20.290 0.0000000000
54627  53.508  -25.176  20.408 0.0000000000
43869  39.214  -36.305  35.190 0.0000000000
123123  38.991  -35.336  35.497 0.0000000000
45665  39.196  -34.552  35.696 0.0000000000
47347  39.617  -32.806  34.870 0.0000000000
47348  39.170  -33.216  35.056 0.0000000000
47367  39.046  -32.870  34.473 0.0000000000
47388  38.949  -32.533  33.649 0.0000000000
48291  39.172  -31.992  34.124 0.0000000000
48308  39.148  -31.748  33.328 0.0000000000
48290  39.630  -31.441  34.193 0.0000000000
49135  41.532  -30.902  34.751 0.0000000000
49152  41.157  -30.867  34.420 0.0000000000
49151  41.854  -30.485  35.054 0.0000000000
50036  42.021  -30.096  33.973 0.0000000000
50023  42.239  -29.996  34.961 0.0000000000
50021  43.774  -30.168  34.537 0.0000000000
49149  43.246  -30.523  35.029 0.0000000000
47386  42.458  -32.121  33.237 0.0000000000
47385  43.606  -32.014  33.274 0.0000000000
47403  43.815  -32.246  32.207 0.0000000000
47402  44.759  -32.276  31.837 0.0000000000
46546  43.830  -32.721  31.103 0.0000000000
34012  27.950  -47.419  36.491 0.0000000000
34027  27.871  -47.330  35.574 0.0000000000
34011  28.276  -47.645  35.946 0.0000000000
113774  29.846  -48.946  36.032 0.0000000000
32045  29.350  -48.428  35.447 0.0000000000
32063  29.593  -48.525  34.571 0.0000000000
32044  29.940  -48.938  35.176 0.0000000000
31125  30.491  -49.573  35.456 0.0000000000
53708  48.363  -25.153  24.007 0.0000000000
54606  49.011  -24.691  23.498 0.0000000000
54574  50.939  -24.671  26.637 0.0000000000
54587  50.593  -24.221  25.847 0.0000000000
55525  51.498  -24.809  25.991 0.0000000000
54572  51.628  -25.139  26.686 0.0000000000
114723  51.839  -25.693  25.858 0.0000000000
53674  51.773  -25.600  26.435 0.0000000000
51856  51.309  -26.547  27.021 0.0000000000
52781  51.546  -26.298  26.532 0.0000000000
111794  51.130  -26.721  26.519 0.0000000000
51864  50.458  -27.473  25.691 0.0000000000
52755  48.632  -26.780  28.352 0.0000000000
51827  49.225  -26.780  27.980 0.0000000000
50943  49.223  -28.361  27.390 0.0000000000
50143  49.698  -29.756  25.655 0.0000000000
39042  35.040  -41.972  35.071 0.0000000000
39055  35.345  -41.247  34.494 0.0000000000
39041  35.590  -41.305  35.439 0.0000000000
116280  37.386  -40.367  36.715 0.0000000000
39985  36.559  -40.450  36.246 0.0000000000
41016  37.144  -40.064  36.523 0.0000000000
41987  37.352  -38.875  35.950 0.0000000000
41972  37.944  -39.092  36.464 0.0000000000
127505  38.940  -41.916  35.671 0.0000000000
39039  39.792  -41.280  34.972 0.0000000000
41042  39.649  -39.056  35.104 0.0000000000
39982  39.432  -39.866  35.617 0.0000000000
110706  39.279  -38.980  35.963 0.0000000000
123514  38.549  -38.731  36.068 0.0000000000
41985  39.329  -38.215  35.574 0.0000000000
42921  39.375  -37.633  35.331 0.0000000000
42920  39.687  -37.705  35.176 0.0000000000
129348  41.134  -37.694  34.309 0.0000000000
43876  40.467  -36.904  34.649 0.0000000000
43883  40.712  -36.397  34.258 0.0000000000
44803  40.332  -35.523  34.651 0.0000000000
128558  40.968  -36.213  33.521 0.0000000000
43888  41.316  -36.700  33.118 0.0000000000
32074  32.273  -48.778  33.327 0.0000000000
33065  31.936  -47.840  32.363 0.0000000000
32090  32.548  -48.028  32.793 0.0000000000
124769  34.110  -43.810  33.186 0.0000000000
37062  34.462  -43.324  32.577 0.0000000000
37046  34.527  -43.218  33.681 0.0000000000
38041  34.851  -42.443  33.662 0.0000000000
37030  34.535  -43.481  34.678 0.0000000000
36069  35.138  -44.220  34.835 0.0000000000
37007  35.120  -43.503  35.084 0.0000000000
37006  35.683  -43.284  35.316 0.0000000000
36054  36.204  -43.036  35.802 0.0000000000
35048  35.827  -43.990  34.596 0.0000000000
33017  35.116  -46.712  34.467 0.0000000000
35063  37.020  -44.356  34.009 0.0000000000
63619  51.313  -14.373  18.808 0.0000000000
63626  51.107  -14.370  17.902 0.0000000000
62765  50.773  -15.049  17.530 0.0000000000
113947  50.564  -22.780  22.345 0.0000000000
56517  50.214  -22.947  21.777 0.0000000000
56516  50.723  -22.306  21.706 0.0000000000
60209  51.575  -18.926  22.036 0.0000000000
60210  50.949  -18.861  21.288 0.0000000000
61098  50.403  -18.177  20.838 0.0000000000
113097  50.992  -17.999  21.599 0.0000000000
61073  51.933  -17.122  22.857 0.0000000000
60202  51.667  -18.029  22.221 0.0000000000
59343  52.808  -19.074  22.444 0.0000000000
60194  52.791  -18.722  22.418 0.0000000000
60193  52.886  -18.871  22.401 0.0000000000
60200  53.056  -18.895  22.278 0.0000000000
59356  53.316  -19.507  21.668 0.0000000000
56531  53.483  -22.068  21.435 0.0000000000
56530  53.776  -21.655  20.747 0.0000000000
57518  53.783  -21.745  19.924 0.0000000000
57508  53.904  -21.375  20.369 0.0000000000
119881  53.963  -21.007  19.858 0.0000000000
58461  54.129  -20.405  19.943 0.0000000000
58473  53.441  -20.767  19.289 0.0000000000
44819  38.430  -35.316  33.625 0.0000000000
115707  38.344  -36.148  33.250 0.0000000000
121007  38.423  -35.431  32.655 0.0000000000
49186  39.494  -31.151  32.194 0.0000000000
49219  40.974  -30.360  29.913 0.0000000000
124054  43.260  -29.630  28.430 0.0000000000
50946  43.574  -29.427  27.656 0.0000000000
50933  44.810  -28.612  28.842 0.0000000000
50920  44.743  -28.742  29.859 0.0000000000
50910  45.801  -28.841  30.895 0.0000000000
50919  45.643  -28.476  30.255 0.0000000000
50909  46.471  -29.053  30.912 0.0000000000
120618  46.973  -28.763  30.510 0.0000000000
111178  46.688  -29.154  30.925 0.0000000000
50033  44.964  -30.243  32.862 0.0000000000
48305  45.394  -30.301  32.582 0.0000000000
48334  46.787  -30.956  30.664 0.0000000000
111913  46.630  -30.446  31.035 0.0000000000
49218  47.008  -30.426  30.627 0.0000000000
49201  47.192  -29.765  30.471 0.0000000000
125215  47.303  -30.499  30.127 0.0000000000
115666  47.456  -30.581  29.446 0.0000000000
123192  47.302  -31.158  29.606 0.0000000000
47433  47.455  -32.812  28.134 0.0000000000
46549  41.372  -33.961  31.457 0.0000000000
45703  41.735  -34.985  31.524 0.0000000000
33983  26.884  -47.317  38.926 0.0000000000
32002  27.026  -48.577  39.538 0.0000000000
31082  27.264  -49.224  39.185 0.0000000000
31988  26.552  -48.599  40.083 0.0000000000
31071  26.214  -49.142  40.033 0.0000000000
51866  45.864  -27.900  25.601 0.0000000000
51858  46.528  -27.294  26.981 0.0000000000
51844  46.022  -27.814  27.419 0.0000000000
51830  46.148  -27.803  28.269 0.0000000000
29325  32.402  -51.276  34.758 0.0000000000
114536  32.508  -50.787  34.696 0.0000000000
30206  32.877  -50.592  34.187 0.0000000000
30220  33.368  -50.477  33.752 0.0000000000
62721  51.787  -15.418  22.538 0.0000000000
61904  52.194  -16.678  23.148 0.0000000000
55543  51.542  -24.145  25.271 0.0000000000
55554  51.672  -23.392  24.737 0.0000000000
55553  51.905  -23.638  24.717 0.0000000000
55566  52.240  -23.250  24.234 0.0000000000
54604  52.639  -23.722  23.422 0.0000000000
54603  52.847  -24.567  22.937 0.0000000000
113268  53.151  -25.042  22.341 0.0000000000
45664  39.572  -34.534  35.563 0.0000000000
46479  39.741  -33.799  35.373 0.0000000000
47332  39.935  -33.031  35.033 0.0000000000
48259  40.051  -32.183  34.673 0.0000000000
110545  40.015  -31.557  34.492 0.0000000000
48271  41.470  -31.429  34.457 0.0000000000
48270  42.196  -31.359  35.050 0.0000000000
48288  42.562  -31.477  34.874 0.0000000000
47364  41.952  -31.666  33.937 0.0000000000
125961  41.929  -32.498  32.333 0.0000000000
33006  28.476  -47.807  36.474 0.0000000000
32024  29.139  -49.077  37.612 0.0000000000
116797  29.377  -49.039  36.799 0.0000000000
31113  30.617  -50.274  35.855 0.0000000000
111842  30.245  -50.252  36.693 0.0000000000
53698  48.601  -25.348  24.912 0.0000000000
54589  49.307  -24.910  25.367 0.0000000000
54575  50.274  -24.781  26.378 0.0000000000
54556  51.196  -25.092  27.163 0.0000000000
54555  51.530  -25.261  27.130 0.0000000000
53658  51.172  -25.643  27.293 0.0000000000
52765  51.127  -26.254  27.215 0.0000000000
51840  50.557  -26.710  27.208 0.0000000000
51818  48.780  -27.330  28.503 0.0000000000
110370  49.187  -27.573  28.111 0.0000000000
50930  48.808  -28.217  28.200 0.0000000000
50112  48.613  -29.183  27.558 0.0000000000
49247  48.083  -31.023  27.070 0.0000000000
38018  35.759  -42.301  36.782 0.0000000000
118702  36.034  -41.445  36.443 0.0000000000
39016  36.513  -41.733  37.036 0.0000000000
39972  37.138  -41.223  37.003 0.0000000000
39971  37.804  -40.615  36.723 0.0000000000
39054  40.005  -40.986  34.429 0.0000000000
41041  40.017  -39.078  34.366 0.0000000000
41998  40.426  -37.850  34.672 0.0000000000
117246  40.537  -38.369  34.397 0.0000000000
114610  40.980  -38.114  34.360 0.0000000000
34050  33.276  -47.320  32.965 0.0000000000
35104  33.148  -45.763  32.981 0.0000000000
35103  33.348  -45.133  33.148 0.0000000000
120118  33.617  -44.897  33.884 0.0000000000
37019  34.042  -43.983  34.565 0.0000000000
36086  33.825  -44.443  34.758 0.0000000000
35049  35.155  -45.203  34.961 0.0000000000
64467  52.369  -13.439  19.743 0.0000000000
62756  51.079  -15.294  18.809 0.0000000000
61097  52.799  -17.786  20.853 0.0000000000
57490  51.416  -21.641  22.326 0.0000000000
58449  50.898  -20.572  21.086 0.0000000000
60201  51.946  -18.918  22.588 0.0000000000
59344  52.591  -19.311  22.535 0.0000000000
58440  53.070  -19.860  22.163 0.0000000000
55598  53.559  -23.029  20.559 0.0000000000
56542  53.706  -22.077  20.453 0.0000000000
56555  53.604  -22.446  20.138 0.0000000000
116402  53.469  -22.244  19.665 0.0000000000
125063  36.717  -38.794  34.053 0.0000000000
123707  38.512  -34.700  32.134 0.0000000000
128620  38.578  -34.076  31.684 0.0000000000
109423  40.623  -30.491  32.434 0.0000000000
49204  40.328  -30.576  31.461 0.0000000000
49203  41.108  -30.321  31.667 0.0000000000
50077  41.813  -30.229  30.239 0.0000000000
50089  41.704  -30.313  29.328 0.0000000000
50088  42.485  -30.067  29.658 0.0000000000
50087  43.140  -29.769  30.015 0.0000000000
50921  43.792  -29.276  29.929 0.0000000000
50912  44.424  -29.028  30.748 0.0000000000
50898  45.036  -28.972  31.414 0.0000000000
50885  45.427  -29.435  32.025 0.0000000000
48324  45.320  -30.875  32.297 0.0000000000
48323  45.826  -30.537  31.844 0.0000000000
47400  45.734  -31.309  31.614 0.0000000000
47412  46.495  -31.526  30.675 0.0000000000
47420  46.919  -31.587  30.140 0.0000000000
48348  47.129  -31.623  29.549 0.0000000000
115282  46.889  -32.211  29.424 0.0000000000
32996  27.857  -47.281  37.234 0.0000000000
33993  27.656  -47.247  37.731 0.0000000000
32985  28.628  -48.505  38.044 0.0000000000
32013  28.946  -49.138  38.199 0.0000000000
111651  28.695  -50.035  37.930 0.0000000000
29300  28.871  -50.580  36.704 0.0000000000
29291  28.302  -49.741  37.491 0.0000000000
29292  27.274  -49.416  37.461 0.0000000000
124998  27.062  -49.853  38.804 0.0000000000
112344  47.568  -26.283  25.981 0.0000000000
52766  48.777  -26.431  27.750 0.0000000000
52756  48.059  -26.902  28.717 0.0000000000
52745  47.969  -27.135  29.022 0.0000000000
51819  48.244  -27.690  28.976 0.0000000000
50907  47.536  -28.899  30.002 0.0000000000
113454  38.111  -42.818  35.446 0.0000000000
32061  31.047  -49.373  33.859 0.0000000000
32092  30.859  -48.511  32.754 0.0000000000
32075  31.353  -48.915  33.310 0.0000000000
33035  33.855  -48.063  33.944 0.0000000000
34025  34.576  -46.587  34.183 0.0000000000
34024  34.962  -46.335  34.458 0.0000000000
33019  34.816  -47.297  34.281 0.0000000000
125220  34.696  -48.354  33.848 0.0000000000
63594  52.630  -14.590  21.503 0.0000000000
61917  52.567  -16.588  21.859 0.0000000000
114540  53.107  -18.362  21.010 0.0000000000
111045  53.477  -18.804  20.742 0.0000000000
55575  50.084  -23.417  22.479 0.0000000000
56482  51.571  -22.822  24.252 0.0000000000
56501  51.303  -22.487  23.550 0.0000000000
125244  52.054  -21.689  23.233 0.0000000000
57475  52.197  -21.182  22.856 0.0000000000
57474  52.452  -21.552  22.837 0.0000000000
55581  53.400  -23.246  21.400 0.0000000000
128902  53.597  -23.864  20.578 0.0000000000
43878  38.578  -36.615  34.993 0.0000000000
43884  38.356  -36.712  34.676 0.0000000000
43877  38.847  -35.807  35.147 0.0000000000
44811  38.535  -35.258  34.565 0.0000000000
45699  38.631  -34.431  34.061 0.0000000000
46499  39.120  -33.925  35.530 0.0000000000
46517  38.820  -33.798  34.962 0.0000000000
46539  38.830  -33.150  33.062 0.0000000000
114818  39.025  -32.949  32.259 0.0000000000
47416  39.181  -32.295  31.795 0.0000000000
48335  38.992  -31.573  31.301 0.0000000000
48325  39.358  -31.605  32.265 0.0000000000
48307  39.458  -31.263  33.078 0.0000000000
49185  39.871  -30.861  32.827 0.0000000000
48289  40.262  -31.053  34.280 0.0000000000
49165  40.689  -30.648  33.969 0.0000000000
119395  40.417  -30.613  33.302 0.0000000000
49184  41.258  -30.207  33.395 0.0000000000
50053  42.176  -29.755  33.241 0.0000000000
50052  43.284  -29.634  33.090 0.0000000000
123965  44.425  -29.751  33.227 0.0000000000
50034  43.793  -29.812  34.201 0.0000000000
114198  44.882  -30.534  33.679 0.0000000000
48287  43.348  -31.218  34.813 0.0000000000
123098  44.258  -31.411  33.981 0.0000000000
48306  44.644  -30.961  32.813 0.0000000000
47401  45.197  -31.663  32.104 0.0000000000
46537  45.431  -32.256  31.447 0.0000000000
115919  29.509  -48.259  33.167 0.0000000000
33021  28.711  -47.933  35.734 0.0000000000
33050  29.170  -47.999  33.930 0.0000000000
32077  29.890  -48.556  33.706 0.0000000000
30207  31.412  -50.765  35.382 0.0000000000
122375  32.154  -50.998  35.096 0.0000000000
54596  49.623  -24.079  23.999 0.0000000000
55545  50.705  -23.826  25.085 0.0000000000
55544  51.194  -23.870  25.262 0.0000000000
53697  52.257  -25.725  24.569 0.0000000000
52787  52.062  -26.095  25.102 0.0000000000
51870  51.723  -26.669  24.438 0.0000000000
52763  51.853  -25.972  26.835 0.0000000000
51862  51.742  -26.222  25.592 0.0000000000
52754  49.877  -26.277  27.361 0.0000000000
52753  50.140  -26.459  27.316 0.0000000000
50942  49.831  -27.415  27.181 0.0000000000
50954  49.999  -27.715  26.267 0.0000000000
115156  35.534  -40.716  33.179 0.0000000000
41055  35.931  -39.872  34.211 0.0000000000
39996  35.998  -40.531  35.680 0.0000000000
41030  36.414  -39.881  35.723 0.0000000000
41054  36.432  -39.264  34.526 0.0000000000
41043  36.733  -39.194  35.413 0.0000000000
42000  37.270  -38.602  35.429 0.0000000000
42924  37.883  -38.341  35.530 0.0000000000
38015  38.482  -42.393  36.075 0.0000000000
39026  38.833  -41.595  36.189 0.0000000000
39984  38.414  -40.162  36.471 0.0000000000
39995  39.628  -40.694  35.310 0.0000000000
41027  38.918  -39.784  36.168 0.0000000000
124993  38.102  -38.974  36.416 0.0000000000
42923  38.348  -38.445  35.696 0.0000000000
43871  38.448  -37.517  35.194 0.0000000000
42922  38.907  -37.414  35.312 0.0000000000
122102  39.493  -36.984  35.199 0.0000000000
124839  39.659  -36.269  35.104 0.0000000000
42919  39.952  -37.401  34.902 0.0000000000
43868  40.015  -36.796  34.905 0.0000000000
44804  39.954  -35.936  35.003 0.0000000000
45681  39.965  -34.993  35.175 0.0000000000
45693  40.522  -34.559  34.181 0.0000000000
45698  40.727  -34.776  33.149 0.0000000000
44818  41.181  -35.816  32.898 0.0000000000
44825  41.865  -35.798  32.178 0.0000000000
43895  41.831  -36.694  32.275 0.0000000000
33066  31.230  -48.022  32.201 0.0000000000
34062  32.445  -47.312  32.375 0.0000000000
39067  34.986  -41.849  33.211 0.0000000000
39056  34.994  -41.873  34.105 0.0000000000
37018  34.852  -43.608  34.983 0.0000000000
114901  35.273  -43.139  35.314 0.0000000000
38019  35.832  -42.653  36.101 0.0000000000
36994  35.963  -43.160  36.906 0.0000000000
37005  36.576  -43.266  36.202 0.0000000000
37004  37.163  -43.452  36.042 0.0000000000
34023  35.211  -45.987  34.584 0.0000000000
35065  35.530  -45.071  34.589 0.0000000000
34021  36.125  -45.654  33.812 0.0000000000
127182  35.851  -45.134  34.371 0.0000000000
36085  36.071  -43.999  34.511 0.0000000000
35001  25.007  -46.654  40.210 0.0000000000
63632  51.020  -14.585  16.987 0.0000000000
61074  51.245  -17.066  22.137 0.0000000000
61067  52.409  -17.260  22.671 0.0000000000
60195  52.478  -18.256  22.471 0.0000000000
61066  52.662  -17.788  22.259 0.0000000000
61072  52.949  -18.341  22.352 0.0000000000
60208  53.329  -19.077  21.482 0.0000000000
60217  54.101  -19.477  20.085 0.0000000000
58433  52.638  -20.480  22.485 0.0000000000
119367  53.208  -20.535  21.971 0.0000000000
58447  53.519  -20.275  21.420 0.0000000000
58446  53.973  -20.797  20.636 0.0000000000
59362  53.832  -19.954  20.725 0.0000000000
59382  53.491  -19.784  19.049 0.0000000000
50958  43.754  -29.315  26.678 0.0000000000
43889  38.234  -36.844  33.871 0.0000000000
43896  38.222  -36.981  32.858 0.0000000000
50102  42.423  -30.057  28.693 0.0000000000
50129  42.960  -29.689  26.975 0.0000000000
50945  44.355  -28.889  27.321 0.0000000000
108774  44.934  -28.487  27.981 0.0000000000
50932  45.517  -28.169  28.594 0.0000000000
126306  46.295  -28.190  29.891 0.0000000000
51809  46.990  -28.296  30.059 0.0000000000
50908  47.302  -28.879  30.339 0.0000000000
122805  45.305  -29.811  32.662 0.0000000000
50049  46.082  -29.968  31.922 0.0000000000
49182  45.881  -30.055  32.013 0.0000000000
50048  46.190  -29.975  31.728 0.0000000000
50064  46.524  -29.669  31.224 0.0000000000
50063  46.939  -29.373  30.715 0.0000000000
50074  47.265  -29.184  30.407 0.0000000000
50086  47.607  -29.363  29.781 0.0000000000
49238  47.650  -30.724  28.345 0.0000000000
48354  47.652  -31.611  27.661 0.0000000000
47432  47.359  -32.115  28.257 0.0000000000
110486  47.741  -32.386  27.396 0.0000000000
46538  40.943  -33.749  32.492 0.0000000000
47405  41.454  -33.045  31.947 0.0000000000
47414  42.093  -32.786  31.435 0.0000000000
45709  42.015  -34.494  30.822 0.0000000000
46558  42.678  -33.951  30.255 0.0000000000
46547  42.763  -33.075  30.716 0.0000000000
30171  29.736  -50.164  37.294 0.0000000000
30172  29.227  -50.260  37.777 0.0000000000
31070  26.685  -48.988  39.696 0.0000000000
31134  34.607  -49.003  33.568 0.0000000000
32057  35.151  -47.682  34.597 0.0000000000
32967  26.954  -48.039  40.002 0.0000000000
35050  34.889  -45.007  34.843 0.0000000000
36066  36.723  -43.245  35.139 0.0000000000
36070  34.553  -44.182  34.883 0.0000000000
36995  35.993  -42.776  36.252 0.0000000000
37016  37.948  -42.277  34.923 0.0000000000
38007  36.229  -42.465  37.045 0.0000000000
38008  35.732  -42.778  36.965 0.0000000000
38016  37.748  -42.314  36.484 0.0000000000
38025  39.589  -41.392  34.619 0.0000000000
38026  39.208  -41.712  35.124 0.0000000000
38034  34.830  -42.649  34.457 0.0000000000
39017  36.017  -41.898  37.050 0.0000000000
39027  38.394  -41.055  36.519 0.0000000000
39983  39.090  -40.697  36.145 0.0000000000
41044  36.102  -39.821  35.090 0.0000000000
41053  40.601  -38.595  34.176 0.0000000000
41973  37.551  -39.281  36.328 0.0000000000
41983  39.839  -37.873  35.035 0.0000000000
41999  39.964  -38.369  34.775 0.0000000000
42914  38.196  -38.838  36.181 0.0000000000
42928  40.412  -37.243  34.669 0.0000000000
43875  40.922  -37.131  34.361 0.0000000000
43882  41.086  -36.642  33.737 0.0000000000
44795  39.663  -35.373  35.327 0.0000000000
44805  38.742  -35.233  35.273 0.0000000000
44809  41.261  -36.248  32.991 0.0000000000
44812  38.632  -35.908  34.886 0.0000000000
45682  38.901  -34.563  35.515 0.0000000000
46480  39.411  -34.075  35.586 0.0000000000
46536  45.826  -31.939  31.230 0.0000000000
46548  41.942  -33.513  30.875 0.0000000000
46572  47.769  -33.031  27.493 0.0000000000
47413  42.994  -32.557  31.486 0.0000000000
48269  42.688  -31.091  35.196 0.0000000000
49134  42.052  -30.871  35.176 0.0000000000
49181  46.294  -30.247  31.528 0.0000000000
50022  43.051  -29.958  34.922 0.0000000000
50884  45.802  -29.651  31.888 0.0000000000
50897  45.864  -29.271  31.432 0.0000000000
53657  51.591  -25.827  27.172 0.0000000000
59361  54.120  -20.232  20.162 0.0000000000
60219  50.538  -18.985  20.545 0.0000000000
108901  51.708  -25.253  25.956 0.0000000000
109603  52.050  -25.807  25.449 0.0000000000
113906  38.526  -33.912  31.009 0.0000000000
114370  39.994  -40.759  34.744 0.0000000000
114509  39.606  -38.035  35.430 0.0000000000
115759  50.695  -25.047  26.962 0.0000000000
118388  38.766  -33.924  33.282 0.0000000000
122491  51.799  -25.491  26.989 0.0000000000
122576  53.631  -24.518  20.680 0.0000000000
122577  37.639  -39.643  36.522 0.0000000000
122776  38.265  -41.787  36.419 0.0000000000
122877  46.108  -31.550  31.108 0.0000000000
124956  39.333  -32.600  34.604 0.0000000000
126132  39.358  -31.407  33.717 0.0000000000
126894  43.735  -29.329  28.290 0.0000000000
127793  41.608  -36.061  32.654 0.0000000000
128129  40.608  -37.235  34.591 0.0000000000
128495  47.209  -31.716  29.003 0.0000000000
129103  46.810  -28.362  30.109 0.0000000000
