#!ascii label  , from subject sub-043 vox2ras=TkReg
1703
18455  37.374  -64.200  -29.515 0.2000000030
18454  38.228  -64.188  -29.249 0.2000000030
19286  37.228  -63.692  -30.225 0.2000000030
17658  36.770  -65.408  -28.513 0.2000000030
19315  36.495  -63.349  -31.602 0.1000000015
18453  39.302  -64.418  -29.257 0.3000000119
19285  37.927  -63.558  -29.819 0.2000000030
126891  37.053  -63.305  -30.625 0.1000000015
18456  36.755  -64.326  -30.067 0.2000000030
19299  37.564  -63.011  -30.479 0.1000000015
20154  36.912  -62.851  -31.038 0.1000000015
20166  37.082  -62.010  -31.330 0.1000000015
21023  36.865  -61.822  -31.934 0.1000000015
108825  36.540  -62.807  -32.252 0.1000000015
21865  37.758  -60.383  -32.759 0.1000000015
20183  36.905  -62.209  -32.643 0.1000000015
108148  37.559  -61.810  -33.314 0.1000000015
22726  38.245  -59.676  -32.968 0.2000000030
21046  37.762  -61.055  -33.242 0.1000000015
21817  39.656  -60.766  -30.776 0.1000000015
21833  39.979  -60.038  -30.992 0.1000000015
20152  38.896  -62.268  -30.371 0.2000000030
21819  37.913  -60.897  -30.968 0.1000000015
21008  38.335  -61.511  -30.572 0.1000000015
21009  37.606  -61.641  -30.850 0.1000000015
21836  37.808  -60.474  -31.460 0.1000000015
23580  38.587  -59.060  -32.574 0.1000000015
24510  39.699  -57.852  -33.633 0.2000000030
23579  39.215  -58.344  -32.854 0.2000000030
24508  41.137  -57.220  -34.759 0.1000000015
23594  39.372  -58.668  -33.860 0.2000000030
25485  41.945  -56.961  -35.239 0.2000000030
24526  41.722  -57.792  -35.482 0.1000000015
24537  42.524  -58.425  -36.223 0.1000000015
21835  38.242  -60.194  -31.153 0.1000000015
22696  39.391  -59.355  -31.270 0.1000000015
22715  38.285  -59.189  -31.987 0.1000000015
25468  41.576  -56.528  -34.381 0.2000000030
25484  42.880  -56.875  -35.633 0.2000000030
25483  43.836  -56.657  -36.270 0.2000000030
24525  42.608  -57.529  -35.973 0.2000000030
25493  43.561  -57.273  -36.550 0.1000000015
24536  43.466  -58.124  -36.794 0.2000000030
22697  38.559  -59.514  -31.447 0.1000000015
23560  39.733  -58.630  -31.558 0.1000000015
23570  39.360  -58.318  -32.079 0.1000000015
24485  39.686  -57.808  -32.458 0.2000000030
25449  41.411  -56.324  -33.498 0.2000000030
25469  40.830  -56.834  -33.929 0.3000000119
25492  44.613  -57.134  -37.187 0.3000000119
24535  44.493  -57.944  -37.419 0.2000000030
23624  44.342  -58.807  -37.608 0.2000000030
22769  44.035  -59.548  -37.704 0.2000000030
26426  42.151  -55.953  -33.857 0.3000000119
24493  40.211  -57.232  -33.419 0.2000000030
25482  45.070  -56.608  -36.966 0.3000000119
25491  46.060  -56.566  -38.067 0.3000000119
26459  46.417  -55.929  -38.269 0.3000000119
119006  45.523  -57.136  -37.854 0.3000000119
25502  45.297  -57.665  -38.012 0.2000000030
23636  44.464  -58.954  -38.078 0.2000000030
22780  44.043  -59.656  -38.155 0.2000000030
26449  47.796  -55.288  -37.444 0.4000000060
26437  46.169  -56.084  -36.301 0.3000000119
114633  46.749  -55.830  -37.699 0.3000000119
25466  43.369  -56.377  -35.157 0.2000000030
26439  44.284  -56.329  -35.776 0.2000000030
25501  45.579  -57.021  -38.381 0.3000000119
24546  44.940  -58.306  -38.098 0.2000000030
24545  45.181  -57.509  -38.536 0.2000000030
23644  44.261  -58.974  -38.382 0.2000000030
27350  47.206  -54.907  -37.991 0.3000000119
26458  46.958  -55.475  -38.005 0.3000000119
26472  45.227  -56.256  -38.906 0.2000000030
118905  43.707  -57.276  -38.933 0.2000000030
25513  44.745  -56.819  -39.046 0.2000000030
24555  42.965  -57.969  -39.161 0.1000000015
24554  44.728  -57.636  -38.758 0.2000000030
111497  44.063  -58.136  -38.677 0.2000000030
23645  43.508  -58.719  -38.852 0.2000000030
27352  45.159  -54.410  -37.459 0.3000000119
27366  44.930  -54.960  -38.181 0.3000000119
27365  46.524  -55.363  -38.225 0.3000000119
27367  43.918  -54.797  -38.227 0.2000000030
27381  44.637  -55.533  -38.742 0.3000000119
27382  43.537  -55.181  -38.919 0.2000000030
26460  45.765  -55.725  -38.580 0.3000000119
26473  44.160  -55.872  -39.039 0.1000000015
25514  43.354  -56.293  -39.101 0.1000000015
113559  42.214  -56.979  -39.090 0.1000000015
26474  42.948  -55.423  -39.087 0.1000000015
24556  41.681  -57.902  -39.551 0.1000000015
28280  44.526  -53.833  -36.487 0.3000000119
27353  44.134  -54.484  -37.256 0.2000000030
27354  43.140  -54.534  -37.206 0.2000000030
27338  41.512  -54.150  -36.430 0.2000000030
27339  40.759  -53.768  -36.541 0.1000000015
27355  42.155  -54.453  -37.313 0.1000000015
27368  42.887  -54.711  -38.303 0.1000000015
25515  42.023  -55.884  -39.091 0.1000000015
25516  41.008  -56.519  -39.432 0.1000000015
27336  43.474  -54.055  -36.325 0.2000000030
27356  41.214  -54.164  -37.468 0.1000000015
27370  40.984  -54.100  -38.669 0.1000000015
27369  41.872  -54.516  -38.466 0.1000000015
27384  41.438  -54.599  -39.227 0.1000000015
27383  42.465  -54.907  -39.076 0.1000000015
26485  40.848  -54.704  -39.553 0.1000000015
26476  40.872  -55.498  -39.520 0.1000000015
26475  41.815  -55.092  -39.333 0.1000000015
28294  39.899  -53.125  -38.562 0.1000000015
27391  40.221  -54.331  -40.077 0.1000000015
28281  40.457  -53.576  -37.696 0.1000000015
21038  37.366  -61.252  -32.489 0.1000000015
21818  38.706  -60.782  -30.758 0.1000000015
24527  40.822  -58.086  -35.017 0.1000000015
19247  43.620  -63.896  -24.532 0.5000000000
126077  44.023  -64.271  -23.181 0.5000000000
19248  42.906  -63.544  -24.332 0.5000000000
20114  42.421  -63.038  -24.871 0.5000000000
20123  42.665  -62.619  -25.562 0.5000000000
19173  43.984  -62.873  -20.568 0.2000000030
108856  44.634  -63.594  -21.551 0.2000000030
126933  44.114  -63.308  -21.123 0.3000000119
19192  43.729  -63.674  -21.741 0.3000000119
19210  43.295  -63.876  -22.694 0.5000000000
19228  42.710  -63.514  -23.434 0.5000000000
20095  42.238  -63.029  -24.023 0.5000000000
20115  41.734  -62.571  -24.537 0.5000000000
20122  43.308  -62.826  -25.926 0.5000000000
20128  42.033  -61.967  -25.816 0.5000000000
112530  43.286  -62.669  -26.508 0.5000000000
114058  44.534  -63.200  -27.933 0.5000000000
20063  43.396  -63.196  -21.166 0.3000000119
19193  42.920  -63.383  -21.913 0.3000000119
19211  42.478  -63.342  -22.640 0.5000000000
20956  41.286  -61.949  -25.104 0.5000000000
20124  42.039  -62.412  -25.181 0.5000000000
20127  42.787  -62.322  -26.200 0.5000000000
20131  42.869  -62.376  -27.043 0.5000000000
19283  45.973  -63.355  -29.909 0.4000000060
19279  45.503  -63.339  -29.003 0.5000000000
20134  43.935  -62.650  -28.165 0.5000000000
19282  46.495  -64.072  -30.211 0.4000000060
20064  42.609  -62.964  -21.252 0.4000000060
19194  42.153  -63.078  -21.977 0.4000000060
19229  42.054  -63.014  -23.234 0.5000000000
20097  40.732  -62.370  -23.461 0.5000000000
20096  41.496  -62.696  -23.759 0.5000000000
20116  40.954  -62.202  -24.270 0.5000000000
20952  40.429  -61.594  -24.721 0.5000000000
20957  40.627  -61.312  -25.449 0.5000000000
20961  41.582  -61.432  -26.390 0.5000000000
20967  43.124  -62.247  -27.876 0.6000000238
20133  44.854  -62.681  -28.652 0.5000000000
20976  43.535  -61.726  -28.633 0.5000000000
111699  47.487  -64.749  -30.935 0.4000000060
20148  46.289  -62.554  -30.089 0.5000000000
20837  43.341  -61.438  -16.614 0.1000000015
20861  42.057  -60.637  -17.327 0.1000000015
20872  43.424  -61.131  -18.017 0.1000000015
20873  42.514  -61.015  -18.213 0.1000000015
20874  41.483  -60.609  -18.086 0.1000000015
20890  41.735  -61.363  -18.916 0.1000000015
106787  40.909  -61.090  -18.733 0.1000000015
20024  42.885  -62.199  -19.831 0.2000000030
20041  43.156  -62.690  -20.554 0.3000000119
19212  41.883  -62.982  -22.595 0.5000000000
20042  42.314  -62.474  -20.573 0.4000000060
116859  41.086  -62.500  -21.359 0.4000000060
20079  40.609  -62.512  -22.638 0.4000000060
20098  39.940  -61.979  -23.091 0.5000000000
20939  40.216  -61.804  -23.938 0.5000000000
20953  39.683  -61.279  -24.381 0.5000000000
20958  39.888  -61.018  -25.137 0.5000000000
20969  41.792  -61.397  -27.198 0.5000000000
20137  45.490  -62.569  -29.505 0.5000000000
17684  47.469  -66.009  -32.305 0.5000000000
18301  41.899  -63.816  -15.532 0.1000000015
19114  42.487  -63.117  -15.649 0.1000000015
19966  42.344  -62.391  -15.860 0.1000000015
19985  42.745  -61.814  -16.135 0.1000000015
20838  42.408  -61.178  -16.622 0.1000000015
20862  41.288  -60.296  -17.236 0.1000000015
19986  41.919  -61.809  -16.065 0.1000000015
21694  40.724  -60.246  -17.755 0.1000000015
108941  38.411  -61.152  -20.126 0.2000000030
21706  37.815  -60.621  -19.639 0.2000000030
116740  43.225  -61.377  -18.615 0.1000000015
20889  42.632  -61.632  -19.083 0.1000000015
20891  40.105  -61.366  -19.153 0.1000000015
20892  39.238  -61.335  -19.613 0.2000000030
20025  41.977  -62.003  -19.765 0.2000000030
20026  40.908  -61.769  -19.716 0.1000000015
20044  40.421  -62.195  -20.869 0.2000000030
20045  39.604  -61.888  -20.940 0.2000000030
21713  37.757  -60.583  -20.794 0.2000000030
20043  41.418  -62.288  -20.610 0.2000000030
20066  40.505  -62.473  -21.819 0.3000000119
20924  39.430  -61.821  -22.362 0.3000000119
20940  39.152  -61.476  -23.125 0.4000000060
20977  42.736  -61.486  -28.306 0.5000000000
20954  38.904  -61.007  -23.942 0.4000000060
21806  43.662  -60.117  -29.320 0.5000000000
21807  42.814  -60.014  -29.153 0.5000000000
21793  42.369  -60.648  -28.593 0.5000000000
21805  44.614  -60.137  -29.374 0.5000000000
20990  44.003  -60.980  -29.227 0.5000000000
21792  43.177  -60.843  -28.923 0.5000000000
21766  40.119  -60.743  -25.853 0.5000000000
116747  45.691  -61.923  -29.725 0.5000000000
20989  44.841  -61.049  -29.343 0.5000000000
20975  44.382  -61.828  -28.908 0.5000000000
19293  46.925  -63.643  -30.494 0.5000000000
20968  42.431  -61.848  -27.553 0.6000000238
20138  45.108  -61.822  -29.299 0.5000000000
113744  48.397  -64.920  -31.918 0.4000000060
19116  41.027  -63.789  -15.756 0.1000000015
19115  41.613  -62.815  -15.780 0.1000000015
19988  40.159  -62.132  -15.941 0.1000000015
128357  39.438  -62.394  -16.166 0.1000000015
19987  41.041  -61.893  -15.858 0.1000000015
20839  41.456  -60.929  -16.433 0.1000000015
21668  40.882  -60.438  -16.661 0.1000000015
124846  40.733  -60.104  -17.078 0.1000000015
107853  39.063  -60.333  -18.389 0.1000000015
20875  40.358  -60.667  -18.421 0.1000000015
21705  38.650  -60.858  -19.135 0.2000000030
20909  39.074  -61.570  -21.547 0.3000000119
20910  38.490  -61.121  -21.827 0.3000000119
124046  37.603  -60.226  -21.562 0.2000000030
20925  38.787  -61.319  -22.403 0.3000000119
21720  38.039  -60.685  -21.649 0.2000000030
21738  37.877  -60.432  -23.011 0.3000000119
112110  38.465  -60.980  -23.134 0.4000000060
127463  42.036  -58.588  -29.147 0.5000000000
22671  41.669  -59.109  -28.889 0.5000000000
22657  42.023  -59.863  -28.833 0.5000000000
21761  39.129  -60.751  -24.829 0.5000000000
123576  40.667  -57.308  -29.019 0.5000000000
24434  40.149  -57.696  -28.676 0.5000000000
23518  40.354  -58.442  -28.527 0.5000000000
23517  40.888  -59.066  -28.604 0.5000000000
21794  41.548  -60.316  -28.172 0.6000000238
21767  39.317  -60.544  -25.613 0.5000000000
24435  39.294  -57.299  -28.507 0.5000000000
22659  40.022  -59.035  -28.098 0.5000000000
21795  40.787  -59.703  -28.154 0.6000000238
21784  41.471  -60.809  -27.530 0.5000000000
20962  40.883  -61.003  -26.109 0.5000000000
21785  40.772  -60.246  -27.412 0.5000000000
21772  41.174  -60.838  -26.831 0.5000000000
126424  47.064  -66.215  -32.882 0.4000000060
17702  47.546  -65.779  -32.813 0.4000000060
18459  47.835  -65.591  -31.756 0.4000000060
20844  37.313  -61.291  -16.403 0.1000000015
19989  38.823  -62.041  -16.396 0.1000000015
116316  38.145  -60.586  -16.340 0.1000000015
20841  39.697  -60.516  -16.409 0.1000000015
21671  38.977  -59.879  -16.338 0.1000000015
20840  40.466  -61.059  -16.217 0.1000000015
21670  39.660  -59.865  -16.667 0.1000000015
21684  40.175  -59.960  -17.161 0.1000000015
21685  39.521  -59.587  -17.132 0.1000000015
22567  39.023  -59.716  -17.716 0.1000000015
22568  37.458  -59.507  -18.477 0.2000000030
22578  37.432  -59.996  -19.251 0.2000000030
115886  37.157  -60.048  -20.145 0.2000000030
25354  40.536  -56.790  -23.825 0.2000000030
25371  40.155  -56.333  -24.817 0.2000000030
25372  39.053  -56.011  -24.813 0.2000000030
25356  38.373  -56.169  -24.065 0.2000000030
25357  37.629  -56.567  -24.265 0.2000000030
112597  37.757  -60.276  -22.224 0.2000000030
25379  39.770  -55.838  -25.452 0.2000000030
25373  38.296  -56.233  -24.976 0.2000000030
25374  37.729  -56.646  -25.239 0.2000000030
24414  37.353  -57.256  -24.786 0.3000000119
24421  37.450  -57.521  -25.606 0.2000000030
23505  37.404  -58.449  -25.601 0.4000000060
26314  38.639  -55.768  -26.364 0.2000000030
24428  37.776  -56.724  -26.097 0.3000000119
123543  37.627  -57.417  -26.407 0.4000000060
107947  37.521  -59.285  -25.158 0.5000000000
21763  37.685  -59.982  -24.440 0.4000000060
21762  38.358  -60.471  -24.590 0.5000000000
26334  39.469  -55.646  -28.502 0.5000000000
25389  38.906  -56.115  -28.345 0.4000000060
25390  38.477  -56.310  -27.584 0.4000000060
24432  38.204  -57.314  -27.627 0.4000000060
24427  37.708  -57.801  -27.033 0.4000000060
23510  37.861  -58.663  -26.862 0.5000000000
22646  37.694  -59.008  -26.078 0.5000000000
21768  38.575  -60.306  -25.347 0.5000000000
24436  38.694  -56.870  -28.219 0.5000000000
23520  38.748  -57.772  -28.094 0.5000000000
23513  39.075  -58.624  -27.796 0.5000000000
22652  40.169  -59.675  -27.642 0.5000000000
21773  40.403  -60.482  -26.577 0.5000000000
21774  39.565  -60.274  -26.340 0.5000000000
120823  36.554  -61.075  -16.059 0.1000000015
22530  36.554  -59.332  -15.892 0.1000000015
21672  38.087  -59.675  -16.254 0.1000000015
21673  37.321  -59.541  -16.108 0.1000000015
120917  37.824  -59.115  -16.414 0.1000000015
22551  37.199  -58.831  -16.299 0.1000000015
121827  38.298  -58.889  -17.063 0.1000000015
22550  37.712  -58.674  -16.801 0.1000000015
22558  38.913  -59.163  -17.083 0.1000000015
22559  37.498  -58.843  -17.589 0.2000000030
22585  37.109  -59.911  -21.133 0.2000000030
25337  40.635  -56.764  -22.633 0.1000000015
25355  39.371  -56.263  -23.910 0.2000000030
22595  37.268  -59.767  -21.969 0.2000000030
25338  39.693  -56.230  -22.928 0.1000000015
25339  38.628  -55.937  -23.197 0.1000000015
21753  37.480  -59.919  -23.611 0.3000000119
22613  37.409  -59.808  -22.778 0.2000000030
108470  37.040  -57.438  -24.068 0.1000000015
23500  37.122  -58.233  -24.760 0.3000000119
22645  38.256  -59.464  -26.527 0.5000000000
22638  38.053  -59.778  -25.766 0.5000000000
22654  38.582  -59.084  -27.223 0.5000000000
22644  39.016  -59.794  -26.839 0.5000000000
21775  38.754  -60.084  -26.105 0.5000000000
21786  39.874  -59.985  -27.051 0.5000000000
115140  35.775  -60.885  -15.714 0.1000000015
114765  34.796  -59.830  -15.474 0.1000000015
22531  35.654  -59.136  -15.709 0.1000000015
21651  35.761  -59.995  -15.656 0.1000000015
23406  35.449  -58.296  -15.871 0.1000000015
23418  36.856  -58.213  -16.714 0.1000000015
23419  36.028  -57.817  -16.418 0.1000000015
23429  37.171  -58.306  -17.171 0.1000000015
22569  36.927  -58.969  -18.517 0.2000000030
122147  36.421  -58.515  -19.180 0.2000000030
22579  36.869  -59.364  -19.433 0.2000000030
126679  36.516  -58.882  -19.887 0.2000000030
22586  36.629  -59.248  -20.565 0.2000000030
22596  36.726  -59.274  -21.630 0.2000000030
25314  40.846  -56.339  -21.815 0.1000000015
25315  40.002  -56.060  -22.069 0.1000000015
107022  37.770  -56.173  -23.373 0.1000000015
23489  36.738  -58.717  -22.912 0.1000000015
22614  36.906  -59.270  -22.481 0.2000000030
106812  37.190  -56.830  -23.396 0.1000000015
22635  37.122  -59.226  -24.203 0.2000000030
22625  36.996  -59.251  -23.304 0.2000000030
21653  34.027  -59.622  -15.157 0.1000000015
22532  34.658  -58.961  -15.508 0.1000000015
119421  33.922  -57.884  -14.999 0.1000000015
24299  34.423  -57.121  -15.485 0.1000000015
24298  35.196  -57.472  -16.042 0.1000000015
24318  36.136  -57.497  -17.668 0.1000000015
126550  36.370  -57.892  -17.818 0.1000000015
24331  36.084  -57.752  -18.501 0.1000000015
23455  36.224  -58.316  -20.313 0.2000000030
23465  36.399  -58.502  -21.333 0.2000000030
26247  40.773  -55.566  -21.174 0.1000000015
109474  40.218  -55.727  -21.531 0.1000000015
26248  39.513  -55.384  -21.698 0.1000000015
26274  38.911  -55.593  -22.355 0.1000000015
23479  36.569  -58.632  -22.215 0.2000000030
26275  37.775  -55.493  -22.245 0.1000000015
114138  37.984  -55.727  -22.757 0.1000000015
24380  36.765  -57.210  -22.715 0.1000000015
125224  36.807  -57.575  -23.358 0.1000000015
24397  36.600  -58.053  -22.840 0.2000000030
24286  33.807  -57.089  -14.733 0.1000000015
25234  34.475  -56.152  -15.582 0.1000000015
25246  34.981  -56.633  -16.155 0.1000000015
24310  35.565  -56.999  -16.729 0.1000000015
24319  35.756  -56.961  -17.430 0.1000000015
24332  35.717  -56.892  -18.255 0.1000000015
24343  35.717  -57.124  -19.117 0.2000000030
25293  35.758  -56.829  -19.996 0.1000000015
24342  35.955  -57.703  -19.602 0.1000000015
24349  36.033  -57.476  -20.371 0.2000000030
108543  36.109  -56.908  -20.730 0.1000000015
27187  39.518  -54.480  -20.921 0.1000000015
27198  39.112  -54.794  -21.476 0.1000000015
27199  38.036  -54.639  -21.561 0.1000000015
26250  37.426  -55.210  -21.792 0.1000000015
26251  36.654  -55.637  -21.322 0.1000000015
25317  36.449  -56.475  -21.335 0.1000000015
26230  39.989  -55.156  -21.101 0.1000000015
26249  38.502  -55.068  -21.921 0.1000000015
25316  36.936  -55.931  -21.927 0.1000000015
25341  36.627  -56.824  -21.991 0.1000000015
24381  36.460  -57.784  -22.055 0.1000000015
25340  37.234  -56.269  -22.618 0.1000000015
25245  35.223  -56.261  -16.705 0.1000000015
25256  35.440  -56.261  -17.355 0.1000000015
25269  35.402  -56.044  -18.258 0.1000000015
25278  35.468  -56.285  -19.157 0.1000000015
28069  37.623  -53.186  -20.027 0.1000000015
28080  37.203  -53.812  -20.375 0.1000000015
27171  36.143  -54.220  -19.836 0.1000000015
27191  35.851  -54.936  -20.050 0.1000000015
26233  35.726  -55.830  -20.050 0.1000000015
28067  39.578  -53.265  -20.086 0.1000000015
28068  38.628  -53.108  -20.124 0.1000000015
27189  37.579  -54.170  -21.020 0.1000000015
27190  36.612  -54.451  -20.491 0.1000000015
26232  36.299  -55.301  -20.674 0.1000000015
25292  36.151  -56.174  -20.712 0.1000000015
28077  39.965  -53.997  -20.475 0.1000000015
27188  38.625  -54.182  -21.181 0.1000000015
26231  37.015  -54.808  -21.287 0.1000000015
26186  35.233  -55.426  -17.762 0.1000000015
27151  35.337  -54.250  -18.727 0.1000000015
26198  35.251  -55.161  -18.648 0.1000000015
26211  35.458  -55.412  -19.389 0.1000000015
28070  36.624  -53.519  -19.756 0.1000000015
27172  35.560  -54.592  -19.374 0.1000000015
127193  36.644  -54.021  -20.081 0.1000000015
126844  41.270  -61.520  -25.762 0.5000000000
20065  41.317  -62.796  -22.100 0.4000000060
119802  42.914  -60.998  -17.355 0.1000000015
113018  40.901  -60.560  -18.256 0.1000000015
20080  40.009  -62.247  -22.319 0.4000000060
20902  39.077  -61.514  -20.577 0.3000000119
20901  39.857  -61.760  -20.112 0.2000000030
20903  38.455  -61.113  -21.100 0.3000000119
20067  39.799  -62.099  -21.637 0.3000000119
22670  42.437  -59.222  -29.167 0.5000000000
19136  40.624  -62.950  -15.845 0.1000000015
116348  39.609  -61.505  -16.204 0.1000000015
21669  40.304  -60.257  -16.655 0.1000000015
21695  39.797  -60.179  -17.877 0.1000000015
20876  39.526  -60.844  -18.743 0.1000000015
21696  38.195  -60.142  -18.562 0.1000000015
21737  38.214  -60.832  -22.381 0.3000000119
21752  38.061  -60.542  -23.814 0.4000000060
23533  41.173  -58.190  -28.942 0.5000000000
24448  41.431  -57.262  -29.235 0.5000000000
124963  39.154  -56.605  -28.580 0.5000000000
125428  37.352  -60.375  -16.174 0.1000000015
20842  38.925  -60.962  -16.363 0.1000000015
22548  39.196  -59.406  -16.704 0.1000000015
22549  38.495  -59.199  -16.718 0.1000000015
109876  38.237  -59.371  -17.656 0.1000000015
24396  41.377  -57.214  -24.225 0.2000000030
25380  38.945  -55.779  -25.762 0.2000000030
25381  38.206  -56.124  -25.825 0.2000000030
26321  38.843  -55.632  -27.101 0.5000000000
25387  38.261  -56.189  -26.631 0.4000000060
111185  37.955  -56.935  -26.903 0.4000000060
23511  37.517  -58.151  -26.305 0.5000000000
22639  37.975  -60.041  -25.093 0.5000000000
26324  39.047  -55.594  -27.904 0.5000000000
23514  38.228  -58.239  -27.525 0.5000000000
21650  36.587  -60.180  -15.904 0.1000000015
108576  36.679  -58.352  -17.977 0.2000000030
21652  34.929  -60.677  -15.479 0.1000000015
23405  36.399  -58.528  -16.086 0.1000000015
23430  36.628  -57.923  -17.306 0.1000000015
23488  36.799  -58.373  -23.676 0.1000000015
22524  33.541  -59.318  -14.420 0.1000000015
22533  33.975  -58.748  -15.125 0.1000000015
111629  33.521  -57.718  -14.091 0.1000000015
23407  34.557  -58.087  -15.541 0.1000000015
24309  36.224  -57.550  -16.987 0.1000000015
24362  36.270  -57.475  -21.178 0.2000000030
25223  34.032  -56.488  -15.062 0.1000000015
127428  35.592  -56.535  -17.804 0.1000000015
113644  40.191  -54.638  -20.691 0.1000000015
26164  34.283  -55.222  -15.690 0.1000000015
26175  34.798  -55.767  -16.296 0.1000000015
26174  35.128  -55.536  -16.998 0.1000000015
127864  35.336  -55.727  -18.875 0.1000000015
28079  38.141  -53.650  -20.642 0.1000000015
28078  39.115  -53.741  -20.649 0.1000000015
27141  34.952  -54.724  -17.475 0.1000000015
110815  35.147  -54.725  -18.103 0.1000000015
28071  35.800  -53.780  -19.300 0.1000000015
28048  35.520  -53.428  -18.601 0.1000000015
29013  38.042  -52.523  -19.612 0.1000000015
109573  39.057  -52.526  -19.511 0.1000000015
29014  37.067  -52.640  -19.481 0.1000000015
20060  48.481  -62.726  -21.074 0.1000000015
116791  49.033  -62.856  -21.323 0.1000000015
19190  47.778  -63.145  -21.897 0.1000000015
107005  46.466  -63.405  -21.822 0.1000000015
20038  46.781  -62.392  -20.210 0.1000000015
20062  46.146  -62.924  -20.894 0.1000000015
20036  48.905  -62.607  -20.325 0.2000000030
19172  44.839  -62.965  -20.821 0.1000000015
20059  49.204  -63.159  -22.437 0.2000000030
19189  48.844  -63.015  -22.074 0.1000000015
20077  49.534  -63.228  -23.408 0.2000000030
19208  47.206  -63.533  -22.707 0.1000000015
18395  49.643  -63.812  -22.574 0.2000000030
19222  49.036  -62.991  -22.837 0.2000000030
126992  46.252  -63.855  -22.714 0.2000000030
19207  48.323  -63.143  -22.815 0.2000000030
108372  45.345  -63.967  -22.244 0.3000000119
19209  44.255  -64.146  -22.345 0.3000000119
19225  45.564  -64.214  -23.331 0.3000000119
18396  44.733  -64.313  -23.031 0.3000000119
19223  47.841  -63.252  -23.561 0.2000000030
19224  46.734  -63.799  -23.656 0.2000000030
123851  49.773  -63.516  -24.122 0.2000000030
19242  49.835  -63.257  -24.237 0.2000000030
15841  46.682  -67.377  -25.244 0.1000000015
18406  49.822  -63.540  -23.960 0.2000000030
20094  49.611  -63.094  -23.819 0.2000000030
19221  49.869  -63.315  -23.994 0.2000000030
19226  44.533  -64.283  -24.071 0.3000000119
16763  48.188  -65.903  -24.033 0.1000000015
17615  49.553  -64.255  -23.915 0.1000000015
122228  47.806  -63.296  -24.435 0.2000000030
19244  46.726  -63.773  -24.564 0.2000000030
15835  46.950  -67.204  -24.014 0.1000000015
17629  48.761  -64.958  -24.442 0.2000000030
109907  48.952  -63.042  -24.463 0.2000000030
17628  49.397  -64.092  -24.640 0.2000000030
16790  47.470  -66.694  -26.803 0.2000000030
16764  47.420  -66.556  -24.601 0.1000000015
16778  47.367  -66.595  -25.746 0.1000000015
18426  49.252  -63.722  -25.257 0.2000000030
106835  48.483  -63.336  -25.224 0.2000000030
19243  47.305  -63.679  -25.234 0.2000000030
114356  46.164  -63.859  -25.154 0.4000000060
16777  47.949  -65.709  -25.076 0.1000000015
108830  46.646  -63.859  -26.007 0.4000000060
19246  44.136  -63.759  -25.096 0.4000000060
17647  49.027  -64.249  -25.848 0.3000000119
18427  49.035  -63.812  -25.794 0.3000000119
17643  48.723  -64.762  -25.488 0.2000000030
17648  48.394  -65.167  -26.622 0.4000000060
19263  45.512  -63.576  -25.822 0.4000000060
19265  43.818  -63.330  -25.706 0.4000000060
107794  47.893  -63.815  -25.937 0.3000000119
18431  48.127  -64.527  -26.879 0.4000000060
18430  48.576  -64.453  -26.376 0.3000000119
118165  42.983  -57.716  -22.908 0.1000000015
24379  41.288  -57.291  -23.283 0.1000000015
19264  44.556  -63.464  -25.755 0.4000000060
19271  44.806  -63.455  -26.513 0.5000000000
19273  47.377  -64.367  -27.372 0.4000000060
19267  48.523  -63.999  -26.242 0.3000000119
128752  47.260  -63.968  -26.369 0.4000000060
19269  46.749  -63.825  -26.940 0.4000000060
24378  42.006  -57.524  -23.000 0.1000000015
126088  42.567  -57.574  -23.540 0.1000000015
19272  43.915  -63.148  -26.410 0.4000000060
20126  44.239  -63.194  -27.258 0.5000000000
19276  44.958  -63.537  -27.299 0.5000000000
20130  43.549  -62.747  -27.215 0.5000000000
24413  41.134  -56.986  -24.968 0.1000000015
25370  41.628  -56.735  -25.251 0.1000000015
24412  41.770  -57.129  -24.697 0.1000000015
26301  40.809  -56.145  -25.462 0.1000000015
118236  48.827  -62.338  -19.506 0.1000000015
20061  47.277  -62.814  -20.991 0.1000000015
19191  45.465  -63.287  -21.355 0.1000000015
20037  48.101  -62.385  -20.051 0.1000000015
20021  46.273  -62.048  -19.528 0.1000000015
20040  44.629  -62.398  -20.079 0.1000000015
118979  43.203  -63.423  -25.229 0.4000000060
19171  49.496  -63.230  -20.048 0.1000000015
19245  45.791  -64.133  -24.328 0.3000000119
19261  49.246  -63.364  -25.041 0.2000000030
119214  45.124  -63.737  -25.033 0.4000000060
19270  45.723  -63.643  -26.661 0.4000000060
24395  41.908  -57.404  -23.832 0.1000000015
20885  46.871  -61.802  -18.968 0.1000000015
12230  36.434  -71.730  -25.299 0.1000000015
11383  35.954  -72.172  -25.827 0.1000000015
10594  37.842  -73.582  -25.447 0.1000000015
12231  35.680  -71.432  -25.557 0.1000000015
10582  38.249  -73.200  -24.746 0.1000000015
12232  34.944  -71.071  -25.836 0.1000000015
129199  33.982  -71.157  -26.691 0.1000000015
12237  35.258  -71.823  -26.135 0.1000000015
8392  33.015  -76.551  -23.108 0.1000000015
13076  30.216  -69.980  -24.770 0.1000000015
13988  31.561  -69.695  -26.049 0.1000000015
12219  37.352  -71.475  -24.247 0.1000000015
13098  32.011  -70.007  -26.759 0.1000000015
11363  37.176  -72.003  -24.925 0.1000000015
13085  33.504  -69.949  -25.987 0.1000000015
11362  37.887  -72.393  -24.286 0.1000000015
126678  33.083  -70.646  -26.951 0.1000000015
9072  32.871  -76.494  -22.364 0.1000000015
8400  33.226  -76.405  -23.464 0.1000000015
9094  33.614  -76.159  -23.296 0.1000000015
9062  33.920  -76.206  -21.249 0.1000000015
9071  33.419  -76.609  -21.870 0.1000000015
8383  33.682  -76.704  -22.420 0.1000000015
8391  33.629  -76.510  -22.839 0.1000000015
10570  33.377  -74.237  -23.179 0.1000000015
113150  30.818  -71.846  -23.385 0.1000000015
13063  30.613  -70.202  -23.497 0.1000000015
125587  36.801  -71.356  -24.787 0.1000000015
12220  36.186  -70.990  -25.058 0.1000000015
12221  35.409  -70.662  -25.316 0.1000000015
11342  38.002  -71.648  -23.663 0.1000000015
10569  39.214  -73.285  -23.896 0.1000000015
10581  38.979  -73.645  -24.418 0.1000000015
8382  34.384  -77.085  -21.991 0.1000000015
108706  34.331  -76.824  -22.323 0.1000000015
9799  34.762  -75.700  -22.535 0.1000000015
9800  33.921  -75.180  -22.793 0.1000000015
10553  33.842  -73.818  -22.489 0.1000000015
110244  32.473  -72.730  -23.202 0.1000000015
11322  32.481  -71.977  -22.461 0.1000000015
11323  31.594  -72.114  -23.071 0.1000000015
12193  31.666  -71.126  -22.534 0.1000000015
13050  31.268  -70.165  -22.858 0.1000000015
13941  31.335  -69.422  -23.559 0.1000000015
13960  31.466  -69.255  -24.476 0.1000000015
13973  33.853  -69.512  -25.276 0.1000000015
13073  36.729  -70.631  -24.366 0.1000000015
13074  35.883  -70.250  -24.783 0.1000000015
13958  34.589  -69.337  -24.864 0.1000000015
11341  38.668  -72.428  -23.656 0.1000000015
11361  38.571  -72.980  -24.174 0.1000000015
10552  34.519  -74.460  -22.226 0.1000000015
9772  34.240  -75.836  -20.522 0.1000000015
9061  34.790  -76.824  -21.303 0.1000000015
9782  35.296  -75.073  -22.111 0.1000000015
11305  33.921  -72.657  -21.487 0.1000000015
11306  33.341  -72.268  -21.985 0.1000000015
13030  32.543  -70.457  -21.739 0.1000000015
8372  35.169  -77.142  -21.764 0.1000000015
9079  35.550  -76.664  -22.151 0.1000000015
9798  35.417  -75.997  -22.370 0.1000000015
12192  32.245  -71.073  -22.066 0.1000000015
13940  32.178  -68.926  -23.387 0.1000000015
14861  32.781  -68.594  -23.234 0.1000000015
108544  31.932  -68.906  -23.977 0.1000000015
116322  33.009  -68.757  -24.517 0.1000000015
14873  32.691  -68.628  -23.887 0.1000000015
13939  35.721  -68.950  -24.042 0.1000000015
13959  33.691  -68.925  -24.721 0.1000000015
126536  37.484  -70.042  -23.438 0.1000000015
13956  36.275  -69.686  -24.261 0.1000000015
13957  35.459  -69.507  -24.581 0.1000000015
13060  38.341  -70.906  -23.267 0.1000000015
12206  38.640  -71.636  -23.311 0.1000000015
11340  39.575  -72.869  -23.390 0.1000000015
11319  41.242  -72.868  -22.617 0.1000000015
11320  40.104  -72.398  -22.880 0.1000000015
10533  35.025  -74.033  -21.575 0.1000000015
10534  34.197  -73.509  -21.776 0.1000000015
9051  35.074  -76.596  -20.558 0.1000000015
8371  35.655  -77.159  -21.288 0.1000000015
8380  36.062  -77.037  -21.414 0.1000000015
9781  35.860  -75.730  -21.979 0.1000000015
128209  35.605  -74.766  -21.676 0.1000000015
11304  34.515  -73.098  -21.108 0.1000000015
13029  33.163  -70.656  -21.185 0.1000000015
8381  35.569  -77.065  -21.736 0.1000000015
13911  32.889  -69.652  -21.470 0.1000000015
13912  32.440  -69.565  -22.166 0.1000000015
14847  32.552  -68.895  -22.738 0.1000000015
14831  32.948  -68.838  -22.055 0.1000000015
14846  33.189  -68.447  -22.705 0.1000000015
14844  34.941  -68.048  -22.804 0.1000000015
14859  34.153  -68.323  -23.498 0.1000000015
13048  37.960  -70.117  -23.156 0.1000000015
122057  38.133  -69.419  -22.663 0.1000000015
13926  37.376  -69.375  -23.144 0.1000000015
13938  36.521  -69.119  -23.593 0.1000000015
14857  35.832  -68.427  -23.305 0.1000000015
14858  34.991  -68.474  -23.738 0.1000000015
13925  38.775  -69.406  -22.479 0.1000000015
13047  38.778  -70.196  -22.744 0.1000000015
12191  39.053  -71.153  -22.874 0.1000000015
12205  39.267  -71.989  -23.116 0.1000000015
11318  42.178  -72.673  -22.257 0.1000000015
8350  36.391  -77.775  -19.907 0.1000000015
9042  35.764  -76.898  -19.705 0.1000000015
9759  35.238  -76.161  -19.700 0.1000000015
9049  36.899  -77.407  -20.746 0.1000000015
9060  36.499  -76.788  -21.108 0.1000000015
9050  35.918  -77.372  -20.580 0.1000000015
8370  36.330  -77.438  -21.024 0.1000000015
9069  36.190  -76.148  -21.493 0.1000000015
9771  36.013  -74.983  -21.381 0.1000000015
10519  35.188  -73.450  -20.822 0.1000000015
11292  34.203  -72.335  -20.855 0.1000000015
110102  33.661  -71.691  -21.160 0.1000000015
11291  34.773  -72.565  -20.356 0.1000000015
13005  34.066  -70.629  -19.885 0.1000000015
13006  33.683  -70.057  -20.147 0.1000000015
126340  33.348  -69.746  -20.738 0.1000000015
14830  33.352  -68.851  -21.322 0.1000000015
13885  33.674  -69.413  -20.140 0.1000000015
14829  33.968  -68.214  -21.206 0.1000000015
15814  34.532  -67.791  -21.058 0.1000000015
15825  34.485  -67.848  -21.867 0.1000000015
14843  35.979  -68.063  -22.472 0.1000000015
127978  39.072  -68.965  -22.286 0.1000000015
121989  38.380  -68.766  -22.271 0.1000000015
13924  39.483  -69.677  -22.364 0.1000000015
13046  39.605  -70.638  -22.428 0.1000000015
12190  39.780  -71.515  -22.564 0.1000000015
125834  40.496  -71.909  -22.404 0.1000000015
12188  41.229  -71.873  -22.125 0.1000000015
10505  36.349  -74.539  -19.880 0.1000000015
10492  36.338  -73.638  -18.985 0.1000000015
8349  37.355  -78.432  -19.712 0.1000000015
8360  36.796  -77.797  -20.505 0.1000000015
10506  35.892  -73.397  -19.663 0.1000000015
11277  35.579  -72.625  -19.457 0.1000000015
9770  36.338  -75.422  -20.850 0.1000000015
10518  35.829  -74.075  -20.552 0.1000000015
11278  35.182  -72.448  -19.787 0.1000000015
12997  34.532  -71.120  -19.434 0.1000000015
13877  34.480  -69.629  -18.938 0.1000000015
12151  34.815  -71.924  -19.679 0.1000000015
14801  33.934  -68.857  -19.826 0.1000000015
14807  34.297  -68.144  -20.358 0.1000000015
15813  35.064  -67.570  -21.161 0.1000000015
14827  37.111  -67.836  -21.757 0.1000000015
15824  35.397  -67.766  -21.861 0.1000000015
111496  37.952  -68.057  -21.775 0.1000000015
14842  37.522  -68.581  -22.367 0.1000000015
110097  36.744  -68.131  -22.231 0.1000000015
13910  38.856  -68.173  -21.937 0.1000000015
13909  39.760  -68.774  -22.207 0.1000000015
113366  40.193  -69.597  -22.155 0.1000000015
123127  37.718  -75.665  -18.587 0.1000000015
8348  38.449  -78.359  -19.548 0.1000000015
9040  38.444  -77.059  -19.411 0.1000000015
122115  36.821  -75.023  -18.985 0.1000000015
8341  36.595  -77.929  -18.787 0.1000000015
8359  37.565  -77.985  -20.296 0.1000000015
9041  37.449  -76.816  -20.059 0.1000000015
9758  36.754  -76.091  -20.387 0.1000000015
10493  35.943  -72.853  -19.043 0.1000000015
12137  35.689  -72.119  -18.731 0.1000000015
12126  35.475  -71.220  -18.200 0.1000000015
13876  35.054  -69.498  -18.329 0.1000000015
113453  34.259  -69.016  -19.281 0.1000000015
14800  34.510  -68.407  -19.513 0.1000000015
15779  34.922  -67.733  -19.885 0.1000000015
15788  35.513  -67.513  -20.395 0.1000000015
114849  35.830  -67.544  -21.144 0.1000000015
15812  36.652  -67.509  -21.121 0.1000000015
14826  40.371  -68.088  -22.017 0.1000000015
107762  40.667  -69.064  -22.050 0.1000000015
126631  39.174  -77.537  -19.285 0.1000000015
10481  36.749  -73.724  -18.126 0.1000000015
12125  36.225  -71.817  -17.775 0.1000000015
114389  35.951  -70.922  -17.631 0.1000000015
12982  35.507  -70.239  -17.856 0.1000000015
13869  35.679  -69.345  -17.823 0.1000000015
14792  35.502  -68.578  -18.352 0.1000000015
15771  35.877  -67.788  -18.755 0.1000000015
14799  35.184  -68.107  -19.133 0.1000000015
16699  36.993  -67.052  -19.548 0.1000000015
15778  35.677  -67.608  -19.534 0.1000000015
15786  37.841  -66.956  -20.602 0.1000000015
109062  36.994  -67.222  -20.393 0.1000000015
122307  38.719  -66.667  -20.767 0.1000000015
15811  37.474  -67.450  -21.164 0.1000000015
16737  39.623  -66.680  -21.016 0.1000000015
108487  39.121  -67.347  -21.486 0.1000000015
15810  38.295  -67.438  -21.327 0.1000000015
127708  42.254  -68.500  -21.647 0.1000000015
14824  43.324  -68.868  -21.485 0.1000000015
9030  38.753  -75.924  -18.455 0.1000000015
10480  37.458  -73.758  -17.481 0.1000000015
11253  36.852  -72.772  -17.587 0.1000000015
12124  37.129  -71.890  -17.153 0.1000000015
121830  39.754  -76.789  -18.736 0.1000000015
14788  36.043  -68.751  -17.804 0.1000000015
15770  36.557  -67.518  -18.435 0.1000000015
16691  37.166  -67.013  -18.743 0.1000000015
16716  39.381  -66.220  -20.372 0.1000000015
16717  37.545  -66.835  -19.982 0.1000000015
126595  38.832  -66.302  -20.237 0.1000000015
16736  40.370  -66.783  -21.120 0.1000000015
15808  40.936  -67.389  -21.505 0.1000000015
127291  42.344  -67.609  -21.486 0.1000000015
15805  44.026  -68.180  -21.452 0.1000000015
14820  46.360  -68.496  -21.451 0.1000000015
9742  39.880  -75.638  -18.128 0.1000000015
119781  38.304  -74.919  -17.672 0.1000000015
12114  38.162  -71.931  -16.811 0.1000000015
12980  37.031  -70.108  -17.080 0.1000000015
12981  36.215  -70.243  -17.456 0.1000000015
13867  37.075  -69.269  -17.219 0.1000000015
15769  37.104  -67.362  -18.133 0.1000000015
113340  37.953  -66.691  -18.777 0.1000000015
16698  37.707  -66.694  -19.381 0.1000000015
18356  46.005  -64.511  -19.371 0.1000000015
18368  45.107  -64.771  -19.977 0.1000000015
18369  43.984  -64.978  -19.954 0.1000000015
17581  42.386  -65.618  -20.232 0.1000000015
17582  41.553  -65.645  -19.921 0.1000000015
16696  39.048  -66.086  -19.722 0.1000000015
122860  38.270  -66.462  -20.020 0.1000000015
17579  44.494  -65.581  -20.525 0.1000000015
17580  43.402  -65.708  -20.588 0.1000000015
17584  39.906  -65.866  -19.848 0.1000000015
17561  47.084  -64.758  -19.425 0.1000000015
18367  46.196  -64.995  -20.166 0.1000000015
17578  45.494  -65.589  -20.560 0.1000000015
16711  44.230  -66.509  -21.040 0.1000000015
16713  42.569  -66.259  -20.943 0.1000000015
116119  41.043  -66.572  -20.863 0.1000000015
17560  48.155  -65.183  -19.505 0.1000000015
17577  47.293  -65.643  -19.974 0.1000000015
129376  45.712  -66.371  -20.883 0.1000000015
16735  41.862  -66.953  -21.224 0.1000000015
15785  46.295  -67.184  -20.952 0.1000000015
16734  42.805  -67.058  -21.305 0.1000000015
16730  47.788  -66.786  -20.963 0.1000000015
16731  45.517  -67.693  -21.267 0.1000000015
125737  46.869  -68.103  -21.416 0.1000000015
10479  39.717  -74.662  -17.461 0.1000000015
10465  39.862  -73.829  -17.287 0.1000000015
11238  38.927  -72.918  -17.001 0.1000000015
10466  38.590  -73.818  -17.237 0.1000000015
12967  38.588  -70.958  -16.686 0.1000000015
113578  37.539  -71.015  -16.895 0.1000000015
12968  37.859  -70.309  -16.794 0.1000000015
13861  37.728  -69.569  -16.904 0.1000000015
14787  36.754  -68.527  -17.595 0.1000000015
15765  37.502  -67.846  -17.646 0.1000000015
16690  38.686  -66.520  -18.425 0.1000000015
17555  40.160  -65.810  -18.471 0.1000000015
17567  39.019  -66.079  -18.985 0.1000000015
18357  44.412  -64.533  -19.258 0.1000000015
17563  42.184  -65.270  -19.394 0.1000000015
17565  40.438  -65.759  -19.157 0.1000000015
18354  49.219  -64.172  -19.279 0.1000000015
17559  48.906  -65.157  -19.600 0.1000000015
10478  40.575  -74.430  -17.267 0.1000000015
12113  39.286  -72.061  -16.759 0.1000000015
12966  39.674  -71.210  -16.594 0.1000000015
13860  38.514  -69.947  -16.691 0.1000000015
14785  38.287  -68.244  -17.210 0.1000000015
108648  38.671  -66.919  -17.808 0.1000000015
15764  38.359  -67.494  -17.547 0.1000000015
17546  40.723  -65.700  -17.892 0.1000000015
17547  39.986  -65.985  -17.953 0.1000000015
16683  39.434  -66.548  -17.793 0.1000000015
128469  44.069  -64.489  -18.727 0.1000000015
18349  43.701  -64.597  -18.215 0.1000000015
17554  41.404  -65.363  -18.194 0.1000000015
18347  45.921  -64.280  -18.418 0.1000000015
18348  44.738  -64.338  -18.377 0.1000000015
17564  41.306  -65.484  -19.065 0.1000000015
18346  47.251  -64.160  -18.434 0.1000000015
11237  40.133  -73.116  -17.132 0.1000000015
12112  40.404  -72.258  -16.805 0.1000000015
110269  39.233  -70.373  -16.621 0.1000000015
13859  39.366  -69.472  -16.766 0.1000000015
14775  39.049  -68.524  -17.014 0.1000000015
15754  38.834  -67.841  -17.215 0.1000000015
16682  40.291  -66.273  -17.591 0.1000000015
17545  41.709  -65.589  -17.646 0.1000000015
16681  41.088  -66.102  -17.413 0.1000000015
124881  42.082  -65.236  -17.950 0.1000000015
18345  48.415  -63.677  -18.345 0.1000000015
18353  49.533  -63.750  -19.611 0.1000000015
12965  40.642  -71.369  -16.590 0.1000000015
122950  40.879  -70.723  -16.553 0.1000000015
13858  40.363  -69.452  -16.771 0.1000000015
108203  40.112  -70.362  -16.620 0.1000000015
14774  39.890  -68.652  -16.988 0.1000000015
15753  39.482  -67.845  -17.103 0.1000000015
15762  39.965  -67.078  -17.231 0.1000000015
18350  42.785  -65.009  -18.041 0.1000000015
19165  45.964  -64.226  -17.455 0.1000000015
18343  49.299  -63.259  -18.938 0.1000000015
20035  49.141  -62.616  -19.605 0.1000000015
108331  41.524  -70.529  -16.483 0.1000000015
127994  40.790  -70.106  -16.613 0.1000000015
113660  41.269  -69.621  -16.541 0.1000000015
124994  41.974  -68.999  -16.329 0.1000000015
14773  40.853  -68.580  -16.752 0.1000000015
114974  40.183  -67.922  -16.981 0.1000000015
16670  40.716  -66.713  -17.220 0.1000000015
19162  49.003  -63.046  -17.604 0.1000000015
19164  47.263  -63.894  -17.412 0.1000000015
18336  43.598  -64.937  -17.486 0.1000000015
20014  49.082  -62.315  -18.289 0.1000000015
14771  42.816  -68.382  -16.334 0.1000000015
106982  43.379  -66.786  -16.534 0.1000000015
15750  42.574  -67.369  -16.605 0.1000000015
14772  41.724  -67.941  -16.635 0.1000000015
16680  43.110  -66.054  -16.773 0.1000000015
15751  41.568  -66.869  -16.990 0.1000000015
126249  41.814  -66.091  -17.237 0.1000000015
19163  48.437  -63.349  -17.252 0.1000000015
18335  44.764  -64.506  -17.336 0.1000000015
18337  42.653  -65.315  -17.563 0.1000000015
20015  48.798  -62.131  -18.318 0.1000000015
17529  45.147  -65.615  -16.161 0.1000000015
16669  42.438  -66.477  -16.907 0.1000000015
17544  43.579  -65.473  -16.928 0.1000000015
107333  46.358  -64.441  -16.546 0.1000000015
18320  44.633  -64.943  -16.746 0.1000000015
116287  30.079  -70.385  -24.181 0.1000000015
13942  30.641  -69.696  -24.220 0.1000000015
111053  32.298  -68.914  -24.585 0.1000000015
13961  30.942  -69.687  -25.172 0.1000000015
13975  31.943  -69.305  -25.319 0.1000000015
11382  36.710  -72.478  -25.515 0.1000000015
13086  32.467  -69.636  -26.062 0.1000000015
13084  34.543  -70.176  -25.527 0.1000000015
13097  34.221  -70.706  -26.226 0.1000000015
12238  34.582  -71.455  -26.443 0.1000000015
9082  32.403  -76.443  -22.842 0.1000000015
13087  30.814  -69.971  -25.942 0.1000000015
110881  32.834  -70.232  -26.615 0.1000000015
12207  30.924  -71.062  -23.049 0.1000000015
13075  35.209  -69.962  -25.076 0.1000000015
9081  34.196  -76.407  -22.733 0.1000000015
9080  34.931  -76.633  -22.409 0.1000000015
10554  33.230  -73.004  -22.821 0.1000000015
13049  31.956  -70.287  -22.299 0.1000000015
13928  31.892  -69.455  -22.811 0.1000000015
13974  32.957  -69.210  -25.247 0.1000000015
13061  37.530  -70.719  -23.666 0.1000000015
12174  32.888  -71.377  -21.726 0.1000000015
9070  35.925  -76.624  -21.815 0.1000000015
14860  33.369  -68.408  -23.368 0.1000000015
14845  33.933  -68.109  -22.728 0.1000000015
122066  35.553  -74.203  -21.218 0.1000000015
13013  33.685  -70.784  -20.564 0.1000000015
115480  33.617  -68.264  -21.997 0.1000000015
13927  36.723  -68.552  -22.887 0.1000000015
11290  35.421  -73.037  -20.114 0.1000000015
12161  34.259  -71.600  -20.293 0.1000000015
112715  34.357  -70.348  -19.288 0.1000000015
13884  34.000  -69.688  -19.604 0.1000000015
14808  33.658  -68.824  -20.555 0.1000000015
14828  36.261  -67.791  -21.741 0.1000000015
13908  40.838  -70.135  -21.802 0.1000000015
12189  40.414  -71.060  -22.010 0.1000000015
12138  35.060  -71.531  -18.964 0.1000000015
12996  34.809  -70.555  -18.614 0.1000000015
121800  39.588  -67.923  -21.934 0.1000000015
109101  41.557  -69.361  -21.740 0.1000000015
11264  36.275  -72.771  -18.339 0.1000000015
114066  36.250  -67.436  -20.578 0.1000000015
15787  36.292  -67.379  -19.903 0.1000000015
15809  39.985  -67.327  -21.571 0.1000000015
14825  41.252  -68.346  -21.872 0.1000000015
127632  37.277  -74.592  -18.017 0.1000000015
113026  36.646  -70.999  -17.271 0.1000000015
128746  35.906  -69.797  -17.605 0.1000000015
15777  36.399  -67.360  -19.117 0.1000000015
16715  40.290  -66.189  -20.513 0.1000000015
15806  43.069  -67.892  -21.485 0.1000000015
15804  45.114  -68.488  -21.405 0.1000000015
15766  36.763  -67.784  -17.941 0.1000000015
16684  37.887  -67.070  -18.132 0.1000000015
15803  46.048  -68.176  -21.231 0.1000000015
16733  43.676  -67.266  -21.312 0.1000000015
16732  44.641  -67.493  -21.355 0.1000000015
15802  46.690  -67.760  -21.127 0.1000000015
11239  37.747  -72.837  -17.050 0.1000000015
14786  37.608  -68.744  -17.189 0.1000000015
17562  43.035  -65.098  -19.751 0.1000000015
16714  41.732  -66.141  -20.604 0.1000000015
113921  41.073  -66.040  -20.335 0.1000000015
17583  40.751  -65.786  -19.827 0.1000000015
17566  39.673  -65.927  -19.128 0.1000000015
125020  44.991  -66.188  -20.852 0.1000000015
119134  47.884  -64.350  -19.013 0.1000000015
107242  46.478  -66.130  -20.538 0.1000000015
16712  43.328  -66.513  -21.120 0.1000000015
16710  45.251  -66.883  -21.176 0.1000000015
18355  48.689  -64.362  -19.112 0.1000000015
129237  46.874  -66.848  -20.557 0.1000000015
15784  47.042  -67.122  -20.672 0.1000000015
15800  47.650  -67.101  -21.690 0.1000000015
15801  47.252  -67.392  -21.067 0.1000000015
16689  39.489  -66.144  -18.444 0.1000000015
18359  42.893  -64.994  -18.805 0.1000000015
17553  42.080  -65.183  -18.527 0.1000000015
18344  49.020  -63.468  -18.549 0.1000000015
14776  38.416  -69.074  -16.881 0.1000000015
15763  39.083  -67.203  -17.386 0.1000000015
17530  42.494  -65.775  -17.199 0.1000000015
15752  40.809  -67.497  -16.927 0.1000000015
18436  47.761  -65.004  -27.771 0.3000000119
19274  46.362  -64.294  -27.795 0.3000000119
19275  45.676  -63.863  -27.486 0.4000000060
112213  46.225  -64.447  -28.604 0.3000000119
19280  45.100  -63.512  -28.118 0.4000000060
16799  41.371  -66.570  -27.663 0.1000000015
122851  42.060  -66.311  -29.146 0.1000000015
16830  43.299  -66.467  -30.358 0.2000000030
17704  46.759  -65.884  -32.873 0.3000000119
118721  45.679  -61.168  -29.618 0.4000000060
18435  48.108  -65.230  -27.293 0.3000000119
19309  48.894  -64.391  -32.247 0.4000000060
19292  48.363  -63.983  -31.471 0.4000000060
16845  45.157  -66.439  -31.389 0.2000000030
18489  47.260  -65.271  -33.292 0.3000000119
19291  49.288  -63.566  -31.819 0.4000000060
20147  47.610  -62.910  -30.649 0.4000000060
20988  46.182  -61.729  -29.887 0.4000000060
16791  40.000  -66.889  -26.666 0.1000000015
123357  44.178  -66.050  -31.283 0.3000000119
20146  48.932  -63.145  -30.890 0.4000000060
21004  47.031  -61.944  -30.152 0.4000000060
16800  40.435  -66.429  -27.429 0.1000000015
109982  45.366  -60.458  -29.430 0.5000000000
111553  43.732  -65.371  -31.413 0.2000000030
18473  45.607  -65.251  -32.311 0.3000000119
18471  48.500  -64.478  -32.759 0.3000000119
21003  48.420  -61.966  -30.543 0.4000000060
110036  44.119  -59.468  -29.398 0.4000000060
22669  43.344  -59.184  -29.355 0.4000000060
19308  49.187  -63.850  -32.254 0.4000000060
20145  49.272  -62.900  -31.445 0.4000000060
20987  47.581  -61.346  -30.026 0.4000000060
21803  47.392  -60.686  -29.765 0.4000000060
21804  46.271  -60.357  -29.593 0.5000000000
126745  40.796  -65.628  -28.724 0.2000000030
16823  41.369  -65.841  -29.023 0.2000000030
17665  42.041  -65.826  -29.659 0.2000000030
19310  45.381  -64.322  -32.358 0.2000000030
17673  42.640  -65.884  -30.380 0.2000000030
19329  48.248  -64.067  -33.189 0.3000000119
19328  48.805  -63.825  -32.777 0.3000000119
16801  39.340  -66.406  -27.311 0.1000000015
21002  49.063  -62.150  -31.023 0.4000000060
18490  46.424  -64.911  -32.936 0.3000000119
20163  49.395  -63.188  -31.800 0.4000000060
21802  48.454  -61.074  -30.059 0.4000000060
109365  45.532  -59.741  -29.440 0.5000000000
22668  44.862  -59.196  -29.441 0.5000000000
21815  49.091  -61.340  -30.731 0.4000000060
108275  48.244  -60.296  -29.730 0.4000000060
22667  46.356  -59.550  -29.545 0.5000000000
23529  45.868  -58.825  -29.525 0.5000000000
109364  44.159  -58.716  -29.467 0.4000000060
109169  41.443  -65.354  -29.582 0.2000000030
17688  42.755  -65.157  -31.023 0.2000000030
18474  44.379  -64.659  -31.809 0.2000000030
19331  46.161  -64.123  -32.826 0.4000000060
117361  47.575  -63.887  -33.376 0.3000000119
113095  46.593  -63.564  -32.950 0.4000000060
20179  48.329  -63.206  -33.213 0.3000000119
107427  47.054  -59.012  -29.586 0.5000000000
23530  44.968  -58.324  -29.546 0.5000000000
23531  43.486  -58.250  -29.468 0.4000000060
109910  42.728  -58.473  -29.321 0.4000000060
20180  47.187  -62.857  -33.037 0.4000000060
21016  49.150  -61.780  -31.196 0.4000000060
21801  49.328  -60.735  -30.461 0.4000000060
17674  41.982  -65.077  -30.187 0.2000000030
17666  40.746  -65.211  -29.177 0.2000000030
18475  43.370  -64.648  -31.442 0.2000000030
109363  42.906  -57.685  -29.434 0.4000000060
19311  44.535  -63.804  -31.998 0.2000000030
123323  49.214  -62.320  -32.226 0.3000000119
21800  49.700  -60.291  -30.469 0.4000000060
22666  49.029  -59.942  -29.589 0.4000000060
16812  39.307  -65.727  -28.069 0.2000000030
18476  42.700  -64.208  -31.196 0.2000000030
19332  45.356  -63.364  -32.408 0.3000000119
20181  45.998  -62.577  -32.655 0.4000000060
23532  42.108  -57.895  -29.291 0.4000000060
21033  48.659  -62.289  -32.929 0.3000000119
107428  48.091  -59.465  -29.531 0.5000000000
107423  45.727  -57.968  -29.529 0.5000000000
116141  39.869  -56.784  -28.845 0.4000000060
17667  40.009  -64.861  -28.945 0.2000000030
17675  41.114  -64.768  -29.836 0.2000000030
21828  49.605  -60.657  -31.261 0.4000000060
22665  49.689  -60.176  -30.076 0.4000000060
24445  45.084  -57.353  -29.656 0.5000000000
24446  43.191  -56.833  -29.571 0.4000000060
17656  38.466  -65.355  -28.362 0.2000000030
19294  41.874  -63.735  -30.866 0.2000000030
19312  43.583  -63.785  -31.592 0.2000000030
20164  44.235  -63.009  -31.893 0.2000000030
120054  48.871  -61.531  -32.509 0.4000000060
107425  48.136  -58.485  -29.324 0.5000000000
107424  46.735  -58.025  -29.454 0.5000000000
17657  37.625  -65.640  -28.158 0.2000000030
21034  47.727  -62.092  -33.192 0.4000000060
21032  49.242  -61.699  -31.651 0.3000000119
23528  48.975  -59.242  -29.313 0.5000000000
107571  44.218  -57.879  -29.609 0.5000000000
18445  37.597  -64.842  -28.777 0.2000000030
26323  39.712  -55.027  -28.062 0.4000000060
126767  39.277  -55.264  -27.014 0.2000000030
24449  40.726  -56.580  -29.141 0.4000000060
24447  42.303  -57.068  -29.380 0.4000000060
18452  40.297  -64.536  -29.557 0.2000000030
107320  44.104  -57.032  -29.757 0.4000000060
25406  42.484  -56.237  -29.347 0.4000000060
19313  42.712  -63.300  -31.268 0.2000000030
117160  43.419  -62.887  -31.547 0.2000000030
127985  41.103  -63.794  -30.526 0.2000000030
26333  40.236  -55.242  -28.678 0.4000000060
26352  41.843  -55.607  -29.126 0.4000000060
26351  42.727  -55.396  -29.201 0.4000000060
22664  50.376  -59.617  -30.204 0.3000000119
24443  47.610  -57.267  -29.316 0.5000000000
24444  46.117  -57.304  -29.527 0.5000000000
127936  43.172  -56.022  -29.460 0.4000000060
116878  47.090  -61.173  -33.224 0.4000000060
21848  49.166  -60.818  -32.019 0.4000000060
22680  50.332  -59.665  -30.482 0.3000000119
107426  49.658  -58.682  -29.315 0.4000000060
21849  48.391  -60.652  -32.826 0.4000000060
24442  48.874  -57.639  -29.265 0.5000000000
19314  42.005  -62.774  -30.998 0.2000000030
26332  41.240  -54.855  -28.799 0.4000000060
25404  44.778  -56.377  -29.562 0.5000000000
25403  45.770  -56.496  -29.495 0.5000000000
24441  50.725  -58.348  -29.561 0.4000000060
122922  46.703  -56.680  -29.404 0.5000000000
25400  49.604  -56.875  -29.278 0.5000000000
122141  49.889  -57.839  -29.264 0.5000000000
107514  45.681  -64.020  -28.378 0.4000000060
25392  40.017  -55.981  -28.955 0.4000000060
25407  41.625  -56.425  -29.251 0.4000000060
25402  47.487  -56.177  -29.058 0.5000000000
16808  47.417  -66.510  -29.640 0.3000000119
17654  47.499  -65.928  -29.274 0.3000000119
18450  47.030  -65.486  -29.891 0.2000000030
18442  46.555  -64.859  -29.272 0.2000000030
14915  46.554  -67.628  -28.070 0.2000000030
118133  47.280  -67.103  -29.901 0.3000000119
17672  47.477  -66.258  -31.354 0.3000000119
17664  47.430  -65.537  -30.712 0.3000000119
14939  46.497  -67.727  -29.821 0.2000000030
16827  46.879  -67.154  -31.366 0.2000000030
117095  47.182  -66.753  -31.718 0.2000000030
16829  44.244  -66.700  -30.702 0.2000000030
16815  35.753  -66.368  -28.397 0.1000000015
16816  35.449  -66.278  -29.130 0.1000000015
22693  42.448  -59.370  -31.714 0.1000000015
125711  47.933  -65.877  -27.905 0.2000000030
17653  47.801  -65.647  -28.237 0.2000000030
15876  47.456  -66.755  -28.252 0.2000000030
16807  47.662  -66.237  -28.589 0.2000000030
14879  46.325  -67.831  -26.013 0.1000000015
14905  46.514  -67.712  -27.373 0.1000000015
15877  47.032  -67.200  -27.866 0.2000000030
14894  46.402  -67.823  -26.727 0.1000000015
14906  46.081  -68.139  -27.378 0.1000000015
16813  38.428  -66.009  -27.730 0.1000000015
117238  36.255  -65.912  -28.257 0.1000000015
20149  41.422  -62.336  -30.858 0.1000000015
20165  42.015  -61.795  -31.158 0.1000000015
121071  43.794  -60.970  -31.892 0.1000000015
21829  44.619  -60.419  -32.303 0.1000000015
21005  41.152  -61.700  -30.900 0.1000000015
21019  42.238  -60.976  -31.442 0.1000000015
122359  43.810  -60.207  -31.964 0.1000000015
22713  45.798  -59.494  -32.514 0.1000000015
22692  43.435  -59.606  -31.884 0.1000000015
106876  44.520  -59.012  -32.048 0.1000000015
23555  46.821  -58.055  -31.901 0.1000000015
23556  45.761  -58.157  -31.942 0.1000000015
24471  46.954  -56.972  -31.609 0.1000000015
15865  47.489  -66.754  -27.600 0.2000000030
15866  46.967  -67.271  -27.195 0.1000000015
119259  46.130  -61.008  -32.911 0.1000000015
22689  50.146  -59.715  -31.161 0.3000000119
19296  40.422  -63.541  -30.396 0.1000000015
19295  41.119  -63.083  -30.707 0.1000000015
112976  42.826  -62.361  -31.333 0.1000000015
115329  45.298  -60.916  -32.580 0.1000000015
22711  47.861  -59.826  -32.748 0.2000000030
22690  49.661  -59.517  -31.856 0.3000000119
118650  52.017  -57.363  -30.429 0.3000000119
25399  50.617  -56.179  -29.386 0.3000000119
17659  35.985  -65.535  -28.932 0.1000000015
19284  38.842  -63.667  -29.754 0.1000000015
22712  46.676  -59.772  -32.841 0.1000000015
23567  48.660  -59.138  -32.330 0.2000000030
25419  52.356  -56.747  -30.877 0.3000000119
20151  39.864  -62.278  -30.481 0.1000000015
23569  46.257  -58.928  -32.319 0.1000000015
114203  50.673  -56.707  -31.448 0.2000000030
26363  52.340  -55.974  -30.987 0.3000000119
24470  47.639  -57.486  -31.721 0.1000000015
25429  49.468  -56.442  -31.546 0.2000000030
27286  51.561  -54.816  -31.288 0.4000000060
119330  46.162  -57.398  -31.793 0.1000000015
25430  48.036  -56.642  -31.545 0.1000000015
114743  49.970  -55.232  -31.932 0.3000000119
19188  49.434  -63.390  -20.949 0.1000000015
17604  49.553  -64.509  -23.004 0.1000000015
110475  46.481  -55.729  -29.059 0.4000000060
25401  48.495  -56.551  -29.094 0.4000000060
110117  50.718  -57.316  -29.423 0.3000000119
26346  49.436  -55.686  -28.923 0.4000000060
26345  50.583  -55.046  -29.412 0.4000000060
26326  49.655  -54.477  -28.929 0.4000000060
27276  51.403  -54.782  -30.341 0.4000000060
27287  50.866  -54.109  -30.477 0.5000000000
118915  50.922  -54.814  -31.774 0.3000000119
28198  50.213  -53.806  -30.761 0.5000000000
25431  46.135  -56.467  -31.869 0.2000000030
121086  47.394  -56.057  -31.684 0.1000000015
109289  50.284  -54.285  -31.629 0.4000000060
24473  44.558  -57.003  -31.812 0.1000000015
26374  45.518  -55.907  -32.124 0.1000000015
26372  48.304  -55.361  -32.173 0.2000000030
112973  48.672  -55.734  -31.736 0.2000000030
25434  42.882  -56.776  -32.145 0.1000000015
109748  43.748  -56.774  -31.968 0.1000000015
26373  46.685  -55.742  -32.081 0.2000000030
123218  41.432  -56.849  -32.064 0.1000000015
25441  42.471  -56.299  -32.467 0.1000000015
26349  44.496  -55.540  -29.281 0.4000000060
123937  45.904  -55.093  -28.724 0.4000000060
26347  48.271  -55.597  -28.578 0.4000000060
26348  47.394  -55.324  -28.433 0.4000000060
26327  48.846  -54.942  -28.470 0.4000000060
26329  47.424  -54.581  -27.975 0.4000000060
122519  50.459  -54.065  -29.663 0.4000000060
28176  49.077  -52.761  -29.334 0.4000000060
28156  48.801  -52.886  -28.616 0.4000000060
28187  49.296  -53.147  -30.056 0.5000000000
26371  49.482  -54.859  -32.304 0.3000000119
124099  50.090  -54.698  -31.960 0.4000000060
28199  49.370  -53.741  -31.198 0.4000000060
109560  45.161  -55.405  -32.828 0.2000000030
26398  46.265  -55.316  -33.089 0.2000000030
26384  43.566  -55.679  -32.937 0.1000000015
26383  44.360  -55.722  -32.627 0.2000000030
21878  38.922  -60.313  -34.075 0.1000000015
27278  45.117  -54.885  -28.808 0.4000000060
27279  44.188  -54.799  -28.867 0.4000000060
27259  45.898  -54.291  -28.124 0.4000000060
28157  47.451  -52.709  -27.734 0.4000000060
27258  46.979  -53.990  -27.695 0.4000000060
123430  48.259  -52.437  -28.266 0.4000000060
28177  48.500  -52.332  -29.365 0.4000000060
29113  48.524  -52.006  -28.839 0.4000000060
28188  48.434  -53.064  -30.241 0.3000000119
112270  48.110  -53.637  -31.296 0.4000000060
26380  48.783  -55.047  -32.802 0.3000000119
27294  49.333  -54.487  -32.520 0.3000000119
27293  49.623  -54.431  -31.993 0.4000000060
26399  44.409  -55.545  -33.248 0.2000000030
115331  46.755  -55.587  -34.182 0.2000000030
26397  47.781  -55.303  -33.395 0.2000000030
26401  42.838  -55.728  -33.365 0.2000000030
21055  39.708  -61.478  -34.630 0.1000000015
20206  38.930  -61.942  -34.332 0.1000000015
22737  39.303  -59.648  -34.136 0.1000000015
26331  42.076  -54.971  -28.970 0.3000000119
27261  43.773  -54.199  -28.345 0.4000000060
27280  43.297  -54.768  -28.935 0.3000000119
28159  45.543  -53.611  -27.640 0.4000000060
28150  45.692  -52.672  -27.344 0.4000000060
28158  46.380  -53.326  -27.459 0.4000000060
28149  47.321  -51.866  -28.021 0.4000000060
29097  46.647  -52.283  -27.541 0.4000000060
29128  47.901  -51.619  -28.992 0.4000000060
29986  47.447  -51.640  -28.509 0.4000000060
28178  47.779  -52.148  -29.580 0.3000000119
125801  49.442  -53.683  -34.016 0.3000000119
107901  47.917  -53.483  -33.021 0.3000000119
28211  47.886  -53.775  -32.174 0.3000000119
28201  46.843  -53.644  -31.481 0.3000000119
28189  47.254  -53.232  -30.461 0.3000000119
116347  47.138  -55.733  -35.674 0.2000000030
26420  50.254  -55.254  -34.413 0.3000000119
26395  50.599  -54.903  -33.757 0.2000000030
28210  48.925  -54.130  -32.670 0.3000000119
28200  49.000  -54.082  -32.009 0.3000000119
126547  45.162  -55.870  -34.403 0.2000000030
26396  49.425  -55.114  -33.543 0.2000000030
26424  43.935  -56.012  -34.641 0.2000000030
27263  41.360  -53.988  -28.269 0.3000000119
123431  41.590  -53.240  -27.417 0.3000000119
27262  42.044  -54.363  -28.671 0.3000000119
113456  42.865  -54.217  -28.517 0.4000000060
124110  42.593  -54.732  -28.901 0.3000000119
29100  44.315  -52.147  -26.795 0.3000000119
28152  43.842  -52.926  -27.186 0.4000000060
29099  45.262  -51.623  -27.267 0.4000000060
29988  45.810  -51.130  -27.939 0.4000000060
29098  46.087  -51.767  -27.559 0.4000000060
30020  45.710  -51.180  -28.957 0.3000000119
124081  46.993  -51.544  -28.784 0.4000000060
29987  46.693  -51.555  -28.134 0.4000000060
28212  45.650  -52.691  -33.085 0.3000000119
28202  45.746  -53.506  -31.902 0.2000000030
28191  44.932  -53.203  -30.539 0.2000000030
127072  45.987  -52.836  -29.848 0.2000000030
28179  46.739  -52.557  -29.762 0.3000000119
29129  47.087  -51.691  -29.228 0.3000000119
107785  47.984  -53.181  -34.041 0.3000000119
109281  46.701  -53.449  -32.524 0.3000000119
28190  45.908  -53.401  -30.593 0.2000000030
113637  47.340  -55.723  -36.952 0.2000000030
27348  49.409  -54.941  -36.534 0.3000000119
28259  50.286  -54.362  -35.395 0.3000000119
28244  50.234  -54.054  -34.507 0.3000000119
109266  40.065  -54.381  -27.419 0.3000000119
27264  40.498  -54.490  -28.221 0.3000000119
30005  44.716  -50.446  -28.275 0.3000000119
29133  43.056  -52.131  -29.622 0.2000000030
29132  44.065  -52.103  -29.475 0.2000000030
30021  44.797  -50.895  -28.951 0.2000000030
29151  43.589  -52.662  -31.660 0.2000000030
29141  44.452  -52.853  -30.001 0.2000000030
29131  45.077  -52.032  -29.339 0.2000000030
109984  39.440  -55.144  -27.417 0.2000000030
25436  41.006  -56.705  -32.444 0.1000000015
26386  42.044  -55.947  -32.951 0.1000000015
26438  44.992  -56.156  -35.132 0.2000000030
19278  46.099  -64.058  -29.402 0.3000000119
18451  46.682  -64.766  -30.134 0.3000000119
16842  47.109  -66.281  -32.633 0.2000000030
116805  49.369  -63.411  -22.024 0.1000000015
17650  48.005  -65.780  -27.433 0.2000000030
18437  46.997  -64.764  -28.263 0.2000000030
20182  44.882  -62.311  -32.253 0.1000000015
22709  49.493  -60.178  -31.653 0.3000000119
21017  43.817  -62.030  -31.750 0.1000000015
26350  43.625  -55.445  -29.279 0.3000000119
21850  47.398  -60.529  -33.139 0.3000000119
23544  51.614  -58.563  -30.368 0.2000000030
22710  48.894  -60.034  -32.305 0.2000000030
111517  47.336  -66.823  -29.015 0.2000000030
17663  47.472  -66.157  -30.301 0.3000000119
15903  47.008  -67.340  -29.284 0.1000000015
119832  47.109  -67.214  -30.733 0.2000000030
126383  43.858  -59.142  -31.992 0.1000000015
16798  47.812  -66.295  -27.870 0.2000000030
121220  40.327  -62.899  -30.526 0.1000000015
21018  42.965  -61.415  -31.470 0.1000000015
21851  45.720  -60.222  -32.713 0.1000000015
22691  44.213  -59.665  -32.098 0.1000000015
22714  45.347  -58.921  -32.163 0.1000000015
23554  47.976  -58.274  -32.108 0.1000000015
126043  46.590  -60.515  -33.065 0.2000000030
23552  51.746  -58.194  -30.770 0.3000000119
23568  47.338  -59.002  -32.413 0.2000000030
23553  50.966  -58.459  -31.293 0.3000000119
26344  52.034  -55.727  -30.617 0.4000000060
128764  48.815  -58.473  -32.077 0.3000000119
24467  51.550  -57.364  -31.184 0.3000000119
25428  50.761  -55.799  -31.614 0.3000000119
26330  46.656  -54.873  -28.312 0.4000000060
27256  48.799  -54.035  -28.510 0.4000000060
115540  45.060  -55.677  -32.407 0.2000000030
26382  45.893  -55.519  -32.495 0.2000000030
26328  48.139  -54.758  -28.106 0.4000000060
27260  44.812  -54.131  -28.137 0.4000000060
26379  49.579  -54.581  -33.199 0.3000000119
26421  48.468  -55.449  -34.786 0.2000000030
28160  44.231  -53.568  -27.671 0.4000000060
28161  43.286  -53.594  -27.895 0.4000000060
121164  44.988  -53.392  -27.559 0.4000000060
28229  46.755  -52.829  -33.523 0.3000000119
26436  48.363  -55.572  -36.473 0.2000000030
26435  49.613  -55.328  -35.725 0.2000000030
28153  42.793  -53.014  -27.340 0.4000000060
107764  45.385  -50.756  -28.397 0.4000000060
29130  46.093  -51.987  -29.389 0.2000000030
29161  44.661  -52.247  -32.999 0.2000000030
28213  45.010  -52.961  -32.313 0.2000000030
28192  44.206  -53.117  -30.962 0.2000000030
28162  42.288  -53.660  -28.133 0.2000000030
29102  42.328  -52.511  -26.565 0.3000000119
27255  40.778  -53.871  -27.678 0.2000000030
28146  40.659  -53.521  -26.876 0.2000000030
14940  46.106  -67.891  -29.977 0.1000000015
15904  45.669  -68.056  -29.565 0.1000000015
15915  45.595  -67.801  -30.031 0.1000000015
16789  47.931  -65.811  -26.215 0.1000000015
15926  46.439  -67.233  -31.246 0.1000000015
15906  44.307  -67.678  -29.304 0.1000000015
16844  46.240  -66.810  -31.799 0.1000000015
15916  44.766  -67.462  -30.011 0.1000000015
26320  39.684  -54.859  -26.843 0.1000000015
27232  40.899  -54.973  -25.092 0.1000000015
27249  40.213  -54.639  -26.306 0.1000000015
27253  40.149  -54.158  -26.759 0.1000000015
27241  40.603  -54.179  -25.430 0.1000000015
28141  40.557  -53.710  -26.166 0.1000000015
122424  41.309  -52.803  -26.551 0.1000000015
28145  40.907  -52.879  -26.029 0.1000000015
124426  41.175  -52.333  -25.496 0.2000000030
29093  43.712  -51.731  -26.509 0.2000000030
29090  40.998  -52.041  -25.092 0.2000000030
29095  41.762  -52.270  -25.889 0.2000000030
29094  42.817  -51.944  -26.053 0.2000000030
29101  43.400  -52.353  -26.624 0.2000000030
116493  40.766  -51.644  -24.654 0.2000000030
29984  41.929  -51.676  -25.624 0.2000000030
29092  44.482  -51.311  -26.971 0.2000000030
29989  45.033  -50.674  -27.668 0.2000000030
30923  43.976  -50.358  -28.125 0.1000000015
29076  40.786  -52.476  -24.367 0.2000000030
29983  43.099  -51.245  -26.175 0.2000000030
29982  43.888  -51.204  -26.744 0.2000000030
30898  43.603  -50.712  -26.942 0.1000000015
30905  43.171  -50.392  -27.583 0.1000000015
30904  43.955  -50.477  -27.605 0.1000000015
26312  39.854  -55.386  -26.088 0.1000000015
26311  40.549  -55.332  -25.714 0.1000000015
28277  48.017  -54.029  -36.753 0.2000000030
28245  48.872  -53.310  -34.767 0.2000000030
28260  48.377  -53.371  -35.730 0.2000000030
119513  47.779  -54.685  -37.488 0.2000000030
28262  46.149  -53.206  -36.187 0.2000000030
29190  46.675  -52.469  -34.319 0.2000000030
28261  47.068  -53.044  -35.893 0.2000000030
29205  46.577  -52.462  -34.896 0.2000000030
28279  45.673  -53.757  -36.846 0.2000000030
29206  45.992  -52.550  -35.236 0.1000000015
28263  45.104  -53.138  -35.579 0.2000000030
29191  45.772  -52.082  -34.301 0.2000000030
29176  45.169  -51.917  -33.746 0.2000000030
28247  44.412  -52.561  -34.676 0.1000000015
106996  44.807  -51.869  -34.113 0.1000000015
28265  42.900  -53.593  -35.458 0.1000000015
27337  42.473  -54.206  -36.317 0.1000000015
29162  43.852  -52.085  -32.709 0.1000000015
29193  43.896  -51.852  -34.046 0.1000000015
29177  44.117  -51.802  -33.544 0.1000000015
28248  43.405  -52.807  -34.626 0.1000000015
28266  41.889  -53.748  -35.569 0.1000000015
28249  42.311  -53.073  -34.708 0.1000000015
28267  40.564  -53.159  -35.701 0.1000000015
110310  40.681  -51.860  -23.804 0.1000000015
29951  40.794  -51.791  -22.947 0.1000000015
29142  43.452  -52.747  -30.450 0.1000000015
29150  44.333  -52.784  -32.031 0.1000000015
29178  43.297  -51.590  -33.442 0.1000000015
29163  43.329  -51.488  -33.060 0.1000000015
29194  42.898  -52.132  -33.983 0.1000000015
128500  40.806  -52.620  -34.851 0.1000000015
29979  41.330  -51.297  -25.307 0.1000000015
30038  41.703  -51.516  -31.899 0.1000000015
29143  42.371  -52.531  -30.613 0.1000000015
30957  41.480  -50.536  -32.444 0.1000000015
129421  42.281  -51.390  -32.390 0.1000000015
106901  43.104  -52.075  -32.267 0.1000000015
117980  42.907  -52.554  -31.384 0.1000000015
30965  41.677  -50.312  -32.940 0.1000000015
30047  42.721  -51.206  -33.107 0.1000000015
30966  41.214  -50.139  -33.341 0.1000000015
30056  41.913  -50.807  -33.156 0.1000000015
29179  42.486  -51.447  -33.503 0.1000000015
118171  40.509  -50.464  -34.353 0.1000000015
30057  40.850  -51.068  -33.837 0.1000000015
29180  41.490  -51.478  -33.767 0.1000000015
29196  40.770  -51.916  -34.351 0.1000000015
29952  40.558  -51.110  -23.418 0.1000000015
29964  40.585  -51.163  -24.183 0.1000000015
29134  42.101  -52.098  -29.723 0.1000000015
31884  40.843  -48.982  -33.019 0.1000000015
117784  40.834  -49.553  -33.679 0.1000000015
28264  43.948  -53.361  -35.480 0.1000000015
29195  41.656  -52.324  -34.230 0.1000000015
29207  40.392  -52.182  -35.247 0.1000000015
29153  41.718  -52.305  -31.108 0.1000000015
21076  42.851  -62.302  -36.869 0.1000000015
21075  43.084  -61.834  -37.652 0.1000000015
20225  42.930  -62.797  -37.387 0.1000000015
19382  42.867  -63.283  -36.615 0.1000000015
18542  42.866  -64.747  -36.325 0.1000000015
17743  43.117  -66.002  -35.951 0.1000000015
15030  43.155  -68.073  -36.528 0.1000000015
21904  42.667  -61.343  -36.801 0.1000000015
19395  42.888  -63.564  -37.170 0.1000000015
18526  42.983  -64.646  -36.076 0.1000000015
21918  43.425  -61.047  -38.108 0.1000000015
22781  43.772  -60.275  -37.828 0.1000000015
22770  43.447  -60.006  -37.127 0.1000000015
22771  42.612  -60.412  -36.579 0.1000000015
20217  42.302  -62.532  -36.265 0.1000000015
111595  42.673  -62.472  -38.324 0.1000000015
23625  43.482  -59.103  -36.967 0.1000000015
23626  42.568  -59.432  -36.382 0.1000000015
21088  42.913  -61.736  -38.568 0.1000000015
21917  43.575  -60.316  -38.418 0.1000000015
107231  42.354  -59.005  -39.393 0.1000000015
21927  42.247  -60.860  -39.324 0.1000000015
22789  42.758  -60.154  -39.147 0.1000000015
127199  41.898  -59.735  -39.487 0.1000000015
21903  43.275  -60.858  -37.393 0.1000000015
15031  41.618  -68.197  -36.617 0.1000000015
8390  35.031  -77.123  -22.082 0.1000000015
11321  33.729  -73.003  -22.150 0.1000000015
11396  34.802  -72.210  -26.705 0.1000000015
12150  35.297  -72.121  -19.341 0.1000000015
12239  33.513  -70.632  -26.617 0.1000000015
13062  36.989  -69.938  -23.740 0.1000000015
13868  36.363  -69.418  -17.488 0.1000000015
13923  40.109  -70.223  -22.127 0.1000000015
14791  36.214  -68.106  -18.119 0.1000000015
14793  34.743  -68.807  -18.843 0.1000000015
14823  44.320  -69.168  -21.467 0.1000000015
14870  35.027  -68.908  -24.344 0.1000000015
14871  34.317  -68.655  -24.240 0.1000000015
14872  33.516  -68.540  -24.058 0.1000000015
14895  46.092  -68.271  -26.803 0.1000000015
14928  46.760  -67.567  -29.613 0.1000000015
14931  45.377  -68.259  -29.041 0.1000000015
15789  34.841  -67.641  -20.577 0.1000000015
15807  41.718  -67.748  -21.602 0.1000000015
15851  46.807  -67.275  -26.345 0.1000000015
15890  47.081  -67.199  -28.522 0.2000000030
15913  46.932  -67.468  -29.986 0.2000000030
15914  46.597  -67.473  -30.525 0.2000000030
15993  42.537  -67.375  -36.396 0.1000000015
16697  38.429  -66.360  -19.228 0.1000000015
16810  41.738  -66.406  -28.484 0.1000000015
16811  40.844  -66.052  -28.254 0.2000000030
16820  47.399  -66.790  -30.663 0.3000000119
16828  45.536  -67.217  -30.816 0.1000000015
16843  46.830  -66.779  -32.005 0.1000000015
16857  46.804  -66.423  -32.525 0.4000000060
17642  49.304  -64.009  -25.157 0.2000000030
17655  40.169  -65.484  -28.498 0.2000000030
17685  45.921  -66.161  -32.189 0.3000000119
17686  44.815  -65.601  -31.674 0.3000000119
17687  43.378  -65.998  -30.952 0.2000000030
17703  47.304  -65.893  -33.022 0.4000000060
18358  43.635  -64.719  -19.119 0.1000000015
18413  49.582  -63.468  -24.594 0.2000000030
18441  47.372  -65.385  -28.766 0.2000000030
18443  39.316  -65.098  -28.640 0.2000000030
18444  38.565  -64.753  -28.806 0.2000000030
18446  36.673  -64.798  -29.201 0.1000000015
18460  42.150  -64.499  -30.750 0.2000000030
18461  41.468  -64.357  -30.418 0.2000000030
18462  40.689  -64.177  -30.152 0.2000000030
18463  39.842  -63.936  -29.943 0.1000000015
18472  48.113  -65.184  -32.493 0.5000000000
18477  36.291  -64.231  -31.780 0.1000000015
18488  47.775  -65.305  -33.038 0.4000000060
19160  49.233  -62.563  -18.808 0.1000000015
19161  49.185  -62.771  -18.180 0.1000000015
19168  49.388  -63.019  -19.391 0.1000000015
19206  49.564  -63.305  -23.168 0.2000000030
19227  43.488  -63.972  -23.724 0.5000000000
19262  48.746  -63.600  -25.700 0.3000000119
19268  47.722  -64.106  -26.614 0.3000000119
19297  39.521  -63.114  -30.266 0.1000000015
19298  38.447  -62.969  -30.181 0.2000000030
19300  36.664  -63.693  -30.799 0.1000000015
19330  47.008  -64.474  -33.413 0.3000000119
19381  42.787  -64.116  -36.502 0.1000000015
20078  41.331  -62.789  -22.979 0.5000000000
20144  49.158  -62.455  -31.281 0.4000000060
20150  40.720  -62.309  -30.668 0.1000000015
20153  37.975  -62.241  -30.430 0.1000000015
20167  36.682  -62.462  -31.718 0.1000000015
20177  49.516  -62.435  -31.951 0.3000000119
20178  49.216  -63.135  -32.432 0.3000000119
20960  42.230  -61.943  -26.714 0.5000000000
21007  39.299  -61.511  -30.563 0.1000000015
21022  37.450  -61.200  -31.541 0.1000000015
21035  46.622  -61.865  -32.865 0.4000000060
21036  45.558  -61.649  -32.565 0.1000000015
21037  44.622  -61.372  -32.251 0.1000000015
21056  38.882  -61.025  -34.256 0.1000000015
21783  42.007  -61.174  -27.953 0.6000000238
21816  49.041  -61.313  -30.531 0.4000000060
21830  42.971  -60.392  -31.616 0.1000000015
21834  39.048  -60.042  -30.936 0.1000000015
21852  45.033  -59.617  -32.329 0.1000000015
21853  37.627  -60.411  -31.984 0.1000000015
21864  38.276  -60.506  -33.613 0.1000000015
21877  39.572  -60.559  -34.455 0.1000000015
21926  43.020  -61.001  -38.800 0.1000000015
22653  39.423  -59.405  -27.472 0.5000000000
22658  41.394  -59.627  -28.552 0.5000000000
22663  51.053  -59.072  -30.242 0.3000000119
22688  51.097  -59.053  -30.751 0.3000000119
22695  40.329  -59.308  -31.238 0.1000000015
22698  37.978  -59.842  -31.700 0.1000000015
22716  37.929  -59.741  -32.248 0.1000000015
22725  38.855  -59.172  -33.366 0.2000000030
22738  38.673  -59.841  -33.690 0.2000000030
22788  43.568  -59.533  -38.718 0.2000000030
23519  39.579  -58.150  -28.296 0.5000000000
23525  51.479  -58.731  -30.067 0.4000000060
23526  50.736  -59.143  -29.877 0.4000000060
23527  49.818  -59.524  -29.682 0.4000000060
23551  51.993  -57.931  -30.577 0.3000000119
23561  38.903  -58.858  -31.746 0.1000000015
23571  38.823  -58.724  -32.191 0.1000000015
23610  41.610  -58.779  -35.697 0.1000000015
23635  44.780  -58.262  -38.341 0.2000000030
24439  51.942  -58.093  -30.364 0.2000000030
24440  51.584  -57.856  -29.862 0.3000000119
24461  52.200  -57.368  -30.725 0.3000000119
24466  52.171  -57.345  -30.834 0.3000000119
24468  50.215  -57.536  -31.519 0.3000000119
24469  48.784  -57.611  -31.688 0.1000000015
24484  40.264  -57.209  -32.554 0.1000000015
24494  39.717  -57.608  -32.984 0.2000000030
24509  40.376  -57.538  -34.234 0.1000000015
25397  52.301  -56.620  -30.739 0.3000000119
25398  51.682  -56.652  -29.983 0.3000000119
25405  43.879  -56.192  -29.603 0.4000000060
25408  40.913  -55.755  -29.060 0.4000000060
25426  52.242  -56.503  -31.066 0.3000000119
25427  51.520  -56.332  -31.330 0.3000000119
25433  44.547  -56.167  -32.139 0.2000000030
25435  42.070  -56.789  -32.024 0.1000000015
25440  43.482  -56.157  -32.457 0.1000000015
25442  41.703  -56.440  -32.426 0.1000000015
25450  40.755  -56.667  -33.106 0.2000000030
25467  42.437  -56.380  -34.748 0.2000000030
25511  45.800  -56.420  -38.521 0.3000000119
25512  45.438  -56.816  -38.758 0.3000000119
26364  52.041  -55.112  -30.994 0.3000000119
26370  51.803  -55.486  -31.266 0.3000000119
26381  47.248  -55.376  -32.580 0.2000000030
26385  42.846  -55.892  -32.796 0.1000000015
26394  51.050  -54.877  -34.006 0.2000000030
26400  43.679  -55.699  -33.710 0.2000000030
26418  51.109  -54.945  -34.410 0.3000000119
26419  51.055  -55.020  -34.203 0.3000000119
26422  45.909  -56.017  -34.846 0.2000000030
26423  45.393  -55.588  -33.716 0.2000000030
26425  43.018  -55.891  -34.232 0.3000000119
26434  50.713  -55.137  -35.083 0.3000000119
26447  49.930  -55.119  -36.044 0.2000000030
26448  48.995  -55.163  -36.672 0.3000000119
26450  45.856  -56.229  -37.144 0.3000000119
26486  40.363  -54.900  -39.842 0.1000000015
27257  48.065  -53.608  -27.953 0.4000000060
27277  49.484  -53.506  -29.157 0.4000000060
27292  51.007  -54.372  -31.216 0.5000000000
27311  50.940  -54.682  -34.169 0.3000000119
27334  50.783  -54.882  -35.199 0.3000000119
27335  50.110  -54.841  -35.953 0.3000000119
27349  48.616  -54.856  -37.063 0.3000000119
27351  46.227  -54.545  -37.742 0.3000000119
27385  40.684  -54.166  -39.614 0.1000000015
28151  44.744  -52.746  -27.230 0.3000000119
28186  49.922  -53.472  -29.916 0.5000000000
28203  44.963  -53.300  -31.381 0.2000000030
28227  50.386  -54.465  -33.768 0.2000000030
28228  49.154  -53.899  -33.388 0.3000000119
28243  50.878  -54.620  -34.661 0.3000000119
28246  47.581  -52.728  -34.969 0.2000000030
28250  41.311  -53.202  -35.060 0.1000000015
28276  49.280  -54.298  -36.301 0.3000000119
28278  46.956  -53.932  -37.227 0.2000000030
29114  47.955  -51.794  -28.397 0.4000000060
29140  45.356  -52.873  -29.890 0.2000000030
29152  42.328  -52.120  -31.804 0.1000000015
29175  45.988  -52.082  -33.831 0.2000000030
29192  45.235  -52.384  -34.684 0.1000000015
29981  44.292  -50.748  -27.269 0.1000000015
30004  46.124  -51.311  -28.570 0.4000000060
30019  46.450  -51.422  -29.009 0.3000000119
30030  41.111  -52.010  -30.851 0.1000000015
30037  42.705  -51.358  -32.700 0.1000000015
30048  42.146  -50.895  -32.807 0.1000000015
30068  40.440  -51.417  -34.678 0.1000000015
30903  44.471  -50.411  -27.818 0.1000000015
107031  45.421  -55.658  -29.215 0.4000000060
107066  48.977  -60.616  -29.817 0.4000000060
107306  46.642  -61.174  -29.812 0.4000000060
107322  43.226  -58.878  -31.914 0.1000000015
107588  47.213  -59.891  -29.651 0.4000000060
108182  49.189  -62.898  -20.604 0.2000000030
109253  40.035  -65.987  -27.885 0.2000000030
109473  41.812  -62.696  -21.326 0.4000000060
110965  49.772  -58.680  -31.884 0.2000000030
111131  49.915  -63.245  -24.093 0.2000000030
111502  40.793  -65.590  -18.519 0.1000000015
111749  44.551  -55.764  -34.094 0.2000000030
111978  46.733  -67.520  -28.768 0.2000000030
112330  51.394  -55.599  -29.875 0.4000000060
114665  47.752  -64.651  -33.315 0.3000000119
115417  39.562  -61.526  -23.703 0.4000000060
117110  49.480  -53.709  -35.388 0.3000000119
117428  48.064  -61.345  -33.204 0.4000000060
117929  36.239  -64.993  -29.806 0.2000000030
118764  43.753  -62.340  -19.917 0.2000000030
119510  47.936  -66.144  -27.197 0.1000000015
119987  39.396  -56.174  -28.710 0.5000000000
120454  45.774  -54.991  -38.162 0.3000000119
120775  41.336  -56.340  -32.857 0.2000000030
120961  50.436  -59.144  -31.452 0.3000000119
121194  45.166  -64.395  -19.161 0.1000000015
121907  48.789  -63.040  -23.636 0.2000000030
122944  51.496  -54.578  -30.929 0.4000000060
123410  50.443  -55.041  -35.614 0.3000000119
124591  43.571  -57.546  -29.583 0.4000000060
125001  46.095  -67.597  -30.518 0.1000000015
125066  37.380  -62.325  -30.805 0.1000000015
125750  38.224  -59.393  -32.412 0.1000000015
126630  45.477  -62.911  -20.838 0.1000000015
126893  48.368  -63.088  -24.050 0.2000000030
127168  46.779  -57.310  -29.469 0.5000000000
127329  45.223  -56.340  -36.244 0.3000000119
128944  36.640  -62.264  -32.106 0.1000000015
