#!ascii label  , from subject sub-029 vox2ras=TkReg
360
61586  -29.248  -11.293  -39.125 0.0000000000
114946  -26.764  -6.064  -36.833 0.0000000000
75227  -24.861  6.113  -37.142 0.0000000000
72134  -26.853  2.643  -35.608 0.0000000000
68934  -30.223  -1.570  -36.284 0.0000000000
64880  -32.410  -6.167  -40.296 0.0000000000
76932  -24.651  8.101  -37.565 0.0000000000
70615  -28.572  0.633  -35.578 0.0000000000
68931  -26.515  -1.589  -36.879 0.0000000000
63180  -27.958  -8.474  -37.703 0.0000000000
110231  -30.356  -6.536  -37.629 0.0000000000
63203  -30.309  -9.019  -39.855 0.0000000000
59146  -25.573  -13.809  -36.627 0.0000000000
62385  -26.938  -10.613  -37.818 0.0000000000
81624  -25.525  13.930  -38.698 0.0000000000
80215  -26.082  13.135  -39.430 0.0000000000
79369  -26.833  11.489  -37.966 0.0000000000
77747  -28.309  9.403  -36.546 0.0000000000
76061  -28.576  7.425  -36.213 0.0000000000
73649  -25.998  4.421  -35.893 0.0000000000
73652  -29.290  4.711  -36.235 0.0000000000
72148  -30.074  2.529  -37.656 0.0000000000
70651  -30.331  0.172  -39.513 0.0000000000
68961  -31.236  -1.865  -40.236 0.0000000000
67224  -28.169  -3.715  -36.355 0.0000000000
66425  -31.234  -4.275  -38.331 0.0000000000
69800  -25.953  -0.603  -37.050 0.0000000000
68085  -24.106  -1.984  -38.432 0.0000000000
63201  -28.362  -9.046  -38.665 0.0000000000
105054  -28.930  -8.389  -38.566 0.0000000000
62399  -29.710  -10.075  -39.630 0.0000000000
57444  -24.804  -15.735  -32.567 0.0000000000
57462  -25.091  -15.097  -33.173 0.0000000000
58315  -25.191  -14.535  -34.590 0.0000000000
108356  -25.263  -9.272  -37.331 0.0000000000
62383  -24.785  -9.664  -37.156 0.0000000000
79380  -26.642  12.183  -38.741 0.0000000000
75241  -24.903  7.201  -37.120 0.0000000000
76934  -26.180  8.745  -37.065 0.0000000000
76922  -26.174  8.010  -36.691 0.0000000000
106993  -28.403  8.054  -36.333 0.0000000000
75218  -26.726  6.543  -35.891 0.0000000000
72878  -26.148  3.447  -35.831 0.0000000000
73650  -27.730  4.640  -35.489 0.0000000000
72880  -28.968  3.486  -35.604 0.0000000000
72892  -30.113  3.310  -37.129 0.0000000000
72136  -29.325  2.703  -35.753 0.0000000000
69804  -29.758  -0.709  -35.774 0.0000000000
70627  -30.138  0.912  -36.765 0.0000000000
69815  -30.744  -0.515  -37.939 0.0000000000
69836  -30.536  -0.541  -40.022 0.0000000000
68954  -30.881  -1.278  -38.583 0.0000000000
107434  -25.546  -5.026  -37.834 0.0000000000
67222  -26.622  -3.716  -37.358 0.0000000000
65631  -27.366  -5.298  -36.662 0.0000000000
112601  -30.933  -6.113  -39.051 0.0000000000
65649  -30.849  -4.987  -37.866 0.0000000000
115404  -31.713  -4.999  -39.567 0.0000000000
67257  -31.900  -3.727  -40.017 0.0000000000
66448  -33.562  -4.534  -40.556 0.0000000000
59147  -26.215  -13.703  -36.707 0.0000000000
109677  -26.134  -13.304  -37.214 0.0000000000
59917  -26.800  -13.450  -37.389 0.0000000000
59918  -27.221  -13.083  -37.780 0.0000000000
71383  -25.471  1.191  -36.735 0.0000000000
71373  -28.093  1.204  -35.478 0.0000000000
70613  -26.712  0.526  -36.029 0.0000000000
69802  -27.660  -0.666  -35.649 0.0000000000
106496  -28.668  -2.026  -35.597 0.0000000000
64848  -27.349  -6.970  -36.801 0.0000000000
65632  -28.259  -5.885  -36.480 0.0000000000
64037  -29.034  -7.427  -36.991 0.0000000000
64057  -30.094  -7.430  -38.273 0.0000000000
64073  -31.358  -8.205  -39.956 0.0000000000
59117  -25.625  -14.136  -35.195 0.0000000000
64863  -25.564  -6.939  -37.309 0.0000000000
64055  -26.094  -7.814  -37.185 0.0000000000
105362  -27.046  -9.773  -37.797 0.0000000000
62386  -27.710  -10.714  -38.393 0.0000000000
82821  -25.687  17.019  -39.943 0.0000000000
80213  -24.857  12.628  -39.399 0.0000000000
80964  -25.829  13.702  -39.310 0.0000000000
80966  -27.258  14.173  -39.148 0.0000000000
80956  -27.753  13.652  -38.492 0.0000000000
80200  -28.544  12.518  -37.682 0.0000000000
109967  -25.818  9.319  -37.591 0.0000000000
78525  -27.530  10.789  -37.185 0.0000000000
109396  -29.337  11.046  -37.430 0.0000000000
120127  -29.120  9.800  -36.866 0.0000000000
76935  -29.980  8.337  -37.262 0.0000000000
76071  -29.863  7.440  -37.170 0.0000000000
74454  -25.599  5.630  -36.748 0.0000000000
74443  -26.944  5.920  -35.543 0.0000000000
75221  -28.912  6.105  -35.987 0.0000000000
121283  -29.992  6.155  -37.688 0.0000000000
106191  -29.762  4.803  -38.785 0.0000000000
72166  -29.529  2.443  -40.048 0.0000000000
71386  -29.609  1.420  -36.150 0.0000000000
71412  -30.194  1.720  -38.266 0.0000000000
68086  -25.645  -2.938  -37.974 0.0000000000
106961  -27.672  -3.064  -36.453 0.0000000000
68076  -29.432  -2.976  -35.835 0.0000000000
65633  -29.123  -5.362  -36.421 0.0000000000
66413  -30.302  -4.283  -36.742 0.0000000000
68087  -31.022  -2.764  -37.400 0.0000000000
68097  -31.101  -2.675  -39.116 0.0000000000
68114  -32.876  -2.402  -40.725 0.0000000000
61574  -26.128  -11.415  -37.364 0.0000000000
61576  -27.783  -11.929  -38.358 0.0000000000
107806  -29.135  -11.975  -38.638 0.0000000000
62387  -28.429  -10.533  -38.894 0.0000000000
62398  -29.138  -10.250  -39.292 0.0000000000
119594  -30.056  -10.566  -39.615 0.0000000000
61578  -29.187  -10.877  -39.065 0.0000000000
57445  -25.497  -15.220  -32.346 0.0000000000
76058  -25.769  7.483  -36.666 0.0000000000
76059  -26.601  7.390  -36.311 0.0000000000
75228  -25.814  6.609  -36.502 0.0000000000
72133  -25.842  2.582  -36.215 0.0000000000
119637  -27.155  3.342  -35.518 0.0000000000
72135  -28.118  2.805  -35.458 0.0000000000
69805  -30.397  -0.604  -36.769 0.0000000000
68944  -30.786  -1.320  -37.441 0.0000000000
65630  -26.384  -5.168  -37.189 0.0000000000
65668  -31.535  -5.941  -39.647 0.0000000000
65669  -32.172  -5.206  -40.124 0.0000000000
66443  -32.768  -4.635  -40.421 0.0000000000
65675  -33.026  -5.305  -40.498 0.0000000000
65676  -33.892  -5.331  -40.642 0.0000000000
64885  -33.482  -6.171  -40.588 0.0000000000
59896  -26.760  -13.420  -36.399 0.0000000000
70639  -25.029  0.810  -37.107 0.0000000000
70626  -25.830  0.436  -36.711 0.0000000000
68930  -25.681  -1.395  -37.477 0.0000000000
69801  -26.879  -0.765  -36.220 0.0000000000
68932  -27.555  -1.573  -35.863 0.0000000000
69803  -28.663  -0.914  -35.359 0.0000000000
64036  -27.939  -7.786  -37.078 0.0000000000
122383  -28.506  -7.601  -36.990 0.0000000000
63181  -28.576  -8.039  -37.635 0.0000000000
63202  -29.589  -8.306  -39.130 0.0000000000
64068  -30.437  -7.868  -39.420 0.0000000000
64072  -30.921  -8.952  -40.086 0.0000000000
102434  -32.548  -8.674  -40.282 0.0000000000
63235  -31.856  -9.836  -40.260 0.0000000000
107194  -24.212  -16.427  -32.855 0.0000000000
59118  -26.170  -13.564  -34.698 0.0000000000
107921  -26.299  -9.575  -37.400 0.0000000000
82820  -25.430  16.465  -39.164 0.0000000000
82230  -25.609  15.223  -38.931 0.0000000000
81625  -25.896  14.445  -39.099 0.0000000000
79387  -25.107  11.990  -39.501 0.0000000000
80214  -25.469  12.803  -39.544 0.0000000000
80965  -26.406  14.068  -39.230 0.0000000000
80206  -27.317  12.890  -38.353 0.0000000000
79370  -27.325  12.195  -37.979 0.0000000000
80950  -28.218  13.179  -37.871 0.0000000000
79371  -27.948  11.776  -37.532 0.0000000000
107994  -25.342  8.775  -37.663 0.0000000000
77745  -27.182  9.214  -36.791 0.0000000000
77758  -26.408  9.472  -37.245 0.0000000000
77746  -27.656  9.952  -36.858 0.0000000000
78526  -28.546  11.033  -37.215 0.0000000000
78518  -28.373  10.260  -36.899 0.0000000000
121107  -29.031  10.513  -37.071 0.0000000000
76926  -29.398  8.528  -36.676 0.0000000000
114893  -29.597  7.908  -36.765 0.0000000000
76062  -29.308  7.205  -36.559 0.0000000000
72891  -24.815  3.506  -37.332 0.0000000000
117912  -24.861  4.156  -37.330 0.0000000000
73648  -25.347  4.755  -36.874 0.0000000000
74455  -26.323  5.853  -36.011 0.0000000000
74456  -26.722  5.118  -35.515 0.0000000000
73631  -28.506  5.046  -35.760 0.0000000000
74457  -29.519  5.294  -36.560 0.0000000000
75230  -29.438  5.909  -36.479 0.0000000000
74473  -29.841  5.559  -37.153 0.0000000000
74491  -29.956  5.510  -38.143 0.0000000000
109039  -29.851  4.669  -37.641 0.0000000000
106327  -29.833  3.865  -37.574 0.0000000000
72905  -29.720  3.214  -38.100 0.0000000000
72911  -29.540  3.229  -39.228 0.0000000000
72160  -29.688  2.427  -38.781 0.0000000000
71374  -28.918  1.168  -35.683 0.0000000000
108303  -30.486  0.206  -38.449 0.0000000000
71399  -30.415  0.991  -37.796 0.0000000000
71413  -30.287  0.944  -38.890 0.0000000000
71421  -29.827  1.642  -39.435 0.0000000000
71422  -30.056  0.941  -39.910 0.0000000000
68960  -30.688  -1.291  -39.716 0.0000000000
68968  -32.131  -1.755  -40.795 0.0000000000
111946  -24.241  -2.766  -38.427 0.0000000000
67223  -27.337  -3.743  -36.812 0.0000000000
120123  -27.015  -3.166  -36.956 0.0000000000
68075  -28.567  -2.939  -35.885 0.0000000000
67225  -29.047  -3.730  -35.944 0.0000000000
64850  -29.122  -6.507  -36.649 0.0000000000
65647  -29.947  -6.104  -36.799 0.0000000000
120968  -30.564  -4.845  -37.127 0.0000000000
66424  -30.882  -4.226  -37.418 0.0000000000
67236  -30.710  -3.505  -36.940 0.0000000000
67237  -31.140  -3.507  -37.840 0.0000000000
68088  -31.157  -2.889  -38.253 0.0000000000
67249  -31.262  -3.509  -38.978 0.0000000000
114620  -32.962  -3.855  -40.559 0.0000000000
67262  -32.493  -3.073  -40.573 0.0000000000
67263  -33.405  -3.057  -40.612 0.0000000000
60724  -27.748  -12.611  -37.819 0.0000000000
60738  -27.665  -12.536  -38.016 0.0000000000
60725  -28.447  -12.243  -38.243 0.0000000000
116016  -24.817  -0.033  -37.406 0.0000000000
68072  -25.871  -2.163  -37.658 0.0000000000
63220  -29.122  -9.128  -39.273 0.0000000000
63233  -30.448  -9.977  -40.204 0.0000000000
63234  -31.058  -10.115  -40.347 0.0000000000
61587  -30.870  -10.535  -40.327 0.0000000000
58294  -25.375  -14.464  -33.654 0.0000000000
124278  -24.797  -8.528  -37.480 0.0000000000
63197  -24.306  -8.864  -37.377 0.0000000000
62384  -25.962  -10.316  -37.268 0.0000000000
80962  -24.781  13.225  -38.879 0.0000000000
117904  -25.568  11.810  -39.360 0.0000000000
80205  -25.891  12.293  -39.456 0.0000000000
79379  -26.039  11.642  -38.946 0.0000000000
78537  -25.996  10.931  -38.205 0.0000000000
76933  -25.476  8.080  -37.059 0.0000000000
76923  -26.935  8.267  -36.588 0.0000000000
76924  -27.875  8.559  -36.420 0.0000000000
76060  -27.668  7.668  -36.237 0.0000000000
76048  -28.007  6.918  -35.906 0.0000000000
72877  -25.391  3.907  -36.594 0.0000000000
106307  -26.872  4.115  -35.474 0.0000000000
72879  -27.932  3.769  -35.516 0.0000000000
109365  -29.397  3.986  -36.027 0.0000000000
107071  -29.831  4.114  -36.787 0.0000000000
72881  -29.654  3.370  -36.296 0.0000000000
72137  -30.024  2.652  -36.660 0.0000000000
69793  -29.186  0.025  -35.540 0.0000000000
70616  -29.462  0.760  -35.923 0.0000000000
70628  -30.044  0.150  -36.210 0.0000000000
70640  -30.425  0.211  -37.326 0.0000000000
69827  -30.539  -0.568  -39.127 0.0000000000
68955  -30.944  -1.965  -39.303 0.0000000000
67235  -25.916  -3.642  -38.003 0.0000000000
66423  -26.136  -4.388  -37.711 0.0000000000
66410  -26.911  -4.443  -37.047 0.0000000000
66411  -27.747  -4.433  -36.603 0.0000000000
64873  -30.543  -6.794  -38.701 0.0000000000
65648  -30.511  -5.615  -37.276 0.0000000000
65661  -30.736  -5.867  -38.227 0.0000000000
65662  -31.214  -5.191  -38.848 0.0000000000
66437  -31.527  -4.337  -39.302 0.0000000000
66442  -32.103  -4.434  -40.072 0.0000000000
67264  -33.787  -3.719  -40.435 0.0000000000
109764  -34.100  -4.105  -40.258 0.0000000000
66449  -34.137  -4.688  -40.365 0.0000000000
59916  -25.318  -13.135  -36.770 0.0000000000
59923  -26.756  -13.147  -37.694 0.0000000000
60737  -26.914  -12.460  -37.859 0.0000000000
59897  -27.273  -13.161  -37.289 0.0000000000
109456  -25.596  1.854  -36.564 0.0000000000
103229  -26.455  1.863  -35.849 0.0000000000
71384  -27.562  1.902  -35.452 0.0000000000
71372  -27.048  1.175  -35.619 0.0000000000
70614  -27.619  0.570  -35.633 0.0000000000
122492  -26.522  -0.088  -36.373 0.0000000000
69791  -27.231  -0.065  -35.871 0.0000000000
69792  -28.161  -0.037  -35.544 0.0000000000
110903  -29.420  -1.485  -35.623 0.0000000000
113980  -27.593  -6.233  -36.591 0.0000000000
64849  -28.296  -6.962  -36.682 0.0000000000
64864  -29.750  -7.027  -37.244 0.0000000000
64056  -29.350  -7.762  -37.910 0.0000000000
64874  -31.011  -6.956  -39.497 0.0000000000
64879  -31.893  -7.187  -40.001 0.0000000000
64074  -33.154  -7.411  -40.383 0.0000000000
63222  -31.965  -9.973  -40.064 0.0000000000
55863  -24.021  -17.046  -32.166 0.0000000000
59128  -24.986  -14.354  -36.205 0.0000000000
58323  -24.987  -14.651  -35.548 0.0000000000
59129  -25.594  -14.150  -36.120 0.0000000000
59130  -26.166  -13.828  -35.830 0.0000000000
59879  -26.598  -13.322  -35.251 0.0000000000
65646  -25.731  -5.982  -37.298 0.0000000000
64847  -26.422  -6.913  -37.074 0.0000000000
64035  -27.069  -7.817  -37.049 0.0000000000
63179  -27.485  -8.390  -37.383 0.0000000000
63198  -25.690  -8.643  -37.290 0.0000000000
63199  -26.806  -8.778  -37.310 0.0000000000
63200  -27.616  -9.344  -38.067 0.0000000000
61577  -28.769  -11.989  -38.848 0.0000000000
80212  -24.168  12.675  -38.767 0.0000000000
80963  -25.394  13.327  -39.234 0.0000000000
81626  -26.232  14.792  -39.424 0.0000000000
118137  -26.500  12.770  -39.083 0.0000000000
81619  -28.156  14.157  -38.988 0.0000000000
80957  -28.578  13.631  -38.284 0.0000000000
80951  -28.930  13.144  -37.852 0.0000000000
78523  -25.985  10.101  -37.670 0.0000000000
78524  -26.607  10.689  -37.562 0.0000000000
77759  -26.872  10.049  -37.155 0.0000000000
79372  -28.884  11.764  -37.521 0.0000000000
80201  -29.197  12.423  -37.805 0.0000000000
79381  -29.540  11.676  -37.879 0.0000000000
78528  -30.076  9.935  -37.910 0.0000000000
77748  -29.078  9.136  -36.555 0.0000000000
77760  -29.600  9.109  -37.011 0.0000000000
74453  -24.895  5.296  -37.272 0.0000000000
75219  -27.477  6.386  -35.649 0.0000000000
74444  -27.719  5.588  -35.494 0.0000000000
75229  -28.725  6.721  -36.092 0.0000000000
75242  -29.706  6.521  -37.005 0.0000000000
75243  -30.055  6.886  -37.787 0.0000000000
73687  -29.650  3.973  -38.463 0.0000000000
72919  -29.331  3.249  -40.382 0.0000000000
115783  -29.333  2.825  -40.940 0.0000000000
71385  -28.818  1.865  -35.552 0.0000000000
111150  -29.661  2.049  -36.186 0.0000000000
71398  -30.218  1.791  -37.081 0.0000000000
70659  -30.502  0.334  -40.208 0.0000000000
104622  -24.974  -2.505  -38.186 0.0000000000
121685  -26.492  -2.261  -37.175 0.0000000000
68073  -26.396  -2.902  -37.422 0.0000000000
68074  -27.073  -2.423  -36.664 0.0000000000
104774  -27.889  -2.418  -35.997 0.0000000000
122682  -29.057  -2.548  -35.626 0.0000000000
68933  -29.537  -2.214  -35.780 0.0000000000
112693  -28.197  -5.063  -36.461 0.0000000000
111312  -28.632  -4.447  -36.309 0.0000000000
65634  -30.037  -5.120  -36.698 0.0000000000
66412  -29.523  -4.420  -36.342 0.0000000000
67226  -29.895  -3.594  -36.314 0.0000000000
68077  -30.272  -2.664  -36.439 0.0000000000
107621  -30.782  -2.058  -37.068 0.0000000000
68096  -31.127  -2.091  -38.125 0.0000000000
68105  -31.173  -2.436  -39.938 0.0000000000
114026  -31.487  -3.030  -40.033 0.0000000000
68113  -31.893  -2.429  -40.557 0.0000000000
61575  -26.866  -11.481  -37.780 0.0000000000
61588  -30.988  -10.757  -40.371 0.0000000000
62401  -31.287  -10.548  -40.276 0.0000000000
62405  -30.538  -10.567  -40.134 0.0000000000
63221  -29.853  -9.454  -39.756 0.0000000000
68943  -24.950  -1.713  -37.976 0.0000000000
73632  -29.047  5.459  -36.104 0.0000000000
73651  -28.692  4.272  -35.683 0.0000000000
73670  -29.777  4.868  -36.835 0.0000000000
74445  -28.510  5.693  -35.749 0.0000000000
75220  -28.253  6.245  -35.720 0.0000000000
76047  -27.273  7.001  -35.911 0.0000000000
76925  -28.714  8.633  -36.398 0.0000000000
78527  -29.557  10.294  -37.436 0.0000000000
80199  -27.887  12.562  -37.746 0.0000000000
80955  -26.858  13.483  -38.950 0.0000000000
108245  -27.335  -12.160  -38.083 0.0000000000
111626  -29.090  7.974  -36.413 0.0000000000
112827  -29.251  6.493  -36.385 0.0000000000
113013  -29.696  9.658  -37.386 0.0000000000
114797  -25.949  5.195  -36.168 0.0000000000
120194  -26.173  1.172  -36.229 0.0000000000
