#!ascii label  , from subject sub-029 vox2ras=TkReg
615
65054  20.908  -11.456  -33.827 0.0000000000
69067  27.093  -5.900  -35.947 0.0000000000
77027  27.238  3.452  -37.134 0.0000000000
103301  17.645  2.643  -31.900 0.0000000000
61034  23.611  -16.555  -32.837 0.0000000000
62610  26.415  -14.559  -33.492 0.0000000000
123606  23.699  -9.160  -35.479 0.0000000000
72325  18.188  -2.850  -33.673 0.0000000000
72377  24.727  -1.412  -36.989 0.0000000000
77024  32.951  3.309  -36.349 0.0000000000
112619  28.524  8.385  -37.469 0.0000000000
62628  21.744  -13.557  -33.835 0.0000000000
103834  24.382  -15.058  -33.435 0.0000000000
64259  23.078  -12.851  -34.726 0.0000000000
118570  18.761  -5.199  -33.401 0.0000000000
73124  15.062  -0.841  -30.072 0.0000000000
75575  20.477  2.422  -37.225 0.0000000000
74022  20.050  0.386  -35.646 0.0000000000
103160  24.954  0.306  -39.226 0.0000000000
111250  29.478  1.013  -35.150 0.0000000000
77014  30.470  3.639  -35.514 0.0000000000
81480  24.016  11.023  -38.488 0.0000000000
80007  25.109  7.371  -38.581 0.0000000000
82263  27.964  10.390  -37.607 0.0000000000
68301  24.866  -7.061  -36.110 0.0000000000
65816  26.607  -10.183  -35.025 0.0000000000
114497  29.020  -8.801  -33.457 0.0000000000
109658  23.091  3.088  -37.791 0.0000000000
107300  29.260  -4.026  -34.209 0.0000000000
66666  20.260  -9.324  -33.595 0.0000000000
65818  22.702  -10.732  -34.740 0.0000000000
68280  20.807  -7.863  -34.417 0.0000000000
69070  21.850  -6.150  -35.256 0.0000000000
70672  22.426  -4.504  -35.864 0.0000000000
74764  15.651  0.609  -31.556 0.0000000000
72354  20.284  -1.866  -34.952 0.0000000000
70677  25.978  -3.780  -36.667 0.0000000000
74007  29.092  -1.107  -34.556 0.0000000000
78512  25.116  5.602  -37.981 0.0000000000
79256  27.989  5.962  -37.323 0.0000000000
83077  30.752  11.315  -38.553 0.0000000000
118353  31.714  9.259  -37.784 0.0000000000
79252  31.820  6.480  -36.471 0.0000000000
115532  33.360  5.669  -38.840 0.0000000000
65051  24.665  -11.841  -35.216 0.0000000000
65804  20.108  -10.942  -32.957 0.0000000000
64246  20.156  -12.199  -32.920 0.0000000000
64261  21.465  -12.848  -33.881 0.0000000000
114614  22.886  -13.378  -34.574 0.0000000000
64260  22.312  -12.592  -34.484 0.0000000000
75584  24.213  1.799  -38.543 0.0000000000
74828  23.469  0.664  -37.220 0.0000000000
113083  26.472  2.192  -38.127 0.0000000000
115106  27.598  1.908  -36.581 0.0000000000
77026  27.948  3.384  -36.613 0.0000000000
82265  25.999  12.213  -38.536 0.0000000000
81464  25.780  10.392  -38.617 0.0000000000
113434  28.171  11.273  -37.477 0.0000000000
69068  26.175  -6.625  -36.171 0.0000000000
67485  27.309  -8.176  -35.305 0.0000000000
68277  28.390  -7.458  -34.221 0.0000000000
105011  21.907  2.892  -36.921 0.0000000000
111835  22.502  3.026  -37.136 0.0000000000
61790  21.979  -15.804  -32.923 0.0000000000
60267  23.214  -17.291  -32.567 0.0000000000
59466  24.108  -17.595  -33.018 0.0000000000
60284  24.895  -17.503  -33.501 0.0000000000
61799  26.137  -15.315  -33.597 0.0000000000
61049  26.236  -17.044  -34.147 0.0000000000
67487  20.503  -8.610  -34.025 0.0000000000
68281  19.988  -7.289  -33.941 0.0000000000
70651  19.164  -4.319  -33.661 0.0000000000
69869  20.496  -5.593  -34.570 0.0000000000
70650  19.999  -4.142  -34.296 0.0000000000
69878  21.893  -5.214  -35.509 0.0000000000
70660  20.629  -4.153  -35.044 0.0000000000
103165  14.270  2.386  -29.624 0.0000000000
74745  16.270  2.154  -31.617 0.0000000000
73204  22.735  -1.394  -36.759 0.0000000000
112906  20.232  -0.802  -35.130 0.0000000000
72359  22.566  -2.375  -36.628 0.0000000000
71512  23.009  -3.547  -36.661 0.0000000000
111601  25.212  -2.516  -36.713 0.0000000000
107147  27.263  -2.982  -36.271 0.0000000000
73203  27.329  -1.287  -36.487 0.0000000000
113910  31.297  2.379  -34.883 0.0000000000
75536  31.187  1.108  -34.423 0.0000000000
112747  26.868  8.007  -38.507 0.0000000000
79267  25.669  6.445  -38.598 0.0000000000
79266  26.853  6.291  -39.086 0.0000000000
78511  27.064  5.488  -38.717 0.0000000000
123094  27.875  6.983  -38.117 0.0000000000
80004  31.903  7.760  -36.942 0.0000000000
80003  32.484  7.457  -37.522 0.0000000000
79251  32.551  6.235  -36.828 0.0000000000
112915  22.934  -9.892  -35.028 0.0000000000
65063  23.868  -11.660  -35.171 0.0000000000
65831  24.879  -10.571  -35.483 0.0000000000
65032  29.024  -11.323  -33.315 0.0000000000
116533  27.498  -11.275  -33.730 0.0000000000
62615  21.162  -14.031  -33.344 0.0000000000
61802  22.371  -14.997  -33.460 0.0000000000
61801  23.986  -15.719  -33.105 0.0000000000
62613  23.359  -14.840  -33.570 0.0000000000
125203  23.738  -13.747  -34.516 0.0000000000
63449  24.531  -13.880  -34.057 0.0000000000
70639  17.490  -4.354  -32.408 0.0000000000
72305  17.100  -3.067  -32.536 0.0000000000
73151  16.275  -1.221  -31.549 0.0000000000
75545  19.656  1.842  -34.536 0.0000000000
75527  18.662  1.327  -33.076 0.0000000000
74820  20.363  1.464  -36.575 0.0000000000
74040  23.140  -0.378  -36.917 0.0000000000
103159  25.098  -0.183  -37.928 0.0000000000
74029  27.287  -0.593  -36.798 0.0000000000
75571  27.286  1.016  -36.967 0.0000000000
76277  29.428  2.461  -35.556 0.0000000000
77013  31.361  3.765  -35.539 0.0000000000
80732  22.935  9.636  -38.371 0.0000000000
80721  25.098  9.708  -38.637 0.0000000000
80720  26.355  9.161  -38.513 0.0000000000
81462  28.135  9.465  -37.587 0.0000000000
67510  23.734  -8.041  -35.739 0.0000000000
66695  25.362  -9.566  -35.629 0.0000000000
66694  26.161  -8.953  -35.685 0.0000000000
66681  27.320  -9.532  -34.679 0.0000000000
117831  19.567  2.007  -33.554 0.0000000000
75560  20.118  3.037  -37.141 0.0000000000
76301  23.297  2.619  -37.959 0.0000000000
77036  25.561  3.462  -38.009 0.0000000000
61032  25.315  -16.858  -33.697 0.0000000000
70649  28.667  -4.733  -34.681 0.0000000000
115698  29.486  -6.165  -33.966 0.0000000000
65803  20.513  -10.812  -33.469 0.0000000000
118171  21.622  -11.392  -34.285 0.0000000000
111797  21.487  -9.884  -34.178 0.0000000000
66684  21.730  -9.087  -34.698 0.0000000000
67500  22.029  -8.328  -35.164 0.0000000000
69059  20.153  -6.398  -34.281 0.0000000000
68293  21.763  -7.045  -34.890 0.0000000000
109876  22.477  -7.710  -35.459 0.0000000000
68303  23.297  -6.777  -35.914 0.0000000000
69080  23.459  -5.994  -36.132 0.0000000000
69889  25.095  -5.363  -36.571 0.0000000000
103292  13.267  0.125  -30.978 0.0000000000
73169  17.635  -1.391  -32.674 0.0000000000
73969  17.994  0.341  -32.790 0.0000000000
73150  18.042  -0.533  -32.812 0.0000000000
72344  19.638  -2.186  -34.444 0.0000000000
71500  21.619  -3.422  -35.925 0.0000000000
70681  23.326  -4.018  -36.540 0.0000000000
69887  26.312  -4.930  -36.483 0.0000000000
71489  27.697  -4.013  -35.611 0.0000000000
72341  29.326  -2.281  -33.633 0.0000000000
74019  29.159  -0.374  -35.050 0.0000000000
110902  25.139  4.754  -37.753 0.0000000000
109573  26.190  4.205  -37.792 0.0000000000
77729  27.870  4.536  -37.204 0.0000000000
82262  29.166  10.798  -37.396 0.0000000000
81461  29.247  9.286  -37.261 0.0000000000
113698  31.496  10.020  -38.134 0.0000000000
80718  29.562  8.447  -37.048 0.0000000000
124818  29.560  7.270  -36.725 0.0000000000
109843  29.432  5.991  -36.323 0.0000000000
110002  28.634  4.407  -36.777 0.0000000000
77726  30.593  5.005  -36.168 0.0000000000
77724  32.341  4.743  -36.516 0.0000000000
77738  33.245  4.588  -37.682 0.0000000000
65064  23.117  -11.713  -34.866 0.0000000000
110970  24.189  -12.520  -34.956 0.0000000000
64245  25.654  -12.889  -33.884 0.0000000000
65817  25.800  -10.769  -35.273 0.0000000000
65035  26.314  -12.237  -33.895 0.0000000000
65036  20.289  -11.555  -33.170 0.0000000000
65037  19.619  -11.705  -32.919 0.0000000000
64262  20.774  -12.165  -33.522 0.0000000000
65053  21.496  -12.092  -34.202 0.0000000000
76299  26.094  2.779  -38.130 0.0000000000
75582  25.721  2.040  -38.611 0.0000000000
76291  26.801  2.727  -37.628 0.0000000000
76290  27.287  2.732  -36.838 0.0000000000
82264  27.132  11.183  -38.156 0.0000000000
113586  26.686  -6.642  -36.052 0.0000000000
69058  27.399  -6.695  -35.519 0.0000000000
69057  28.153  -6.730  -34.759 0.0000000000
61016  23.009  -15.704  -33.012 0.0000000000
117954  22.718  -16.520  -32.617 0.0000000000
62611  25.435  -14.537  -33.542 0.0000000000
61798  26.945  -15.474  -33.869 0.0000000000
61814  27.637  -15.696  -34.578 0.0000000000
68269  19.521  -7.918  -33.352 0.0000000000
112950  19.268  -7.241  -33.321 0.0000000000
71468  18.045  -3.486  -33.500 0.0000000000
113687  19.528  -4.014  -33.864 0.0000000000
71482  19.911  -3.563  -34.292 0.0000000000
117805  15.250  2.749  -29.937 0.0000000000
103174  16.759  2.719  -31.469 0.0000000000
115529  23.187  -2.101  -36.950 0.0000000000
109355  21.760  -1.450  -36.201 0.0000000000
113498  23.699  -2.070  -37.051 0.0000000000
72369  23.807  -2.756  -36.994 0.0000000000
72368  24.537  -2.426  -36.887 0.0000000000
72366  25.766  -1.993  -36.750 0.0000000000
72367  25.205  -1.643  -36.918 0.0000000000
76288  32.877  2.582  -35.806 0.0000000000
75553  32.637  1.774  -35.451 0.0000000000
118076  27.727  7.728  -38.036 0.0000000000
110261  26.348  7.238  -38.753 0.0000000000
109557  27.276  7.041  -38.628 0.0000000000
80006  28.410  7.400  -37.531 0.0000000000
80013  32.615  7.850  -38.336 0.0000000000
80740  32.706  8.176  -39.234 0.0000000000
79282  33.010  7.321  -39.117 0.0000000000
107035  23.025  -9.122  -35.423 0.0000000000
116258  23.689  -9.903  -35.208 0.0000000000
66696  24.461  -9.633  -35.456 0.0000000000
65046  29.861  -11.438  -33.633 0.0000000000
65047  29.295  -12.172  -33.525 0.0000000000
62614  21.933  -14.225  -33.704 0.0000000000
113171  22.626  -14.305  -33.892 0.0000000000
63464  23.346  -13.256  -34.728 0.0000000000
62626  23.168  -13.947  -34.373 0.0000000000
63463  23.919  -13.200  -34.757 0.0000000000
72264  16.035  -2.007  -30.383 0.0000000000
72286  16.339  -2.418  -31.473 0.0000000000
73136  15.938  -0.899  -30.580 0.0000000000
72306  16.481  -2.429  -32.179 0.0000000000
75561  19.766  2.440  -36.626 0.0000000000
74809  19.580  1.355  -35.680 0.0000000000
75576  19.996  2.335  -37.008 0.0000000000
74836  24.228  0.523  -37.990 0.0000000000
74039  23.957  -0.302  -37.358 0.0000000000
103158  24.628  -0.049  -37.806 0.0000000000
103414  25.026  -0.005  -38.644 0.0000000000
107290  25.831  -0.074  -38.521 0.0000000000
75580  26.844  0.795  -37.993 0.0000000000
110764  28.860  3.143  -36.066 0.0000000000
76278  28.725  2.348  -35.922 0.0000000000
114824  29.707  3.180  -35.579 0.0000000000
76276  30.428  2.641  -35.158 0.0000000000
81465  24.629  11.762  -38.659 0.0000000000
82279  22.868  12.046  -39.253 0.0000000000
124424  23.340  10.559  -38.505 0.0000000000
80731  23.931  9.523  -38.408 0.0000000000
81463  26.912  10.183  -38.201 0.0000000000
80719  27.415  8.780  -37.962 0.0000000000
67509  24.512  -7.943  -35.857 0.0000000000
106238  25.580  -8.587  -35.718 0.0000000000
67507  25.988  -7.977  -35.734 0.0000000000
67484  27.933  -8.156  -34.405 0.0000000000
111827  27.534  -8.760  -34.776 0.0000000000
66680  28.193  -8.999  -33.921 0.0000000000
66664  29.033  -9.687  -33.347 0.0000000000
103173  19.422  2.187  -32.680 0.0000000000
76266  20.072  2.264  -34.231 0.0000000000
112404  20.288  2.088  -35.015 0.0000000000
119490  22.659  2.998  -37.637 0.0000000000
75573  22.785  2.788  -37.498 0.0000000000
75583  24.018  2.621  -38.369 0.0000000000
113636  24.874  -15.908  -33.466 0.0000000000
59476  26.467  -17.993  -34.383 0.0000000000
66667  19.705  -9.377  -33.038 0.0000000000
115575  20.221  -10.095  -33.179 0.0000000000
115878  20.769  -9.998  -33.716 0.0000000000
67486  21.291  -8.492  -34.582 0.0000000000
68279  21.611  -7.862  -34.885 0.0000000000
69859  18.695  -5.621  -33.289 0.0000000000
114191  18.838  -6.096  -33.339 0.0000000000
69870  19.400  -5.728  -33.917 0.0000000000
69071  21.133  -6.276  -34.744 0.0000000000
69069  22.369  -6.843  -35.424 0.0000000000
68291  22.770  -7.073  -35.673 0.0000000000
69892  22.688  -5.326  -35.883 0.0000000000
69891  23.250  -5.342  -36.173 0.0000000000
123605  24.707  -5.786  -36.414 0.0000000000
69890  24.084  -5.415  -36.396 0.0000000000
74746  14.978  1.403  -31.257 0.0000000000
120539  13.398  1.624  -29.480 0.0000000000
73971  15.729  -0.060  -31.254 0.0000000000
73970  16.374  -0.273  -31.905 0.0000000000
74012  19.649  0.636  -35.327 0.0000000000
124873  18.098  1.077  -32.727 0.0000000000
74013  19.630  0.369  -34.993 0.0000000000
73185  19.898  -1.348  -34.715 0.0000000000
123181  18.770  -0.645  -33.928 0.0000000000
115051  19.703  -1.373  -34.595 0.0000000000
73168  18.427  -1.271  -33.305 0.0000000000
121901  19.823  -2.359  -34.546 0.0000000000
72343  20.138  -2.876  -34.639 0.0000000000
72342  20.692  -2.562  -35.388 0.0000000000
71511  23.514  -3.470  -36.798 0.0000000000
70680  23.840  -4.027  -36.653 0.0000000000
70679  24.623  -4.043  -36.690 0.0000000000
69898  25.264  -4.666  -36.671 0.0000000000
70668  26.250  -4.298  -36.555 0.0000000000
70667  26.670  -4.414  -36.346 0.0000000000
71490  27.173  -3.810  -36.071 0.0000000000
72352  27.933  -2.324  -35.760 0.0000000000
72351  28.541  -2.377  -34.616 0.0000000000
73184  28.997  -1.775  -34.144 0.0000000000
72340  30.088  -2.238  -33.329 0.0000000000
73183  29.896  -1.576  -33.532 0.0000000000
74807  28.220  0.351  -35.757 0.0000000000
74028  27.844  -0.320  -35.946 0.0000000000
74806  29.065  0.293  -35.392 0.0000000000
80008  23.694  7.514  -38.508 0.0000000000
115031  23.804  5.816  -37.697 0.0000000000
78513  23.974  5.152  -37.532 0.0000000000
77741  24.008  4.428  -37.534 0.0000000000
110962  26.256  5.003  -38.264 0.0000000000
77740  27.049  4.770  -37.846 0.0000000000
78499  27.608  5.400  -37.693 0.0000000000
115146  30.402  11.200  -37.951 0.0000000000
111958  29.548  10.060  -37.390 0.0000000000
82261  30.191  10.544  -37.624 0.0000000000
81479  32.039  9.691  -38.754 0.0000000000
118294  31.789  10.193  -39.470 0.0000000000
112947  30.834  9.123  -37.409 0.0000000000
80717  30.465  8.439  -36.994 0.0000000000
80005  29.166  7.722  -37.036 0.0000000000
80712  29.991  7.813  -36.720 0.0000000000
79253  31.043  6.814  -36.361 0.0000000000
79997  30.234  7.122  -36.495 0.0000000000
79254  30.243  6.328  -36.364 0.0000000000
78497  29.090  5.254  -36.359 0.0000000000
78496  30.058  5.531  -36.274 0.0000000000
105486  29.822  4.928  -36.203 0.0000000000
78495  31.097  5.841  -36.264 0.0000000000
79262  33.387  6.085  -38.021 0.0000000000
78510  32.756  5.497  -36.911 0.0000000000
78509  33.246  5.381  -37.499 0.0000000000
77739  32.920  4.863  -37.101 0.0000000000
78522  33.452  5.157  -38.273 0.0000000000
65819  21.916  -10.653  -34.349 0.0000000000
125555  22.341  -11.326  -34.565 0.0000000000
65062  24.466  -11.401  -35.297 0.0000000000
64269  24.003  -12.090  -35.177 0.0000000000
64257  24.900  -12.490  -34.689 0.0000000000
65829  26.002  -9.951  -35.674 0.0000000000
65830  25.366  -10.394  -35.567 0.0000000000
65048  26.633  -10.930  -34.449 0.0000000000
64243  27.977  -12.876  -33.348 0.0000000000
115546  27.283  -12.302  -33.486 0.0000000000
125217  27.387  -12.949  -33.363 0.0000000000
64244  26.756  -13.074  -33.437 0.0000000000
116939  20.592  -12.753  -33.161 0.0000000000
62627  22.452  -13.721  -34.198 0.0000000000
63465  22.355  -13.193  -34.362 0.0000000000
107303  23.625  1.612  -37.824 0.0000000000
74829  22.481  0.876  -36.728 0.0000000000
75593  24.350  1.028  -38.657 0.0000000000
75592  24.808  0.948  -39.173 0.0000000000
75591  25.552  1.087  -39.120 0.0000000000
103297  26.273  0.621  -38.671 0.0000000000
75572  26.968  1.850  -37.530 0.0000000000
77015  29.513  3.828  -35.925 0.0000000000
121378  24.401  13.042  -39.130 0.0000000000
114399  25.586  11.670  -38.574 0.0000000000
123450  26.516  11.190  -38.452 0.0000000000
68300  25.634  -6.800  -36.167 0.0000000000
68299  25.926  -7.277  -35.960 0.0000000000
68288  27.003  -7.446  -35.764 0.0000000000
68278  27.697  -7.462  -35.038 0.0000000000
116983  20.998  -15.558  -32.825 0.0000000000
122995  21.405  -16.228  -32.613 0.0000000000
61017  21.990  -16.566  -32.530 0.0000000000
59452  24.136  -18.755  -32.850 0.0000000000
58594  25.074  -19.275  -33.206 0.0000000000
59465  24.948  -18.390  -33.441 0.0000000000
61800  25.257  -15.219  -33.527 0.0000000000
110307  25.777  -16.045  -33.686 0.0000000000
61031  26.589  -16.109  -33.927 0.0000000000
67472  19.797  -8.670  -33.446 0.0000000000
68268  20.101  -8.058  -33.850 0.0000000000
71469  17.576  -3.667  -32.857 0.0000000000
70637  19.313  -4.862  -33.733 0.0000000000
109081  20.158  -4.864  -34.344 0.0000000000
69879  21.276  -5.590  -35.057 0.0000000000
69082  22.341  -5.972  -35.679 0.0000000000
115567  20.945  -4.909  -35.102 0.0000000000
70659  21.527  -4.189  -35.586 0.0000000000
103169  15.000  2.277  -30.574 0.0000000000
74763  15.934  1.385  -31.692 0.0000000000
74032  20.435  0.336  -35.932 0.0000000000
125131  19.944  -0.249  -35.053 0.0000000000
73205  20.978  -0.858  -35.761 0.0000000000
73196  20.592  -1.053  -35.455 0.0000000000
73195  21.099  -2.038  -35.807 0.0000000000
72353  21.126  -2.915  -35.932 0.0000000000
116564  22.606  -3.118  -36.608 0.0000000000
71510  24.096  -3.381  -36.834 0.0000000000
71509  24.895  -3.288  -36.697 0.0000000000
71497  26.519  -3.598  -36.477 0.0000000000
71498  26.086  -2.888  -36.589 0.0000000000
72358  27.123  -2.016  -36.378 0.0000000000
73194  27.833  -1.535  -35.933 0.0000000000
75555  30.811  1.834  -34.664 0.0000000000
75537  30.294  1.143  -34.560 0.0000000000
75554  31.804  1.657  -34.796 0.0000000000
112745  25.777  8.284  -38.678 0.0000000000
120521  26.369  5.718  -38.759 0.0000000000
79265  27.575  6.232  -38.353 0.0000000000
79264  28.210  6.625  -37.481 0.0000000000
80730  32.368  8.780  -38.426 0.0000000000
80716  31.379  8.455  -37.228 0.0000000000
80715  32.119  8.311  -37.616 0.0000000000
79994  32.259  7.001  -36.877 0.0000000000
79263  32.857  6.653  -37.428 0.0000000000
79281  33.245  6.443  -38.959 0.0000000000
66683  22.235  -9.829  -34.622 0.0000000000
65833  23.486  -10.832  -35.059 0.0000000000
65832  24.230  -10.767  -35.297 0.0000000000
65061  25.026  -11.089  -35.522 0.0000000000
65802  27.973  -10.662  -33.683 0.0000000000
116459  28.318  -11.159  -33.476 0.0000000000
65033  28.312  -11.984  -33.359 0.0000000000
61804  20.682  -14.551  -32.813 0.0000000000
61803  21.451  -14.887  -33.271 0.0000000000
62625  23.993  -14.373  -33.961 0.0000000000
62612  24.732  -14.587  -33.639 0.0000000000
63448  25.446  -13.741  -33.667 0.0000000000
71453  17.182  -3.839  -32.136 0.0000000000
72326  17.601  -2.969  -33.245 0.0000000000
72327  17.234  -2.301  -32.694 0.0000000000
75526  19.190  1.645  -33.598 0.0000000000
74761  17.829  1.729  -32.493 0.0000000000
74808  19.577  1.618  -35.939 0.0000000000
74821  19.952  1.549  -36.438 0.0000000000
74819  21.359  1.177  -36.579 0.0000000000
74031  21.123  0.057  -36.138 0.0000000000
73216  23.549  -1.286  -36.998 0.0000000000
103394  24.659  -0.748  -37.249 0.0000000000
73214  25.713  -0.912  -37.280 0.0000000000
73224  25.999  -0.408  -37.880 0.0000000000
74816  27.572  0.278  -36.451 0.0000000000
117316  28.764  0.870  -35.611 0.0000000000
75557  28.961  1.631  -35.666 0.0000000000
75556  29.899  1.803  -35.083 0.0000000000
76275  31.335  3.098  -35.195 0.0000000000
76274  32.166  3.372  -35.678 0.0000000000
112017  24.494  8.416  -38.637 0.0000000000
67497  24.107  -8.668  -35.642 0.0000000000
67496  24.939  -8.708  -35.731 0.0000000000
66682  26.590  -9.511  -35.448 0.0000000000
67495  26.605  -8.130  -35.717 0.0000000000
66693  27.001  -8.908  -35.515 0.0000000000
66665  28.060  -9.955  -33.743 0.0000000000
76254  18.669  1.980  -32.741 0.0000000000
121121  21.479  2.215  -37.141 0.0000000000
75574  20.855  3.147  -37.338 0.0000000000
74818  22.705  1.870  -37.034 0.0000000000
76300  25.009  2.727  -38.457 0.0000000000
77035  26.593  3.432  -37.715 0.0000000000
61033  24.472  -16.678  -33.263 0.0000000000
69876  28.122  -5.173  -35.181 0.0000000000
69056  28.647  -6.069  -34.471 0.0000000000
69866  29.098  -5.411  -34.191 0.0000000000
65820  21.126  -10.726  -34.015 0.0000000000
66685  20.989  -9.208  -34.131 0.0000000000
66697  22.389  -9.053  -35.200 0.0000000000
67499  22.637  -8.405  -35.495 0.0000000000
69060  19.356  -6.566  -33.620 0.0000000000
112479  20.928  -7.049  -34.490 0.0000000000
68292  22.108  -7.614  -35.191 0.0000000000
67498  23.289  -8.514  -35.629 0.0000000000
68290  23.062  -7.717  -35.710 0.0000000000
68302  23.921  -7.309  -35.864 0.0000000000
69081  22.828  -6.208  -35.910 0.0000000000
69079  24.227  -6.334  -36.168 0.0000000000
69078  25.232  -6.134  -36.362 0.0000000000
110510  25.900  -6.037  -36.395 0.0000000000
69077  26.406  -5.786  -36.328 0.0000000000
73117  13.323  -0.206  -29.691 0.0000000000
73946  13.241  -0.088  -30.455 0.0000000000
107640  15.347  -0.318  -30.989 0.0000000000
73170  16.779  -1.364  -32.327 0.0000000000
107545  17.931  -2.343  -33.133 0.0000000000
103242  16.986  2.020  -32.066 0.0000000000
74762  17.260  1.096  -32.418 0.0000000000
108275  16.503  0.726  -32.035 0.0000000000
73993  18.473  -0.215  -33.427 0.0000000000
73994  17.191  -0.189  -32.443 0.0000000000
105317  18.529  -2.109  -33.600 0.0000000000
71481  20.396  -3.464  -34.892 0.0000000000
71491  20.977  -3.441  -35.575 0.0000000000
116321  22.158  -3.873  -35.948 0.0000000000
71499  22.331  -3.483  -36.274 0.0000000000
113702  22.786  -3.990  -36.267 0.0000000000
70670  23.613  -4.633  -36.462 0.0000000000
69899  24.404  -4.685  -36.626 0.0000000000
69888  25.854  -5.286  -36.548 0.0000000000
69886  26.848  -5.136  -36.238 0.0000000000
70657  27.937  -4.590  -35.395 0.0000000000
117411  28.387  -3.959  -35.010 0.0000000000
109285  27.961  -3.244  -35.457 0.0000000000
71480  28.799  -3.178  -34.279 0.0000000000
71479  29.912  -3.160  -33.540 0.0000000000
73212  26.760  -1.206  -36.897 0.0000000000
74020  28.280  -0.872  -35.425 0.0000000000
74792  29.870  0.318  -34.591 0.0000000000
113344  30.911  -0.964  -34.062 0.0000000000
79268  24.235  6.495  -38.143 0.0000000000
76292  22.779  3.187  -37.301 0.0000000000
77037  24.171  3.511  -37.919 0.0000000000
110896  25.026  4.084  -37.803 0.0000000000
77730  27.182  4.058  -37.387 0.0000000000
83061  28.964  11.741  -37.258 0.0000000000
122453  28.547  10.584  -37.443 0.0000000000
83060  29.783  11.444  -37.534 0.0000000000
108760  28.770  10.057  -37.410 0.0000000000
82278  30.943  10.626  -38.147 0.0000000000
81460  30.204  9.667  -37.391 0.0000000000
108261  30.068  9.002  -37.175 0.0000000000
79998  28.894  6.985  -36.972 0.0000000000
79996  30.985  7.696  -36.664 0.0000000000
110799  29.488  6.652  -36.558 0.0000000000
79255  28.663  6.138  -36.693 0.0000000000
78498  28.226  5.298  -36.902 0.0000000000
111907  28.029  3.960  -37.008 0.0000000000
77728  28.778  3.888  -36.766 0.0000000000
77715  30.082  4.410  -35.890 0.0000000000
78494  32.083  5.649  -36.443 0.0000000000
77725  31.496  4.959  -36.231 0.0000000000
77714  30.953  4.368  -35.780 0.0000000000
77025  31.774  4.204  -35.950 0.0000000000
118448  32.355  3.929  -36.300 0.0000000000
107395  33.267  3.761  -37.899 0.0000000000
116555  33.363  4.829  -39.347 0.0000000000
77748  33.308  4.270  -38.523 0.0000000000
114282  33.353  3.192  -37.235 0.0000000000
65052  22.322  -11.954  -34.571 0.0000000000
64271  22.985  -12.371  -34.761 0.0000000000
64270  23.523  -12.300  -34.925 0.0000000000
64258  23.610  -12.653  -34.888 0.0000000000
63462  24.721  -13.121  -34.383 0.0000000000
63447  26.251  -13.664  -33.509 0.0000000000
65050  25.325  -11.435  -35.163 0.0000000000
65049  26.027  -11.499  -34.575 0.0000000000
64256  25.463  -12.075  -34.642 0.0000000000
62609  27.371  -14.940  -33.915 0.0000000000
69048  28.916  -6.799  -34.131 0.0000000000
68267  29.109  -7.505  -33.674 0.0000000000
65034  26.745  -11.636  -33.971 0.0000000000
65815  27.336  -10.410  -34.205 0.0000000000
67471  28.608  -8.152  -33.693 0.0000000000
67508  25.386  -7.766  -35.906 0.0000000000
68289  26.373  -7.325  -35.901 0.0000000000
69867  28.482  -5.450  -34.739 0.0000000000
69868  27.899  -5.891  -35.207 0.0000000000
69877  27.510  -5.197  -35.720 0.0000000000
70638  17.896  -4.449  -33.021 0.0000000000
70658  27.239  -4.525  -35.944 0.0000000000
70669  25.887  -4.525  -36.642 0.0000000000
70671  23.070  -4.618  -36.229 0.0000000000
70678  25.415  -3.958  -36.692 0.0000000000
71429  16.630  -3.200  -31.938 0.0000000000
71483  19.567  -3.256  -34.144 0.0000000000
71508  25.581  -3.110  -36.613 0.0000000000
72360  21.822  -2.775  -36.186 0.0000000000
72365  26.328  -1.964  -36.642 0.0000000000
72370  23.233  -2.897  -36.914 0.0000000000
72376  25.180  -0.748  -37.303 0.0000000000
72378  24.219  -1.756  -37.043 0.0000000000
73126  13.762  -0.408  -30.354 0.0000000000
73186  19.750  -0.367  -34.810 0.0000000000
73193  28.337  -1.645  -34.974 0.0000000000
73213  26.241  -0.945  -37.276 0.0000000000
73215  24.161  -1.001  -37.102 0.0000000000
73225  25.569  -0.286  -37.952 0.0000000000
73952  14.280  0.441  -31.205 0.0000000000
73953  14.093  -0.217  -30.839 0.0000000000
73954  13.277  -0.048  -30.826 0.0000000000
74006  30.003  -0.646  -34.357 0.0000000000
74021  27.664  -0.931  -36.110 0.0000000000
74030  22.112  -0.258  -36.538 0.0000000000
74037  26.682  -0.451  -37.516 0.0000000000
74038  26.286  -0.193  -38.038 0.0000000000
74782  18.579  0.614  -33.376 0.0000000000
74797  19.614  0.706  -35.256 0.0000000000
74817  27.054  0.138  -37.422 0.0000000000
74827  26.580  0.125  -38.152 0.0000000000
74835  24.678  0.461  -38.793 0.0000000000
75544  19.883  2.831  -36.868 0.0000000000
75562  19.569  2.023  -36.128 0.0000000000
75570  27.986  1.162  -36.038 0.0000000000
75581  26.385  1.450  -38.435 0.0000000000
76289  28.023  2.620  -36.273 0.0000000000
76306  24.838  1.862  -38.880 0.0000000000
77034  32.841  4.045  -37.016 0.0000000000
77727  29.331  4.449  -36.337 0.0000000000
79274  33.028  7.002  -38.218 0.0000000000
79995  31.636  7.180  -36.599 0.0000000000
81459  30.966  9.894  -37.725 0.0000000000
81466  23.600  12.586  -39.169 0.0000000000
103161  25.409  0.085  -38.986 0.0000000000
103162  25.794  0.327  -39.053 0.0000000000
103167  13.319  0.719  -30.457 0.0000000000
103168  16.057  2.977  -30.696 0.0000000000
103360  13.081  0.180  -30.498 0.0000000000
103585  25.404  -0.072  -38.497 0.0000000000
103600  26.161  0.147  -38.568 0.0000000000
104422  16.577  1.484  -32.007 0.0000000000
104604  25.282  0.496  -39.359 0.0000000000
107550  32.061  2.492  -35.229 0.0000000000
110517  28.496  -0.190  -35.512 0.0000000000
117055  28.251  1.927  -36.084 0.0000000000
117419  33.086  5.997  -37.282 0.0000000000
117860  14.028  1.579  -30.590 0.0000000000
118866  28.724  -12.757  -33.563 0.0000000000
122788  31.009  11.294  -39.190 0.0000000000
123396  28.416  4.037  -36.964 0.0000000000
123425  25.626  -5.683  -36.485 0.0000000000
123574  26.580  -2.724  -36.500 0.0000000000
123770  15.605  2.114  -31.240 0.0000000000
124348  21.347  -7.480  -34.693 0.0000000000
