#!ascii label  , from subject sub-008 vox2ras=TkReg
1630
60890  -43.330  -34.475  31.714 0.0000000000
76306  -58.760  -19.655  24.182 0.0000000000
153281  -49.563  -27.545  28.398 0.0000000000
153215  -12.967  -50.921  55.062 0.0000000000
59565  -40.663  -34.957  38.782 0.0000000000
135622  -26.817  -43.257  52.451 0.0000000000
50661  -38.227  -43.708  51.304 0.0000000000
52965  -44.371  -42.083  44.959 0.0000000000
57446  -44.950  -37.251  43.131 0.0000000000
48579  -20.612  -45.830  47.739 0.0000000000
50634  -22.158  -43.907  52.900 0.0000000000
51877  -24.152  -43.145  46.972 0.0000000000
49673  -34.586  -44.587  46.359 0.0000000000
49677  -40.615  -44.982  46.599 0.0000000000
59568  -46.969  -36.228  38.564 0.0000000000
60843  -49.674  -34.739  34.146 0.0000000000
72275  -53.767  -23.329  26.461 0.0000000000
64146  -46.661  -31.763  29.137 0.0000000000
77259  -54.189  -18.346  18.667 0.0000000000
42373  -8.680  -51.918  55.876 0.0000000000
61884  -44.406  -34.359  41.472 0.0000000000
59628  -41.466  -35.981  35.822 0.0000000000
51893  -28.865  -43.575  46.505 0.0000000000
49576  -32.133  -45.003  52.455 0.0000000000
66043  -50.738  -29.716  34.657 0.0000000000
79278  -57.498  -16.995  15.162 0.0000000000
51939  -43.009  -42.921  43.164 0.0000000000
54064  -43.969  -40.346  41.895 0.0000000000
50742  -22.128  -43.994  46.930 0.0000000000
131185  -38.725  -44.931  44.542 0.0000000000
49706  -41.316  -44.511  44.501 0.0000000000
50750  -42.902  -44.073  46.369 0.0000000000
59631  -45.564  -36.610  35.189 0.0000000000
59613  -48.570  -36.585  36.309 0.0000000000
60861  -46.508  -35.051  33.345 0.0000000000
73312  -56.506  -22.417  25.899 0.0000000000
73267  -56.854  -22.863  29.089 0.0000000000
78198  -59.736  -17.593  23.464 0.0000000000
43468  -12.209  -50.914  52.280 0.0000000000
130804  -11.068  -51.076  56.011 0.0000000000
58499  -43.443  -35.890  40.526 0.0000000000
60720  -44.341  -34.937  42.787 0.0000000000
60745  -42.737  -34.803  40.281 0.0000000000
60774  -42.962  -34.513  38.416 0.0000000000
60811  -40.157  -34.869  37.344 0.0000000000
51795  -24.761  -43.265  52.789 0.0000000000
51741  -23.414  -42.918  55.667 0.0000000000
51743  -25.856  -42.625  55.625 0.0000000000
137893  -28.260  -43.162  55.793 0.0000000000
52977  -27.740  -42.355  44.085 0.0000000000
51937  -30.003  -43.219  43.667 0.0000000000
49624  -36.551  -44.887  49.486 0.0000000000
49621  -33.257  -44.529  49.095 0.0000000000
50657  -34.943  -44.324  51.834 0.0000000000
50600  -34.174  -43.336  55.230 0.0000000000
44525  -17.878  -49.374  51.841 0.0000000000
136016  -19.775  -50.272  55.004 0.0000000000
43376  -18.834  -51.270  57.835 0.0000000000
67123  -48.186  -29.382  28.485 0.0000000000
65095  -48.861  -31.051  31.075 0.0000000000
67099  -50.397  -28.300  31.372 0.0000000000
78317  -59.068  -17.389  12.121 0.0000000000
155389  -12.384  -50.654  58.144 0.0000000000
53994  -46.259  -40.684  47.574 0.0000000000
56351  -45.660  -38.235  47.020 0.0000000000
55264  -44.642  -39.395  43.969 0.0000000000
56443  -44.293  -38.329  41.273 0.0000000000
47493  -20.666  -47.132  51.511 0.0000000000
139772  -20.570  -45.732  54.435 0.0000000000
49600  -21.546  -44.536  50.441 0.0000000000
50689  -23.535  -43.563  49.915 0.0000000000
140947  -25.666  -43.171  49.969 0.0000000000
143809  -32.630  -44.348  44.035 0.0000000000
134463  -35.386  -44.668  44.396 0.0000000000
49674  -37.776  -45.247  46.956 0.0000000000
49627  -39.339  -44.727  49.408 0.0000000000
50715  -41.561  -43.677  48.674 0.0000000000
51870  -44.147  -43.013  48.182 0.0000000000
46467  -19.274  -47.655  47.630 0.0000000000
61902  -48.057  -34.120  40.954 0.0000000000
157463  -51.736  -35.090  42.002 0.0000000000
60782  -50.121  -35.557  38.997 0.0000000000
132605  -51.374  -36.104  37.320 0.0000000000
71114  -51.301  -24.901  27.567 0.0000000000
69033  -51.830  -26.650  30.860 0.0000000000
71085  -54.361  -24.376  30.034 0.0000000000
39175  -4.917  -53.866  57.839 0.0000000000
63039  -44.836  -32.787  30.047 0.0000000000
67155  -44.854  -28.946  26.459 0.0000000000
70150  -48.434  -26.033  25.454 0.0000000000
71146  -51.302  -24.483  24.588 0.0000000000
72301  -53.747  -23.463  23.479 0.0000000000
142931  -55.703  -21.811  22.270 0.0000000000
76336  -57.404  -19.791  21.446 0.0000000000
74346  -55.169  -21.374  19.597 0.0000000000
43340  -10.185  -50.815  59.597 0.0000000000
43337  -7.139  -50.870  60.495 0.0000000000
140287  -5.400  -51.974  59.160 0.0000000000
59488  -47.039  -34.912  44.388 0.0000000000
58410  -45.638  -36.078  46.598 0.0000000000
152216  -45.724  -33.854  44.982 0.0000000000
62924  -46.792  -33.360  42.797 0.0000000000
60759  -45.993  -35.006  39.826 0.0000000000
134302  -43.939  -36.352  36.950 0.0000000000
59662  -42.481  -35.842  33.483 0.0000000000
50587  -21.216  -44.131  56.832 0.0000000000
51891  -27.101  -42.592  46.192 0.0000000000
50690  -28.622  -43.478  49.485 0.0000000000
50748  -31.764  -44.148  46.219 0.0000000000
49618  -30.858  -44.531  49.855 0.0000000000
137555  -29.187  -44.187  52.607 0.0000000000
147218  -31.153  -43.908  55.861 0.0000000000
44501  -13.905  -50.297  52.489 0.0000000000
44523  -15.465  -49.690  51.690 0.0000000000
154417  -15.490  -50.359  54.979 0.0000000000
63012  -47.888  -32.809  32.047 0.0000000000
62977  -50.268  -32.436  34.454 0.0000000000
64052  -52.289  -31.699  36.570 0.0000000000
141603  -52.555  -27.634  34.338 0.0000000000
78233  -57.417  -17.456  19.964 0.0000000000
80167  -57.351  -15.218  19.146 0.0000000000
81119  -57.470  -13.977  17.374 0.0000000000
80216  -55.199  -15.788  16.076 0.0000000000
132681  -59.669  -14.120  15.845 0.0000000000
50807  -42.467  -43.526  42.669 0.0000000000
147233  -43.368  -41.990  41.875 0.0000000000
51991  -42.460  -42.405  40.486 0.0000000000
49734  -40.243  -44.673  43.076 0.0000000000
50787  -41.185  -44.328  42.847 0.0000000000
50789  -42.750  -43.859  43.500 0.0000000000
60858  -43.944  -35.351  33.035 0.0000000000
59666  -46.039  -35.635  33.854 0.0000000000
60878  -45.282  -34.576  32.697 0.0000000000
75325  -58.231  -21.196  25.119 0.0000000000
74285  -58.585  -21.539  26.690 0.0000000000
76280  -59.445  -20.542  26.059 0.0000000000
76293  -59.812  -19.225  25.428 0.0000000000
77216  -59.263  -19.076  24.070 0.0000000000
43453  -12.482  -50.944  53.709 0.0000000000
43452  -11.685  -51.338  53.893 0.0000000000
43437  -12.266  -51.066  54.665 0.0000000000
59554  -42.524  -35.796  40.022 0.0000000000
59541  -42.591  -35.100  40.273 0.0000000000
59552  -41.258  -34.936  39.403 0.0000000000
60773  -41.451  -34.680  38.820 0.0000000000
60772  -40.609  -34.722  38.433 0.0000000000
45392  -20.739  -48.631  56.286 0.0000000000
132942  -26.044  -43.111  52.353 0.0000000000
132383  -25.290  -43.086  53.988 0.0000000000
51764  -26.359  -42.923  54.789 0.0000000000
51722  -27.219  -42.679  56.274 0.0000000000
51766  -27.646  -43.361  54.044 0.0000000000
49608  -37.173  -44.655  50.140 0.0000000000
49606  -35.451  -44.606  50.323 0.0000000000
50659  -36.557  -44.041  51.704 0.0000000000
51798  -35.988  -43.232  53.045 0.0000000000
131414  -20.601  -48.558  53.960 0.0000000000
45410  -20.594  -49.075  54.682 0.0000000000
44435  -20.236  -50.297  56.661 0.0000000000
59520  -48.337  -35.597  42.524 0.0000000000
67140  -48.375  -28.670  28.187 0.0000000000
67111  -49.165  -29.123  29.906 0.0000000000
68133  -50.016  -28.012  29.878 0.0000000000
54010  -45.117  -41.175  46.262 0.0000000000
137032  -45.048  -40.147  45.981 0.0000000000
52979  -44.609  -41.178  44.727 0.0000000000
55298  -44.133  -39.370  41.344 0.0000000000
55313  -43.375  -39.156  39.845 0.0000000000
56457  -43.475  -38.214  40.012 0.0000000000
47508  -20.553  -46.425  50.004 0.0000000000
48540  -20.926  -45.709  51.277 0.0000000000
49635  -21.223  -45.060  49.076 0.0000000000
50744  -23.340  -43.380  46.614 0.0000000000
50706  -22.658  -43.678  48.731 0.0000000000
51862  -23.939  -43.018  47.877 0.0000000000
51845  -24.250  -43.230  49.340 0.0000000000
51863  -24.665  -42.941  48.410 0.0000000000
49715  -34.647  -44.643  43.619 0.0000000000
49691  -39.416  -44.974  45.202 0.0000000000
131189  -37.631  -44.973  45.572 0.0000000000
133929  -38.730  -45.309  47.109 0.0000000000
49660  -38.072  -45.319  47.663 0.0000000000
49661  -39.485  -45.020  47.736 0.0000000000
50714  -40.719  -44.117  48.868 0.0000000000
49663  -41.250  -44.695  47.150 0.0000000000
51894  -44.246  -43.279  45.927 0.0000000000
50735  -43.528  -43.678  46.850 0.0000000000
51895  -44.679  -42.842  46.534 0.0000000000
52949  -45.352  -42.089  47.541 0.0000000000
47552  -20.171  -46.674  47.391 0.0000000000
60761  -47.965  -34.823  39.699 0.0000000000
61920  -49.219  -34.356  40.007 0.0000000000
60780  -48.390  -35.428  39.003 0.0000000000
59635  -49.911  -35.681  35.339 0.0000000000
134754  -50.284  -36.170  36.807 0.0000000000
133098  -51.450  -35.517  35.670 0.0000000000
59637  -52.383  -35.519  35.950 0.0000000000
60829  -51.457  -34.820  34.859 0.0000000000
72264  -52.638  -24.010  27.401 0.0000000000
71101  -52.427  -24.722  28.671 0.0000000000
72251  -53.778  -23.731  28.244 0.0000000000
146366  -57.894  -21.903  30.405 0.0000000000
71132  -49.753  -25.110  24.817 0.0000000000
131981  -49.941  -24.838  23.892 0.0000000000
71173  -52.297  -24.379  22.337 0.0000000000
72312  -53.475  -23.703  22.075 0.0000000000
73328  -54.833  -22.628  23.320 0.0000000000
73352  -55.093  -22.434  21.828 0.0000000000
74338  -55.362  -21.740  20.233 0.0000000000
134570  -9.790  -51.863  53.947 0.0000000000
157101  -8.052  -52.116  56.476 0.0000000000
140242  -11.858  -50.633  60.833 0.0000000000
43356  -11.122  -50.742  58.763 0.0000000000
44382  -10.229  -50.690  61.465 0.0000000000
43327  -7.360  -50.772  61.441 0.0000000000
42326  -6.223  -51.401  61.692 0.0000000000
43351  -6.313  -51.311  59.960 0.0000000000
41234  -6.043  -52.881  61.128 0.0000000000
146043  -5.542  -53.865  60.210 0.0000000000
57415  -44.913  -38.026  45.490 0.0000000000
57401  -45.406  -37.575  46.315 0.0000000000
58424  -44.861  -36.505  44.531 0.0000000000
61875  -44.309  -34.488  41.816 0.0000000000
143521  -44.895  -34.397  44.314 0.0000000000
144529  -44.887  -33.789  42.861 0.0000000000
62908  -45.922  -33.262  43.915 0.0000000000
157999  -45.718  -33.876  41.888 0.0000000000
61901  -46.853  -34.164  41.005 0.0000000000
147482  -45.110  -34.474  40.326 0.0000000000
149644  -42.461  -35.895  36.775 0.0000000000
59585  -43.979  -35.778  37.625 0.0000000000
59608  -43.233  -36.328  36.305 0.0000000000
59629  -42.997  -36.288  35.257 0.0000000000
138043  -41.938  -36.023  34.166 0.0000000000
49550  -21.024  -44.416  54.112 0.0000000000
49543  -20.808  -44.796  55.549 0.0000000000
50606  -21.672  -44.004  54.415 0.0000000000
51904  -28.257  -42.839  45.209 0.0000000000
51918  -27.189  -42.145  44.674 0.0000000000
51892  -28.140  -43.016  46.564 0.0000000000
132745  -27.847  -43.295  48.089 0.0000000000
143575  -28.512  -43.389  47.443 0.0000000000
49687  -33.487  -44.480  45.836 0.0000000000
49686  -32.548  -44.403  45.444 0.0000000000
49672  -33.086  -44.381  46.729 0.0000000000
49603  -32.656  -44.691  50.548 0.0000000000
157828  -32.386  -44.542  49.000 0.0000000000
49602  -31.154  -44.710  50.853 0.0000000000
49601  -30.282  -44.520  50.607 0.0000000000
49574  -30.704  -44.892  52.408 0.0000000000
50609  -30.568  -44.449  54.591 0.0000000000
49564  -31.524  -44.882  53.576 0.0000000000
52924  -41.512  -42.028  50.883 0.0000000000
133433  -16.959  -49.397  52.019 0.0000000000
131456  -16.209  -49.980  53.759 0.0000000000
44488  -15.427  -50.026  53.581 0.0000000000
131391  -19.146  -51.613  59.614 0.0000000000
150491  -45.511  -32.536  29.663 0.0000000000
63022  -45.957  -33.021  31.085 0.0000000000
63041  -47.175  -32.363  30.749 0.0000000000
153821  -49.924  -30.074  32.899 0.0000000000
64074  -49.525  -31.662  33.506 0.0000000000
64065  -50.425  -31.083  34.732 0.0000000000
64058  -51.163  -32.057  35.406 0.0000000000
148839  -51.421  -30.826  36.374 0.0000000000
69035  -52.921  -26.190  31.699 0.0000000000
69021  -52.435  -26.697  32.415 0.0000000000
69008  -53.589  -26.523  33.523 0.0000000000
76344  -55.809  -19.632  19.295 0.0000000000
153985  -57.533  -18.804  20.417 0.0000000000
136662  -56.384  -18.288  19.264 0.0000000000
79216  -55.759  -15.792  19.061 0.0000000000
81105  -55.409  -14.459  18.321 0.0000000000
81107  -57.229  -13.911  18.118 0.0000000000
132937  -55.748  -14.228  17.734 0.0000000000
78263  -55.915  -17.574  15.225 0.0000000000
79263  -54.722  -16.712  15.841 0.0000000000
79265  -56.574  -16.902  15.540 0.0000000000
80207  -57.731  -14.817  16.525 0.0000000000
80219  -58.826  -15.448  15.291 0.0000000000
79279  -59.137  -16.080  14.460 0.0000000000
79315  -60.867  -15.665  11.255 0.0000000000
51923  -43.863  -42.622  44.435 0.0000000000
52978  -44.112  -41.726  44.147 0.0000000000
52995  -43.471  -42.113  42.749 0.0000000000
53036  -43.622  -41.179  41.435 0.0000000000
49654  -21.426  -44.579  47.091 0.0000000000
49717  -38.427  -44.782  43.214 0.0000000000
49704  -39.649  -44.815  44.135 0.0000000000
49692  -40.469  -44.871  45.025 0.0000000000
49678  -41.399  -44.729  46.287 0.0000000000
50763  -42.150  -44.243  44.922 0.0000000000
50777  -43.556  -43.417  44.800 0.0000000000
59610  -46.132  -36.762  36.795 0.0000000000
59589  -48.228  -36.538  37.410 0.0000000000
143685  -46.985  -36.538  35.383 0.0000000000
59649  -47.397  -36.133  34.792 0.0000000000
147102  -48.794  -35.102  34.102 0.0000000000
150631  -54.729  -22.820  26.045 0.0000000000
73291  -55.148  -23.330  27.423 0.0000000000
73293  -56.896  -22.800  27.376 0.0000000000
74266  -57.951  -21.950  28.667 0.0000000000
79194  -59.731  -16.193  22.697 0.0000000000
42386  -10.787  -51.664  54.128 0.0000000000
42362  -10.310  -51.556  55.822 0.0000000000
57458  -44.694  -37.287  42.268 0.0000000000
58443  -44.883  -36.366  43.561 0.0000000000
138105  -44.034  -35.571  41.268 0.0000000000
59531  -43.987  -35.003  41.518 0.0000000000
61897  -43.231  -34.698  40.357 0.0000000000
60757  -44.080  -34.638  39.383 0.0000000000
61913  -42.365  -34.661  39.012 0.0000000000
60813  -42.017  -35.184  37.533 0.0000000000
59606  -40.767  -35.558  36.607 0.0000000000
50620  -23.706  -43.538  53.224 0.0000000000
50594  -22.438  -43.618  54.681 0.0000000000
149746  -23.722  -43.053  54.694 0.0000000000
51720  -24.339  -42.616  56.177 0.0000000000
52863  -27.726  -42.457  57.712 0.0000000000
51936  -29.241  -42.740  43.607 0.0000000000
51906  -29.852  -43.770  45.213 0.0000000000
131195  -35.840  -44.693  48.146 0.0000000000
49640  -34.363  -44.297  48.013 0.0000000000
49623  -35.040  -44.553  49.487 0.0000000000
49605  -34.115  -44.617  50.542 0.0000000000
49577  -33.895  -44.537  52.309 0.0000000000
49565  -33.080  -44.573  53.397 0.0000000000
50627  -34.409  -43.537  53.516 0.0000000000
150588  -19.123  -48.693  49.906 0.0000000000
44526  -18.975  -49.379  51.652 0.0000000000
150265  -18.630  -50.626  55.145 0.0000000000
157114  -18.113  -50.977  56.832 0.0000000000
43412  -19.478  -50.765  56.411 0.0000000000
66111  -47.160  -30.123  28.051 0.0000000000
65112  -47.919  -31.217  30.033 0.0000000000
65113  -48.544  -30.631  30.252 0.0000000000
66081  -49.472  -29.813  31.195 0.0000000000
66070  -50.621  -28.800  33.134 0.0000000000
77258  -53.331  -18.075  18.615 0.0000000000
78242  -54.747  -17.711  18.872 0.0000000000
79224  -52.179  -15.838  18.899 0.0000000000
78302  -56.889  -18.199  13.986 0.0000000000
78304  -58.266  -17.373  13.560 0.0000000000
154209  -56.853  -18.357  13.199 0.0000000000
143504  -58.166  -17.869  12.054 0.0000000000
44431  -14.170  -50.540  56.686 0.0000000000
44430  -12.742  -50.652  57.258 0.0000000000
56338  -46.413  -38.873  47.926 0.0000000000
55193  -46.154  -39.621  47.361 0.0000000000
138826  -44.976  -39.041  45.538 0.0000000000
56394  -44.749  -38.651  44.212 0.0000000000
54049  -44.521  -40.051  43.700 0.0000000000
137591  -44.585  -38.941  42.741 0.0000000000
56411  -44.692  -38.137  42.741 0.0000000000
57498  -43.941  -37.850  40.624 0.0000000000
58514  -42.536  -36.623  39.666 0.0000000000
46373  -20.624  -47.552  53.907 0.0000000000
131273  -20.684  -46.866  54.637 0.0000000000
143734  -20.639  -46.227  52.809 0.0000000000
49571  -21.072  -44.855  52.434 0.0000000000
49585  -21.536  -44.557  51.824 0.0000000000
49636  -21.694  -44.457  48.691 0.0000000000
135512  -21.974  -43.970  50.091 0.0000000000
50652  -22.655  -43.875  51.421 0.0000000000
51811  -23.908  -43.543  51.806 0.0000000000
138967  -25.149  -43.208  51.378 0.0000000000
51814  -26.556  -43.047  51.550 0.0000000000
49701  -33.606  -44.672  44.080 0.0000000000
49689  -35.275  -44.695  45.779 0.0000000000
131187  -36.971  -44.959  44.947 0.0000000000
131190  -36.828  -44.922  45.817 0.0000000000
131193  -35.886  -45.023  46.934 0.0000000000
49659  -37.300  -45.147  47.654 0.0000000000
49625  -37.503  -44.975  49.299 0.0000000000
50677  -38.556  -44.158  50.619 0.0000000000
51836  -38.972  -43.409  50.963 0.0000000000
50695  -39.689  -44.078  49.868 0.0000000000
50697  -40.967  -43.442  49.314 0.0000000000
136355  -42.297  -42.492  49.768 0.0000000000
50734  -42.716  -43.921  47.269 0.0000000000
51869  -43.254  -43.088  48.538 0.0000000000
156614  -43.678  -42.680  48.704 0.0000000000
135426  -45.023  -42.102  49.242 0.0000000000
45487  -19.656  -48.221  49.617 0.0000000000
138370  -49.526  -33.004  42.491 0.0000000000
61887  -49.900  -34.054  41.538 0.0000000000
61922  -50.767  -34.622  40.294 0.0000000000
59555  -51.975  -35.919  39.944 0.0000000000
59571  -49.794  -35.991  38.349 0.0000000000
132746  -50.885  -36.008  38.415 0.0000000000
69094  -50.400  -26.222  27.543 0.0000000000
69068  -50.850  -26.652  29.335 0.0000000000
70092  -51.717  -25.596  29.039 0.0000000000
70076  -52.830  -25.522  29.957 0.0000000000
70064  -54.484  -25.421  31.597 0.0000000000
149026  -55.433  -23.745  29.674 0.0000000000
71070  -55.637  -24.500  30.653 0.0000000000
60904  -42.147  -33.874  30.543 0.0000000000
61998  -43.782  -33.842  31.230 0.0000000000
62014  -43.017  -32.846  30.084 0.0000000000
64143  -43.940  -32.235  28.642 0.0000000000
64157  -44.394  -31.567  28.003 0.0000000000
66127  -45.596  -30.313  27.246 0.0000000000
66143  -46.274  -29.312  27.170 0.0000000000
152285  -47.545  -28.617  27.435 0.0000000000
146088  -48.606  -27.655  27.243 0.0000000000
69110  -49.438  -26.415  26.383 0.0000000000
70137  -50.453  -25.237  26.269 0.0000000000
130725  -51.013  -24.677  26.225 0.0000000000
72273  -52.071  -24.073  25.786 0.0000000000
134158  -50.929  -24.671  23.696 0.0000000000
72291  -52.556  -23.955  24.324 0.0000000000
72284  -53.445  -23.403  25.475 0.0000000000
132871  -55.245  -22.411  24.835 0.0000000000
74299  -56.470  -21.633  24.392 0.0000000000
134026  -57.413  -20.698  23.702 0.0000000000
76318  -58.097  -19.889  22.795 0.0000000000
75371  -56.950  -20.501  21.560 0.0000000000
75377  -56.299  -20.715  20.201 0.0000000000
75392  -55.092  -19.980  18.968 0.0000000000
76352  -53.594  -19.036  18.343 0.0000000000
149014  -11.912  -50.832  57.517 0.0000000000
43389  -10.702  -51.068  57.434 0.0000000000
42348  -9.436  -51.425  57.521 0.0000000000
44375  -8.714  -50.651  62.292 0.0000000000
131215  -8.786  -50.791  59.850 0.0000000000
139211  -8.106  -51.681  57.695 0.0000000000
43387  -7.376  -51.640  57.863 0.0000000000
43368  -6.020  -51.251  58.659 0.0000000000
43366  -4.995  -51.278  58.170 0.0000000000
40214  -5.184  -53.091  58.954 0.0000000000
60708  -47.947  -34.029  43.848 0.0000000000
59456  -46.413  -35.356  47.290 0.0000000000
59487  -44.776  -35.815  44.276 0.0000000000
155405  -45.700  -34.539  46.014 0.0000000000
61827  -46.957  -33.902  45.968 0.0000000000
61844  -47.163  -33.618  44.150 0.0000000000
63993  -48.350  -33.203  42.927 0.0000000000
62946  -47.833  -33.404  41.516 0.0000000000
61918  -47.455  -34.360  40.363 0.0000000000
60778  -46.484  -35.726  39.357 0.0000000000
60776  -44.578  -35.077  38.862 0.0000000000
59566  -44.956  -35.946  38.333 0.0000000000
59586  -45.555  -36.512  37.697 0.0000000000
58546  -44.721  -36.679  35.694 0.0000000000
59645  -43.677  -36.184  34.475 0.0000000000
59678  -43.073  -35.457  32.869 0.0000000000
60793  -39.344  -34.962  37.481 0.0000000000
60810  -39.330  -34.879  36.860 0.0000000000
60827  -39.939  -35.286  36.371 0.0000000000
59641  -39.693  -35.715  34.350 0.0000000000
59660  -40.548  -35.907  33.536 0.0000000000
59676  -41.102  -35.811  32.602 0.0000000000
60874  -41.515  -35.272  31.921 0.0000000000
60889  -41.984  -34.609  31.265 0.0000000000
51739  -22.151  -43.546  56.301 0.0000000000
51915  -24.573  -42.769  44.662 0.0000000000
148585  -26.145  -42.340  45.419 0.0000000000
51889  -25.491  -42.731  46.481 0.0000000000
131184  -26.151  -42.925  47.795 0.0000000000
51848  -26.613  -43.218  49.526 0.0000000000
153219  -27.786  -43.482  51.316 0.0000000000
50773  -31.337  -43.836  44.374 0.0000000000
50761  -31.267  -44.003  45.116 0.0000000000
50746  -30.338  -43.935  46.722 0.0000000000
49638  -32.602  -44.325  48.326 0.0000000000
50711  -31.046  -44.321  48.049 0.0000000000
150912  -29.664  -44.087  47.952 0.0000000000
50691  -29.356  -43.872  49.533 0.0000000000
50656  -29.120  -44.041  50.954 0.0000000000
50638  -28.324  -43.798  52.758 0.0000000000
155149  -29.054  -43.824  54.661 0.0000000000
50596  -29.769  -43.879  55.561 0.0000000000
43487  -12.570  -50.665  51.557 0.0000000000
43454  -13.347  -50.686  53.326 0.0000000000
44545  -15.566  -49.521  50.736 0.0000000000
44544  -14.855  -49.526  50.076 0.0000000000
44502  -14.688  -49.948  52.088 0.0000000000
44487  -14.634  -50.289  53.790 0.0000000000
44466  -14.365  -50.459  54.820 0.0000000000
140277  -14.936  -50.662  56.881 0.0000000000
43359  -18.034  -51.388  58.620 0.0000000000
61985  -45.754  -33.913  32.308 0.0000000000
154524  -47.647  -34.135  33.119 0.0000000000
61973  -48.807  -33.735  33.235 0.0000000000
139509  -48.640  -32.165  32.191 0.0000000000
62988  -49.378  -32.448  33.583 0.0000000000
61959  -49.986  -33.815  33.860 0.0000000000
62979  -51.672  -32.880  34.914 0.0000000000
68120  -50.827  -27.605  30.888 0.0000000000
67088  -51.020  -28.141  32.775 0.0000000000
67067  -51.468  -28.549  34.427 0.0000000000
77230  -58.751  -18.517  22.334 0.0000000000
78219  -58.829  -17.422  21.417 0.0000000000
79208  -58.564  -16.217  20.589 0.0000000000
136629  -55.854  -16.676  19.049 0.0000000000
141540  -57.445  -16.001  19.684 0.0000000000
80158  -58.832  -15.364  20.271 0.0000000000
81098  -58.683  -13.970  19.021 0.0000000000
82094  -59.124  -12.957  18.099 0.0000000000
81131  -54.860  -14.620  16.929 0.0000000000
152797  -56.291  -14.534  16.857 0.0000000000
133895  -58.122  -14.204  16.837 0.0000000000
79302  -59.923  -16.078  12.843 0.0000000000
51967  -42.275  -43.335  41.805 0.0000000000
50805  -40.720  -44.207  42.153 0.0000000000
50806  -41.698  -43.916  42.316 0.0000000000
60876  -43.653  -34.968  32.311 0.0000000000
60859  -44.833  -35.336  33.082 0.0000000000
60877  -44.462  -34.779  32.508 0.0000000000
75333  -58.607  -20.306  24.756 0.0000000000
75326  -58.982  -20.903  25.586 0.0000000000
76292  -59.334  -20.034  25.474 0.0000000000
76281  -59.714  -19.677  26.279 0.0000000000
76307  -59.326  -19.526  24.774 0.0000000000
77217  -59.817  -18.800  24.664 0.0000000000
145115  -13.126  -50.822  54.317 0.0000000000
58512  -41.263  -35.341  39.227 0.0000000000
59553  -41.844  -35.175  39.789 0.0000000000
60754  -41.086  -34.790  39.091 0.0000000000
45387  -20.699  -48.315  56.990 0.0000000000
154227  -20.839  -48.061  55.721 0.0000000000
51797  -26.348  -43.274  53.184 0.0000000000
51780  -26.801  -42.992  53.971 0.0000000000
51765  -27.192  -42.949  54.804 0.0000000000
130795  -27.134  -43.363  53.233 0.0000000000
50676  -37.735  -44.295  50.789 0.0000000000
50675  -36.841  -44.339  50.932 0.0000000000
50660  -37.411  -43.906  51.529 0.0000000000
51817  -37.889  -43.159  51.954 0.0000000000
45397  -20.710  -48.867  55.477 0.0000000000
68143  -48.920  -27.971  27.943 0.0000000000
67141  -49.156  -28.233  28.735 0.0000000000
153405  -49.801  -27.797  29.160 0.0000000000
52966  -44.811  -41.640  45.526 0.0000000000
54028  -44.889  -40.685  45.388 0.0000000000
146323  -43.499  -39.988  40.102 0.0000000000
55314  -43.790  -39.534  40.509 0.0000000000
48561  -20.831  -45.716  49.546 0.0000000000
48571  -20.785  -45.743  48.643 0.0000000000
50726  -23.307  -43.339  47.418 0.0000000000
151810  -24.619  -42.919  47.613 0.0000000000
134558  -40.010  -44.893  45.973 0.0000000000
49676  -39.091  -45.002  46.145 0.0000000000
134654  -39.746  -45.207  46.844 0.0000000000
49662  -40.378  -44.904  47.434 0.0000000000
51908  -44.608  -42.535  45.710 0.0000000000
138818  -44.928  -42.094  46.170 0.0000000000
47539  -20.369  -46.520  48.299 0.0000000000
60779  -47.457  -35.600  39.230 0.0000000000
59569  -47.881  -36.078  38.364 0.0000000000
59651  -49.370  -35.525  34.682 0.0000000000
59636  -50.749  -35.362  35.106 0.0000000000
60828  -50.823  -34.822  34.589 0.0000000000
157795  -52.951  -23.761  26.806 0.0000000000
153650  -53.059  -24.005  27.926 0.0000000000
72266  -54.233  -23.437  27.417 0.0000000000
74234  -57.985  -21.970  31.318 0.0000000000
71144  -49.087  -25.162  23.974 0.0000000000
73351  -54.460  -22.873  21.548 0.0000000000
73362  -53.877  -23.200  20.914 0.0000000000
157812  -54.656  -22.484  20.570 0.0000000000
42374  -9.578  -51.837  55.582 0.0000000000
131216  -8.165  -52.457  55.055 0.0000000000
44383  -11.134  -50.659  61.359 0.0000000000
44373  -10.967  -50.638  63.030 0.0000000000
42325  -6.045  -52.131  60.756 0.0000000000
40183  -5.651  -53.480  60.630 0.0000000000
144081  -44.855  -37.950  44.540 0.0000000000
143814  -44.985  -37.243  44.907 0.0000000000
134935  -44.851  -37.222  44.049 0.0000000000
60731  -44.545  -34.305  42.655 0.0000000000
61876  -44.650  -33.988  42.175 0.0000000000
61877  -45.317  -33.653  42.540 0.0000000000
131350  -44.965  -33.980  41.690 0.0000000000
61900  -45.781  -34.385  41.046 0.0000000000
61899  -44.714  -34.401  40.935 0.0000000000
59607  -42.315  -36.164  36.003 0.0000000000
138789  -42.145  -36.096  35.061 0.0000000000
49551  -21.602  -44.184  53.533 0.0000000000
131504  -28.489  -43.164  45.816 0.0000000000
148400  -33.852  -44.448  46.730 0.0000000000
139299  -32.773  -44.802  51.220 0.0000000000
140241  -32.056  -44.773  51.088 0.0000000000
49588  -31.492  -44.975  51.842 0.0000000000
49575  -31.505  -45.054  52.799 0.0000000000
132669  -32.263  -44.989  53.175 0.0000000000
52935  -42.193  -42.080  50.467 0.0000000000
43410  -17.636  -50.842  56.370 0.0000000000
64145  -45.691  -32.041  28.989 0.0000000000
63059  -46.196  -32.362  29.734 0.0000000000
64124  -46.961  -32.125  29.957 0.0000000000
65064  -50.102  -30.224  33.693 0.0000000000
65050  -49.971  -30.981  34.015 0.0000000000
65051  -50.409  -30.334  34.391 0.0000000000
64050  -50.894  -31.155  35.631 0.0000000000
65038  -50.751  -30.357  35.141 0.0000000000
70040  -53.990  -25.947  32.911 0.0000000000
69022  -53.226  -26.317  32.643 0.0000000000
76354  -55.246  -19.273  18.925 0.0000000000
77251  -56.447  -19.071  19.561 0.0000000000
77260  -55.034  -18.564  18.819 0.0000000000
81104  -54.553  -14.499  18.322 0.0000000000
81117  -55.033  -14.370  17.650 0.0000000000
78264  -56.791  -17.646  14.836 0.0000000000
132971  -57.221  -16.165  15.785 0.0000000000
79266  -58.149  -16.202  15.235 0.0000000000
135333  -58.265  -16.856  14.563 0.0000000000
51940  -43.696  -42.386  43.589 0.0000000000
53035  -43.178  -41.880  40.948 0.0000000000
54082  -43.379  -41.162  40.661 0.0000000000
49732  -38.788  -44.639  42.526 0.0000000000
49705  -40.566  -44.636  44.077 0.0000000000
49693  -41.382  -44.625  45.421 0.0000000000
50776  -42.952  -44.010  44.350 0.0000000000
51922  -43.408  -43.333  43.924 0.0000000000
58552  -46.267  -36.710  35.712 0.0000000000
59648  -46.845  -35.658  34.071 0.0000000000
60841  -47.844  -35.380  34.112 0.0000000000
60862  -47.345  -34.861  33.481 0.0000000000
140827  -55.677  -22.692  25.996 0.0000000000
73304  -56.320  -22.816  26.643 0.0000000000
74283  -57.156  -22.462  26.583 0.0000000000
75303  -58.877  -20.718  28.396 0.0000000000
74260  -58.346  -21.125  29.120 0.0000000000
153022  -58.806  -20.386  29.140 0.0000000000
79180  -59.969  -16.875  23.478 0.0000000000
132484  -59.931  -15.916  23.728 0.0000000000
78210  -59.587  -17.239  22.786 0.0000000000
43436  -11.473  -51.371  54.647 0.0000000000
43422  -10.910  -51.473  55.151 0.0000000000
130672  -10.097  -51.809  54.901 0.0000000000
58484  -44.124  -36.412  41.043 0.0000000000
58464  -44.456  -36.321  41.907 0.0000000000
59540  -42.157  -35.119  40.028 0.0000000000
59530  -43.490  -35.021  40.814 0.0000000000
60746  -43.593  -34.821  40.756 0.0000000000
60756  -42.748  -34.633  39.801 0.0000000000
60795  -41.202  -34.570  38.149 0.0000000000
137759  -42.113  -34.686  38.314 0.0000000000
60812  -40.970  -34.865  37.492 0.0000000000
51794  -24.138  -43.459  52.583 0.0000000000
51761  -24.049  -43.250  53.871 0.0000000000
51763  -25.520  -42.997  54.753 0.0000000000
132729  -24.969  -42.840  55.433 0.0000000000
51721  -25.156  -42.410  56.101 0.0000000000
131877  -27.848  -42.882  56.208 0.0000000000
52872  -27.742  -42.856  56.910 0.0000000000
51723  -28.400  -43.051  56.535 0.0000000000
51920  -29.479  -43.289  44.379 0.0000000000
49641  -35.081  -44.493  48.543 0.0000000000
133251  -35.826  -44.907  49.004 0.0000000000
49591  -35.839  -44.446  51.149 0.0000000000
139946  -34.895  -44.652  50.952 0.0000000000
49590  -34.106  -44.685  51.393 0.0000000000
50641  -34.611  -43.897  52.733 0.0000000000
51782  -35.745  -42.898  53.768 0.0000000000
132725  -19.062  -48.985  50.702 0.0000000000
44507  -19.387  -49.564  52.557 0.0000000000
153005  -20.184  -49.741  54.602 0.0000000000
43427  -19.152  -50.725  55.536 0.0000000000
44452  -20.014  -50.340  55.815 0.0000000000
152041  -20.555  -49.352  57.828 0.0000000000
44427  -20.382  -50.223  57.523 0.0000000000
66112  -47.871  -30.146  28.544 0.0000000000
65134  -47.979  -30.728  29.329 0.0000000000
66113  -48.617  -29.859  29.346 0.0000000000
67112  -49.732  -28.608  30.253 0.0000000000
66095  -49.550  -29.192  30.727 0.0000000000
67086  -49.915  -29.070  31.618 0.0000000000
66069  -50.144  -29.302  32.576 0.0000000000
67087  -50.497  -28.559  32.253 0.0000000000
78240  -52.879  -17.010  18.583 0.0000000000
77278  -56.053  -18.211  14.434 0.0000000000
151680  -56.182  -18.455  13.532 0.0000000000
44423  -13.566  -50.541  57.347 0.0000000000
133566  -13.351  -50.575  61.790 0.0000000000
54011  -45.714  -40.265  46.677 0.0000000000
55235  -44.976  -39.824  45.312 0.0000000000
149492  -45.038  -39.612  45.773 0.0000000000
55249  -44.824  -39.273  44.744 0.0000000000
56378  -44.853  -38.580  44.905 0.0000000000
130919  -43.944  -41.445  43.272 0.0000000000
54040  -44.291  -40.795  43.910 0.0000000000
54048  -44.229  -40.422  42.951 0.0000000000
55282  -44.410  -39.565  42.344 0.0000000000
56427  -44.513  -38.723  42.042 0.0000000000
141068  -44.517  -37.965  41.926 0.0000000000
57513  -42.914  -37.545  39.590 0.0000000000
143735  -20.618  -47.232  53.067 0.0000000000
144775  -20.762  -46.377  51.814 0.0000000000
49599  -21.192  -45.112  50.806 0.0000000000
48526  -20.845  -45.533  52.162 0.0000000000
49584  -21.111  -45.018  51.606 0.0000000000
149728  -21.468  -44.667  51.142 0.0000000000
50724  -21.817  -44.232  47.833 0.0000000000
50687  -22.099  -43.997  49.203 0.0000000000
50688  -22.720  -43.726  49.680 0.0000000000
50670  -22.588  -43.828  50.557 0.0000000000
156881  -23.066  -43.673  50.253 0.0000000000
50653  -23.263  -43.742  51.766 0.0000000000
50671  -23.446  -43.599  50.893 0.0000000000
135182  -25.147  -43.050  49.212 0.0000000000
51831  -25.016  -43.264  50.587 0.0000000000
141665  -25.822  -43.015  51.571 0.0000000000
51833  -26.457  -43.122  50.586 0.0000000000
49702  -34.508  -44.652  44.599 0.0000000000
49703  -35.125  -44.706  45.082 0.0000000000
132425  -38.108  -44.880  43.949 0.0000000000
132426  -37.244  -44.852  44.102 0.0000000000
131186  -37.857  -44.929  44.753 0.0000000000
152313  -37.452  -45.045  46.268 0.0000000000
131191  -36.040  -44.873  46.155 0.0000000000
131192  -36.817  -45.050  46.765 0.0000000000
49658  -36.412  -44.927  47.588 0.0000000000
134806  -38.667  -45.190  48.138 0.0000000000
49642  -37.834  -45.249  48.441 0.0000000000
49626  -38.565  -45.045  49.178 0.0000000000
49609  -38.068  -44.570  49.966 0.0000000000
50694  -38.925  -44.476  49.934 0.0000000000
50678  -39.215  -43.966  50.427 0.0000000000
51852  -41.549  -43.019  49.538 0.0000000000
51868  -42.411  -43.111  49.044 0.0000000000
135188  -42.177  -44.404  45.874 0.0000000000
50749  -42.074  -44.396  46.780 0.0000000000
51882  -44.185  -43.279  47.239 0.0000000000
51881  -43.421  -43.488  47.736 0.0000000000
52942  -44.138  -42.369  48.846 0.0000000000
52943  -44.918  -42.344  48.231 0.0000000000
53993  -45.690  -41.401  47.116 0.0000000000
52944  -45.869  -41.728  48.194 0.0000000000
46446  -19.554  -47.831  48.702 0.0000000000
46411  -20.553  -47.946  51.727 0.0000000000
62947  -48.600  -33.722  41.466 0.0000000000
62940  -49.282  -33.387  41.867 0.0000000000
62948  -49.272  -34.043  41.415 0.0000000000
60763  -49.611  -34.795  39.523 0.0000000000
61921  -50.020  -34.406  40.092 0.0000000000
60764  -50.399  -34.947  39.638 0.0000000000
60747  -51.480  -34.996  40.541 0.0000000000
60783  -50.768  -35.583  39.229 0.0000000000
136790  -49.036  -36.603  37.158 0.0000000000
59615  -50.971  -35.918  36.626 0.0000000000
59591  -50.489  -36.192  37.672 0.0000000000
59592  -51.870  -36.311  37.966 0.0000000000
133110  -52.427  -36.026  36.893 0.0000000000
59617  -53.168  -35.592  36.287 0.0000000000
70109  -50.950  -25.698  27.970 0.0000000000
70091  -51.175  -25.970  28.760 0.0000000000
70110  -51.493  -25.300  28.369 0.0000000000
71084  -53.796  -24.130  29.249 0.0000000000
71083  -52.993  -24.790  29.282 0.0000000000
71069  -53.585  -24.832  29.987 0.0000000000
149796  -53.470  -25.424  30.521 0.0000000000
71056  -54.172  -24.939  30.781 0.0000000000
73280  -56.505  -23.040  28.166 0.0000000000
72234  -55.291  -23.500  28.978 0.0000000000
73266  -56.141  -23.362  28.754 0.0000000000
72209  -56.488  -24.094  30.927 0.0000000000
151037  -4.463  -52.380  57.949 0.0000000000
40240  -4.501  -53.044  57.507 0.0000000000
65143  -43.488  -31.728  28.011 0.0000000000
64144  -44.783  -32.071  28.763 0.0000000000
157022  -43.971  -31.421  27.663 0.0000000000
66126  -44.927  -30.387  26.893 0.0000000000
66142  -45.462  -29.644  26.852 0.0000000000
138651  -46.076  -29.826  27.290 0.0000000000
68153  -46.276  -28.153  26.694 0.0000000000
68154  -47.006  -28.135  26.809 0.0000000000
135364  -47.833  -27.948  26.985 0.0000000000
68167  -47.324  -27.553  26.419 0.0000000000
69109  -48.567  -26.699  25.996 0.0000000000
70135  -49.089  -26.108  25.788 0.0000000000
70136  -49.746  -25.774  25.958 0.0000000000
71145  -50.591  -24.722  24.709 0.0000000000
71133  -50.498  -24.893  25.529 0.0000000000
71134  -51.271  -24.468  25.462 0.0000000000
150126  -51.565  -24.340  26.235 0.0000000000
72282  -51.941  -24.149  24.915 0.0000000000
72300  -53.139  -23.886  22.788 0.0000000000
71161  -52.457  -24.246  23.350 0.0000000000
149471  -53.148  -23.746  23.791 0.0000000000
72292  -53.274  -23.578  24.630 0.0000000000
73319  -53.996  -23.123  24.755 0.0000000000
73310  -54.652  -22.751  25.146 0.0000000000
73320  -54.697  -22.647  24.177 0.0000000000
73340  -55.250  -22.345  22.810 0.0000000000
73329  -55.307  -22.278  23.630 0.0000000000
74306  -55.765  -21.813  23.190 0.0000000000
75331  -57.037  -21.198  24.024 0.0000000000
74316  -56.309  -21.324  22.753 0.0000000000
75357  -56.876  -20.753  22.430 0.0000000000
74328  -56.337  -21.239  21.681 0.0000000000
75376  -55.811  -21.221  19.952 0.0000000000
75384  -55.706  -20.597  19.531 0.0000000000
136287  -7.010  -52.421  55.691 0.0000000000
130510  -12.106  -50.860  56.859 0.0000000000
131214  -10.292  -50.856  58.807 0.0000000000
43371  -10.835  -50.864  58.132 0.0000000000
43405  -10.109  -51.407  57.246 0.0000000000
131554  -9.322  -51.019  58.401 0.0000000000
44371  -9.093  -50.504  63.119 0.0000000000
43338  -8.085  -50.824  60.588 0.0000000000
43353  -7.862  -50.916  59.737 0.0000000000
152738  -8.669  -51.197  58.454 0.0000000000
43370  -8.033  -51.413  58.426 0.0000000000
43352  -7.009  -51.110  59.547 0.0000000000
43335  -6.094  -51.551  60.072 0.0000000000
43350  -5.771  -51.383  59.209 0.0000000000
43334  -5.607  -51.693  59.237 0.0000000000
43367  -5.420  -51.343  58.543 0.0000000000
149098  -5.118  -51.819  58.714 0.0000000000
42334  -4.937  -52.093  58.685 0.0000000000
41247  -5.201  -52.605  59.009 0.0000000000
39169  -5.334  -54.274  59.763 0.0000000000
59507  -47.070  -35.337  43.323 0.0000000000
60722  -47.528  -34.495  43.773 0.0000000000
150882  -45.943  -38.756  47.430 0.0000000000
140457  -46.687  -38.249  48.290 0.0000000000
57384  -45.945  -37.971  47.941 0.0000000000
58409  -45.295  -36.698  46.050 0.0000000000
57402  -45.637  -36.845  46.678 0.0000000000
58405  -45.904  -36.442  47.327 0.0000000000
59449  -46.262  -36.078  47.620 0.0000000000
59455  -45.980  -35.536  47.303 0.0000000000
59505  -44.667  -35.808  42.775 0.0000000000
59506  -44.583  -35.233  43.677 0.0000000000
61855  -45.353  -33.852  44.454 0.0000000000
60702  -45.808  -34.090  45.630 0.0000000000
60690  -45.996  -34.492  46.442 0.0000000000
61825  -46.490  -33.939  45.982 0.0000000000
61826  -46.842  -34.012  46.093 0.0000000000
61841  -46.309  -33.815  45.231 0.0000000000
62909  -46.430  -33.295  43.753 0.0000000000
62892  -46.584  -33.460  44.272 0.0000000000
63981  -46.786  -33.439  43.676 0.0000000000
62894  -48.037  -33.762  43.415 0.0000000000
63992  -47.842  -33.276  42.748 0.0000000000
62926  -48.313  -32.916  42.253 0.0000000000
157202  -47.286  -33.211  42.253 0.0000000000
61917  -46.469  -34.506  40.326 0.0000000000
60760  -46.978  -34.950  39.818 0.0000000000
60775  -43.766  -34.706  38.612 0.0000000000
156489  -44.467  -35.865  37.895 0.0000000000
135331  -44.672  -36.354  37.481 0.0000000000
151494  -45.288  -36.671  36.967 0.0000000000
59609  -44.673  -36.647  36.598 0.0000000000
59644  -42.780  -36.019  34.340 0.0000000000
59663  -43.381  -35.831  33.630 0.0000000000
59677  -42.125  -35.572  32.598 0.0000000000
60809  -38.565  -34.864  36.553 0.0000000000
60840  -39.025  -35.354  35.115 0.0000000000
59626  -39.816  -35.564  35.357 0.0000000000
137856  -38.793  -35.391  34.187 0.0000000000
59659  -39.487  -35.734  33.365 0.0000000000
59675  -40.138  -35.750  32.582 0.0000000000
47437  -20.612  -46.149  55.363 0.0000000000
49531  -20.909  -44.689  56.484 0.0000000000
51760  -23.049  -43.164  54.889 0.0000000000
51740  -22.598  -43.344  55.567 0.0000000000
51718  -22.677  -42.990  56.430 0.0000000000
51902  -26.975  -42.228  45.440 0.0000000000
51917  -26.400  -42.153  44.637 0.0000000000
51890  -26.274  -42.546  46.204 0.0000000000
51879  -25.848  -42.866  47.027 0.0000000000
131183  -26.817  -42.946  46.969 0.0000000000
51867  -28.129  -43.140  48.998 0.0000000000
51866  -27.257  -43.179  48.774 0.0000000000
147134  -27.446  -43.272  49.445 0.0000000000
51849  -27.265  -43.353  50.148 0.0000000000
51835  -27.916  -43.499  50.626 0.0000000000
131726  -31.859  -43.867  43.860 0.0000000000
50762  -31.852  -44.179  45.601 0.0000000000
144246  -31.316  -44.011  45.781 0.0000000000
155007  -30.759  -43.903  45.535 0.0000000000
50747  -31.060  -43.994  46.283 0.0000000000
133593  -34.248  -44.388  48.828 0.0000000000
49639  -33.507  -44.268  48.190 0.0000000000
153327  -31.720  -44.523  49.375 0.0000000000
49637  -31.775  -44.390  48.561 0.0000000000
50693  -30.987  -44.327  48.912 0.0000000000
50710  -30.254  -44.259  48.380 0.0000000000
50709  -29.545  -43.945  48.659 0.0000000000
50692  -30.170  -44.194  49.208 0.0000000000
49573  -29.835  -44.650  52.067 0.0000000000
49586  -29.720  -44.426  51.193 0.0000000000
50639  -29.165  -44.140  51.677 0.0000000000
157164  -28.652  -43.841  52.043 0.0000000000
50622  -28.357  -43.735  53.631 0.0000000000
150910  -29.411  -44.295  53.398 0.0000000000
50597  -30.453  -44.124  55.356 0.0000000000
50626  -33.676  -43.893  53.820 0.0000000000
143218  -33.051  -44.265  54.138 0.0000000000
50612  -33.496  -43.727  54.592 0.0000000000
150770  -39.798  -43.328  50.540 0.0000000000
43469  -13.027  -50.679  52.366 0.0000000000
45450  -18.172  -49.112  50.970 0.0000000000
45465  -17.497  -49.013  50.289 0.0000000000
45449  -17.210  -49.192  51.163 0.0000000000
142185  -16.175  -49.593  52.252 0.0000000000
44524  -16.313  -49.415  51.381 0.0000000000
44522  -14.601  -49.783  51.048 0.0000000000
44467  -15.015  -50.251  54.449 0.0000000000
137456  -14.707  -50.147  52.979 0.0000000000
154852  -14.505  -50.374  54.297 0.0000000000
44448  -14.859  -50.379  55.292 0.0000000000
136746  -14.806  -50.464  56.098 0.0000000000
43393  -18.835  -50.964  56.996 0.0000000000
153386  -18.176  -51.074  57.351 0.0000000000
60724  -51.720  -35.018  42.784 0.0000000000
62015  -44.264  -33.202  30.740 0.0000000000
61999  -44.607  -33.655  31.420 0.0000000000
62000  -45.435  -33.497  31.634 0.0000000000
63011  -47.035  -33.097  31.992 0.0000000000
62001  -46.243  -33.357  31.805 0.0000000000
61987  -47.542  -33.526  32.581 0.0000000000
61972  -48.260  -33.642  32.982 0.0000000000
64106  -48.476  -31.744  31.418 0.0000000000
65078  -49.103  -31.341  31.869 0.0000000000
64064  -49.889  -31.872  34.263 0.0000000000
64073  -49.031  -32.286  32.971 0.0000000000
61958  -49.339  -33.313  33.505 0.0000000000
62990  -50.442  -33.162  34.281 0.0000000000
61946  -51.161  -33.444  34.471 0.0000000000
62978  -50.875  -32.628  34.711 0.0000000000
64051  -51.554  -31.492  36.132 0.0000000000
62969  -52.012  -32.283  35.668 0.0000000000
62970  -52.886  -32.543  36.016 0.0000000000
69051  -51.532  -26.550  30.050 0.0000000000
69050  -50.878  -27.132  30.126 0.0000000000
68121  -51.276  -26.993  30.671 0.0000000000
68097  -52.135  -27.147  32.933 0.0000000000
69020  -51.691  -27.243  32.290 0.0000000000
68096  -51.620  -27.690  33.111 0.0000000000
67079  -51.200  -28.356  33.591 0.0000000000
68084  -51.826  -27.915  33.990 0.0000000000
76325  -57.831  -19.468  22.062 0.0000000000
76326  -58.480  -19.224  22.528 0.0000000000
141929  -57.839  -19.241  21.381 0.0000000000
77245  -57.782  -18.159  20.411 0.0000000000
78218  -58.380  -17.904  20.875 0.0000000000
78224  -57.983  -17.465  20.455 0.0000000000
78225  -58.435  -17.053  20.797 0.0000000000
79226  -54.954  -16.672  19.013 0.0000000000
80166  -56.391  -15.271  18.926 0.0000000000
79217  -56.471  -16.265  19.186 0.0000000000
141906  -56.962  -15.870  19.294 0.0000000000
80157  -58.046  -15.732  19.908 0.0000000000
80168  -58.298  -14.847  19.457 0.0000000000
81097  -57.720  -14.342  18.641 0.0000000000
82092  -56.998  -13.927  17.767 0.0000000000
82086  -58.359  -13.727  18.260 0.0000000000
82093  -58.149  -13.755  17.787 0.0000000000
83091  -59.591  -12.050  17.993 0.0000000000
82104  -59.226  -13.000  17.706 0.0000000000
79245  -54.215  -15.705  16.199 0.0000000000
81130  -54.089  -14.761  16.653 0.0000000000
142929  -54.790  -15.110  16.446 0.0000000000
80205  -55.665  -15.016  16.522 0.0000000000
81145  -58.717  -14.662  16.015 0.0000000000
81134  -59.173  -13.866  16.485 0.0000000000
132775  -59.549  -13.310  16.725 0.0000000000
81135  -60.167  -13.446  16.128 0.0000000000
79301  -59.031  -16.808  12.933 0.0000000000
79291  -59.342  -16.331  13.540 0.0000000000
53012  -42.910  -42.748  42.264 0.0000000000
51968  -42.795  -42.646  41.358 0.0000000000
49733  -39.585  -44.608  42.538 0.0000000000
157422  -40.091  -44.494  42.377 0.0000000000
49719  -41.229  -44.427  43.601 0.0000000000
50775  -42.169  -44.345  43.949 0.0000000000
50788  -41.935  -44.086  43.136 0.0000000000
59664  -44.310  -35.864  33.722 0.0000000000
59647  -45.713  -36.172  34.406 0.0000000000
59665  -45.230  -35.825  33.756 0.0000000000
60860  -45.675  -35.187  33.206 0.0000000000
130476  -57.396  -21.919  25.773 0.0000000000
75317  -58.405  -21.554  25.889 0.0000000000
75318  -59.095  -21.111  26.352 0.0000000000
137523  -59.757  -18.826  26.854 0.0000000000
78180  -60.027  -17.937  26.519 0.0000000000
139656  -60.070  -17.197  25.819 0.0000000000
77209  -60.013  -18.235  25.403 0.0000000000
144968  -59.953  -18.055  24.581 0.0000000000
77221  -59.657  -18.292  23.905 0.0000000000
134841  -11.924  -51.201  53.038 0.0000000000
43423  -11.667  -51.125  55.384 0.0000000000
60755  -41.867  -34.887  39.567 0.0000000000
149896  -40.511  -34.565  37.938 0.0000000000
51796  -25.476  -43.210  53.154 0.0000000000
51778  -24.751  -43.218  53.590 0.0000000000
51779  -25.992  -43.004  53.948 0.0000000000
51744  -26.781  -42.707  55.553 0.0000000000
51745  -27.544  -42.927  55.596 0.0000000000
131512  -27.994  -43.319  55.012 0.0000000000
137461  -35.831  -44.731  49.735 0.0000000000
49607  -36.292  -44.626  50.302 0.0000000000
50658  -35.816  -44.061  51.907 0.0000000000
50642  -35.465  -43.727  52.521 0.0000000000
50643  -36.283  -43.587  52.372 0.0000000000
51799  -36.790  -43.083  52.858 0.0000000000
44473  -20.274  -49.376  53.966 0.0000000000
44453  -20.397  -49.724  55.268 0.0000000000
44436  -20.553  -49.594  56.078 0.0000000000
153553  -20.638  -49.335  56.996 0.0000000000
67124  -48.809  -28.933  29.059 0.0000000000
67125  -49.437  -28.447  29.511 0.0000000000
68119  -50.241  -28.148  30.579 0.0000000000
54041  -44.774  -40.174  44.512 0.0000000000
56458  -43.884  -38.740  40.567 0.0000000000
145639  -20.719  -46.588  50.888 0.0000000000
48550  -20.865  -45.735  50.417 0.0000000000
49616  -21.151  -45.042  49.976 0.0000000000
50743  -22.756  -43.714  46.348 0.0000000000
50725  -22.534  -43.678  47.801 0.0000000000
141818  -22.770  -43.582  47.025 0.0000000000
140671  -23.260  -43.354  48.243 0.0000000000
50707  -23.359  -43.409  49.078 0.0000000000
149401  -23.881  -43.149  48.584 0.0000000000
49690  -38.485  -44.973  45.415 0.0000000000
49675  -38.194  -45.115  46.247 0.0000000000
49643  -39.392  -44.961  48.710 0.0000000000
50713  -39.986  -44.477  49.162 0.0000000000
49644  -40.153  -44.609  48.307 0.0000000000
50732  -40.988  -44.356  48.019 0.0000000000
50751  -43.710  -43.776  46.080 0.0000000000
150247  -44.123  -43.419  46.510 0.0000000000
51871  -44.810  -42.682  47.442 0.0000000000
52957  -45.215  -42.118  46.817 0.0000000000
152124  -19.985  -47.675  49.393 0.0000000000
46447  -20.140  -47.171  48.859 0.0000000000
46433  -20.294  -47.132  49.646 0.0000000000
61919  -48.381  -34.424  40.132 0.0000000000
61903  -48.854  -34.258  40.824 0.0000000000
60762  -48.799  -34.761  39.535 0.0000000000
60781  -49.255  -35.428  38.975 0.0000000000
59634  -49.049  -36.015  35.535 0.0000000000
59614  -49.613  -36.267  36.348 0.0000000000
139144  -50.512  -35.852  35.949 0.0000000000
59616  -51.742  -35.904  36.417 0.0000000000
60830  -52.229  -34.836  35.228 0.0000000000
71115  -51.928  -24.339  27.490 0.0000000000
71100  -51.862  -24.677  28.188 0.0000000000
72250  -52.458  -24.309  28.055 0.0000000000
71102  -53.079  -24.286  28.564 0.0000000000
73268  -57.499  -22.497  29.772 0.0000000000
73251  -56.935  -23.040  30.012 0.0000000000
73252  -57.630  -22.703  30.602 0.0000000000
82082  -59.722  -12.516  20.257 0.0000000000
70164  -48.327  -25.620  24.883 0.0000000000
70151  -49.189  -25.617  25.294 0.0000000000
152076  -48.931  -25.393  24.640 0.0000000000
73338  -53.898  -23.393  22.694 0.0000000000
152421  -54.314  -23.016  23.380 0.0000000000
73339  -54.568  -22.867  22.513 0.0000000000
74327  -55.544  -21.845  21.218 0.0000000000
74337  -54.795  -21.988  19.777 0.0000000000
42372  -7.798  -52.445  55.792 0.0000000000
42360  -7.336  -52.241  56.453 0.0000000000
44398  -11.845  -50.700  60.022 0.0000000000
44390  -11.157  -50.709  60.480 0.0000000000
44389  -10.435  -50.766  60.233 0.0000000000
42317  -7.297  -51.066  63.393 0.0000000000
146498  -6.770  -50.802  62.158 0.0000000000
153043  -6.529  -50.879  61.402 0.0000000000
43336  -6.209  -51.153  60.893 0.0000000000
42329  -5.889  -51.927  60.035 0.0000000000
41239  -5.443  -52.437  59.507 0.0000000000
39167  -5.571  -53.836  60.341 0.0000000000
56364  -45.279  -38.585  46.240 0.0000000000
150575  -45.005  -37.254  45.671 0.0000000000
58415  -45.067  -36.533  45.302 0.0000000000
60730  -44.186  -34.772  42.051 0.0000000000
60721  -44.600  -34.508  43.388 0.0000000000
130558  -44.991  -33.925  43.581 0.0000000000
62890  -45.493  -33.570  44.003 0.0000000000
62891  -45.936  -33.521  44.558 0.0000000000
61868  -45.382  -33.509  43.372 0.0000000000
62923  -45.967  -33.282  43.192 0.0000000000
62936  -46.198  -33.531  42.365 0.0000000000
61885  -46.516  -33.860  41.684 0.0000000000
61916  -45.667  -34.586  40.201 0.0000000000
60796  -42.764  -34.837  37.919 0.0000000000
60797  -43.454  -34.954  37.979 0.0000000000
59584  -43.093  -35.736  37.349 0.0000000000
136007  -44.063  -36.648  36.224 0.0000000000
48494  -20.643  -44.988  53.850 0.0000000000
144534  -20.739  -44.864  54.674 0.0000000000
50593  -21.220  -44.382  54.998 0.0000000000
150767  -21.363  -44.395  55.936 0.0000000000
51719  -23.485  -42.680  56.720 0.0000000000
51703  -22.810  -42.760  57.237 0.0000000000
51919  -28.560  -42.707  44.380 0.0000000000
131389  -27.747  -42.446  44.955 0.0000000000
51903  -27.757  -42.673  45.812 0.0000000000
153064  -27.567  -42.801  46.544 0.0000000000
51880  -27.719  -43.042  47.256 0.0000000000
150547  -28.504  -43.389  48.299 0.0000000000
49700  -32.991  -44.583  44.854 0.0000000000
50774  -32.028  -44.201  44.754 0.0000000000
49671  -32.505  -44.326  46.099 0.0000000000
140794  -32.354  -44.303  46.699 0.0000000000
145549  -33.354  -44.552  50.092 0.0000000000
49620  -32.531  -44.560  49.728 0.0000000000
49619  -31.822  -44.624  50.242 0.0000000000
49587  -30.497  -44.769  51.493 0.0000000000
49562  -30.073  -44.650  53.064 0.0000000000
151304  -30.718  -44.725  53.802 0.0000000000
49554  -31.406  -44.639  54.352 0.0000000000
147217  -31.281  -44.280  55.101 0.0000000000
44505  -17.519  -49.734  52.624 0.0000000000
149763  -16.751  -49.708  52.670 0.0000000000
44504  -16.154  -49.833  53.048 0.0000000000
44503  -15.437  -49.870  52.608 0.0000000000
44468  -15.841  -50.210  54.370 0.0000000000
44449  -15.492  -50.441  55.661 0.0000000000
43361  -19.905  -51.305  59.169 0.0000000000
43360  -19.022  -51.442  58.782 0.0000000000
63040  -45.695  -32.745  30.321 0.0000000000
63023  -46.705  -32.829  31.290 0.0000000000
63024  -47.428  -32.571  31.488 0.0000000000
65079  -49.613  -30.748  32.356 0.0000000000
137519  -49.721  -30.856  33.227 0.0000000000
64057  -50.526  -31.869  34.927 0.0000000000
69034  -52.429  -26.356  31.056 0.0000000000
138737  -52.086  -26.675  31.628 0.0000000000
69007  -52.727  -26.781  33.211 0.0000000000
68996  -53.033  -27.108  33.944 0.0000000000
76345  -56.415  -19.941  19.862 0.0000000000
76340  -57.489  -19.325  20.815 0.0000000000
77244  -57.038  -19.317  20.145 0.0000000000
77252  -57.083  -18.384  19.814 0.0000000000
80165  -55.535  -15.003  18.835 0.0000000000
81095  -56.026  -14.582  18.508 0.0000000000
81096  -56.760  -14.473  18.508 0.0000000000
81106  -56.289  -14.090  18.063 0.0000000000
81118  -56.437  -14.135  17.428 0.0000000000
78262  -54.276  -17.635  15.177 0.0000000000
147810  -55.153  -17.396  15.424 0.0000000000
79264  -55.639  -16.721  15.732 0.0000000000
80217  -56.181  -15.914  15.967 0.0000000000
80206  -56.822  -15.130  16.351 0.0000000000
80218  -57.973  -15.528  16.026 0.0000000000
156853  -59.385  -15.351  14.790 0.0000000000
79314  -60.046  -16.457  11.932 0.0000000000
79324  -60.526  -16.167  10.760 0.0000000000
53013  -43.822  -41.259  42.346 0.0000000000
54083  -43.747  -40.359  40.841 0.0000000000
49653  -20.894  -45.298  47.052 0.0000000000
133218  -22.236  -44.161  45.949 0.0000000000
149140  -23.250  -43.456  45.943 0.0000000000
51887  -23.956  -43.141  45.957 0.0000000000
143737  -37.563  -44.768  43.289 0.0000000000
132424  -38.843  -44.873  43.800 0.0000000000
49718  -39.323  -44.764  43.177 0.0000000000
138872  -40.796  -44.872  45.870 0.0000000000
50764  -43.015  -43.904  45.417 0.0000000000
51907  -44.018  -42.855  45.238 0.0000000000
59587  -46.486  -36.542  37.748 0.0000000000
59588  -47.346  -36.480  37.654 0.0000000000
59611  -46.915  -36.630  37.027 0.0000000000
59612  -47.636  -36.662  36.691 0.0000000000
59633  -47.795  -36.530  35.643 0.0000000000
59632  -46.449  -36.376  34.784 0.0000000000
154879  -48.470  -36.351  35.562 0.0000000000
59650  -48.392  -35.893  34.895 0.0000000000
153047  -54.674  -23.234  26.802 0.0000000000
73303  -55.427  -22.984  26.720 0.0000000000
73292  -56.024  -23.118  27.400 0.0000000000
74274  -57.644  -22.339  27.335 0.0000000000
135912  -57.923  -22.013  27.946 0.0000000000
73281  -57.419  -22.587  28.223 0.0000000000
74259  -57.910  -21.869  29.512 0.0000000000
75288  -58.266  -21.205  30.054 0.0000000000
79164  -60.119  -16.474  25.243 0.0000000000
80138  -59.802  -15.039  23.160 0.0000000000
131126  -59.564  -15.199  22.205 0.0000000000
42403  -11.121  -51.537  53.164 0.0000000000
42402  -10.308  -51.789  53.185 0.0000000000
58442  -44.916  -36.612  42.703 0.0000000000
59518  -44.223  -35.334  42.075 0.0000000000
60738  -43.997  -34.806  41.341 0.0000000000
61883  -44.051  -34.675  41.247 0.0000000000
61898  -43.925  -34.652  40.758 0.0000000000
61915  -44.372  -34.586  40.158 0.0000000000
61914  -43.519  -34.607  39.979 0.0000000000
61926  -43.200  -34.516  39.186 0.0000000000
149145  -41.639  -35.750  36.734 0.0000000000
147009  -22.914  -43.684  53.121 0.0000000000
50619  -22.333  -43.865  53.809 0.0000000000
51776  -23.243  -43.635  54.068 0.0000000000
51762  -24.649  -43.074  54.539 0.0000000000
51742  -24.211  -42.896  55.303 0.0000000000
52869  -24.111  -42.012  57.146 0.0000000000
132668  -26.927  -42.552  57.194 0.0000000000
52993  -28.395  -42.444  43.239 0.0000000000
131419  -28.922  -43.317  45.105 0.0000000000
51905  -29.309  -43.668  45.808 0.0000000000
131196  -35.109  -44.524  47.776 0.0000000000
49657  -34.441  -44.530  47.242 0.0000000000
157831  -34.735  -44.539  50.201 0.0000000000
49622  -34.136  -44.457  49.708 0.0000000000
49604  -33.393  -44.739  50.921 0.0000000000
150270  -33.275  -44.803  51.709 0.0000000000
145278  -32.938  -44.834  52.541 0.0000000000
154153  -33.436  -44.539  52.828 0.0000000000
50640  -33.844  -44.138  53.086 0.0000000000
50613  -34.262  -43.332  54.321 0.0000000000
50628  -35.165  -43.285  53.250 0.0000000000
51781  -34.964  -42.925  54.009 0.0000000000
51767  -34.943  -42.899  54.900 0.0000000000
45466  -18.375  -48.906  50.146 0.0000000000
44506  -18.493  -49.721  52.536 0.0000000000
44491  -19.031  -49.984  53.273 0.0000000000
43426  -18.076  -50.708  55.539 0.0000000000
43411  -18.577  -50.915  56.268 0.0000000000
43394  -19.677  -50.817  57.260 0.0000000000
43377  -19.944  -50.905  58.233 0.0000000000
65133  -47.185  -30.900  28.585 0.0000000000
64147  -47.447  -31.503  29.506 0.0000000000
151479  -49.077  -30.364  30.882 0.0000000000
66094  -49.103  -29.833  30.384 0.0000000000
65096  -49.402  -30.577  31.520 0.0000000000
137912  -49.766  -29.929  32.028 0.0000000000
66059  -50.334  -29.524  33.410 0.0000000000
78241  -53.913  -17.095  18.741 0.0000000000
79225  -53.200  -15.882  18.874 0.0000000000
78281  -55.171  -18.015  14.767 0.0000000000
157361  -58.270  -17.223  14.105 0.0000000000
78282  -57.680  -17.542  14.277 0.0000000000
130307  -58.232  -17.611  12.756 0.0000000000
77302  -56.388  -18.413  12.666 0.0000000000
77303  -57.339  -18.199  12.452 0.0000000000
43425  -13.229  -50.812  55.725 0.0000000000
43409  -13.418  -50.654  56.540 0.0000000000
44422  -13.074  -50.450  57.935 0.0000000000
44384  -12.636  -50.512  61.208 0.0000000000
145105  -45.619  -39.165  46.842 0.0000000000
135902  -45.280  -39.467  46.161 0.0000000000
145460  -44.766  -37.992  43.683 0.0000000000
55263  -44.541  -39.522  43.184 0.0000000000
56412  -44.662  -38.767  43.422 0.0000000000
57476  -44.332  -37.316  41.332 0.0000000000
58500  -43.811  -36.965  40.599 0.0000000000
57497  -43.477  -37.492  40.186 0.0000000000
142130  -43.131  -36.738  40.104 0.0000000000
58513  -41.914  -35.997  39.494 0.0000000000
133175  -20.770  -47.188  55.546 0.0000000000
47454  -20.561  -46.527  53.746 0.0000000000
151632  -20.601  -45.708  53.583 0.0000000000
48510  -20.791  -45.295  53.031 0.0000000000
49561  -21.065  -44.655  53.286 0.0000000000
49572  -21.582  -44.395  52.677 0.0000000000
50651  -22.104  -44.158  52.026 0.0000000000
133858  -21.182  -44.991  48.024 0.0000000000
49617  -21.617  -44.486  49.580 0.0000000000
50705  -22.123  -43.952  48.447 0.0000000000
50669  -21.941  -44.181  51.060 0.0000000000
50635  -22.763  -43.871  52.272 0.0000000000
51812  -24.620  -43.277  51.986 0.0000000000
51830  -24.270  -43.413  50.295 0.0000000000
132504  -24.413  -43.412  51.152 0.0000000000
51813  -25.302  -43.078  52.200 0.0000000000
49714  -33.753  -44.590  43.127 0.0000000000
134159  -33.814  -44.618  44.964 0.0000000000
49688  -34.474  -44.593  45.442 0.0000000000
131930  -36.325  -44.741  44.274 0.0000000000
131188  -35.991  -44.854  45.203 0.0000000000
150748  -35.391  -44.808  46.449 0.0000000000
131194  -35.163  -44.860  47.052 0.0000000000
151907  -35.697  -44.799  47.506 0.0000000000
135821  -36.769  -45.000  48.516 0.0000000000
155230  -40.125  -43.505  49.984 0.0000000000
50696  -40.372  -43.770  49.541 0.0000000000
51851  -40.684  -42.973  50.062 0.0000000000
51838  -41.504  -42.438  50.224 0.0000000000
130983  -42.962  -41.938  49.996 0.0000000000
50733  -41.883  -44.201  47.713 0.0000000000
50716  -42.519  -43.604  48.175 0.0000000000
51853  -43.207  -42.420  49.235 0.0000000000
52936  -43.839  -42.018  49.655 0.0000000000
45486  -19.040  -48.457  49.126 0.0000000000
45467  -19.753  -48.536  50.430 0.0000000000
46422  -20.228  -47.894  50.162 0.0000000000
45468  -20.296  -48.339  50.984 0.0000000000
46393  -20.579  -48.148  53.178 0.0000000000
62928  -50.090  -33.218  42.741 0.0000000000
61904  -49.634  -34.275  40.798 0.0000000000
61905  -50.347  -34.297  40.851 0.0000000000
61889  -51.134  -34.468  41.636 0.0000000000
61907  -51.686  -34.870  41.234 0.0000000000
59570  -48.903  -36.169  38.165 0.0000000000
59590  -49.728  -36.390  37.461 0.0000000000
156060  -50.305  -35.971  38.398 0.0000000000
143578  -51.471  -36.000  39.051 0.0000000000
69079  -49.965  -26.870  28.018 0.0000000000
68144  -50.186  -27.108  28.833 0.0000000000
69080  -50.618  -26.450  28.401 0.0000000000
69069  -51.461  -26.150  29.378 0.0000000000
70075  -52.004  -25.873  29.692 0.0000000000
70093  -52.330  -25.287  29.217 0.0000000000
69052  -52.260  -26.153  30.401 0.0000000000
70062  -52.928  -25.883  30.811 0.0000000000
70063  -53.644  -25.638  31.242 0.0000000000
70051  -54.599  -25.594  32.416 0.0000000000
72252  -54.735  -23.465  28.191 0.0000000000
145075  -54.432  -23.656  28.858 0.0000000000
72233  -54.707  -23.847  29.509 0.0000000000
72235  -56.187  -23.494  29.541 0.0000000000
72221  -55.910  -23.913  30.197 0.0000000000
145730  -54.901  -24.617  30.516 0.0000000000
71057  -55.086  -24.901  31.170 0.0000000000
43365  -4.689  -51.429  57.752 0.0000000000
61997  -42.884  -34.047  31.052 0.0000000000
153196  -42.757  -33.433  30.454 0.0000000000
147778  -43.435  -33.360  30.598 0.0000000000
63038  -43.857  -32.822  30.083 0.0000000000
62034  -43.480  -32.613  29.342 0.0000000000
63057  -44.329  -32.551  29.355 0.0000000000
63058  -45.046  -32.472  29.335 0.0000000000
64158  -45.314  -31.497  28.138 0.0000000000
65144  -44.385  -31.084  27.236 0.0000000000
134438  -45.056  -31.019  27.376 0.0000000000
65132  -46.219  -31.323  28.245 0.0000000000
65146  -46.431  -30.434  27.708 0.0000000000
66128  -46.751  -29.716  27.576 0.0000000000
66129  -47.461  -29.581  27.993 0.0000000000
67156  -45.738  -28.694  26.675 0.0000000000
67138  -47.037  -29.179  27.539 0.0000000000
67139  -47.714  -29.109  27.923 0.0000000000
151451  -48.280  -28.211  27.553 0.0000000000
68168  -48.192  -27.377  26.525 0.0000000000
69092  -49.004  -27.061  26.809 0.0000000000
68155  -49.310  -27.295  27.614 0.0000000000
69093  -49.725  -26.640  27.195 0.0000000000
70125  -50.158  -26.004  26.702 0.0000000000
70126  -50.709  -25.449  27.141 0.0000000000
70152  -49.958  -25.315  25.554 0.0000000000
71113  -50.977  -24.885  26.818 0.0000000000
71124  -51.447  -24.481  26.860 0.0000000000
71125  -52.177  -24.076  26.684 0.0000000000
72274  -52.833  -23.699  26.087 0.0000000000
71147  -51.824  -24.404  23.988 0.0000000000
72283  -52.689  -23.784  25.217 0.0000000000
73302  -54.087  -22.984  25.608 0.0000000000
147272  -55.213  -22.596  25.458 0.0000000000
73311  -55.820  -22.336  25.334 0.0000000000
74291  -55.846  -22.020  24.672 0.0000000000
74292  -56.529  -21.927  25.163 0.0000000000
74293  -57.343  -21.505  24.871 0.0000000000
75332  -57.766  -20.843  24.374 0.0000000000
76305  -58.031  -20.089  23.800 0.0000000000
75346  -57.488  -20.459  23.014 0.0000000000
75358  -57.414  -20.132  22.228 0.0000000000
75370  -56.534  -20.783  20.939 0.0000000000
76335  -56.911  -20.082  20.683 0.0000000000
76353  -54.476  -19.352  18.580 0.0000000000
132419  -52.619  -17.928  18.568 0.0000000000
43424  -12.442  -50.936  55.569 0.0000000000
43407  -11.845  -50.887  56.176 0.0000000000
152479  -11.578  -50.773  58.219 0.0000000000
43390  -11.340  -50.985  56.910 0.0000000000
43406  -10.531  -51.339  56.688 0.0000000000
42361  -9.626  -51.643  56.551 0.0000000000
44372  -10.054  -50.585  63.084 0.0000000000
44376  -9.689  -50.649  62.239 0.0000000000
43339  -9.654  -50.785  60.072 0.0000000000
43328  -8.388  -50.765  61.464 0.0000000000
43329  -9.055  -50.799  60.690 0.0000000000
43354  -9.467  -50.825  59.267 0.0000000000
43388  -8.710  -51.444  57.936 0.0000000000
42347  -8.628  -51.748  57.030 0.0000000000
42346  -7.728  -51.885  57.117 0.0000000000
132822  -6.333  -51.188  59.252 0.0000000000
43386  -6.449  -51.464  57.956 0.0000000000
42337  -4.774  -51.676  58.309 0.0000000000
41246  -4.738  -52.411  58.498 0.0000000000
40228  -4.720  -53.020  58.280 0.0000000000
140088  -5.398  -53.247  59.884 0.0000000000
59519  -47.507  -35.568  42.649 0.0000000000
59508  -47.922  -35.077  42.815 0.0000000000
57378  -47.186  -37.957  48.869 0.0000000000
57390  -45.858  -37.345  47.202 0.0000000000
59477  -44.874  -35.758  45.034 0.0000000000
147595  -44.814  -35.169  44.559 0.0000000000
60701  -45.162  -34.758  45.403 0.0000000000
59463  -45.727  -35.126  46.407 0.0000000000
144399  -46.048  -34.920  47.134 0.0000000000
60678  -46.726  -35.055  46.928 0.0000000000
59464  -47.220  -34.847  46.219 0.0000000000
60703  -47.100  -33.984  45.560 0.0000000000
62881  -46.475  -33.671  44.745 0.0000000000
61843  -46.853  -33.739  45.132 0.0000000000
60707  -47.326  -34.112  44.588 0.0000000000
61857  -47.919  -34.026  43.985 0.0000000000
144709  -48.903  -33.900  43.810 0.0000000000
62927  -49.008  -32.760  42.742 0.0000000000
62939  -48.453  -33.064  41.826 0.0000000000
61886  -47.288  -33.488  41.566 0.0000000000
151293  -47.492  -33.963  41.159 0.0000000000
60758  -45.026  -34.730  39.659 0.0000000000
60798  -44.197  -35.308  38.192 0.0000000000
60777  -45.480  -35.521  39.177 0.0000000000
59567  -45.956  -36.232  38.595 0.0000000000
58547  -45.445  -36.753  36.151 0.0000000000
59630  -43.881  -36.558  35.421 0.0000000000
59646  -44.730  -36.348  34.631 0.0000000000
60875  -42.854  -35.066  32.159 0.0000000000
58523  -40.104  -35.259  38.257 0.0000000000
60794  -39.900  -34.725  37.825 0.0000000000
60826  -39.161  -34.979  36.038 0.0000000000
59627  -40.640  -35.740  35.605 0.0000000000
59642  -40.553  -35.817  34.612 0.0000000000
59643  -41.350  -35.889  34.861 0.0000000000
152061  -41.212  -35.968  34.074 0.0000000000
59661  -41.581  -35.936  33.376 0.0000000000
60873  -40.624  -35.489  31.873 0.0000000000
153982  -42.226  -35.034  31.925 0.0000000000
147550  -42.661  -34.648  31.627 0.0000000000
47423  -20.597  -46.433  56.285 0.0000000000
48478  -20.620  -45.355  55.215 0.0000000000
133066  -21.861  -43.868  55.437 0.0000000000
51899  -24.080  -42.991  45.166 0.0000000000
51900  -24.740  -42.833  45.464 0.0000000000
51888  -24.806  -42.864  46.298 0.0000000000
51878  -25.038  -42.883  47.031 0.0000000000
51864  -25.583  -42.942  48.488 0.0000000000
51847  -25.874  -43.089  49.162 0.0000000000
131408  -27.032  -43.206  47.893 0.0000000000
51865  -26.406  -43.081  48.610 0.0000000000
51834  -27.235  -43.178  51.006 0.0000000000
51815  -27.320  -43.322  51.810 0.0000000000
51921  -30.971  -43.551  43.616 0.0000000000
143777  -30.518  -43.720  44.536 0.0000000000
50760  -30.229  -43.852  45.989 0.0000000000
50745  -29.664  -43.814  46.408 0.0000000000
49656  -33.657  -44.326  47.419 0.0000000000
49655  -32.697  -44.268  47.469 0.0000000000
50712  -31.859  -44.242  47.759 0.0000000000
50731  -31.792  -44.247  46.924 0.0000000000
50730  -31.084  -44.163  47.182 0.0000000000
50728  -29.457  -43.833  47.211 0.0000000000
50727  -29.074  -43.632  48.075 0.0000000000
50708  -28.865  -43.536  48.836 0.0000000000
50674  -30.027  -44.311  49.906 0.0000000000
50673  -29.541  -44.141  50.408 0.0000000000
50672  -28.737  -43.688  50.298 0.0000000000
50655  -28.476  -43.769  51.254 0.0000000000
50654  -28.015  -43.599  51.959 0.0000000000
50637  -27.549  -43.502  52.577 0.0000000000
50621  -27.782  -43.571  53.247 0.0000000000
50607  -28.493  -43.671  54.465 0.0000000000
50595  -28.940  -43.619  55.331 0.0000000000
50608  -29.681  -44.060  54.796 0.0000000000
50625  -32.301  -44.675  54.062 0.0000000000
50610  -31.961  -44.379  54.781 0.0000000000
50598  -32.121  -43.802  55.512 0.0000000000
136751  -12.625  -50.926  52.945 0.0000000000
45464  -16.490  -49.247  50.352 0.0000000000
132698  -14.021  -49.985  51.661 0.0000000000
44486  -14.114  -50.371  53.342 0.0000000000
133334  -13.962  -50.490  54.128 0.0000000000
43438  -13.649  -50.708  54.977 0.0000000000
44447  -14.073  -50.484  55.747 0.0000000000
60891  -44.131  -34.305  31.878 0.0000000000
61984  -44.928  -34.071  32.130 0.0000000000
60879  -46.095  -34.383  32.881 0.0000000000
61986  -46.592  -33.743  32.451 0.0000000000
61971  -46.933  -34.239  33.007 0.0000000000
60863  -48.249  -34.446  33.507 0.0000000000
60842  -49.167  -34.218  33.607 0.0000000000
64125  -47.604  -31.836  30.303 0.0000000000
135122  -47.828  -32.069  31.044 0.0000000000
64105  -48.031  -32.258  31.681 0.0000000000
64088  -49.302  -31.540  32.715 0.0000000000
62999  -48.465  -32.976  32.531 0.0000000000
63000  -48.956  -33.058  33.017 0.0000000000
60844  -50.450  -34.446  34.228 0.0000000000
60845  -51.138  -34.219  34.411 0.0000000000
61947  -51.972  -33.907  34.704 0.0000000000
61948  -52.822  -34.095  35.226 0.0000000000
62980  -52.532  -33.192  35.219 0.0000000000
68134  -50.410  -27.433  29.569 0.0000000000
142487  -50.507  -27.693  30.185 0.0000000000
68109  -51.438  -27.147  31.382 0.0000000000
68095  -50.976  -27.770  31.952 0.0000000000
67066  -50.775  -29.069  34.063 0.0000000000
66044  -51.185  -29.181  34.904 0.0000000000
66031  -51.000  -29.741  35.309 0.0000000000
65027  -51.201  -30.193  36.000 0.0000000000
76319  -58.738  -19.421  23.365 0.0000000000
137862  -58.908  -18.852  22.939 0.0000000000
78197  -59.129  -18.081  23.085 0.0000000000
77238  -58.092  -18.696  20.954 0.0000000000
77239  -58.588  -18.210  21.552 0.0000000000
78209  -59.028  -17.725  22.201 0.0000000000
79193  -59.325  -16.899  21.980 0.0000000000
79202  -59.349  -16.033  21.745 0.0000000000
80150  -59.200  -15.818  20.938 0.0000000000
78231  -55.674  -17.741  18.986 0.0000000000
78232  -56.638  -17.370  19.295 0.0000000000
156170  -55.380  -16.153  19.081 0.0000000000
79218  -57.152  -16.610  19.590 0.0000000000
79207  -57.871  -16.656  20.154 0.0000000000
80159  -59.331  -14.913  20.754 0.0000000000
81089  -59.183  -14.441  19.871 0.0000000000
81099  -59.333  -13.338  19.598 0.0000000000
82087  -59.188  -13.045  18.683 0.0000000000
82088  -59.598  -12.256  19.287 0.0000000000
82095  -59.563  -12.058  18.497 0.0000000000
81116  -54.095  -14.371  17.494 0.0000000000
81132  -55.652  -14.401  17.168 0.0000000000
81133  -57.060  -14.362  16.878 0.0000000000
82117  -58.742  -13.624  17.217 0.0000000000
80243  -59.911  -15.717  13.582 0.0000000000
79303  -60.676  -15.546  12.178 0.0000000000
41233  -5.720  -52.756  60.472 0.0000000000
43309  -7.837  -50.751  63.617 0.0000000000
43317  -6.432  -51.010  62.382 0.0000000000
43318  -7.087  -50.762  63.097 0.0000000000
43325  -6.220  -51.344  60.940 0.0000000000
43326  -6.110  -50.985  61.667 0.0000000000
43349  -5.242  -51.533  58.643 0.0000000000
43355  -11.004  -50.734  59.573 0.0000000000
43369  -6.984  -51.289  58.713 0.0000000000
43372  -11.264  -50.887  57.645 0.0000000000
43408  -12.645  -50.817  56.364 0.0000000000
44377  -10.602  -50.652  62.198 0.0000000000
44381  -9.356  -50.755  61.467 0.0000000000
44388  -9.907  -50.745  60.792 0.0000000000
44391  -12.424  -50.593  60.441 0.0000000000
45451  -19.715  -48.877  51.232 0.0000000000
47522  -20.508  -46.451  49.159 0.0000000000
49563  -30.883  -44.950  53.156 0.0000000000
49589  -32.454  -44.913  51.812 0.0000000000
50623  -28.895  -43.939  53.276 0.0000000000
50624  -29.913  -44.414  53.961 0.0000000000
50636  -23.466  -43.654  52.461 0.0000000000
50729  -30.288  -44.167  47.567 0.0000000000
50765  -43.752  -43.515  45.493 0.0000000000
51777  -24.297  -43.393  53.217 0.0000000000
51832  -25.706  -43.100  50.858 0.0000000000
51846  -24.874  -43.194  49.885 0.0000000000
51850  -28.017  -43.397  49.837 0.0000000000
58548  -46.961  -36.675  36.189 0.0000000000
59450  -46.887  -36.030  47.343 0.0000000000
59457  -46.902  -35.482  47.083 0.0000000000
59462  -45.220  -35.814  45.821 0.0000000000
59652  -50.198  -35.177  34.591 0.0000000000
60668  -46.816  -35.509  47.158 0.0000000000
60677  -46.196  -34.900  47.116 0.0000000000
60691  -47.055  -34.592  46.158 0.0000000000
60712  -51.668  -35.174  43.182 0.0000000000
60765  -51.120  -35.310  39.818 0.0000000000
60792  -38.727  -34.951  37.092 0.0000000000
61840  -45.260  -34.081  45.021 0.0000000000
61842  -46.737  -33.815  45.445 0.0000000000
61856  -47.227  -33.757  44.424 0.0000000000
61879  -51.526  -34.765  42.616 0.0000000000
61888  -50.427  -34.199  41.487 0.0000000000
61906  -51.061  -34.387  40.933 0.0000000000
61960  -50.675  -33.841  34.177 0.0000000000
62016  -45.092  -32.995  30.969 0.0000000000
62882  -46.710  -33.639  44.665 0.0000000000
62893  -47.040  -33.554  43.940 0.0000000000
62897  -50.445  -33.679  43.242 0.0000000000
62910  -46.885  -33.419  43.165 0.0000000000
62912  -50.057  -33.134  43.147 0.0000000000
62925  -47.641  -33.199  42.599 0.0000000000
62937  -46.898  -33.444  41.866 0.0000000000
62938  -47.652  -33.024  41.896 0.0000000000
62941  -50.025  -33.642  42.087 0.0000000000
62989  -49.775  -32.806  34.064 0.0000000000
63982  -47.725  -33.592  43.239 0.0000000000
63983  -48.706  -33.212  43.170 0.0000000000
63994  -48.939  -32.790  43.012 0.0000000000
64003  -48.433  -32.990  42.771 0.0000000000
64126  -48.200  -31.446  30.680 0.0000000000
65145  -45.771  -31.000  27.568 0.0000000000
67098  -49.961  -28.672  30.916 0.0000000000
67157  -46.629  -28.718  27.072 0.0000000000
68085  -52.336  -27.418  33.577 0.0000000000
69108  -47.666  -26.982  25.956 0.0000000000
70050  -53.769  -25.779  32.109 0.0000000000
70111  -51.931  -25.062  28.718 0.0000000000
72220  -55.122  -24.071  30.148 0.0000000000
72222  -56.543  -23.596  30.282 0.0000000000
72265  -53.395  -23.711  27.376 0.0000000000
73279  -55.653  -23.339  28.140 0.0000000000
73321  -55.389  -22.257  24.258 0.0000000000
73327  -54.095  -23.132  24.002 0.0000000000
73350  -53.988  -23.328  21.855 0.0000000000
74267  -58.448  -21.495  28.156 0.0000000000
74284  -57.909  -21.920  26.612 0.0000000000
74298  -55.846  -21.899  23.963 0.0000000000
74307  -56.361  -21.448  23.604 0.0000000000
75345  -56.852  -20.919  23.275 0.0000000000
75369  -55.950  -21.219  20.706 0.0000000000
77201  -59.903  -18.811  26.076 0.0000000000
77220  -59.185  -18.779  23.460 0.0000000000
77229  -58.271  -18.887  21.787 0.0000000000
77250  -55.795  -18.773  19.101 0.0000000000
77277  -55.309  -18.441  13.876 0.0000000000
78283  -58.778  -16.852  13.900 0.0000000000
78303  -57.556  -17.972  13.381 0.0000000000
79201  -58.999  -16.607  21.221 0.0000000000
83092  -59.882  -11.506  18.330 0.0000000000
131015  -8.554  -50.917  59.001 0.0000000000
131411  -10.115  -51.086  57.922 0.0000000000
131412  -48.996  -32.953  42.162 0.0000000000
131571  -59.494  -13.015  17.158 0.0000000000
131777  -7.613  -50.649  62.419 0.0000000000
134325  -25.317  -42.847  47.742 0.0000000000
136931  -11.923  -50.553  61.575 0.0000000000
137277  -29.117  -43.973  54.029 0.0000000000
137911  -50.458  -29.751  34.054 0.0000000000
139560  -46.317  -33.395  44.289 0.0000000000
141512  -10.587  -50.713  60.864 0.0000000000
146279  -47.144  -34.499  45.234 0.0000000000
150168  -57.575  -22.407  29.043 0.0000000000
151613  -4.526  -51.753  57.897 0.0000000000
152258  -50.521  -33.657  42.901 0.0000000000
152605  -46.472  -32.617  30.499 0.0000000000
154814  -51.319  -27.711  32.537 0.0000000000
156058  -46.248  -35.936  34.322 0.0000000000
156627  -26.142  -42.992  51.137 0.0000000000
156744  -53.673  -23.417  24.143 0.0000000000
157027  -39.718  -44.710  42.936 0.0000000000
157134  -7.695  -51.064  59.075 0.0000000000
157484  -57.890  -21.596  25.396 0.0000000000
