#!ascii label  , from subject sub-008 vox2ras=TkReg
2072
45315  -29.619  -49.855  -28.811 0.5000000000
137327  -28.836  -50.387  -28.619 0.4000000060
44321  -27.858  -51.026  -28.029 0.6000000238
45314  -28.184  -50.470  -28.124 0.6000000238
46238  -29.894  -48.379  -28.026 0.6000000238
46250  -28.971  -49.368  -28.030 0.5000000000
47270  -29.768  -47.555  -27.735 0.6000000238
45313  -27.627  -50.580  -27.687 0.6999999881
43250  -28.313  -51.412  -27.411 0.6999999881
45304  -27.798  -49.773  -27.647 0.6999999881
131324  -29.038  -48.216  -27.695 0.6999999881
48305  -30.171  -46.295  -27.350 0.5000000000
48304  -29.605  -46.757  -27.580 0.6999999881
155196  -30.989  -47.327  -27.599 0.5000000000
39067  -28.167  -55.429  -22.422 0.5000000000
43249  -27.675  -51.238  -26.979 0.6999999881
45303  -27.209  -50.129  -27.061 0.6999999881
47269  -28.158  -47.901  -27.561 0.6999999881
45293  -26.843  -49.256  -26.508 0.6999999881
133228  -28.036  -47.055  -27.656 0.6999999881
154134  -27.430  -48.394  -27.332 0.6999999881
46235  -26.670  -48.355  -26.840 0.6999999881
49371  -30.032  -45.621  -27.119 0.6000000238
149868  -31.849  -50.186  -23.847 0.6999999881
45273  -30.989  -49.810  -24.092 0.6999999881
43226  -27.768  -50.963  -26.121 0.6999999881
44290  -28.063  -50.533  -25.402 0.6999999881
40085  -27.498  -55.122  -21.977 0.6000000238
39090  -27.320  -55.884  -24.511 0.4000000060
45294  -26.957  -49.898  -26.264 0.6999999881
48303  -28.808  -46.526  -27.534 0.6999999881
49369  -28.671  -45.877  -27.350 0.6999999881
48302  -27.206  -45.931  -27.558 0.6999999881
142298  -30.315  -44.943  -26.759 0.6000000238
131501  -32.557  -50.114  -22.520 0.6999999881
150477  -32.395  -50.297  -23.225 0.6999999881
45272  -30.114  -49.594  -24.256 0.6999999881
44272  -31.435  -49.515  -23.528 0.6999999881
45263  -32.028  -49.796  -23.108 0.6999999881
40056  -28.562  -54.657  -20.466 0.6000000238
46214  -29.909  -49.024  -24.061 0.6999999881
45282  -27.741  -49.871  -25.186 0.6999999881
45271  -29.266  -49.470  -24.555 0.6999999881
45262  -30.730  -49.222  -23.810 0.6999999881
46208  -31.295  -48.824  -23.428 0.6999999881
39065  -26.318  -55.392  -22.955 0.5000000000
39078  -27.318  -55.599  -23.667 0.5000000000
47259  -26.046  -47.707  -26.321 0.6999999881
45280  -26.532  -49.153  -26.012 0.6999999881
47243  -30.742  -47.701  -24.235 0.6999999881
39077  -26.500  -55.749  -23.996 0.4000000060
148563  -27.030  -46.759  -27.522 0.6999999881
45268  -26.766  -48.796  -25.659 0.6999999881
46213  -29.130  -48.794  -24.599 0.6999999881
47242  -29.944  -48.247  -24.416 0.6999999881
39099  -26.853  -55.927  -25.654 0.4000000060
46218  -26.255  -48.352  -25.961 0.6999999881
47241  -29.121  -47.946  -24.957 0.6999999881
132311  -30.051  -47.246  -24.873 0.6999999881
151837  -27.988  -46.260  -27.516 0.6999999881
48301  -26.131  -46.583  -27.177 0.6999999881
48262  -27.961  -46.597  -25.428 0.6999999881
149618  -28.068  -45.400  -27.252 0.6999999881
48261  -26.763  -46.469  -25.563 0.6999999881
50442  -29.917  -44.168  -26.852 0.6000000238
142260  -27.847  -44.531  -27.118 0.6999999881
50441  -27.125  -44.415  -27.102 0.6999999881
53768  -30.338  -40.935  -27.923 0.5000000000
52714  -30.542  -42.382  -27.394 0.5000000000
130496  -32.964  -42.242  -28.725 0.4000000060
52729  -32.316  -42.082  -28.260 0.5000000000
47234  -32.171  -47.911  -23.355 0.6999999881
41069  -27.769  -53.398  -19.168 0.6000000238
45270  -28.373  -49.330  -24.823 0.6999999881
40073  -27.255  -54.705  -21.216 0.5000000000
47233  -31.444  -47.998  -23.640 0.6999999881
47247  -25.524  -46.897  -26.063 0.6999999881
46210  -26.555  -47.956  -25.722 0.6999999881
49367  -26.312  -45.789  -27.317 0.6999999881
48260  -25.759  -46.281  -25.691 0.6999999881
53765  -28.112  -41.299  -27.308 0.6999999881
142259  -29.181  -44.404  -26.986 0.6999999881
52712  -28.967  -42.744  -27.262 0.6999999881
51570  -28.536  -43.757  -27.068 0.6999999881
53767  -29.654  -41.296  -27.752 0.6999999881
43141  -32.127  -51.014  -18.689 0.6999999881
154054  -32.614  -50.279  -18.989 0.6999999881
45235  -32.856  -49.891  -19.863 0.8000000119
46187  -33.626  -48.731  -20.506 0.8000000119
141446  -31.014  -51.807  -18.005 0.6000000238
143560  -31.427  -51.049  -18.093 0.6000000238
44207  -31.971  -50.306  -18.198 0.6000000238
46193  -33.437  -48.771  -21.390 0.8000000119
43139  -30.207  -52.002  -17.740 0.6000000238
43138  -29.257  -51.805  -17.711 0.6000000238
47226  -32.678  -48.220  -22.925 0.6999999881
41051  -28.988  -53.076  -18.323 0.6000000238
42150  -28.710  -52.394  -18.103 0.6000000238
41089  -27.294  -53.744  -19.901 0.6000000238
42184  -27.037  -52.968  -19.563 0.6000000238
134539  -32.056  -47.429  -23.756 0.6999999881
40072  -26.539  -55.050  -21.840 0.5000000000
154137  -26.404  -54.474  -21.100 0.6000000238
47235  -32.895  -47.396  -23.475 0.6999999881
152348  -30.865  -46.983  -24.529 0.6999999881
48300  -25.452  -46.164  -26.735 0.6999999881
151536  -25.685  -46.785  -25.907 0.6999999881
48263  -29.036  -47.024  -25.301 0.6999999881
157288  -27.081  -42.433  -27.198 0.8000000119
51569  -27.593  -43.707  -27.078 0.6999999881
48273  -25.194  -46.210  -25.740 0.6999999881
49329  -28.424  -45.620  -25.460 0.6999999881
132490  -27.581  -42.097  -27.279 0.8000000119
142237  -26.353  -44.876  -27.090 0.6999999881
49351  -24.947  -45.634  -25.657 0.6999999881
53769  -31.323  -41.189  -27.886 0.5000000000
133882  -32.794  -41.181  -28.112 0.5000000000
54848  -32.901  -40.275  -27.475 0.5000000000
53789  -33.419  -41.651  -28.696 0.4000000060
44200  -31.074  -50.268  -17.555 0.6000000238
45222  -32.957  -49.411  -19.068 0.6999999881
46172  -33.329  -48.682  -19.145 0.8000000119
45236  -33.299  -49.191  -19.853 0.8999999762
43132  -29.833  -51.279  -17.515 0.6000000238
47211  -34.165  -48.171  -21.028 0.8000000119
47219  -33.930  -48.096  -21.919 0.8000000119
48250  -33.883  -47.028  -23.140 0.8000000119
42149  -28.051  -52.205  -18.425 0.6000000238
42169  -27.465  -52.480  -18.899 0.6000000238
40071  -25.622  -54.596  -21.263 0.6000000238
139401  -26.521  -53.292  -20.212 0.6000000238
42183  -26.414  -52.451  -19.911 0.6000000238
49322  -32.824  -45.776  -24.251 0.6999999881
39064  -25.026  -55.684  -22.684 0.5000000000
49321  -31.905  -45.730  -24.481 0.6999999881
148635  -32.371  -45.142  -24.473 0.6999999881
39075  -24.679  -56.018  -23.449 0.5000000000
40083  -24.356  -55.241  -22.060 0.5000000000
48264  -30.543  -46.332  -24.748 0.6999999881
136886  -29.725  -46.314  -25.177 0.6999999881
53764  -26.819  -41.966  -27.105 0.8000000119
51568  -26.559  -43.775  -26.927 0.8000000119
49366  -25.016  -45.597  -26.239 0.6999999881
132208  -26.185  -45.016  -25.424 0.6999999881
49328  -27.389  -45.692  -25.492 0.6999999881
134455  -25.684  -43.711  -26.628 0.6999999881
53788  -32.124  -41.532  -28.041 0.5000000000
45192  -31.064  -49.440  -17.468 0.6999999881
46149  -31.451  -48.832  -17.559 0.6999999881
45203  -31.747  -49.558  -17.772 0.6999999881
46160  -32.832  -48.790  -18.441 0.8000000119
46173  -33.758  -48.017  -19.304 0.8000000119
44199  -30.058  -50.512  -17.350 0.6999999881
137428  -32.510  -48.143  -18.002 0.8000000119
47212  -34.573  -47.345  -20.579 0.8000000119
44198  -29.040  -50.767  -17.582 0.6000000238
47228  -34.263  -47.376  -22.352 0.8000000119
43136  -27.640  -51.717  -18.591 0.6000000238
48258  -34.240  -46.184  -23.366 0.6999999881
41107  -24.937  -54.088  -20.818 0.6000000238
42182  -25.705  -52.631  -20.388 0.6000000238
50381  -33.171  -44.984  -24.384 0.8000000119
49323  -33.734  -45.602  -23.948 0.6999999881
40070  -24.653  -54.646  -21.413 0.6000000238
39074  -23.683  -55.746  -23.639 0.4000000060
49330  -29.334  -45.530  -25.275 0.6999999881
49331  -30.150  -45.515  -24.926 0.6999999881
50398  -31.520  -44.770  -24.588 0.6999999881
39107  -24.293  -56.088  -26.531 0.4000000060
142024  -29.678  -44.803  -25.038 0.6999999881
49332  -30.977  -45.550  -24.584 0.6999999881
51567  -26.063  -43.154  -26.851 0.8000000119
50426  -24.924  -44.845  -25.867 0.8000000119
139227  -28.876  -44.867  -25.327 0.6999999881
138327  -26.984  -44.959  -25.410 0.6999999881
54844  -27.711  -40.563  -27.197 0.8000000119
54845  -28.551  -40.654  -27.376 0.6999999881
150222  -29.901  -40.174  -27.487 0.5000000000
56081  -33.334  -39.311  -27.280 0.5000000000
54847  -31.155  -40.519  -27.622 0.5000000000
54870  -34.573  -40.336  -28.427 0.4000000060
46148  -30.621  -48.826  -17.375 0.6000000238
152097  -31.864  -48.274  -17.665 0.6999999881
46161  -33.181  -48.032  -18.585 0.8000000119
48229  -34.494  -46.567  -19.940 0.8000000119
45190  -29.373  -49.770  -17.323 0.6999999881
44205  -28.146  -50.571  -17.965 0.6999999881
48252  -35.113  -46.260  -21.885 0.8000000119
150988  -27.447  -50.832  -18.565 0.6000000238
48238  -35.181  -46.123  -21.039 0.8000000119
44235  -25.801  -51.165  -19.830 0.6000000238
49318  -35.336  -44.892  -22.737 0.8000000119
49324  -34.614  -45.318  -23.489 0.8000000119
42198  -24.903  -53.264  -20.692 0.6000000238
42181  -24.818  -52.265  -20.668 0.6000000238
140077  -32.463  -44.428  -24.561 0.8999999762
137124  -34.081  -44.762  -24.085 0.8000000119
156057  -30.871  -43.883  -24.803 0.8000000119
157699  -31.793  -43.957  -24.692 0.8000000119
40082  -23.605  -55.044  -22.313 0.5000000000
142256  -29.716  -43.120  -25.090 0.8000000119
50397  -30.502  -44.739  -24.768 0.6999999881
40097  -23.017  -54.947  -24.114 0.4000000060
152239  -26.501  -40.480  -26.734 0.8000000119
51566  -25.464  -43.068  -26.467 0.8000000119
51547  -25.125  -43.408  -25.685 0.8000000119
137123  -26.138  -43.995  -25.395 0.8000000119
50395  -28.457  -44.260  -25.259 0.6999999881
135727  -27.050  -40.485  -26.993 0.8000000119
50391  -25.208  -44.101  -25.500 0.8000000119
50394  -27.563  -44.294  -25.332 0.6999999881
51535  -25.347  -43.346  -25.424 0.8000000119
56075  -27.298  -39.974  -27.029 0.8000000119
52686  -25.387  -42.670  -25.527 0.8000000119
56065  -30.105  -39.347  -26.850 0.6000000238
156992  -29.351  -39.608  -27.051 0.6000000238
56080  -32.460  -39.516  -26.995 0.5000000000
132150  -30.089  -48.108  -17.293 0.6000000238
47179  -33.479  -47.142  -18.839 0.6999999881
45189  -28.455  -49.834  -17.631 0.6000000238
48211  -33.397  -46.285  -18.790 0.6999999881
49304  -34.830  -45.821  -20.259 0.6999999881
45221  -26.844  -49.889  -18.647 0.6000000238
137776  -28.729  -48.870  -17.335 0.6000000238
47163  -28.582  -47.864  -17.410 0.6000000238
45220  -26.090  -49.716  -19.187 0.6000000238
50377  -35.547  -44.925  -21.593 0.8000000119
43165  -25.322  -51.638  -20.352 0.6000000238
44221  -26.484  -50.728  -19.250 0.6000000238
49305  -35.273  -45.380  -20.849 0.6999999881
42197  -24.232  -52.699  -21.084 0.5000000000
145936  -34.947  -44.419  -23.652 0.8000000119
41105  -23.448  -53.608  -21.939 0.3000000119
52692  -32.731  -42.732  -24.652 0.8000000119
51539  -33.311  -43.266  -24.532 0.8000000119
149273  -30.641  -43.015  -24.925 0.8000000119
139499  -31.675  -43.068  -24.781 0.8000000119
52690  -28.367  -42.082  -25.281 0.8000000119
53750  -25.449  -41.941  -26.050 0.8000000119
50393  -27.082  -43.748  -25.270 0.8000000119
142296  -29.007  -43.733  -25.143 0.8000000119
51536  -25.969  -43.214  -25.249 0.8000000119
52687  -25.699  -42.473  -25.201 0.8000000119
56076  -28.080  -40.000  -27.241 0.6999999881
56066  -31.047  -39.072  -26.598 0.6000000238
57208  -34.401  -38.625  -28.167 0.3000000119
47165  -30.365  -47.401  -17.498 0.6000000238
48209  -31.868  -46.498  -18.080 0.6999999881
48210  -32.781  -46.453  -18.462 0.6999999881
49277  -33.748  -45.734  -18.970 0.6999999881
45244  -21.635  -49.065  -21.913 0.5000000000
45202  -27.054  -49.108  -18.045 0.6000000238
46158  -27.445  -48.457  -17.790 0.6000000238
49295  -35.055  -45.140  -20.236 0.6999999881
43164  -24.545  -51.332  -20.723 0.5000000000
44220  -25.678  -50.284  -19.721 0.5000000000
45201  -26.337  -48.988  -18.570 0.6000000238
50370  -35.350  -44.575  -20.592 0.6999999881
43190  -22.980  -51.909  -21.990 0.3000000119
144637  -24.227  -51.981  -20.996 0.5000000000
135932  -35.561  -44.120  -22.133 0.8000000119
52661  -34.937  -42.136  -23.213 0.8000000119
51519  -34.931  -43.473  -23.774 0.8000000119
142043  -31.209  -42.136  -25.080 0.8999999762
52673  -33.134  -41.770  -24.502 0.8999999762
52674  -33.672  -42.573  -24.411 0.8000000119
52675  -34.535  -42.523  -23.992 0.8000000119
142036  -23.325  -54.283  -22.529 0.4000000060
52691  -29.277  -42.149  -25.259 0.8999999762
136964  -32.164  -42.039  -24.853 0.8999999762
54828  -25.821  -40.225  -26.498 0.8000000119
54843  -25.910  -40.976  -26.495 0.8000000119
157492  -27.268  -43.105  -25.228 0.8000000119
142297  -28.000  -43.566  -25.279 0.8000000119
54829  -26.617  -39.997  -26.780 0.8000000119
56063  -27.672  -39.455  -26.796 0.6999999881
57175  -32.246  -37.876  -26.762 0.6000000238
57190  -32.829  -38.587  -26.984 0.6000000238
47164  -29.448  -47.335  -17.481 0.6000000238
48199  -30.146  -46.642  -17.829 0.6000000238
131801  -32.224  -45.859  -18.381 0.6999999881
47174  -27.730  -47.594  -17.864 0.6000000238
49276  -32.931  -45.612  -18.571 0.6999999881
46157  -26.796  -48.080  -18.249 0.6000000238
50349  -34.179  -44.441  -18.767 0.8000000119
45232  -23.688  -49.465  -20.483 0.6000000238
45234  -25.041  -49.901  -20.046 0.5000000000
46171  -25.721  -48.787  -19.141 0.6000000238
50361  -34.661  -44.565  -19.365 0.6999999881
52644  -35.431  -42.731  -20.831 0.8000000119
143476  -23.159  -50.758  -21.217 0.4000000060
51505  -35.523  -43.437  -21.529 0.6999999881
42196  -23.685  -52.147  -21.496 0.4000000060
51510  -35.449  -43.343  -22.429 0.8000000119
148409  -31.776  -41.170  -25.095 0.8000000119
53732  -34.384  -41.659  -23.651 0.8000000119
53742  -28.835  -41.243  -25.288 0.8999999762
53743  -30.813  -41.108  -25.288 0.8000000119
142058  -33.964  -41.915  -24.210 0.8000000119
149248  -29.792  -41.136  -25.386 0.8000000119
53737  -25.537  -41.659  -25.319 0.8000000119
53739  -26.245  -41.151  -24.858 0.8000000119
142258  -27.799  -42.696  -25.269 0.6999999881
54827  -25.030  -40.563  -26.113 0.8000000119
52688  -26.871  -42.348  -24.975 0.8000000119
152528  -26.134  -42.012  -24.857 0.8000000119
56062  -26.861  -39.476  -26.646 0.8000000119
54822  -24.795  -40.554  -25.570 0.8000000119
57172  -29.284  -38.763  -26.498 0.6999999881
57173  -30.392  -38.384  -26.335 0.6999999881
59199  -30.722  -36.391  -26.570 0.6000000238
59211  -32.056  -36.472  -27.753 0.6000000238
58221  -32.723  -36.858  -28.095 0.6000000238
47197  -27.145  -47.037  -18.549 0.6000000238
50346  -31.847  -44.593  -18.376 0.8000000119
49275  -32.055  -45.206  -18.467 0.6999999881
47216  -22.681  -47.359  -21.675 0.5000000000
47195  -25.683  -47.715  -19.372 0.5000000000
51490  -34.709  -43.837  -19.030 0.8000000119
51491  -35.180  -43.988  -19.815 0.6999999881
151606  -23.302  -48.799  -20.688 0.5000000000
46170  -25.218  -48.566  -19.594 0.5000000000
132872  -35.082  -43.187  -19.453 0.8000000119
142765  -22.765  -48.517  -21.186 0.5000000000
52636  -35.337  -43.226  -20.110 0.8000000119
53710  -35.290  -41.904  -21.383 0.8000000119
53701  -34.810  -41.262  -20.936 0.8000000119
53719  -35.239  -41.939  -22.334 0.8000000119
53718  -34.685  -41.420  -22.801 0.8000000119
53709  -34.849  -41.295  -21.886 0.8000000119
53730  -33.060  -40.780  -24.352 0.8000000119
54809  -33.446  -40.478  -23.589 0.8000000119
54813  -25.069  -40.668  -25.213 0.8000000119
54815  -27.568  -40.566  -24.861 0.8000000119
53740  -27.104  -41.412  -24.893 0.8999999762
57169  -26.349  -38.901  -26.256 0.8000000119
57167  -24.600  -39.540  -25.682 0.8000000119
57171  -28.204  -38.764  -26.425 0.6999999881
57170  -27.275  -38.786  -26.377 0.6999999881
58195  -30.761  -37.332  -26.177 0.6999999881
137932  -27.768  -37.988  -26.030 0.6999999881
139222  -29.062  -37.091  -25.968 0.6999999881
59197  -28.829  -36.288  -26.014 0.6999999881
59198  -29.736  -36.460  -26.271 0.6999999881
49292  -29.393  -45.029  -18.954 0.8000000119
48207  -29.942  -45.841  -18.373 0.6000000238
49273  -29.789  -45.267  -18.735 0.6000000238
137365  -31.132  -44.503  -18.405 0.8000000119
151063  -19.529  -43.286  -22.325 0.6000000238
49317  -21.959  -45.323  -22.528 0.5000000000
48226  -27.447  -46.342  -18.926 0.6000000238
50347  -32.722  -44.767  -18.456 0.8000000119
48233  -20.574  -45.692  -20.809 0.6000000238
50373  -19.348  -43.222  -21.841 0.6000000238
149280  -21.435  -43.186  -21.838 0.6000000238
49311  -24.206  -45.777  -21.022 0.5000000000
47209  -25.462  -46.888  -19.883 0.5000000000
138506  -22.950  -46.944  -18.759 0.5000000000
48224  -22.345  -46.309  -19.748 0.5000000000
49299  -20.824  -44.678  -20.624 0.6000000238
51502  -20.070  -42.816  -21.799 0.6000000238
47218  -24.125  -46.630  -20.835 0.5000000000
51478  -34.158  -43.659  -18.430 0.8000000119
149146  -34.997  -42.520  -19.249 0.8000000119
49289  -22.604  -45.239  -19.668 0.5000000000
46186  -24.940  -47.684  -19.829 0.5000000000
47161  -24.640  -47.663  -17.331 0.4000000060
45218  -24.576  -48.507  -19.965 0.5000000000
53694  -34.729  -41.201  -19.954 0.6999999881
56040  -33.131  -39.822  -23.051 0.8000000119
54793  -34.302  -40.776  -22.373 0.8000000119
54780  -34.349  -40.686  -21.463 0.6999999881
54817  -29.254  -40.202  -25.153 0.8000000119
54818  -31.435  -40.115  -24.892 0.8000000119
153137  -33.296  -39.919  -22.334 0.8000000119
54808  -32.802  -39.954  -23.886 0.8000000119
54807  -32.002  -39.492  -24.043 0.8000000119
57153  -24.731  -38.790  -25.522 0.8999999762
56050  -24.204  -39.696  -25.035 0.8999999762
54802  -26.168  -40.012  -24.762 0.8000000119
54816  -28.360  -40.423  -24.988 0.8000000119
54814  -25.357  -40.558  -24.931 1.0000000000
56044  -27.143  -39.792  -24.653 0.8000000119
58192  -26.792  -38.051  -26.027 0.8000000119
50360  -29.215  -44.540  -18.944 0.8000000119
50345  -30.575  -44.625  -18.652 0.8000000119
51476  -31.643  -44.147  -18.167 0.8000000119
51495  -20.902  -42.569  -21.163 0.6000000238
49290  -27.819  -45.051  -19.748 0.6000000238
49291  -28.683  -45.073  -19.195 0.6000000238
51462  -32.373  -43.657  -17.709 0.8000000119
149732  -21.893  -45.358  -20.253 0.5000000000
51494  -20.087  -42.960  -21.455 0.6000000238
50374  -22.510  -43.697  -21.585 0.6000000238
49302  -26.552  -45.297  -20.427 0.6000000238
51463  -33.388  -43.457  -17.907 0.8000000119
52625  -34.207  -42.795  -18.140 0.8000000119
49288  -21.698  -44.165  -19.972 0.5000000000
50367  -25.367  -44.388  -20.617 0.6000000238
48236  -26.703  -45.970  -19.954 0.6000000238
48205  -24.069  -46.671  -18.152 0.4000000060
49271  -23.363  -45.077  -19.146 0.4000000060
50356  -22.660  -44.171  -19.418 0.4000000060
50355  -21.833  -43.257  -19.705 0.4000000060
135583  -34.980  -41.887  -19.514 0.6999999881
49272  -23.970  -45.543  -18.388 0.4000000060
146582  -22.770  -43.536  -19.230 0.4000000060
51497  -24.168  -43.199  -20.270 0.4000000060
51470  -23.457  -43.001  -18.019 0.4000000060
52632  -23.952  -42.638  -19.441 0.5000000000
54768  -33.769  -40.072  -21.067 0.6999999881
50336  -24.157  -44.160  -17.042 0.3000000119
51484  -23.392  -42.820  -19.061 0.5000000000
52633  -24.754  -42.616  -19.308 0.5000000000
54806  -30.317  -39.790  -25.076 0.8000000119
56038  -31.103  -39.009  -24.135 0.8000000119
136378  -32.365  -39.418  -23.095 0.8000000119
56016  -33.157  -39.719  -21.595 0.8000000119
56028  -32.665  -39.576  -22.234 0.8000000119
145479  -23.898  -38.527  -24.630 0.8000000119
56043  -24.170  -39.203  -24.687 1.0000000000
56033  -25.672  -39.130  -24.380 0.8000000119
56034  -26.688  -38.972  -24.325 0.8000000119
54803  -27.898  -39.607  -24.610 0.8000000119
54805  -29.507  -39.216  -24.676 0.8000000119
56037  -30.028  -38.684  -23.837 0.8000000119
57142  -23.912  -38.447  -24.430 1.0000000000
136224  -28.188  -38.393  -24.018 0.8000000119
57154  -25.735  -38.313  -25.846 0.8000000119
57132  -25.161  -38.433  -23.972 0.8000000119
56035  -27.468  -38.802  -24.255 0.8000000119
58177  -26.166  -37.369  -25.705 0.8999999762
58178  -27.276  -37.017  -25.741 0.6999999881
156225  -27.993  -36.159  -25.715 0.6999999881
140613  -28.458  -35.478  -26.285 0.6999999881
60415  -29.307  -35.595  -26.603 0.6999999881
60416  -30.128  -35.685  -26.899 0.6999999881
59220  -31.623  -35.839  -28.448 0.6000000238
60427  -30.343  -35.270  -27.787 0.6999999881
60425  -28.881  -34.896  -27.002 0.6999999881
59231  -31.826  -35.577  -29.496 0.6000000238
60438  -31.142  -35.303  -29.099 0.6000000238
50344  -29.976  -44.305  -18.717 0.8000000119
51475  -30.709  -44.171  -18.308 0.8000000119
51503  -22.008  -42.633  -21.267 0.5000000000
51488  -27.815  -44.000  -19.357 0.8000000119
51474  -29.051  -43.862  -18.365 0.8000000119
151290  -29.425  -44.138  -18.723 0.8000000119
51461  -31.417  -43.806  -17.668 0.8000000119
50365  -20.816  -43.164  -20.575 0.5000000000
51496  -23.429  -43.017  -20.829 0.6000000238
149835  -24.962  -43.744  -20.326 0.5000000000
50359  -28.282  -44.520  -19.333 0.8000000119
52642  -23.370  -42.694  -20.413 0.5000000000
50357  -27.139  -43.918  -19.978 0.6999999881
50368  -26.284  -44.509  -20.564 0.6999999881
52614  -33.027  -43.032  -17.060 0.6999999881
52615  -33.761  -42.578  -17.401 0.6999999881
52616  -34.290  -42.007  -17.742 0.6999999881
50343  -23.549  -44.270  -18.427 0.3000000119
151694  -34.743  -42.073  -18.627 0.6999999881
53686  -34.690  -41.205  -18.986 0.6999999881
54760  -34.333  -40.359  -19.370 0.6999999881
52611  -24.954  -42.232  -17.878 0.5000000000
54759  -33.764  -39.877  -20.107 0.6999999881
52610  -24.272  -42.167  -17.784 0.4000000060
56039  -31.489  -38.977  -23.053 0.8000000119
56005  -32.998  -39.535  -20.631 0.6999999881
142222  -30.670  -38.681  -23.056 0.8000000119
152293  -29.263  -38.273  -22.915 0.8000000119
57118  -29.562  -38.558  -20.764 0.6999999881
57133  -26.207  -38.201  -23.830 0.8000000119
56036  -29.105  -38.386  -24.018 0.8000000119
58175  -23.686  -37.715  -24.688 0.8999999762
58176  -24.844  -37.759  -25.465 0.8999999762
58161  -23.314  -37.905  -24.180 0.8999999762
58148  -23.523  -37.933  -23.761 0.8000000119
58139  -23.997  -37.526  -23.164 0.8000000119
134791  -25.971  -37.056  -22.515 0.8000000119
59184  -25.474  -36.733  -25.625 0.8999999762
59183  -24.238  -36.860  -25.318 0.8000000119
59185  -26.482  -36.442  -25.682 0.8999999762
60397  -26.555  -35.628  -25.841 0.8000000119
58234  -32.989  -36.611  -29.100 0.4000000060
156878  -27.722  -35.420  -26.023 0.8000000119
60414  -27.927  -34.820  -26.698 0.6999999881
60426  -29.661  -35.071  -27.395 0.6999999881
61620  -31.875  -33.494  -30.121 0.5000000000
51459  -29.663  -43.748  -17.637 0.6999999881
51460  -30.511  -43.837  -17.654 0.8000000119
51458  -28.169  -43.647  -17.948 0.6999999881
52602  -31.688  -42.806  -16.075 0.6999999881
51469  -23.344  -43.332  -18.772 0.4000000060
52613  -26.864  -43.156  -17.023 0.6000000238
51447  -30.185  -43.575  -16.709 0.6999999881
52604  -33.440  -42.234  -16.638 0.6999999881
152159  -33.929  -41.907  -17.085 0.6999999881
53681  -34.123  -41.393  -17.318 0.6999999881
53682  -34.474  -41.348  -18.094 0.6999999881
52612  -26.061  -42.610  -17.080 0.5000000000
54751  -34.321  -40.630  -18.333 0.6999999881
53680  -25.342  -41.933  -17.156 0.4000000060
148688  -33.708  -39.660  -19.242 0.6999999881
144870  -24.728  -41.280  -16.686 0.3000000119
53679  -24.629  -41.732  -17.303 0.3000000119
52586  -26.364  -42.236  -15.617 0.5000000000
56026  -29.841  -38.414  -22.272 0.6999999881
56015  -32.271  -39.438  -21.196 0.6999999881
137890  -32.897  -39.334  -18.597 0.6999999881
53653  -25.771  -41.670  -15.536 0.4000000060
56027  -30.618  -38.957  -21.621 0.6999999881
56004  -31.864  -39.438  -20.018 0.6999999881
56014  -31.202  -39.310  -20.698 0.6999999881
57126  -28.917  -38.145  -21.517 0.6999999881
58140  -24.883  -37.284  -22.892 0.8000000119
57134  -27.187  -37.994  -23.574 0.8000000119
155279  -27.678  -38.171  -23.735 0.8000000119
57135  -27.930  -37.732  -22.837 0.8000000119
58149  -26.593  -37.502  -22.910 0.8000000119
59169  -22.262  -36.590  -24.078 0.8000000119
143601  -24.841  -36.054  -25.636 0.8000000119
60394  -22.858  -35.591  -25.200 0.8000000119
59182  -22.968  -36.579  -24.723 0.8999999762
60396  -25.860  -35.866  -25.761 0.8999999762
60412  -26.112  -35.139  -26.146 0.8000000119
61591  -27.248  -34.503  -26.756 0.8000000119
60437  -30.552  -35.001  -28.707 0.6999999881
60447  -30.862  -34.620  -29.386 0.6000000238
61599  -28.453  -34.269  -27.500 0.6999999881
61600  -29.271  -34.333  -27.861 0.6999999881
140691  -27.441  -32.973  -27.549 0.6999999881
51448  -31.116  -43.495  -16.768 0.6999999881
52588  -28.159  -42.865  -15.159 0.6000000238
51436  -28.718  -43.343  -15.837 0.6000000238
51437  -29.745  -43.259  -15.779 0.6999999881
52591  -31.318  -42.475  -15.159 0.6999999881
52603  -32.663  -42.580  -16.271 0.6999999881
51456  -26.287  -43.162  -17.812 0.5000000000
51444  -27.621  -43.464  -17.152 0.6000000238
52592  -32.274  -42.199  -15.406 0.6999999881
53672  -33.111  -41.828  -15.823 0.6999999881
52600  -27.596  -43.240  -16.141 0.6000000238
53678  -23.836  -41.781  -17.159 0.3000000119
52599  -26.603  -42.727  -16.198 0.5000000000
52589  -29.243  -42.841  -14.806 0.6000000238
149450  -34.243  -40.872  -17.611 0.6999999881
53654  -26.624  -41.871  -14.838 0.4000000060
155816  -27.824  -42.470  -14.761 0.6000000238
54750  -33.822  -40.226  -17.472 0.6999999881
55993  -31.674  -39.111  -18.947 0.6999999881
55981  -33.826  -39.876  -18.402 0.6999999881
54707  -25.460  -40.599  -14.359 0.3000000119
56013  -30.360  -38.927  -20.242 0.6999999881
58150  -27.386  -37.395  -22.448 0.8000000119
153179  -27.901  -37.393  -21.806 0.8000000119
57116  -28.726  -37.700  -21.000 0.6999999881
57117  -29.072  -38.086  -20.632 0.6999999881
58125  -29.719  -37.880  -19.897 0.6999999881
59135  -25.109  -36.724  -22.575 0.8000000119
144950  -27.423  -36.754  -22.066 0.8000000119
60393  -22.211  -35.803  -24.502 0.8000000119
58138  -23.229  -37.241  -23.349 0.8000000119
141452  -24.146  -37.013  -22.841 0.8000000119
59136  -25.895  -36.530  -22.440 0.8000000119
60395  -24.081  -35.404  -25.583 0.8000000119
61535  -23.114  -34.482  -23.875 0.8000000119
61519  -24.713  -35.106  -23.172 0.8000000119
61537  -25.331  -34.486  -23.646 0.8000000119
62626  -24.874  -33.508  -24.319 0.8000000119
61619  -31.035  -33.586  -29.773 0.6000000238
61608  -29.637  -33.599  -28.954 0.6999999881
62676  -27.107  -33.851  -27.097 0.8000000119
61607  -28.936  -33.524  -28.173 0.6000000238
63738  -26.535  -32.067  -26.983 0.6999999881
158129  -27.619  -32.234  -27.646 0.6000000238
62694  -28.734  -32.845  -28.256 0.6000000238
52590  -30.339  -42.723  -14.986 0.6000000238
53656  -28.412  -42.376  -14.396 0.6000000238
53659  -32.609  -41.387  -15.017 0.6999999881
53660  -33.293  -40.979  -15.513 0.6999999881
52570  -30.012  -42.147  -14.416 0.6000000238
54740  -33.603  -40.528  -16.081 0.6999999881
54744  -33.875  -40.800  -16.935 0.6999999881
53633  -26.845  -41.376  -13.862 0.4000000060
53655  -27.541  -42.027  -14.263 0.4000000060
53636  -30.256  -41.341  -13.833 0.5000000000
54730  -32.801  -40.563  -14.677 0.6999999881
55970  -33.598  -40.059  -16.645 0.6999999881
53634  -28.417  -41.671  -13.712 0.5000000000
131683  -29.297  -41.068  -13.623 0.5000000000
155999  -33.482  -39.591  -17.041 0.6999999881
55980  -33.230  -39.405  -17.651 0.6999999881
54728  -25.997  -41.301  -14.467 0.3000000119
54708  -26.331  -40.572  -13.726 0.3000000119
54709  -27.335  -40.542  -13.470 0.4000000060
55926  -25.746  -39.728  -13.812 0.3000000119
55927  -27.010  -39.485  -13.510 0.3000000119
55992  -30.950  -38.833  -19.005 0.6999999881
55979  -31.403  -38.642  -18.683 0.6999999881
58118  -30.334  -38.101  -19.442 0.6999999881
58113  -31.392  -38.270  -18.617 0.6999999881
59137  -26.783  -36.731  -22.314 0.8000000119
59125  -29.331  -37.318  -20.972 0.6999999881
57112  -29.383  -38.120  -20.247 0.6999999881
58127  -31.239  -37.685  -19.643 0.6999999881
58132  -29.806  -37.588  -20.304 0.6999999881
59127  -31.537  -37.039  -21.565 0.6999999881
59133  -23.372  -36.474  -23.143 0.8000000119
60340  -25.172  -35.951  -22.664 0.8000000119
59124  -28.705  -37.388  -21.104 0.6999999881
59126  -30.392  -37.208  -21.287 0.6999999881
59142  -32.131  -36.413  -22.391 0.6999999881
60383  -21.986  -35.842  -23.942 0.8000000119
59134  -24.374  -36.374  -22.784 0.8000000119
60341  -26.224  -36.063  -22.512 0.8000000119
60342  -27.040  -36.238  -22.502 0.8000000119
59153  -27.774  -36.329  -22.430 0.8000000119
59155  -29.705  -36.336  -22.792 0.8000000119
60344  -31.623  -35.878  -23.085 0.6999999881
144766  -22.316  -35.224  -24.373 0.8000000119
60362  -25.766  -35.312  -23.054 0.8000000119
61539  -27.272  -34.972  -23.933 0.8000000119
61541  -29.072  -35.016  -24.061 0.8000000119
141667  -22.505  -35.159  -24.954 0.8000000119
61569  -22.951  -34.384  -25.015 0.8000000119
61536  -24.226  -34.383  -23.780 0.8000000119
61538  -26.354  -34.729  -23.718 0.8000000119
61558  -28.716  -34.199  -24.371 0.8000000119
61588  -24.075  -34.049  -25.844 0.8000000119
136741  -23.525  -32.997  -24.610 0.8000000119
62627  -26.077  -33.890  -24.372 0.8000000119
62628  -27.007  -34.189  -24.441 0.8000000119
62647  -28.322  -33.437  -24.527 0.8000000119
62673  -23.686  -33.180  -25.894 0.8000000119
63672  -25.939  -33.002  -24.843 0.8000000119
62674  -24.828  -33.527  -26.201 0.8000000119
62707  -31.707  -32.606  -29.880 0.5000000000
62695  -29.337  -32.727  -28.841 0.6000000238
132300  -24.439  -32.789  -26.160 0.8000000119
63724  -25.647  -32.764  -26.442 0.8000000119
62706  -30.736  -32.526  -29.771 0.6000000238
63761  -30.467  -32.015  -29.493 0.6000000238
64717  -28.693  -31.660  -28.105 0.6000000238
63750  -29.064  -32.124  -28.473 0.6000000238
53657  -30.864  -41.998  -14.374 0.6999999881
53658  -31.782  -41.747  -14.595 0.6999999881
53635  -29.297  -41.919  -14.097 0.6000000238
54729  -32.095  -40.879  -14.251 0.6999999881
54713  -32.932  -39.934  -14.312 0.6999999881
54731  -33.213  -40.018  -15.162 0.6999999881
54710  -30.852  -40.432  -13.493 0.5000000000
54712  -32.445  -40.113  -13.917 0.6999999881
55928  -27.941  -39.835  -13.359 0.4000000060
55929  -28.763  -39.726  -13.370 0.4000000060
155505  -29.409  -39.650  -13.404 0.5000000000
153878  -33.402  -39.236  -16.455 0.6999999881
134235  -33.162  -38.954  -17.242 0.6999999881
57050  -27.365  -38.297  -13.718 0.3000000119
57052  -29.246  -38.263  -13.522 0.3000000119
143638  -30.170  -38.611  -13.386 0.5000000000
57094  -33.400  -38.460  -16.531 0.6999999881
57049  -26.238  -38.640  -13.842 0.3000000119
58060  -28.851  -37.334  -14.102 0.3000000119
58114  -32.305  -37.998  -18.117 0.6999999881
138668  -28.151  -36.817  -14.454 0.3000000119
59120  -33.550  -36.945  -19.995 0.6999999881
59154  -28.686  -36.378  -22.561 0.8000000119
59140  -30.001  -36.840  -22.045 0.6999999881
58134  -32.000  -37.305  -20.749 0.6999999881
59139  -28.919  -36.835  -21.619 0.6999999881
59141  -31.094  -36.632  -22.302 0.6999999881
60345  -32.645  -35.656  -22.815 0.6999999881
61518  -23.782  -34.972  -23.496 0.8000000119
60363  -26.695  -35.518  -23.102 0.8000000119
60366  -29.410  -35.733  -23.494 0.6999999881
152618  -31.038  -35.722  -23.341 0.8000000119
61517  -22.959  -35.178  -23.560 0.8000000119
61560  -30.772  -34.549  -23.843 0.8000000119
62624  -23.263  -33.834  -24.409 0.8000000119
61557  -27.858  -34.255  -24.389 0.8000000119
62648  -29.173  -33.351  -24.393 0.8000000119
62644  -23.220  -33.484  -24.880 0.8000000119
150339  -23.370  -33.378  -25.411 0.8000000119
62625  -23.712  -33.611  -24.221 0.8000000119
62645  -26.875  -33.344  -24.772 0.8000000119
64657  -27.636  -31.681  -24.640 0.8000000119
63693  -29.558  -32.574  -24.220 0.8000000119
63721  -23.442  -32.613  -25.618 0.8000000119
140174  -23.321  -32.252  -25.288 0.8000000119
150471  -25.072  -32.544  -24.623 0.8000000119
63689  -25.873  -32.077  -24.982 0.8000000119
64659  -29.050  -31.789  -24.213 0.8000000119
63737  -25.711  -31.895  -26.507 0.8000000119
53637  -31.285  -41.161  -13.894 0.6000000238
54711  -31.737  -40.293  -13.597 0.6000000238
140373  -28.377  -40.648  -13.445 0.5000000000
55932  -32.177  -39.480  -13.488 0.6000000238
143748  -31.175  -38.658  -13.352 0.5000000000
146753  -32.590  -38.676  -13.517 0.6999999881
55934  -33.167  -39.312  -14.422 0.6999999881
137653  -33.515  -38.502  -15.601 0.6999999881
57056  -33.132  -37.918  -13.682 0.6999999881
57067  -33.512  -38.361  -14.404 0.6999999881
58059  -27.775  -37.437  -14.096 0.3000000119
58061  -29.925  -37.518  -13.661 0.3000000119
58065  -33.692  -37.293  -13.862 0.6999999881
58058  -26.692  -37.542  -14.238 0.3000000119
59078  -30.819  -35.848  -14.163 0.3000000119
58097  -33.743  -37.439  -16.002 0.6999999881
58107  -33.983  -37.031  -17.127 0.6999999881
61444  -27.297  -34.905  -16.020 0.3000000119
61445  -28.185  -34.901  -15.859 0.3000000119
60278  -28.725  -35.565  -15.173 0.3000000119
61447  -30.552  -34.641  -15.051 0.3000000119
61466  -27.781  -34.316  -16.486 0.3000000119
58128  -32.437  -37.391  -19.839 0.6999999881
59119  -33.126  -36.992  -20.907 0.6999999881
139565  -31.290  -35.162  -23.539 0.8000000119
155256  -30.284  -34.049  -24.100 0.8000000119
62649  -30.024  -33.331  -24.175 0.8000000119
63670  -23.573  -32.117  -24.727 0.8000000119
63671  -24.063  -32.481  -24.395 0.8000000119
64640  -24.002  -31.354  -24.612 0.8000000119
64641  -24.865  -31.674  -24.647 0.8000000119
65636  -26.634  -30.635  -24.764 0.8000000119
65649  -27.318  -30.952  -24.655 0.8000000119
150532  -28.377  -31.409  -24.308 0.8000000119
64694  -24.072  -31.251  -25.866 0.8000000119
65635  -25.775  -30.299  -24.680 0.8000000119
64695  -25.122  -31.183  -26.350 0.8000000119
157693  -25.807  -30.762  -26.657 0.6999999881
64707  -26.882  -31.202  -27.162 0.6000000238
146061  -32.004  -38.632  -13.363 0.6000000238
58064  -33.389  -36.844  -13.343 0.6000000238
58081  -33.837  -37.287  -14.653 0.6999999881
59060  -30.896  -36.830  -13.589 0.4000000060
59062  -33.641  -35.866  -13.132 0.6000000238
59096  -34.593  -36.169  -14.666 0.6999999881
59080  -33.575  -35.579  -13.322 0.4000000060
150619  -33.941  -36.500  -16.127 0.6999999881
58115  -33.475  -37.381  -18.013 0.6999999881
62553  -31.139  -33.600  -16.384 0.3000000119
59095  -33.551  -35.873  -14.186 0.4000000060
131953  -34.035  -35.945  -15.735 0.6000000238
152736  -34.555  -36.164  -18.987 0.6999999881
59115  -33.917  -36.849  -19.039 0.6999999881
59130  -34.076  -36.565  -20.950 0.6999999881
59121  -34.459  -36.458  -20.039 0.6999999881
60331  -34.201  -36.012  -21.606 0.6999999881
60346  -33.650  -35.597  -22.320 0.6999999881
60367  -30.435  -35.577  -23.539 0.8000000119
137560  -29.962  -34.864  -24.005 0.8000000119
61542  -31.540  -34.242  -23.602 0.8000000119
64658  -28.304  -32.033  -24.446 0.8000000119
63674  -30.496  -32.529  -23.904 0.8000000119
63690  -26.811  -32.411  -24.948 0.8000000119
65638  -28.924  -30.827  -24.071 0.8000000119
65658  -23.849  -30.252  -25.506 0.8000000119
140587  -24.909  -30.791  -24.657 0.8000000119
66615  -26.574  -29.833  -24.612 0.8000000119
65637  -27.465  -30.137  -24.502 0.8000000119
66614  -25.710  -29.491  -24.649 0.8000000119
63749  -27.992  -31.478  -27.824 0.6000000238
65679  -24.438  -30.304  -26.277 0.8000000119
149139  -27.148  -30.675  -27.101 0.6000000238
148803  -25.410  -30.146  -26.640 0.6999999881
132222  -25.983  -29.645  -26.883 0.6999999881
57054  -31.962  -37.641  -13.278 0.6000000238
58063  -32.748  -36.617  -12.973 0.6000000238
59063  -34.221  -36.319  -13.681 0.6000000238
60280  -31.511  -34.980  -14.524 0.3000000119
61469  -31.293  -34.247  -15.316 0.3000000119
60296  -32.737  -34.860  -14.967 0.3000000119
60297  -33.687  -35.418  -15.594 0.5000000000
60281  -32.846  -34.427  -15.679 0.3000000119
60282  -33.324  -34.633  -16.128 0.5000000000
59109  -34.554  -35.649  -18.220 0.6999999881
62576  -29.771  -33.201  -17.413 0.3000000119
61496  -34.636  -34.811  -18.281 0.4000000060
60328  -34.935  -35.719  -19.896 0.6999999881
63599  -29.494  -32.775  -17.960 0.3000000119
61503  -35.153  -35.011  -20.425 0.6000000238
156895  -34.021  -34.557  -22.399 0.6000000238
146038  -34.974  -34.939  -21.175 0.6000000238
61520  -33.083  -34.738  -22.926 0.8000000119
62601  -34.865  -33.657  -21.470 0.6000000238
61543  -32.397  -33.896  -23.334 0.8000000119
131552  -33.371  -33.757  -22.822 0.6999999881
62610  -34.298  -33.505  -22.192 0.6999999881
62629  -30.908  -33.543  -23.854 0.8000000119
62630  -31.665  -33.504  -23.566 0.8000000119
63655  -32.184  -32.356  -23.367 0.6999999881
156258  -32.990  -32.390  -23.034 0.6999999881
63657  -33.583  -32.856  -22.719 0.6999999881
63673  -29.844  -31.936  -24.030 0.8000000119
63675  -31.419  -32.830  -23.608 0.8000000119
64628  -31.928  -31.461  -23.348 0.6999999881
64629  -32.766  -31.717  -23.001 0.6999999881
64643  -29.694  -31.247  -23.979 0.8000000119
64644  -30.432  -31.610  -23.796 0.8000000119
65626  -31.698  -30.651  -23.314 0.6999999881
65627  -32.517  -30.932  -22.894 0.6999999881
64655  -23.493  -31.442  -24.887 0.8000000119
65633  -23.764  -30.719  -24.898 0.8000000119
65650  -28.014  -30.836  -24.280 0.8000000119
65624  -30.276  -30.843  -23.716 0.8000000119
66623  -24.804  -29.063  -25.059 0.8000000119
148381  -27.171  -29.434  -24.498 0.8000000119
137163  -28.434  -29.987  -24.046 0.8000000119
139179  -23.724  -31.064  -25.422 0.8000000119
67651  -24.062  -28.873  -25.573 0.8000000119
67641  -26.482  -28.984  -24.534 0.8000000119
67643  -27.791  -28.542  -24.288 0.8000000119
65678  -23.942  -30.268  -25.880 0.8000000119
66647  -23.847  -29.449  -25.896 0.8000000119
151745  -24.183  -28.306  -26.235 0.6999999881
65699  -27.849  -30.787  -27.497 0.6000000238
65681  -28.335  -30.267  -26.379 0.6000000238
65698  -24.682  -29.622  -26.517 0.8000000119
66668  -25.228  -29.236  -26.737 0.6999999881
67688  -26.031  -28.174  -26.665 0.6999999881
60307  -34.128  -35.584  -16.538 0.5000000000
59101  -34.325  -36.099  -17.196 0.5000000000
61470  -32.149  -34.058  -15.699 0.3000000119
61486  -33.601  -34.023  -16.853 0.4000000060
60308  -34.358  -35.201  -17.423 0.5000000000
60324  -34.813  -35.330  -19.058 0.6000000238
61485  -32.071  -33.336  -16.636 0.3000000119
63600  -31.904  -32.745  -17.242 0.3000000119
63601  -33.128  -32.717  -17.440 0.3000000119
61500  -34.986  -34.501  -19.059 0.6000000238
61501  -35.290  -34.280  -19.876 0.6000000238
63621  -29.920  -32.473  -18.195 0.3000000119
156209  -31.231  -32.383  -17.591 0.3000000119
157070  -33.662  -32.434  -17.747 0.3000000119
137229  -30.373  -31.849  -18.198 0.3000000119
133509  -35.207  -33.363  -20.979 0.6000000238
146519  -29.100  -31.698  -18.801 0.3000000119
63643  -34.326  -32.465  -22.152 0.6999999881
142895  -33.585  -32.019  -22.649 0.6999999881
66603  -28.935  -29.421  -23.686 0.8000000119
65625  -30.831  -30.374  -23.471 0.6999999881
144918  -31.445  -29.864  -23.335 0.6999999881
66604  -29.689  -29.489  -23.510 0.6999999881
156483  -28.473  -29.377  -23.928 0.8000000119
67644  -29.019  -28.234  -23.800 0.6999999881
148351  -25.616  -28.786  -24.783 0.8000000119
67654  -26.039  -28.205  -24.813 0.6999999881
67642  -26.965  -28.322  -24.490 0.8000000119
144593  -28.335  -28.085  -24.170 0.6000000238
65683  -29.727  -31.116  -25.909 0.6000000238
67672  -23.948  -28.067  -25.972 0.6999999881
68670  -24.264  -27.698  -26.141 0.6999999881
68644  -24.631  -27.005  -25.905 0.6999999881
67673  -27.029  -28.318  -26.382 0.6999999881
66649  -27.361  -29.417  -26.466 0.6999999881
67687  -25.379  -28.017  -26.571 0.6999999881
151249  -28.297  -24.843  -28.285 0.5000000000
69699  -29.199  -25.536  -28.368 0.5000000000
63632  -35.318  -32.875  -19.381 0.6000000238
62594  -35.393  -33.354  -20.137 0.6000000238
63633  -35.478  -32.503  -19.973 0.6000000238
136270  -35.033  -31.977  -21.388 0.6000000238
64617  -34.259  -31.563  -22.097 0.6999999881
144308  -33.382  -31.222  -22.516 0.6999999881
136275  -27.059  -30.347  -19.628 0.3000000119
146314  -32.325  -30.119  -23.013 0.6999999881
65628  -33.214  -30.398  -22.556 0.6999999881
68625  -27.523  -27.800  -24.473 0.6999999881
66605  -30.539  -29.624  -23.449 0.6999999881
142430  -30.177  -28.927  -23.437 0.6999999881
67652  -24.306  -28.290  -25.496 0.6999999881
136250  -25.316  -27.199  -25.176 0.6999999881
68638  -26.578  -27.563  -24.864 0.6999999881
69649  -27.897  -26.401  -24.916 0.6000000238
68645  -24.874  -26.265  -25.963 0.6999999881
149356  -28.105  -29.627  -26.171 0.6000000238
65659  -29.571  -30.271  -25.631 0.5000000000
68673  -26.431  -27.232  -26.491 0.6999999881
68656  -26.675  -26.525  -26.677 0.6999999881
69672  -27.459  -26.358  -26.774 0.6999999881
136177  -28.567  -27.146  -26.500 0.6000000238
138094  -34.915  -31.863  -18.845 0.4000000060
64602  -35.357  -31.827  -19.744 0.5000000000
64611  -35.388  -32.035  -20.512 0.6000000238
64610  -35.226  -31.280  -20.499 0.6000000238
140733  -34.741  -31.026  -21.426 0.6000000238
66560  -27.737  -29.795  -19.380 0.3000000119
66561  -28.491  -29.597  -19.067 0.3000000119
66608  -33.022  -29.459  -22.680 0.6000000238
66607  -32.105  -29.345  -23.276 0.6000000238
68627  -29.384  -27.691  -23.965 0.6000000238
156470  -31.337  -28.597  -23.621 0.6000000238
69647  -26.113  -26.689  -25.544 0.6999999881
69636  -28.127  -27.336  -24.456 0.6000000238
67632  -29.796  -28.308  -23.695 0.6000000238
70645  -26.556  -25.946  -25.654 0.6999999881
70646  -27.255  -25.583  -25.734 0.6000000238
69684  -25.634  -26.115  -26.861 0.6999999881
66633  -28.732  -29.102  -25.902 0.6000000238
67662  -30.237  -28.763  -25.785 0.5000000000
68658  -29.402  -27.755  -26.283 0.6000000238
67661  -29.422  -28.575  -25.950 0.6000000238
67663  -31.099  -28.396  -25.896 0.5000000000
69685  -26.239  -25.534  -27.311 0.6000000238
69673  -29.518  -26.909  -26.796 0.5000000000
69674  -30.238  -26.588  -27.369 0.5000000000
68659  -30.466  -27.232  -26.635 0.5000000000
69688  -30.005  -26.066  -28.264 0.5000000000
69701  -30.527  -25.709  -28.496 0.5000000000
65573  -34.691  -30.555  -18.847 0.4000000060
64601  -35.030  -31.196  -19.366 0.4000000060
65571  -32.364  -30.213  -17.518 0.4000000060
149798  -35.040  -30.543  -20.792 0.6000000238
67586  -28.248  -28.879  -19.113 0.3000000119
67587  -29.533  -28.265  -18.786 0.3000000119
67574  -30.278  -28.314  -18.537 0.3000000119
66595  -33.992  -29.863  -22.319 0.6000000238
69568  -28.702  -26.758  -19.455 0.3000000119
132833  -33.281  -28.739  -22.712 0.6000000238
67646  -32.370  -28.345  -23.467 0.5000000000
67634  -32.611  -28.762  -23.083 0.6000000238
144712  -29.674  -27.146  -24.325 0.6000000238
147728  -30.954  -27.911  -24.049 0.6000000238
69637  -28.836  -27.126  -24.385 0.6000000238
67645  -31.624  -28.240  -23.792 0.6000000238
69651  -29.928  -26.624  -24.774 0.6000000238
69661  -25.556  -25.749  -26.265 0.6999999881
70647  -28.389  -25.920  -25.313 0.6000000238
70669  -25.824  -25.178  -27.176 0.6999999881
69686  -27.299  -25.390  -27.661 0.5000000000
140986  -28.380  -26.206  -27.385 0.5000000000
70688  -29.326  -24.883  -28.598 0.5000000000
65572  -34.026  -30.625  -17.955 0.4000000060
65592  -35.131  -30.522  -19.915 0.4000000060
66551  -34.397  -29.807  -18.304 0.4000000060
143794  -34.041  -28.962  -18.017 0.4000000060
146502  -35.011  -29.853  -20.454 0.4000000060
149721  -34.640  -30.073  -21.516 0.4000000060
131569  -29.364  -27.626  -19.039 0.3000000119
69570  -30.053  -26.593  -19.275 0.3000000119
68552  -30.733  -27.617  -18.489 0.4000000060
66596  -34.438  -29.351  -21.935 0.4000000060
68566  -31.136  -27.094  -18.470 0.4000000060
66609  -33.890  -29.069  -22.387 0.6000000238
67647  -33.163  -28.167  -23.101 0.5000000000
69638  -32.301  -27.266  -24.335 0.5000000000
150582  -30.686  -27.253  -24.426 0.6000000238
69639  -33.039  -27.057  -24.135 0.5000000000
69662  -29.305  -26.186  -25.173 0.6000000238
69663  -30.113  -26.149  -25.536 0.6000000238
70656  -26.871  -24.758  -26.861 0.6000000238
153092  -29.204  -25.191  -26.451 0.6000000238
71747  -26.881  -24.736  -27.544 0.5000000000
70677  -26.608  -24.957  -27.542 0.5000000000
70687  -27.405  -24.771  -27.932 0.5000000000
71758  -29.034  -24.288  -28.435 0.5000000000
71759  -29.511  -24.219  -28.980 0.5000000000
70690  -30.884  -25.148  -28.790 0.5000000000
66563  -34.866  -29.824  -19.388 0.4000000060
135999  -34.628  -29.066  -18.889 0.4000000060
66583  -34.990  -29.110  -19.889 0.4000000060
137849  -34.800  -29.087  -21.035 0.4000000060
67578  -34.365  -28.194  -18.615 0.4000000060
67609  -34.948  -28.323  -21.168 0.4000000060
149049  -34.081  -27.766  -22.856 0.4000000060
67624  -34.539  -28.595  -21.934 0.5000000000
70586  -29.275  -25.277  -20.169 0.3000000119
68630  -33.529  -27.439  -23.495 0.4000000060
69653  -32.515  -26.640  -24.646 0.5000000000
137526  -33.822  -26.652  -23.804 0.4000000060
69652  -30.870  -26.620  -25.009 0.6000000238
145750  -31.652  -26.964  -24.654 0.5000000000
69654  -33.340  -26.287  -24.437 0.5000000000
156833  -29.832  -25.632  -26.124 0.6000000238
70660  -31.473  -25.754  -26.043 0.5000000000
70648  -31.857  -26.340  -25.323 0.5000000000
71748  -27.580  -24.619  -27.859 0.5000000000
71722  -28.200  -24.950  -26.620 0.6000000238
71723  -29.963  -25.128  -26.597 0.6000000238
70659  -30.614  -25.753  -26.147 0.6000000238
144919  -28.886  -24.625  -27.221 0.6000000238
71749  -28.212  -24.508  -28.081 0.5000000000
71768  -29.423  -23.603  -28.942 0.5000000000
70701  -32.233  -24.849  -29.250 0.5000000000
71734  -28.329  -24.390  -27.902 0.5000000000
73797  -28.475  -22.356  -21.753 0.3000000119
136354  -29.587  -23.058  -21.223 0.4000000060
73781  -30.864  -22.388  -21.328 0.4000000060
71736  -31.217  -24.356  -26.974 0.5000000000
74780  -28.332  -21.664  -22.017 0.4000000060
71735  -30.106  -24.391  -27.145 0.5000000000
71738  -33.061  -23.782  -26.131 0.5000000000
72845  -33.744  -23.926  -25.392 0.5000000000
72852  -30.116  -22.955  -27.985 0.5000000000
72854  -32.274  -23.133  -26.745 0.5000000000
72861  -29.232  -23.961  -28.401 0.5000000000
72862  -29.677  -23.027  -28.520 0.6000000238
71771  -31.808  -24.095  -29.607 0.5000000000
71769  -29.745  -23.679  -29.222 0.6000000238
72877  -30.561  -22.796  -29.377 0.5000000000
71770  -30.592  -23.628  -29.413 0.6000000238
72878  -32.566  -23.663  -30.015 0.4000000060
74764  -29.644  -21.688  -21.692 0.4000000060
73782  -31.418  -22.419  -21.051 0.4000000060
155203  -30.400  -23.709  -27.478 0.5000000000
73842  -30.886  -22.524  -27.858 0.5000000000
73851  -30.194  -22.544  -28.501 0.5000000000
156510  -30.802  -22.176  -28.396 0.5000000000
73843  -31.555  -21.980  -27.694 0.5000000000
72876  -29.806  -23.000  -29.200 0.5000000000
73875  -30.403  -22.430  -29.147 0.5000000000
72888  -32.394  -22.776  -29.874 0.4000000060
73876  -31.332  -22.221  -29.471 0.5000000000
135087  -31.507  -23.165  -29.594 0.5000000000
135199  -30.904  -20.946  -21.459 0.4000000060
75787  -29.203  -20.138  -21.946 0.4000000060
72853  -31.274  -23.380  -27.288 0.5000000000
156091  -33.566  -23.196  -25.678 0.4000000060
74860  -31.064  -21.841  -29.108 0.4000000060
74861  -31.889  -21.495  -29.401 0.4000000060
73877  -32.444  -21.936  -29.819 0.5000000000
73884  -33.107  -22.477  -30.208 0.3000000119
144480  -32.718  -21.859  -26.463 0.4000000060
74852  -31.787  -21.287  -28.925 0.4000000060
148367  -33.592  -21.725  -30.220 0.4000000060
144970  -33.395  -20.843  -29.735 0.4000000060
74875  -36.755  -21.645  -31.240 0.4000000060
74868  -34.179  -20.825  -30.129 0.4000000060
76838  -33.584  -19.424  -28.450 0.4000000060
133587  -34.799  -20.734  -30.294 0.4000000060
74874  -35.895  -21.266  -31.050 0.4000000060
75879  -36.600  -20.634  -31.089 0.4000000060
134465  -37.340  -21.172  -31.218 0.4000000060
76844  -33.783  -19.706  -29.059 0.4000000060
75867  -33.988  -20.192  -29.614 0.3000000119
75872  -34.757  -20.255  -29.914 0.4000000060
76834  -33.813  -18.896  -27.926 0.4000000060
76845  -34.669  -19.580  -29.351 0.3000000119
76853  -35.391  -19.698  -29.939 0.4000000060
75873  -35.474  -20.514  -30.519 0.4000000060
75881  -37.492  -20.465  -31.067 0.4000000060
76854  -35.888  -19.171  -30.097 0.4000000060
75874  -36.153  -19.762  -30.545 0.5000000000
77758  -35.094  -19.009  -28.987 0.4000000060
76846  -35.424  -19.054  -29.594 0.4000000060
45281  -27.046  -49.567  -25.654 0.6999999881
46192  -32.885  -49.377  -21.887 0.6999999881
40054  -26.791  -54.100  -20.552 0.6000000238
45204  -32.442  -49.543  -18.357 0.6999999881
48257  -33.357  -46.469  -23.791 0.8000000119
157687  -34.772  -46.961  -21.949 0.8000000119
46147  -29.726  -48.915  -17.239 0.6000000238
47166  -31.063  -47.973  -17.458 0.6000000238
47177  -31.857  -47.522  -17.805 0.6999999881
51518  -34.128  -43.320  -24.344 0.8000000119
44245  -22.663  -50.135  -21.277 0.4000000060
136451  -25.175  -41.007  -26.098 0.8000000119
49274  -30.527  -45.268  -18.588 0.6000000238
47225  -21.808  -46.372  -22.700 0.5000000000
52643  -35.146  -41.903  -20.415 0.8000000119
54810  -34.097  -40.939  -23.238 0.8000000119
50348  -33.472  -44.233  -18.417 0.8000000119
48204  -23.314  -46.011  -19.081 0.4000000060
50369  -27.093  -44.566  -20.250 0.6000000238
52630  -21.761  -42.391  -20.905 0.5000000000
51487  -26.264  -43.595  -19.869 0.6000000238
51449  -32.079  -43.290  -16.894 0.6999999881
56025  -28.594  -37.971  -22.770 0.6999999881
53673  -33.693  -41.401  -16.469 0.6999999881
62646  -27.589  -33.590  -24.618 0.8000000119
55950  -33.345  -39.159  -15.146 0.6999999881
59143  -32.979  -36.226  -22.288 0.6999999881
61506  -34.470  -35.249  -21.763 0.6000000238
58062  -32.016  -36.778  -13.237 0.6000000238
138669  -33.935  -34.875  -16.701 0.5000000000
63623  -34.857  -32.664  -18.624 0.4000000060
67633  -31.888  -28.720  -23.508 0.6000000238
71761  -31.233  -24.573  -29.188 0.5000000000
134902  -35.055  -28.303  -20.242 0.4000000060
74841  -32.030  -21.391  -28.005 0.4000000060
132107  -29.992  -49.053  -28.434 0.5000000000
46239  -30.543  -47.786  -27.852 0.5000000000
130615  -30.039  -51.547  -27.621 0.6999999881
151022  -30.639  -45.756  -26.873 0.5000000000
40075  -29.231  -55.232  -21.036 0.5000000000
142299  -29.637  -45.077  -26.996 0.6999999881
45253  -31.843  -49.203  -23.034 0.6999999881
46211  -27.353  -48.280  -25.350 0.6999999881
47240  -28.130  -47.660  -25.240 0.6999999881
49327  -26.304  -45.634  -25.531 0.6999999881
47239  -27.143  -47.378  -25.486 0.6999999881
51571  -29.446  -43.446  -27.032 0.6999999881
52728  -31.625  -41.794  -27.786 0.5000000000
52713  -29.778  -42.567  -27.371 0.6000000238
155044  -30.492  -40.429  -27.645 0.5000000000
42170  -28.260  -52.927  -18.571 0.6000000238
48265  -31.364  -46.411  -24.453 0.6999999881
52711  -28.084  -42.863  -27.219 0.6999999881
42151  -29.545  -52.593  -18.035 0.6000000238
47227  -33.499  -47.793  -22.694 0.8000000119
48256  -32.309  -46.659  -24.144 0.6999999881
54869  -33.696  -40.608  -28.118 0.4000000060
136918  -34.130  -48.103  -20.129 0.8000000119
43152  -26.402  -51.676  -19.566 0.6000000238
43166  -25.895  -51.908  -19.984 0.6000000238
53763  -26.212  -41.730  -26.679 0.8000000119
45191  -30.327  -49.640  -17.307 0.6999999881
137764  -34.919  -45.823  -22.722 0.6999999881
41106  -24.146  -53.706  -21.212 0.5000000000
51538  -32.547  -43.597  -24.623 0.8000000119
56079  -31.568  -39.698  -26.997 0.5000000000
48228  -33.970  -46.483  -19.244 0.6999999881
44234  -25.181  -50.738  -20.303 0.6000000238
50383  -35.461  -43.935  -23.090 0.8000000119
51537  -30.268  -43.537  -24.927 0.8000000119
56064  -28.564  -39.488  -26.910 0.6999999881
57189  -31.972  -38.801  -26.647 0.6000000238
138018  -34.343  -45.836  -19.501 0.6999999881
45219  -25.450  -49.437  -19.595 0.6000000238
52689  -27.604  -41.979  -25.125 0.8999999762
53738  -25.888  -41.499  -24.963 0.8000000119
57174  -31.404  -38.072  -26.372 0.6000000238
57191  -33.686  -38.322  -27.673 0.4000000060
44244  -21.713  -50.009  -21.838 0.3000000119
44233  -24.320  -50.283  -20.496 0.5000000000
44246  -23.799  -50.947  -20.935 0.5000000000
43176  -23.377  -51.409  -21.426 0.5000000000
43175  -22.472  -51.017  -21.714 0.4000000060
146399  -30.236  -42.164  -25.175 0.8999999762
57168  -25.358  -39.206  -26.018 0.8000000119
47176  -29.282  -46.424  -18.083 0.6000000238
47175  -28.553  -46.978  -17.867 0.6000000238
139173  -31.454  -45.591  -18.350 0.6000000238
141151  -33.548  -44.991  -18.735 0.8000000119
47196  -26.431  -47.356  -18.964 0.5000000000
45246  -23.007  -49.411  -20.936 0.5000000000
45233  -24.404  -49.348  -20.126 0.5000000000
54819  -32.307  -40.432  -24.617 0.8000000119
58194  -29.738  -37.569  -26.106 0.6999999881
60428  -30.986  -35.521  -28.091 0.6000000238
59232  -32.536  -35.972  -29.802 0.4000000060
48206  -27.909  -46.657  -18.396 0.6000000238
143067  -23.364  -48.010  -20.847 0.5000000000
47207  -24.171  -47.644  -20.439 0.5000000000
151668  -29.098  -45.610  -18.635 0.6000000238
50380  -21.328  -44.116  -22.471 0.5000000000
49310  -23.424  -45.633  -21.463 0.6000000238
48242  -22.673  -46.082  -21.964 0.5000000000
155252  -21.946  -44.034  -21.928 0.6000000238
47210  -26.195  -46.732  -19.659 0.5000000000
48223  -21.425  -46.011  -20.449 0.6000000238
49298  -19.880  -44.842  -21.264 0.6000000238
48243  -23.408  -46.572  -21.381 0.5000000000
48234  -24.982  -46.025  -20.537 0.6000000238
49300  -24.787  -45.061  -20.826 0.6000000238
47217  -23.540  -47.225  -21.030 0.5000000000
48235  -25.913  -46.107  -20.285 0.5000000000
54769  -34.342  -40.575  -20.491 0.6999999881
54804  -28.715  -39.343  -24.683 0.8000000119
56032  -24.675  -39.244  -24.489 0.8999999762
51504  -22.672  -42.539  -21.022 0.5000000000
50366  -24.276  -44.020  -20.666 0.6000000238
133606  -23.194  -44.628  -21.482 0.6000000238
49301  -25.724  -45.238  -20.663 0.6000000238
51498  -25.853  -43.850  -20.362 0.6000000238
51483  -22.447  -42.850  -19.590 0.4000000060
52631  -22.920  -42.676  -20.034 0.4000000060
51486  -25.084  -43.311  -19.851 0.5000000000
51485  -24.216  -42.855  -19.834 0.5000000000
52621  -23.923  -42.548  -18.411 0.4000000060
52623  -25.181  -42.476  -18.672 0.5000000000
133508  -31.737  -39.296  -21.974 0.6999999881
57131  -24.227  -38.539  -24.181 0.8000000119
60436  -29.940  -34.621  -28.321 0.6999999881
51473  -28.299  -43.842  -18.744 0.6999999881
135462  -28.933  -43.666  -17.561 0.6999999881
51472  -27.550  -43.670  -18.734 0.6000000238
53671  -25.865  -42.147  -16.335 0.5000000000
148822  -32.845  -39.440  -19.585 0.6999999881
60413  -27.027  -35.075  -26.205 0.8000000119
51446  -29.278  -43.570  -16.722 0.6000000238
52601  -30.725  -43.034  -15.919 0.6999999881
51471  -26.652  -43.448  -18.620 0.6000000238
52624  -25.830  -43.021  -18.601 0.5000000000
53670  -25.332  -41.618  -16.403 0.3000000119
131856  -32.226  -38.977  -18.103 0.6999999881
153970  -25.397  -41.128  -15.097 0.3000000119
60411  -25.206  -35.269  -25.834 0.8999999762
61590  -26.508  -34.498  -26.505 0.8000000119
61589  -25.342  -34.459  -26.195 0.8000000119
61598  -27.714  -34.258  -27.254 0.6000000238
63739  -28.238  -32.399  -27.957 0.6000000238
62684  -26.691  -33.027  -27.000 0.8000000119
52587  -27.223  -42.527  -15.264 0.5000000000
146131  -27.660  -41.342  -13.592 0.4000000060
56003  -30.968  -39.129  -19.607 0.6999999881
59138  -28.065  -36.884  -21.596 0.8000000119
58133  -30.818  -37.443  -20.465 0.6999999881
61587  -23.327  -33.900  -25.571 0.8000000119
62675  -26.071  -33.733  -26.535 0.8000000119
55930  -30.242  -39.596  -13.404 0.5000000000
57103  -32.199  -38.543  -18.098 0.6999999881
58119  -30.848  -38.054  -19.084 0.6999999881
58120  -31.686  -37.890  -18.873 0.6999999881
59128  -32.595  -36.782  -21.681 0.6999999881
60364  -27.567  -35.681  -23.246 0.8000000119
60365  -28.460  -35.756  -23.373 0.8000000119
61540  -28.165  -35.048  -24.013 0.8000000119
55961  -33.432  -39.588  -15.873 0.6999999881
57051  -28.251  -38.946  -13.391 0.3000000119
55909  -29.332  -39.140  -13.366 0.5000000000
57104  -33.188  -38.041  -17.251 0.6999999881
140944  -28.273  -38.031  -13.684 0.3000000119
149566  -30.058  -38.077  -13.470 0.4000000060
58121  -32.894  -37.458  -18.924 0.6999999881
59057  -27.349  -36.752  -14.519 0.3000000119
57055  -32.628  -37.698  -13.265 0.6000000238
155914  -30.636  -35.114  -14.626 0.3000000119
147460  -29.106  -34.730  -15.611 0.3000000119
152612  -26.356  -30.513  -26.814 0.6999999881
59061  -32.888  -35.993  -12.944 0.6000000238
59081  -34.402  -35.593  -13.636 0.6000000238
146712  -34.521  -35.722  -14.467 0.6000000238
59094  -32.829  -35.527  -14.314 0.4000000060
59108  -34.207  -36.604  -18.108 0.6999999881
60332  -34.726  -35.781  -20.892 0.6000000238
63654  -31.246  -31.990  -23.592 0.8000000119
65623  -29.243  -30.070  -23.706 0.8000000119
66616  -27.895  -29.316  -24.241 0.8000000119
65680  -27.737  -30.305  -26.805 0.6000000238
60295  -32.068  -34.689  -14.877 0.3000000119
59079  -32.432  -35.806  -13.733 0.5000000000
134981  -30.216  -32.813  -17.826 0.3000000119
62578  -31.309  -33.116  -17.175 0.3000000119
148712  -34.712  -33.984  -18.340 0.5000000000
62596  -35.197  -34.150  -20.849 0.6000000238
63644  -34.843  -32.936  -21.519 0.6000000238
64627  -31.073  -31.151  -23.566 0.6999999881
68657  -27.622  -27.462  -26.351 0.6999999881
62579  -32.927  -33.275  -17.037 0.3000000119
64561  -30.900  -32.752  -17.549 0.3000000119
62580  -33.808  -33.426  -17.438 0.3000000119
64579  -29.900  -32.033  -18.440 0.3000000119
64580  -31.155  -31.567  -17.703 0.3000000119
63636  -35.306  -32.690  -20.776 0.6000000238
68672  -25.457  -27.229  -26.475 0.6999999881
68655  -25.118  -26.398  -25.854 0.6999999881
65614  -34.113  -30.705  -22.144 0.6999999881
68616  -30.727  -28.402  -23.685 0.6000000238
152841  -25.700  -25.129  -26.907 0.6999999881
66634  -29.482  -29.409  -25.731 0.5000000000
64583  -34.451  -31.290  -18.387 0.4000000060
157719  -26.940  -25.142  -26.315 0.6000000238
70657  -27.774  -25.293  -26.069 0.6000000238
153069  -30.014  -27.580  -26.376 0.6000000238
69689  -30.916  -26.270  -27.824 0.4000000060
67575  -31.593  -28.667  -17.832 0.4000000060
68563  -28.695  -27.478  -19.221 0.3000000119
69569  -29.421  -26.603  -19.426 0.3000000119
67635  -33.891  -28.383  -22.550 0.5000000000
68629  -32.530  -27.785  -23.791 0.5000000000
68628  -31.628  -27.639  -24.236 0.5000000000
70655  -26.109  -25.109  -26.551 0.5000000000
68565  -30.495  -26.944  -18.820 0.4000000060
69571  -31.207  -26.470  -18.694 0.4000000060
68587  -35.176  -27.663  -20.850 0.4000000060
68617  -34.390  -27.034  -23.172 0.4000000060
70649  -32.825  -25.913  -25.032 0.5000000000
72851  -29.361  -23.724  -27.918 0.6000000238
73779  -28.725  -23.043  -21.435 0.3000000119
74765  -31.308  -21.713  -21.217 0.4000000060
75865  -32.682  -20.873  -29.160 0.4000000060
75858  -33.085  -20.058  -28.589 0.4000000060
77750  -34.598  -18.581  -28.412 0.4000000060
142408  -37.682  -19.611  -30.809 0.3000000119
142531  -33.712  -55.048  -25.765 0.5000000000
40117  -33.460  -54.963  -26.504 0.5000000000
38030  -34.127  -56.319  -22.317 0.4000000060
38037  -34.377  -55.982  -23.104 0.5000000000
38036  -34.264  -56.480  -23.738 0.5000000000
39091  -34.177  -55.201  -24.830 0.5000000000
40098  -33.889  -54.280  -25.291 0.6000000238
143179  -33.618  -53.567  -25.618 0.6000000238
39069  -34.364  -55.407  -22.350 0.5000000000
39068  -33.887  -55.826  -21.559 0.5000000000
39080  -34.508  -55.188  -23.305 0.5000000000
40091  -34.517  -54.397  -23.603 0.5000000000
39048  -33.398  -55.216  -20.923 0.5000000000
41135  -33.997  -53.381  -24.828 0.6000000238
42237  -33.159  -51.841  -25.044 0.6000000238
42246  -33.371  -52.714  -25.472 0.6000000238
147947  -32.750  -52.085  -25.633 0.6000000238
43231  -32.200  -51.820  -26.093 0.6000000238
130440  -32.348  -51.411  -25.312 0.6000000238
42252  -31.531  -51.460  -26.753 0.6000000238
43239  -30.580  -51.254  -26.859 0.6000000238
43229  -30.194  -51.077  -26.065 0.6000000238
40077  -34.027  -54.497  -21.225 0.5000000000
145289  -34.627  -53.841  -23.051 0.5000000000
42224  -34.288  -52.592  -23.673 0.6000000238
39047  -32.446  -55.280  -20.610 0.5000000000
40060  -33.499  -54.322  -20.756 0.5000000000
42238  -33.795  -52.402  -24.520 0.6000000238
39055  -30.734  -55.464  -20.825 0.5000000000
40058  -31.820  -54.652  -20.358 0.5000000000
43218  -32.797  -51.252  -24.657 0.6000000238
44293  -30.914  -50.710  -25.458 0.6000000238
43237  -28.426  -51.244  -26.490 0.6000000238
41119  -34.528  -53.352  -22.388 0.5000000000
41125  -34.521  -53.153  -23.165 0.5000000000
40059  -32.752  -54.492  -20.505 0.5000000000
41108  -34.000  -53.654  -20.943 0.5000000000
41109  -34.348  -53.161  -21.632 0.5000000000
157106  -34.436  -52.844  -22.111 0.5000000000
42223  -33.902  -51.911  -23.836 0.6000000238
39045  -30.927  -54.849  -20.515 0.5000000000
41091  -32.186  -53.819  -19.979 0.5000000000
43219  -33.374  -51.558  -24.269 0.6000000238
40076  -30.141  -55.038  -20.806 0.5000000000
40046  -30.996  -54.165  -20.035 0.5000000000
43217  -32.142  -50.795  -24.608 0.6000000238
148936  -31.688  -50.869  -25.203 0.6000000238
43228  -29.228  -51.065  -25.911 0.6000000238
44292  -29.897  -50.596  -25.336 0.6000000238
41092  -33.200  -53.715  -20.405 0.5000000000
43178  -33.817  -51.425  -21.639 0.5000000000
43192  -34.196  -51.833  -22.377 0.6000000238
44259  -33.263  -50.619  -22.060 0.6000000238
143905  -32.934  -53.048  -19.915 0.5000000000
43206  -34.164  -51.844  -23.124 0.6000000238
44273  -33.106  -50.684  -22.953 0.6000000238
40057  -29.560  -54.668  -20.414 0.5000000000
40074  -28.466  -55.073  -21.128 0.5000000000
44282  -29.505  -50.066  -24.735 0.6000000238
45283  -28.598  -50.001  -24.899 0.6000000238
42173  -32.647  -52.330  -19.506 0.5000000000
42185  -33.313  -52.248  -20.148 0.5000000000
43168  -33.383  -51.462  -20.655 0.5000000000
44248  -33.182  -50.721  -21.130 0.6000000238
41073  -31.361  -53.482  -19.422 0.5000000000
40045  -30.002  -54.213  -19.896 0.5000000000
41072  -30.433  -53.728  -19.321 0.6000000238
43167  -32.857  -51.459  -19.832 0.6000000238
44237  -32.964  -50.883  -20.406 0.5000000000
44258  -32.764  -50.029  -21.575 0.6000000238
156446  -31.529  -52.937  -18.954 0.6000000238
42172  -31.999  -52.404  -18.904 0.6000000238
45254  -32.429  -49.591  -22.527 0.6000000238
41070  -28.773  -53.670  -18.946 0.5000000000
41052  -29.790  -53.326  -18.618 0.5000000000
42152  -30.378  -52.655  -18.259 0.6000000238
42153  -31.195  -52.443  -18.464 0.6000000238
43154  -32.355  -51.678  -19.079 0.6000000238
44236  -32.750  -50.617  -19.831 0.6000000238
44247  -32.833  -50.264  -20.588 0.5000000000
46200  -32.358  -48.947  -22.577 0.6000000238
45247  -33.067  -49.520  -20.801 0.6999999881
58196  -31.633  -37.011  -26.725 0.5000000000
55931  -31.408  -39.530  -13.396 0.5000000000
60368  -32.138  -34.938  -23.328 0.6000000238
133784  -27.472  -31.113  -27.512 0.5000000000
65700  -28.378  -30.703  -27.214 0.5000000000
133215  -27.970  -28.664  -26.193 0.5000000000
75880  -37.000  -19.704  -30.897 0.4000000060
77773  -37.774  -18.814  -30.692 0.3000000119
148856  -38.522  -18.049  -30.423 0.3000000119
146388  -38.871  -16.820  -30.406 0.3000000119
36992  -33.311  -57.920  -22.288 0.4000000060
37001  -34.018  -57.198  -23.458 0.5000000000
38046  -34.186  -56.198  -24.596 0.5000000000
41156  -32.740  -53.018  -27.061 0.5000000000
38025  -33.607  -56.616  -21.603 0.4000000060
41146  -33.254  -53.288  -26.251 0.6000000238
42245  -32.753  -52.521  -26.222 0.6000000238
42253  -32.260  -52.097  -26.957 0.5000000000
43252  -30.976  -51.516  -27.443 0.5000000000
133991  -32.337  -57.408  -21.140 0.4000000060
38015  -32.172  -56.007  -20.669 0.5000000000
145251  -30.586  -55.932  -21.080 0.5000000000
39056  -31.303  -56.006  -20.772 0.5000000000
138100  -30.008  -55.579  -21.206 0.3000000119
137974  -28.691  -55.826  -22.153 0.4000000060
39079  -28.030  -55.648  -23.317 0.4000000060
58208  -32.921  -37.672  -27.443 0.4000000060
58222  -33.405  -37.323  -28.394 0.4000000060
151460  -32.331  -37.197  -27.304 0.4000000060
153237  -31.945  -36.349  -13.455 0.4000000060
64718  -29.331  -31.630  -28.266 0.5000000000
64709  -29.022  -31.115  -27.537 0.5000000000
65682  -28.964  -30.681  -26.381 0.5000000000
152530  -35.145  -33.569  -19.065 0.4000000060
155809  -37.659  -18.136  -30.782 0.3000000119
79748  -39.129  -16.271  -30.881 0.3000000119
36983  -33.194  -57.382  -21.620 0.4000000060
43205  -33.566  -51.314  -23.461 0.6000000238
40055  -27.635  -54.368  -20.425 0.5000000000
41071  -29.615  -53.910  -19.248 0.6000000238
63752  -30.175  -31.747  -28.905 0.5000000000
39054  -29.290  -55.771  -21.544 0.4000000060
40107  -33.491  -54.191  -26.181 0.6000000238
135113  -34.194  -56.668  -23.009 0.4000000060
152825  -34.361  -54.951  -24.037 0.5000000000
40099  -34.290  -54.284  -24.446 0.6000000238
40078  -34.419  -54.617  -21.961 0.5000000000
38024  -32.799  -56.615  -21.023 0.5000000000
42199  -34.260  -52.372  -21.765 0.5000000000
42186  -33.835  -52.201  -20.926 0.5000000000
41074  -32.164  -53.052  -19.378 0.5000000000
76859  -37.286  -18.751  -30.760 0.4000000060
38023  -31.833  -56.685  -20.769 0.4000000060
42265  -32.194  -52.440  -27.690 0.4000000060
42263  -30.687  -51.890  -28.117 0.4000000060
38022  -30.888  -56.523  -20.872 0.4000000060
47224  -20.363  -46.897  -23.589 0.4000000060
47215  -21.632  -47.531  -22.411 0.3000000119
46191  -22.006  -48.351  -21.749 0.4000000060
45245  -22.291  -49.256  -21.433 0.4000000060
48247  -19.103  -45.263  -23.485 0.4000000060
48249  -20.824  -46.054  -23.499 0.4000000060
136005  -20.515  -48.129  -20.108 0.4000000060
48232  -19.807  -45.905  -21.137 0.4000000060
49314  -18.731  -44.817  -22.806 0.4000000060
131632  -19.282  -44.215  -22.844 0.4000000060
144664  -23.187  -50.069  -18.440 0.3000000119
46169  -21.352  -48.465  -19.529 0.3000000119
45199  -23.053  -49.346  -18.350 0.4000000060
49297  -19.128  -45.060  -21.580 0.4000000060
46154  -22.150  -48.871  -18.861 0.4000000060
47194  -21.213  -47.600  -19.771 0.5000000000
46155  -23.017  -48.454  -18.340 0.4000000060
155081  -22.667  -47.689  -18.653 0.4000000060
144341  -21.587  -46.881  -19.977 0.5000000000
47173  -23.660  -47.672  -18.210 0.4000000060
61487  -34.266  -34.246  -17.549 0.3000000119
62581  -34.340  -33.545  -17.895 0.3000000119
62591  -34.659  -33.300  -18.327 0.3000000119
71725  -31.860  -24.986  -26.383 0.4000000060
64582  -33.571  -31.426  -17.825 0.3000000119
151060  -33.017  -30.804  -17.608 0.3000000119
70661  -32.354  -25.508  -25.696 0.4000000060
71737  -32.145  -24.129  -26.665 0.4000000060
66549  -32.475  -29.224  -17.567 0.3000000119
157591  -30.952  -28.257  -18.247 0.3000000119
68553  -31.542  -27.673  -18.126 0.3000000119
70650  -33.632  -25.513  -24.773 0.4000000060
70662  -33.167  -25.158  -25.386 0.3000000119
141116  -32.703  -24.691  -25.994 0.4000000060
73844  -32.228  -22.246  -26.826 0.4000000060
74827  -32.286  -21.544  -27.026 0.3000000119
66550  -33.432  -29.785  -17.657 0.3000000119
140004  -33.252  -28.841  -17.631 0.3000000119
68555  -33.918  -27.407  -18.251 0.3000000119
67576  -32.525  -28.126  -17.709 0.3000000119
67577  -33.578  -28.125  -17.899 0.3000000119
134988  -34.749  -27.951  -19.412 0.3000000119
69555  -32.544  -26.688  -18.168 0.3000000119
69556  -33.446  -26.678  -18.274 0.3000000119
69557  -34.194  -26.774  -18.515 0.3000000119
68567  -35.041  -27.318  -19.839 0.3000000119
68607  -34.894  -27.850  -21.663 0.3000000119
148805  -34.428  -27.980  -22.258 0.3000000119
70561  -31.368  -25.630  -19.159 0.3000000119
70588  -30.957  -24.935  -19.816 0.3000000119
68618  -34.832  -27.312  -22.313 0.3000000119
71649  -30.486  -24.368  -20.394 0.3000000119
69640  -34.547  -26.183  -23.425 0.3000000119
70638  -34.667  -25.331  -23.674 0.3000000119
70651  -34.306  -25.040  -24.440 0.3000000119
154753  -28.935  -21.833  -21.773 0.3000000119
73780  -30.069  -22.376  -21.461 0.3000000119
69655  -34.107  -25.869  -24.142 0.3000000119
71716  -33.852  -24.742  -25.119 0.3000000119
75788  -30.018  -20.776  -21.701 0.3000000119
75786  -28.544  -20.495  -22.194 0.3000000119
72855  -33.060  -22.652  -26.260 0.3000000119
69574  -34.624  -26.585  -19.128 0.3000000119
69573  -32.958  -25.955  -18.455 0.3000000119
69575  -35.112  -26.382  -19.923 0.3000000119
68608  -35.253  -27.154  -21.459 0.3000000119
69630  -35.279  -26.670  -21.944 0.3000000119
69572  -32.005  -26.126  -18.525 0.3000000119
130844  -33.332  -25.170  -18.830 0.3000000119
152961  -34.120  -25.235  -19.058 0.3000000119
70564  -35.222  -25.503  -20.121 0.3000000119
70589  -35.496  -25.686  -21.002 0.3000000119
69610  -35.408  -26.418  -21.273 0.3000000119
71621  -31.825  -24.689  -19.438 0.3000000119
71622  -32.794  -24.295  -19.173 0.3000000119
69629  -34.995  -26.469  -22.654 0.3000000119
71650  -31.336  -24.189  -20.156 0.3000000119
146489  -35.103  -25.603  -22.905 0.3000000119
72801  -31.216  -22.997  -21.009 0.3000000119
71726  -34.348  -24.063  -24.656 0.3000000119
135259  -30.506  -21.662  -21.555 0.3000000119
75774  -31.331  -20.205  -21.208 0.3000000119
75773  -30.645  -20.254  -21.534 0.3000000119
72846  -34.086  -23.220  -25.095 0.3000000119
74828  -33.227  -21.878  -26.074 0.3000000119
140181  -32.933  -21.161  -26.428 0.3000000119
75850  -32.849  -20.243  -27.776 0.3000000119
75841  -32.603  -20.869  -27.341 0.3000000119
70563  -34.695  -25.766  -19.331 0.3000000119
137037  -34.726  -24.927  -19.469 0.3000000119
146454  -35.451  -25.002  -20.674 0.3000000119
72760  -32.841  -23.399  -19.576 0.3000000119
71623  -33.852  -24.429  -19.262 0.3000000119
71624  -34.624  -24.229  -19.588 0.3000000119
71625  -35.181  -24.499  -20.106 0.3000000119
70598  -35.433  -25.852  -21.964 0.3000000119
144184  -31.620  -23.437  -20.441 0.3000000119
72777  -32.306  -23.114  -20.159 0.3000000119
70639  -35.131  -24.759  -23.170 0.3000000119
72823  -35.315  -23.191  -23.151 0.3000000119
150240  -35.135  -24.046  -23.387 0.3000000119
147648  -31.500  -20.960  -21.087 0.3000000119
72822  -34.890  -23.656  -23.967 0.3000000119
76756  -32.073  -19.700  -20.806 0.3000000119
72836  -34.545  -23.257  -24.515 0.3000000119
76755  -31.404  -19.319  -21.243 0.3000000119
77660  -32.063  -18.814  -20.849 0.3000000119
73837  -34.456  -22.493  -24.795 0.3000000119
73836  -33.784  -22.367  -25.564 0.3000000119
74829  -33.629  -21.410  -25.759 0.3000000119
75842  -33.171  -20.238  -26.886 0.3000000119
71652  -35.461  -24.344  -20.920 0.3000000119
73759  -33.712  -22.198  -20.092 0.3000000119
73747  -34.176  -22.836  -19.936 0.3000000119
138228  -35.220  -22.982  -20.784 0.3000000119
142137  -35.562  -25.023  -21.466 0.3000000119
70619  -35.451  -24.946  -22.362 0.3000000119
147634  -32.340  -22.521  -20.421 0.3000000119
73761  -35.309  -22.180  -21.081 0.3000000119
72802  -35.420  -23.609  -21.261 0.3000000119
71680  -35.371  -24.120  -22.693 0.3000000119
74766  -32.018  -21.365  -20.732 0.3000000119
74749  -32.741  -21.900  -20.421 0.3000000119
141433  -33.505  -21.426  -20.278 0.3000000119
75775  -32.077  -20.551  -20.754 0.3000000119
76739  -32.879  -19.235  -20.630 0.3000000119
77639  -32.800  -18.461  -20.735 0.3000000119
74805  -35.233  -21.625  -24.033 0.3000000119
73827  -34.921  -22.088  -24.350 0.3000000119
155291  -34.598  -21.915  -24.745 0.3000000119
74817  -34.254  -21.720  -25.173 0.3000000119
75829  -34.168  -20.768  -25.396 0.3000000119
75843  -33.513  -20.704  -26.082 0.3000000119
76833  -33.249  -19.617  -27.793 0.3000000119
72778  -34.787  -23.190  -20.131 0.3000000119
74750  -34.318  -21.451  -20.298 0.3000000119
141320  -35.414  -22.872  -21.579 0.3000000119
144995  -35.443  -22.803  -22.330 0.3000000119
75759  -32.840  -21.000  -20.482 0.3000000119
151256  -34.659  -20.842  -20.562 0.3000000119
74751  -35.041  -21.451  -20.730 0.3000000119
145488  -32.905  -20.114  -20.495 0.3000000119
76740  -33.764  -19.680  -20.561 0.3000000119
74792  -35.436  -21.456  -23.279 0.3000000119
78653  -31.838  -16.885  -21.500 0.3000000119
77640  -33.776  -18.701  -20.753 0.3000000119
133332  -32.158  -17.845  -21.023 0.3000000119
78654  -32.827  -17.044  -21.310 0.3000000119
77661  -33.275  -17.804  -20.876 0.3000000119
151674  -34.275  -17.878  -21.109 0.3000000119
151940  -34.732  -21.336  -24.611 0.3000000119
139820  -33.864  -20.015  -26.151 0.3000000119
76827  -33.679  -19.401  -27.002 0.3000000119
73783  -35.447  -22.178  -21.915 0.3000000119
73799  -35.447  -22.247  -22.789 0.3000000119
74767  -35.144  -20.655  -21.117 0.3000000119
132918  -35.422  -20.817  -21.938 0.3000000119
76741  -34.547  -19.388  -20.962 0.3000000119
145421  -35.008  -19.925  -21.192 0.3000000119
75776  -35.315  -20.092  -21.732 0.3000000119
75798  -35.432  -20.615  -23.262 0.3000000119
76757  -34.739  -18.636  -21.313 0.3000000119
140716  -35.263  -20.258  -23.840 0.3000000119
78655  -33.837  -17.135  -21.222 0.3000000119
156420  -34.600  -17.267  -21.447 0.3000000119
78656  -35.007  -17.850  -21.674 0.3000000119
76758  -35.133  -19.372  -21.584 0.3000000119
75811  -34.802  -20.312  -24.584 0.3000000119
76812  -34.400  -19.824  -25.442 0.3000000119
155085  -34.579  -19.125  -25.476 0.3000000119
155419  -34.201  -19.149  -26.227 0.3000000119
77751  -35.339  -18.377  -28.880 0.3000000119
75789  -35.453  -20.297  -22.499 0.3000000119
80559  -33.186  -15.680  -21.638 0.3000000119
76770  -35.397  -19.548  -22.306 0.3000000119
77673  -35.475  -19.090  -22.824 0.3000000119
76777  -35.426  -19.780  -23.196 0.3000000119
80560  -34.022  -15.787  -21.706 0.3000000119
79656  -34.810  -16.111  -22.109 0.3000000119
79633  -35.107  -16.979  -22.007 0.3000000119
77662  -35.301  -18.670  -22.140 0.3000000119
135775  -35.503  -18.422  -22.982 0.3000000119
76795  -35.228  -19.625  -24.078 0.3000000119
140842  -35.250  -18.855  -24.357 0.3000000119
76794  -34.835  -19.419  -24.825 0.3000000119
78717  -34.689  -17.783  -26.088 0.3000000119
77703  -34.915  -18.669  -25.097 0.3000000119
78741  -34.712  -17.563  -27.480 0.3000000119
78729  -34.547  -17.591  -26.837 0.3000000119
139360  -34.063  -18.770  -27.095 0.3000000119
78747  -34.988  -17.958  -28.193 0.3000000119
77745  -34.359  -18.190  -27.535 0.3000000119
80585  -33.555  -15.021  -21.897 0.3000000119
137970  -34.519  -15.265  -22.259 0.3000000119
131256  -35.447  -17.009  -22.798 0.3000000119
150121  -35.457  -17.004  -23.663 0.3000000119
130958  -35.493  -17.691  -23.263 0.3000000119
154084  -35.466  -18.285  -23.812 0.3000000119
134609  -35.459  -16.262  -24.282 0.3000000119
77704  -35.305  -18.028  -24.703 0.3000000119
78718  -34.951  -16.987  -26.191 0.3000000119
77720  -35.106  -17.428  -25.420 0.3000000119
78730  -34.819  -16.998  -27.045 0.3000000119
78748  -35.569  -17.620  -28.813 0.3000000119
78742  -35.208  -17.145  -27.958 0.3000000119
77765  -36.100  -18.609  -30.000 0.3000000119
77759  -35.673  -18.502  -29.470 0.3000000119
76855  -36.540  -19.013  -30.477 0.3000000119
81491  -34.177  -14.241  -22.358 0.3000000119
81492  -35.095  -14.818  -22.897 0.3000000119
80586  -35.255  -15.704  -22.702 0.3000000119
80606  -35.438  -15.486  -23.546 0.3000000119
80623  -35.411  -15.356  -24.559 0.3000000119
78703  -35.366  -17.164  -24.588 0.3000000119
79701  -35.326  -16.165  -25.844 0.3000000119
130709  -35.314  -16.645  -25.284 0.3000000119
78760  -36.305  -17.908  -29.987 0.3000000119
77766  -36.723  -18.245  -30.566 0.3000000119
43251  -29.009  -51.544  -27.905 0.4000000060
45198  -22.317  -49.724  -18.860 0.3000000119
50372  -18.773  -43.820  -22.208 0.4000000060
49316  -21.067  -45.073  -23.132 0.4000000060
47193  -20.673  -46.686  -20.468 0.4000000060
47172  -22.113  -47.300  -19.297 0.4000000060
57053  -30.901  -37.735  -13.367 0.3000000119
63602  -34.147  -32.855  -17.879 0.3000000119
145776  -32.233  -27.289  -17.903 0.3000000119
67589  -34.793  -28.516  -19.412 0.3000000119
68556  -34.547  -27.357  -18.873 0.3000000119
72775  -29.975  -23.704  -20.771 0.3000000119
72800  -30.453  -23.036  -21.130 0.3000000119
74781  -28.985  -21.081  -21.902 0.3000000119
73757  -31.813  -22.788  -20.689 0.3000000119
76769  -30.131  -19.662  -21.813 0.3000000119
68568  -35.314  -26.871  -20.655 0.3000000119
45217  -21.542  -49.337  -19.495 0.4000000060
45216  -20.717  -48.954  -20.055 0.4000000060
47205  -19.134  -47.058  -21.368 0.4000000060
48231  -19.142  -45.999  -21.537 0.4000000060
45200  -24.089  -49.902  -17.841 0.3000000119
47171  -21.983  -48.046  -18.950 0.4000000060
68554  -33.044  -27.334  -17.873 0.3000000119
70547  -34.003  -25.970  -18.622 0.3000000119
72776  -30.871  -23.649  -20.710 0.3000000119
71700  -34.754  -24.483  -23.885 0.3000000119
70562  -32.372  -25.310  -18.899 0.3000000119
71651  -32.127  -23.822  -19.736 0.3000000119
72761  -33.379  -23.712  -19.419 0.3000000119
76754  -30.813  -19.020  -21.722 0.3000000119
72779  -35.223  -23.742  -20.478 0.3000000119
73746  -33.499  -23.053  -19.753 0.3000000119
72762  -34.160  -23.579  -19.642 0.3000000119
72763  -34.881  -23.823  -19.907 0.3000000119
73758  -32.931  -22.663  -19.992 0.3000000119
73811  -35.287  -22.252  -23.650 0.3000000119
73760  -34.729  -22.308  -20.371 0.3000000119
71670  -35.503  -24.259  -21.825 0.3000000119
74768  -35.360  -21.449  -21.464 0.3000000119
75760  -33.836  -20.631  -20.342 0.3000000119
75812  -35.276  -20.940  -24.000 0.3000000119
139326  -31.386  -17.702  -21.610 0.3000000119
75761  -34.550  -20.160  -20.718 0.3000000119
150754  -35.491  -20.942  -22.665 0.3000000119
77685  -35.427  -19.017  -23.541 0.3000000119
77719  -34.573  -18.511  -25.817 0.3000000119
79657  -35.300  -16.411  -22.540 0.3000000119
78669  -35.369  -17.763  -22.435 0.3000000119
79674  -35.522  -16.287  -23.188 0.3000000119
155575  -35.476  -17.645  -24.014 0.3000000119
131535  -36.041  -17.365  -29.502 0.3000000119
132974  -35.416  -15.936  -25.125 0.3000000119
80636  -35.394  -15.277  -25.501 0.3000000119
144247  -21.729  -50.189  -19.410 0.4000000060
38042  -24.111  -56.344  -25.063 0.3000000119
38052  -25.527  -56.041  -25.866 0.3000000119
39086  -23.528  -55.841  -24.633 0.3000000119
39088  -25.568  -55.985  -24.383 0.3000000119
137982  -23.875  -49.107  -17.961 0.3000000119
46156  -24.236  -48.492  -17.767 0.3000000119
47204  -18.683  -47.455  -21.881 0.3000000119
47206  -19.619  -47.806  -20.700 0.3000000119
48241  -18.696  -46.279  -21.959 0.3000000119
158125  -20.350  -47.451  -20.378 0.3000000119
48248  -19.854  -46.052  -23.752 0.3000000119
48240  -18.475  -45.721  -22.697 0.3000000119
44231  -19.905  -49.480  -20.572 0.3000000119
135610  -19.097  -47.909  -21.312 0.3000000119
130406  -34.231  -39.868  -27.941 0.3000000119
36981  -31.395  -57.303  -20.838 0.4000000060
36993  -33.811  -57.211  -22.469 0.4000000060
38043  -24.921  -56.254  -25.123 0.3000000119
38045  -27.651  -56.237  -24.711 0.4000000060
38051  -24.634  -56.174  -25.850 0.3000000119
39046  -31.580  -55.377  -20.594 0.5000000000
39053  -28.644  -55.427  -21.664 0.5000000000
39057  -32.866  -55.871  -20.787 0.5000000000
39058  -33.338  -56.060  -21.109 0.5000000000
39059  -34.084  -55.142  -21.531 0.5000000000
39063  -23.994  -55.642  -22.735 0.5000000000
39066  -27.403  -55.286  -22.779 0.5000000000
39076  -25.620  -55.796  -23.467 0.3000000119
39087  -24.343  -56.205  -24.349 0.3000000119
39089  -26.704  -55.758  -24.958 0.4000000060
39092  -34.359  -55.679  -23.945 0.5000000000
39098  -26.082  -55.822  -25.439 0.4000000060
39108  -26.559  -56.028  -26.298 0.4000000060
40044  -29.075  -54.292  -19.701 0.6000000238
40069  -23.765  -54.510  -21.773 0.5000000000
40084  -25.402  -55.228  -21.956 0.6000000238
40086  -28.020  -55.077  -21.598 0.6000000238
40087  -34.600  -54.599  -22.770 0.5000000000
40090  -23.272  -55.050  -23.033 0.5000000000
41088  -25.835  -53.815  -20.627 0.6000000238
41090  -28.144  -54.098  -19.686 0.5000000000
41124  -23.128  -54.068  -23.495 0.4000000060
41136  -34.431  -53.503  -23.899 0.5000000000
42168  -26.843  -52.239  -19.394 0.6000000238
42171  -30.796  -53.151  -18.785 0.6000000238
42212  -23.248  -52.712  -22.092 0.4000000060
42213  -34.414  -52.538  -22.677 0.5000000000
42264  -31.616  -51.881  -27.628 0.4000000060
43137  -28.295  -51.488  -18.071 0.6000000238
43140  -31.761  -51.765  -18.457 0.6000000238
43153  -27.003  -51.615  -19.007 0.6000000238
43177  -23.920  -51.566  -21.096 0.5000000000
43191  -33.770  -51.243  -22.611 0.6000000238
43204  -32.746  -50.847  -23.858 0.6000000238
43227  -28.448  -50.964  -25.775 0.6000000238
43230  -31.591  -51.263  -25.821 0.6000000238
43238  -29.420  -51.269  -26.910 0.6000000238
43261  -27.797  -51.251  -27.683 0.6999999881
43262  -28.321  -51.360  -28.246 0.6000000238
44206  -30.604  -51.170  -17.642 0.6000000238
44232  -23.424  -50.191  -20.834 0.4000000060
44283  -30.437  -50.186  -24.673 0.6000000238
44289  -27.367  -50.333  -25.814 0.6999999881
44291  -28.964  -50.539  -25.296 0.6000000238
44304  -27.348  -50.642  -26.629 0.6999999881
44316  -27.488  -50.911  -27.414 0.6999999881
44322  -28.451  -51.042  -28.604 0.4000000060
45188  -27.877  -49.109  -17.701 0.6000000238
45269  -27.504  -49.109  -25.184 0.6999999881
46146  -28.051  -48.379  -17.555 0.6000000238
46159  -32.218  -48.873  -17.864 0.8000000119
46184  -19.939  -48.584  -20.432 0.4000000060
46185  -23.878  -48.624  -20.340 0.5000000000
46199  -31.921  -48.529  -23.137 0.6999999881
46201  -33.166  -48.589  -22.260 0.6999999881
46207  -30.663  -48.522  -23.863 0.6999999881
46212  -28.245  -48.552  -24.983 0.6999999881
46225  -26.410  -48.595  -26.235 0.6999999881
46236  -27.296  -49.163  -27.131 0.6999999881
46237  -28.092  -48.792  -27.613 0.6999999881
47178  -32.661  -47.303  -18.257 0.6999999881
47198  -34.167  -47.305  -19.615 0.8000000119
47208  -24.809  -46.877  -20.247 0.5000000000
47214  -18.377  -46.754  -22.573 0.3000000119
47220  -34.510  -47.505  -21.538 0.8000000119
47238  -26.270  -47.081  -25.765 0.6999999881
47248  -25.995  -47.497  -25.991 0.6999999881
47258  -25.659  -46.844  -26.530 0.6999999881
47267  -26.305  -47.368  -27.015 0.6999999881
47268  -27.215  -47.670  -27.401 0.6999999881
48200  -31.045  -46.981  -17.678 0.6999999881
48208  -30.840  -46.079  -18.105 0.6000000238
48225  -26.865  -46.514  -19.295 0.5000000000
48227  -28.094  -45.804  -18.943 0.6000000238
48237  -27.344  -45.830  -19.528 0.6000000238
48244  -34.921  -46.826  -21.268 0.8000000119
48251  -34.569  -46.622  -22.601 0.8000000119
48254  -19.013  -46.161  -24.025 0.3000000119
48255  -20.037  -45.032  -23.408 0.4000000060
48286  -25.059  -46.308  -26.072 0.6999999881
49278  -34.204  -45.149  -19.141 0.6999999881
49293  -29.936  -44.795  -18.859 0.8000000119
49294  -34.690  -45.207  -19.704 0.6999999881
49303  -27.145  -45.333  -20.083 0.6000000238
49307  -18.694  -44.940  -22.006 0.4000000060
49308  -18.947  -44.023  -21.654 0.4000000060
49309  -22.510  -44.844  -21.978 0.6000000238
49312  -35.326  -45.650  -21.484 0.8000000119
49315  -20.151  -43.837  -22.970 0.4000000060
49319  -35.339  -45.533  -22.091 0.8000000119
49326  -25.205  -45.491  -25.433 0.6999999881
49368  -27.157  -45.154  -27.335 0.6999999881
49370  -29.433  -45.933  -27.316 0.6000000238
50358  -27.619  -44.372  -19.777 0.8000000119
50362  -35.024  -44.704  -19.905 0.6999999881
50364  -19.836  -43.591  -21.320 0.6000000238
50375  -23.402  -43.827  -21.162 0.6000000238
50376  -23.901  -44.867  -21.087 0.6000000238
50379  -20.428  -43.025  -22.274 0.6000000238
50382  -34.397  -44.025  -24.162 0.8000000119
50392  -25.325  -44.648  -25.422 0.8000000119
50396  -29.891  -44.026  -24.942 0.6999999881
50399  -33.458  -44.070  -24.457 0.8000000119
50415  -25.060  -44.867  -25.471 0.6999999881
50425  -24.949  -43.954  -25.850 0.8000000119
50440  -25.135  -43.938  -26.168 0.8000000119
51445  -28.377  -43.559  -16.866 0.6000000238
51457  -27.148  -43.514  -17.861 0.6000000238
51477  -32.567  -44.142  -18.181 0.8000000119
51482  -21.608  -42.728  -20.403 0.5000000000
51489  -28.688  -44.154  -18.923 0.8000000119
51499  -35.474  -43.685  -20.666 0.8000000119
51509  -20.989  -42.626  -21.598 0.6000000238
51520  -35.305  -43.254  -23.147 0.8000000119
51553  -25.088  -43.228  -26.112 0.8000000119
52622  -24.572  -42.385  -18.619 0.5000000000
52634  -25.534  -43.029  -19.285 0.5000000000
52635  -35.218  -42.555  -19.916 0.8000000119
52640  -21.572  -42.426  -21.159 0.6000000238
52641  -22.433  -42.450  -20.795 0.5000000000
52651  -22.077  -42.378  -21.069 0.5000000000
52652  -35.437  -42.635  -21.873 0.8000000119
52662  -35.283  -42.669  -22.750 0.8000000119
52676  -35.056  -42.802  -23.436 0.8000000119
52696  -25.164  -42.673  -25.847 0.8000000119
52709  -25.690  -42.274  -26.424 0.8000000119
52710  -26.680  -42.786  -27.032 0.8000000119
53731  -33.723  -41.217  -23.963 0.8000000119
53741  -27.967  -41.307  -25.079 0.8000000119
53744  -32.505  -41.226  -24.741 0.8000000119
53747  -25.418  -41.863  -25.720 0.8000000119
53762  -25.713  -41.637  -26.368 0.8000000119
53766  -28.969  -41.310  -27.545 0.6999999881
53790  -34.194  -41.113  -28.672 0.4000000060
54690  -29.350  -40.195  -13.461 0.5000000000
54779  -33.776  -40.238  -21.941 0.8000000119
54792  -33.677  -40.362  -22.764 0.8000000119
54800  -24.525  -39.978  -24.893 1.0000000000
54801  -25.139  -39.861  -24.679 0.8999999762
54842  -25.385  -41.250  -26.193 0.8000000119
54846  -29.421  -40.745  -27.653 0.5000000000
54849  -33.704  -39.849  -27.618 0.3000000119
54868  -32.030  -40.900  -27.719 0.5000000000
55933  -32.740  -39.422  -13.836 0.6999999881
56002  -30.530  -38.614  -19.472 0.6999999881
56059  -24.391  -40.012  -25.544 0.8000000119
56060  -24.989  -39.887  -26.195 0.8000000119
56061  -25.990  -39.612  -26.447 0.8000000119
56077  -28.974  -40.110  -27.346 0.6000000238
56078  -30.696  -39.895  -27.247 0.5000000000
56082  -34.135  -39.211  -27.665 0.3000000119
57109  -30.858  -38.386  -18.991 0.6999999881
57113  -29.912  -38.356  -19.946 0.6999999881
57123  -24.537  -37.919  -23.488 0.8000000119
57124  -25.606  -37.692  -23.262 0.8000000119
57125  -28.337  -37.681  -21.700 0.8000000119
57152  -24.113  -39.300  -25.127 0.8000000119
58126  -30.327  -37.820  -19.684 0.6999999881
58131  -29.166  -37.714  -20.447 0.6999999881
58141  -26.919  -37.029  -22.266 0.8000000119
58142  -27.592  -37.017  -21.801 0.8000000119
58160  -22.682  -37.363  -23.861 0.8000000119
58174  -22.769  -37.322  -24.198 0.8000000119
58193  -28.285  -37.116  -25.808 0.6999999881
59129  -33.511  -36.412  -21.699 0.6999999881
59152  -22.456  -36.573  -23.693 0.8000000119
59186  -27.192  -35.923  -25.732 0.8000000119
59209  -30.755  -35.727  -27.268 0.6999999881
59210  -31.362  -36.079  -27.389 0.6000000238
59221  -32.280  -36.225  -28.814 0.6000000238
60325  -35.097  -34.992  -19.687 0.6000000238
60338  -22.580  -35.782  -23.551 0.8000000119
60339  -23.859  -35.683  -23.168 0.8000000119
60343  -30.683  -36.212  -22.945 0.6999999881
60448  -31.564  -34.596  -29.907 0.6000000238
61507  -34.680  -34.343  -21.683 0.6000000238
61556  -22.848  -34.499  -24.362 0.8000000119
61559  -29.573  -34.113  -24.269 0.8000000119
61570  -23.209  -34.696  -25.502 0.8000000119
61571  -24.428  -34.758  -25.774 0.8999999762
61609  -30.272  -34.219  -29.237 0.6999999881
61618  -30.218  -33.281  -29.654 0.6000000238
62685  -28.064  -33.491  -27.735 0.6000000238
62705  -29.951  -32.583  -29.528 0.6000000238
63656  -32.773  -33.053  -23.161 0.6999999881
63688  -23.326  -32.566  -24.970 0.8000000119
63691  -27.769  -32.729  -24.688 0.8000000119
63692  -28.704  -32.636  -24.443 0.8000000119
63706  -23.330  -32.803  -25.272 0.8000000119
63722  -23.822  -32.252  -26.008 0.8000000119
63723  -24.847  -32.116  -26.217 0.8000000119
63751  -29.739  -31.987  -29.101 0.6000000238
64642  -25.800  -31.141  -24.848 0.8000000119
64656  -26.686  -31.496  -24.951 0.8000000119
64672  -23.407  -31.634  -25.164 0.8000000119
64693  -23.523  -31.925  -25.561 0.8000000119
64696  -29.366  -31.274  -26.803 0.5000000000
64706  -26.127  -31.262  -26.748 0.8000000119
64708  -28.588  -31.143  -27.840 0.6000000238
65634  -24.939  -29.999  -24.719 0.8000000119
65639  -29.620  -30.612  -23.800 0.8000000119
65647  -23.811  -30.288  -25.245 0.8000000119
65648  -24.175  -29.878  -25.115 0.8000000119
66606  -31.174  -29.063  -23.493 0.6000000238
66632  -23.870  -29.562  -25.584 0.8000000119
66648  -26.486  -29.264  -26.745 0.6999999881
66650  -28.779  -29.942  -25.803 0.5000000000
66666  -24.081  -29.523  -26.219 0.8000000119
66667  -24.426  -28.958  -26.447 0.6999999881
66669  -27.105  -30.161  -26.767 0.6000000238
67631  -29.336  -28.853  -23.558 0.6999999881
67653  -25.053  -28.199  -25.212 0.6999999881
67659  -23.835  -28.710  -25.883 0.6999999881
67660  -23.950  -28.069  -25.875 0.6999999881
67671  -23.921  -28.769  -26.079 0.8000000119
67674  -28.674  -28.153  -26.190 0.6000000238
67686  -24.843  -28.332  -26.544 0.6999999881
68564  -29.784  -27.114  -19.136 0.3000000119
68615  -30.192  -27.756  -23.937 0.6000000238
68626  -28.767  -27.699  -24.118 0.6000000238
68637  -24.388  -27.623  -25.725 0.6999999881
68646  -29.944  -28.138  -26.104 0.6000000238
68647  -30.518  -27.952  -26.182 0.5000000000
68653  -24.179  -27.545  -25.985 0.6999999881
68654  -24.539  -27.139  -26.051 0.6999999881
68671  -24.791  -27.456  -26.353 0.6999999881
69554  -31.740  -26.861  -18.248 0.3000000119
69592  -35.354  -26.187  -20.586 0.3000000119
69648  -27.179  -26.964  -24.968 0.6999999881
69650  -29.005  -26.526  -24.711 0.6000000238
69664  -31.015  -26.239  -25.691 0.5000000000
69670  -25.211  -26.734  -26.332 0.6999999881
69671  -25.664  -25.743  -26.655 0.6999999881
69687  -29.255  -26.201  -27.900 0.5000000000
69700  -29.867  -25.553  -28.599 0.5000000000
70658  -29.013  -25.596  -25.835 0.6000000238
70670  -26.012  -24.823  -27.204 0.5000000000
70678  -28.263  -25.454  -28.079 0.5000000000
70689  -30.051  -25.037  -28.834 0.5000000000
71724  -30.950  -25.153  -26.623 0.6000000238
71733  -27.698  -24.651  -27.418 0.5000000000
71760  -30.261  -24.400  -29.172 0.5000000000
72811  -35.445  -23.481  -22.155 0.3000000119
72837  -34.959  -22.842  -24.100 0.3000000119
72867  -29.605  -23.137  -28.875 0.5000000000
73798  -29.246  -22.396  -21.571 0.3000000119
73852  -31.176  -21.736  -28.626 0.5000000000
73863  -29.919  -22.681  -28.884 0.5000000000
73864  -30.499  -22.244  -28.844 0.4000000060
74748  -31.912  -22.118  -20.746 0.3000000119
74782  -35.472  -21.521  -22.341 0.3000000119
75857  -32.522  -20.795  -28.344 0.4000000060
75866  -33.378  -20.304  -29.252 0.4000000060
76839  -34.225  -19.143  -28.733 0.4000000060
77734  -34.330  -18.296  -26.612 0.3000000119
77774  -38.368  -18.052  -30.834 0.3000000119
78762  -38.678  -17.558  -30.341 0.3000000119
78767  -37.739  -17.505  -31.008 0.3000000119
79631  -33.468  -16.391  -21.496 0.3000000119
79632  -34.355  -16.581  -21.595 0.3000000119
130420  -27.011  -43.621  -19.430 0.6000000238
130642  -31.003  -51.088  -26.218 0.6000000238
130761  -29.921  -43.933  -18.421 0.8000000119
130891  -35.785  -16.865  -28.854 0.3000000119
130938  -25.562  -42.602  -17.859 0.5000000000
131354  -23.576  -30.898  -25.111 0.8000000119
131832  -26.876  -40.608  -24.829 0.8999999762
132074  -37.825  -17.927  -30.770 0.3000000119
132279  -27.311  -41.218  -27.163 0.8000000119
132356  -27.637  -49.907  -18.111 0.6000000238
132488  -29.346  -41.934  -27.551 0.6999999881
132489  -28.518  -42.034  -27.416 0.6999999881
132559  -31.239  -44.934  -18.562 0.8000000119
132778  -28.953  -47.325  -27.617 0.6999999881
132943  -30.078  -41.769  -27.672 0.5000000000
133498  -31.341  -50.399  -24.641 0.6000000238
133554  -28.925  -46.219  -25.392 0.6999999881
133563  -26.702  -41.093  -26.865 0.8000000119
133740  -30.347  -47.043  -27.595 0.5000000000
133831  -27.289  -31.757  -27.454 0.5000000000
136520  -30.703  -52.237  -18.095 0.6000000238
136562  -32.025  -40.231  -27.282 0.5000000000
137311  -19.747  -46.860  -20.932 0.4000000060
137627  -30.864  -19.687  -21.516 0.3000000119
138081  -28.719  -37.942  -26.042 0.6999999881
138284  -22.856  -42.899  -21.216 0.6000000238
139228  -27.964  -44.914  -25.462 0.6999999881
139344  -30.840  -41.670  -27.661 0.5000000000
139385  -29.288  -48.212  -17.242 0.6000000238
139421  -25.504  -44.619  -26.552 0.6999999881
140591  -30.013  -30.155  -23.564 0.8000000119
140736  -31.642  -22.630  -27.239 0.5000000000
140840  -22.360  -35.142  -23.854 0.8000000119
141075  -28.263  -37.296  -21.409 0.8000000119
141335  -26.586  -43.157  -25.195 0.8000000119
142051  -23.627  -55.852  -25.695 0.3000000119
142257  -28.703  -42.933  -25.283 0.8000000119
142300  -28.940  -45.247  -27.129 0.6999999881
142317  -34.717  -43.008  -18.783 0.8000000119
142529  -25.231  -41.116  -25.547 0.8000000119
143078  -18.666  -45.576  -23.472 0.3000000119
143099  -30.607  -26.213  -19.206 0.4000000060
143706  -27.284  -28.915  -24.410 0.8000000119
143877  -27.428  -25.010  -28.119 0.5000000000
144338  -24.465  -40.151  -25.196 0.8000000119
144438  -31.482  -47.197  -24.161 0.6999999881
144479  -25.696  -28.804  -26.809 0.6999999881
145507  -32.671  -41.826  -28.496 0.5000000000
145666  -26.192  -42.625  -25.070 0.8000000119
145847  -33.646  -52.960  -20.508 0.5000000000
146080  -34.586  -54.066  -22.364 0.5000000000
146144  -24.115  -38.506  -25.078 0.8000000119
147138  -23.734  -52.962  -21.573 0.5000000000
147162  -27.958  -54.804  -20.937 0.4000000060
147426  -34.103  -52.867  -21.099 0.5000000000
147503  -34.396  -53.901  -21.698 0.5000000000
147580  -33.035  -38.763  -13.931 0.6999999881
147596  -30.325  -54.570  -20.370 0.5000000000
148779  -33.206  -34.960  -15.322 0.4000000060
148854  -31.201  -42.216  -27.465 0.5000000000
148981  -26.609  -43.999  -20.332 0.6999999881
149320  -32.498  -51.005  -19.302 0.6000000238
149366  -23.823  -46.206  -21.207 0.5000000000
149392  -22.148  -42.537  -20.384 0.4000000060
149414  -25.531  -44.023  -25.428 0.8000000119
149456  -29.207  -27.137  -19.276 0.3000000119
149469  -21.024  -46.888  -22.919 0.3000000119
149604  -29.203  -44.316  -25.124 0.6999999881
149764  -26.606  -30.106  -26.770 0.6999999881
150150  -32.082  -33.118  -23.422 0.6999999881
150359  -24.305  -30.547  -24.772 0.8000000119
150724  -26.114  -48.176  -18.792 0.6000000238
151052  -26.150  -42.492  -26.820 0.8000000119
151187  -33.672  -48.573  -19.784 0.8000000119
151282  -23.734  -36.115  -25.376 0.8000000119
151330  -24.949  -49.178  -19.832 0.5000000000
151535  -28.542  -28.828  -23.866 0.8000000119
151808  -34.841  -46.550  -20.611 0.8000000119
151867  -28.570  -46.289  -18.368 0.6000000238
152115  -27.267  -42.929  -27.144 0.8000000119
152196  -25.274  -42.684  -26.132 0.8000000119
152209  -34.924  -18.075  -25.438 0.3000000119
152429  -27.114  -32.451  -27.368 0.6999999881
152758  -26.241  -43.371  -19.213 0.6000000238
153629  -35.241  -32.319  -19.283 0.5000000000
153659  -35.556  -44.153  -21.290 0.6999999881
153804  -24.083  -39.078  -24.783 0.8999999762
153832  -25.620  -45.454  -26.839 0.6999999881
153907  -23.343  -31.992  -24.992 0.8000000119
154262  -26.576  -41.753  -24.838 0.8000000119
154341  -32.742  -21.360  -29.678 0.4000000060
154400  -34.457  -36.138  -18.168 0.6999999881
154576  -30.016  -40.511  -13.593 0.5000000000
154589  -33.184  -53.758  -26.819 0.5000000000
156144  -24.335  -31.717  -26.116 0.8000000119
156527  -30.276  -36.888  -26.167 0.6999999881
156590  -21.886  -50.733  -19.382 0.4000000060
156827  -33.336  -24.473  -25.604 0.5000000000
157131  -27.465  -30.557  -27.098 0.6000000238
157404  -34.218  -52.956  -24.269 0.6000000238
157613  -35.802  -17.991  -29.361 0.3000000119
157842  -26.770  -44.376  -25.362 0.8000000119
157862  -25.313  -46.462  -20.228 0.5000000000
157889  -28.532  -44.682  -27.074 0.6999999881
158042  -26.658  -46.276  -27.470 0.6999999881
