#!ascii label  , from subject sub-001 vox2ras=TkReg
1109
101386  46.360  18.579  11.535 0.0000000000
103396  51.619  21.799  12.079 0.0000000000
142334  54.145  9.950  17.476 0.0000000000
99067  41.175  15.669  12.713 0.0000000000
97013  44.611  12.488  14.807 0.0000000000
137219  47.755  18.540  4.527 0.0000000000
126694  45.876  22.343  14.267 0.0000000000
104218  46.891  22.361  8.134 0.0000000000
94062  46.888  8.364  18.271 0.0000000000
136976  46.012  8.405  12.154 0.0000000000
120483  51.459  18.603  10.714 0.0000000000
99033  49.858  15.395  16.616 0.0000000000
100590  53.339  17.029  16.699 0.0000000000
97626  51.406  12.787  22.364 0.0000000000
106187  48.249  25.414  4.380 0.0000000000
102171  52.383  18.687  3.984 0.0000000000
96317  49.629  11.485  11.565 0.0000000000
124570  43.794  17.239  12.591 0.0000000000
98368  42.465  14.333  14.109 0.0000000000
99820  44.800  16.021  14.336 0.0000000000
119290  46.946  19.447  7.919 0.0000000000
101417  44.087  18.919  9.225 0.0000000000
104166  43.851  22.880  12.614 0.0000000000
135862  43.597  6.053  19.469 0.0000000000
92609  42.517  6.475  16.233 0.0000000000
138907  42.713  3.014  16.835 0.0000000000
106724  52.070  26.618  2.862 0.0000000000
126152  53.600  19.266  10.731 0.0000000000
142023  53.349  17.457  13.719 0.0000000000
128807  51.622  19.008  14.014 0.0000000000
136709  47.526  16.763  18.893 0.0000000000
99006  49.691  16.408  20.182 0.0000000000
97642  48.178  13.717  21.096 0.0000000000
95470  49.150  10.257  22.607 0.0000000000
104199  50.157  22.376  9.894 0.0000000000
128811  48.930  20.921  6.146 0.0000000000
102782  52.408  20.941  8.036 0.0000000000
101434  53.092  18.207  7.428 0.0000000000
96996  51.573  12.790  18.237 0.0000000000
96261  49.115  11.520  16.216 0.0000000000
95515  52.059  9.909  13.678 0.0000000000
95519  42.701  10.867  12.970 0.0000000000
96321  44.423  11.239  11.509 0.0000000000
101527  48.979  18.284  0.477 0.0000000000
101505  45.253  18.685  1.907 0.0000000000
104152  49.622  22.403  13.619 0.0000000000
102733  49.449  20.781  15.978 0.0000000000
106681  42.421  26.400  9.570 0.0000000000
105611  44.367  24.322  6.617 0.0000000000
119228  47.106  22.530  10.774 0.0000000000
137148  51.111  9.447  18.661 0.0000000000
138806  50.302  9.397  14.429 0.0000000000
94086  45.813  8.275  15.282 0.0000000000
92618  43.024  6.795  12.899 0.0000000000
101383  49.282  18.843  11.233 0.0000000000
100605  47.853  17.003  14.152 0.0000000000
100617  50.861  17.535  13.370 0.0000000000
99031  52.658  15.608  16.331 0.0000000000
135348  53.633  14.421  18.254 0.0000000000
101337  50.556  18.800  17.786 0.0000000000
98995  52.126  15.761  20.839 0.0000000000
96236  53.007  11.277  21.224 0.0000000000
119025  50.254  9.126  21.778 0.0000000000
93363  47.361  7.504  21.100 0.0000000000
107184  49.803  28.026  5.195 0.0000000000
104993  50.902  23.836  2.683 0.0000000000
103496  48.983  21.269  3.130 0.0000000000
102201  51.675  18.930  0.874 0.0000000000
100697  51.974  16.780  3.426 0.0000000000
102135  50.324  19.110  7.561 0.0000000000
135492  46.720  14.017  16.353 0.0000000000
96280  46.606  11.554  14.203 0.0000000000
97042  46.975  12.295  9.854 0.0000000000
94812  49.207  9.741  11.396 0.0000000000
101377  44.911  17.786  12.209 0.0000000000
99831  44.434  16.452  13.706 0.0000000000
100621  45.744  17.212  13.352 0.0000000000
101400  46.839  19.209  10.383 0.0000000000
120761  45.789  19.369  8.924 0.0000000000
101401  45.298  18.853  10.508 0.0000000000
101403  43.584  18.370  10.737 0.0000000000
90999  43.053  4.704  20.210 0.0000000000
91006  41.958  4.823  18.037 0.0000000000
90165  42.272  3.259  18.822 0.0000000000
95573  42.396  10.455  8.925 0.0000000000
102760  52.542  20.808  11.545 0.0000000000
138576  53.006  19.162  12.545 0.0000000000
102739  50.916  20.740  13.297 0.0000000000
99008  46.385  15.506  19.217 0.0000000000
99000  47.869  15.053  20.085 0.0000000000
104182  50.801  22.666  10.823 0.0000000000
103424  51.309  21.975  9.230 0.0000000000
103416  51.889  22.199  10.834 0.0000000000
102770  53.179  20.301  9.529 0.0000000000
96251  53.352  11.396  17.984 0.0000000000
96260  51.483  10.890  16.406 0.0000000000
95504  53.314  9.983  15.716 0.0000000000
98381  40.226  14.582  12.865 0.0000000000
98370  40.770  14.297  13.302 0.0000000000
97688  43.424  13.550  14.655 0.0000000000
97019  42.849  12.905  14.371 0.0000000000
97022  43.143  12.002  14.026 0.0000000000
95518  43.499  11.128  12.922 0.0000000000
96290  44.633  11.493  13.544 0.0000000000
101490  48.435  18.064  3.029 0.0000000000
101503  47.320  18.512  1.616 0.0000000000
101475  46.615  18.599  3.555 0.0000000000
99844  41.354  16.619  11.722 0.0000000000
99081  39.987  15.786  11.925 0.0000000000
125779  48.022  22.378  14.364 0.0000000000
125947  48.683  22.637  15.521 0.0000000000
104133  47.026  22.832  16.062 0.0000000000
131259  44.892  22.416  12.942 0.0000000000
104175  45.529  22.557  11.523 0.0000000000
126692  46.790  22.242  12.701 0.0000000000
120095  48.327  22.391  11.793 0.0000000000
94065  48.222  8.824  17.760 0.0000000000
94073  48.331  9.012  16.763 0.0000000000
94068  46.066  8.207  17.017 0.0000000000
91022  41.816  4.820  14.654 0.0000000000
92616  42.460  6.340  14.374 0.0000000000
91848  42.116  5.291  13.049 0.0000000000
101382  50.414  18.617  11.332 0.0000000000
128397  50.068  18.019  12.737 0.0000000000
135077  51.910  17.893  12.229 0.0000000000
100595  53.555  17.145  15.066 0.0000000000
99812  53.419  16.899  14.684 0.0000000000
99790  53.859  16.012  16.527 0.0000000000
99021  53.854  15.010  17.109 0.0000000000
99771  53.827  15.812  17.588 0.0000000000
102064  49.342  20.548  17.978 0.0000000000
102071  49.593  20.048  16.944 0.0000000000
101338  49.778  19.326  18.319 0.0000000000
98989  50.755  15.319  21.296 0.0000000000
99755  51.184  16.650  20.689 0.0000000000
98306  51.754  14.399  21.625 0.0000000000
97641  52.769  13.238  21.280 0.0000000000
96967  52.259  12.203  22.270 0.0000000000
136786  52.152  10.236  21.763 0.0000000000
95467  51.300  10.808  22.569 0.0000000000
94711  47.941  9.243  22.546 0.0000000000
94027  48.500  8.811  22.448 0.0000000000
106708  48.943  26.775  4.805 0.0000000000
106198  50.232  25.524  3.828 0.0000000000
130932  49.435  24.953  3.743 0.0000000000
104236  45.529  22.698  7.237 0.0000000000
104978  45.459  23.438  5.863 0.0000000000
135891  46.392  22.234  6.302 0.0000000000
123856  50.545  20.167  5.396 0.0000000000
102805  48.685  20.677  4.380 0.0000000000
102811  50.451  19.749  3.717 0.0000000000
132712  50.197  20.427  2.449 0.0000000000
102182  51.209  19.177  2.673 0.0000000000
100709  51.614  17.364  1.661 0.0000000000
101487  52.688  17.501  3.898 0.0000000000
101423  52.745  18.491  8.806 0.0000000000
101435  52.421  18.285  7.417 0.0000000000
102110  51.798  18.785  9.118 0.0000000000
102111  49.595  19.467  8.936 0.0000000000
99800  48.968  16.284  15.352 0.0000000000
99801  47.856  16.086  15.360 0.0000000000
99035  47.840  14.913  16.457 0.0000000000
96278  49.434  11.131  14.003 0.0000000000
139422  47.648  11.576  15.387 0.0000000000
96308  47.850  11.476  12.885 0.0000000000
96319  46.789  11.828  11.298 0.0000000000
96326  48.753  12.178  10.213 0.0000000000
94096  47.406  8.691  13.622 0.0000000000
94789  49.560  9.422  12.953 0.0000000000
94105  47.373  8.992  11.885 0.0000000000
99837  42.476  16.536  12.657 0.0000000000
99062  42.326  15.205  13.686 0.0000000000
99832  43.624  16.269  13.527 0.0000000000
99057  43.590  15.081  14.398 0.0000000000
98355  44.675  13.938  15.372 0.0000000000
118815  47.947  19.247  6.274 0.0000000000
128627  42.458  17.541  11.281 0.0000000000
93375  44.995  7.293  19.002 0.0000000000
93384  44.603  7.689  17.224 0.0000000000
92598  43.335  6.800  18.000 0.0000000000
91007  41.703  4.952  17.044 0.0000000000
101380  53.281  18.406  10.986 0.0000000000
101371  52.854  17.842  12.013 0.0000000000
102084  53.309  18.437  12.179 0.0000000000
101357  52.819  18.350  14.110 0.0000000000
141411  51.766  18.251  15.709 0.0000000000
100575  48.648  18.027  18.553 0.0000000000
100574  49.681  18.433  19.000 0.0000000000
119628  48.770  16.201  19.885 0.0000000000
98999  48.858  15.359  20.394 0.0000000000
98309  49.306  13.737  21.449 0.0000000000
96224  50.175  11.086  22.667 0.0000000000
96229  48.442  12.189  21.938 0.0000000000
95475  47.560  10.808  22.140 0.0000000000
94720  46.351  9.762  22.126 0.0000000000
106710  46.899  25.956  4.948 0.0000000000
104200  48.519  22.324  9.206 0.0000000000
103442  47.735  21.456  6.808 0.0000000000
103432  49.616  21.777  8.344 0.0000000000
102790  51.312  20.756  6.870 0.0000000000
102796  52.335  20.423  6.608 0.0000000000
102159  53.371  18.839  5.545 0.0000000000
102787  53.287  19.627  7.393 0.0000000000
102109  53.670  18.969  9.329 0.0000000000
98341  50.911  14.388  17.592 0.0000000000
97670  48.866  13.672  17.286 0.0000000000
121502  50.076  12.363  17.631 0.0000000000
96269  50.073  11.057  15.241 0.0000000000
96284  51.182  11.019  12.597 0.0000000000
93419  44.206  7.746  10.837 0.0000000000
94117  45.577  8.527  10.545 0.0000000000
129437  41.019  10.652  13.158 0.0000000000
97691  42.083  13.387  13.992 0.0000000000
139094  41.726  11.899  13.742 0.0000000000
94796  41.326  10.148  12.471 0.0000000000
95549  42.414  10.273  11.640 0.0000000000
95556  43.211  10.662  10.301 0.0000000000
96336  43.939  11.233  9.944 0.0000000000
102854  48.535  19.754  0.300 0.0000000000
102204  46.370  19.093  1.201 0.0000000000
104151  50.368  22.389  13.273 0.0000000000
102735  49.990  21.329  13.986 0.0000000000
103391  49.658  22.146  14.538 0.0000000000
104112  49.025  22.724  17.167 0.0000000000
102718  48.916  22.152  18.460 0.0000000000
140587  47.674  20.368  17.726 0.0000000000
100583  46.653  18.024  17.751 0.0000000000
106154  43.043  25.379  8.103 0.0000000000
105599  44.104  23.894  7.453 0.0000000000
104219  45.340  22.827  8.175 0.0000000000
104202  46.515  22.610  9.561 0.0000000000
104184  48.463  22.570  10.051 0.0000000000
104171  49.569  22.561  12.047 0.0000000000
94747  52.485  9.532  18.089 0.0000000000
94762  52.708  9.607  15.963 0.0000000000
94764  50.368  9.446  16.090 0.0000000000
94090  48.271  9.129  14.895 0.0000000000
94098  45.599  8.238  13.537 0.0000000000
93398  44.395  7.717  15.496 0.0000000000
93406  44.245  7.665  13.783 0.0000000000
93410  44.710  7.749  12.502 0.0000000000
101399  47.522  18.988  10.984 0.0000000000
100629  47.587  17.620  13.065 0.0000000000
100628  48.398  17.793  12.852 0.0000000000
100618  49.354  17.588  13.334 0.0000000000
99815  50.083  16.567  14.907 0.0000000000
100601  53.075  17.226  13.717 0.0000000000
99797  52.559  16.505  15.019 0.0000000000
99032  51.062  15.547  16.547 0.0000000000
98340  52.209  14.574  17.499 0.0000000000
97663  52.675  12.900  18.433 0.0000000000
96993  53.597  12.290  18.881 0.0000000000
102736  49.811  20.295  14.786 0.0000000000
102077  50.766  18.707  15.672 0.0000000000
101336  51.626  18.108  17.227 0.0000000000
100566  50.837  18.136  19.947 0.0000000000
100565  51.387  17.735  19.829 0.0000000000
99772  52.958  16.304  18.564 0.0000000000
99004  53.390  14.666  19.073 0.0000000000
96986  53.555  12.204  19.494 0.0000000000
123544  53.939  10.757  19.301 0.0000000000
122255  52.223  9.619  19.285 0.0000000000
121683  50.105  9.127  19.476 0.0000000000
136626  48.751  8.630  19.520 0.0000000000
94709  50.176  9.841  22.591 0.0000000000
94045  48.700  8.314  21.336 0.0000000000
93378  46.564  7.825  19.562 0.0000000000
92592  45.469  6.879  19.874 0.0000000000
106707  50.736  27.044  4.368 0.0000000000
105642  52.152  25.203  2.784 0.0000000000
104302  52.120  22.966  1.111 0.0000000000
103458  47.810  21.262  5.090 0.0000000000
104995  48.618  23.254  3.368 0.0000000000
104304  50.018  22.051  2.338 0.0000000000
103494  51.097  21.504  1.569 0.0000000000
102842  51.956  20.772  -0.022 0.0000000000
126961  50.805  18.144  -0.096 0.0000000000
100711  50.242  17.369  2.021 0.0000000000
101472  49.508  17.831  4.154 0.0000000000
100676  52.921  17.534  5.739 0.0000000000
118928  50.405  18.041  5.471 0.0000000000
101451  48.682  18.764  5.744 0.0000000000
102137  48.725  19.424  7.470 0.0000000000
102101  48.363  19.480  9.951 0.0000000000
99818  46.490  16.397  14.696 0.0000000000
99043  45.631  15.031  15.530 0.0000000000
97680  45.553  13.426  15.710 0.0000000000
97673  47.499  13.068  16.658 0.0000000000
97011  46.817  12.100  15.582 0.0000000000
96281  45.701  11.710  14.354 0.0000000000
119295  45.844  11.446  12.767 0.0000000000
96320  45.339  11.680  10.973 0.0000000000
94782  51.607  9.615  14.110 0.0000000000
94792  51.258  10.064  12.600 0.0000000000
96315  51.062  11.130  10.975 0.0000000000
94833  47.079  9.369  10.177 0.0000000000
96333  50.269  12.129  9.008 0.0000000000
88613  44.584  1.813  17.717 0.0000000000
89429  43.983  2.535  16.185 0.0000000000
101376  45.695  18.157  12.096 0.0000000000
100631  45.329  17.553  12.713 0.0000000000
100630  46.196  17.751  12.772 0.0000000000
136421  46.826  18.852  11.065 0.0000000000
102103  46.028  19.126  10.192 0.0000000000
101387  45.527  18.576  11.313 0.0000000000
120394  44.830  18.557  11.105 0.0000000000
133898  42.310  3.954  19.264 0.0000000000
102748  52.313  20.460  12.244 0.0000000000
102749  51.369  21.389  12.704 0.0000000000
103408  51.266  22.702  12.014 0.0000000000
104197  51.372  22.468  10.623 0.0000000000
103407  51.802  22.100  11.473 0.0000000000
103406  52.404  21.510  11.034 0.0000000000
96254  53.801  10.602  17.571 0.0000000000
96255  52.864  10.938  17.430 0.0000000000
95503  53.512  9.915  16.525 0.0000000000
99064  40.699  15.046  12.860 0.0000000000
99063  41.408  15.100  13.290 0.0000000000
97687  44.198  13.346  14.942 0.0000000000
135825  43.703  12.684  14.513 0.0000000000
96282  44.020  12.078  14.230 0.0000000000
132999  43.904  11.604  13.639 0.0000000000
121956  44.767  11.766  14.271 0.0000000000
101473  48.324  18.176  3.876 0.0000000000
101491  47.829  18.261  3.126 0.0000000000
101474  47.399  18.466  3.755 0.0000000000
99838  41.650  16.302  12.405 0.0000000000
99839  40.863  16.083  12.129 0.0000000000
138776  40.561  15.554  12.433 0.0000000000
99068  40.082  15.125  12.502 0.0000000000
126695  46.895  22.279  14.334 0.0000000000
104142  47.489  22.547  15.306 0.0000000000
104143  46.341  22.578  15.294 0.0000000000
104156  45.550  22.307  13.508 0.0000000000
126532  45.855  22.283  12.829 0.0000000000
104155  46.378  22.217  13.507 0.0000000000
104154  47.359  22.231  13.499 0.0000000000
94061  47.655  8.515  18.551 0.0000000000
137094  47.425  8.565  17.825 0.0000000000
94063  46.132  8.225  17.938 0.0000000000
91027  41.865  4.734  13.767 0.0000000000
101372  50.613  18.307  12.093 0.0000000000
127150  51.695  18.245  11.639 0.0000000000
134335  53.320  17.339  15.923 0.0000000000
99795  53.614  16.614  15.970 0.0000000000
100581  53.707  16.409  16.676 0.0000000000
99780  53.945  16.043  16.976 0.0000000000
99781  53.324  16.584  17.521 0.0000000000
119742  49.030  21.253  18.288 0.0000000000
102057  49.298  19.967  18.228 0.0000000000
97635  50.950  13.493  22.009 0.0000000000
98307  51.206  14.386  21.638 0.0000000000
124209  51.625  13.564  21.942 0.0000000000
97634  51.993  12.875  22.282 0.0000000000
96958  51.716  12.178  22.472 0.0000000000
133237  51.786  11.241  22.387 0.0000000000
96959  51.112  12.039  22.542 0.0000000000
94712  47.028  9.062  22.504 0.0000000000
106709  47.916  26.238  4.679 0.0000000000
106696  48.116  27.194  4.950 0.0000000000
120752  48.847  26.027  4.556 0.0000000000
106199  49.208  25.503  4.221 0.0000000000
105645  48.585  24.785  3.975 0.0000000000
136654  46.038  22.515  7.879 0.0000000000
104267  45.816  22.677  6.330 0.0000000000
104235  46.383  22.299  7.119 0.0000000000
102160  51.801  19.630  4.884 0.0000000000
102161  50.661  19.812  4.588 0.0000000000
102172  51.367  19.435  4.098 0.0000000000
124645  51.627  19.120  3.390 0.0000000000
102181  52.251  18.219  2.878 0.0000000000
102180  52.683  17.890  3.618 0.0000000000
101414  52.738  18.520  9.657 0.0000000000
101415  51.898  18.710  9.938 0.0000000000
102099  50.689  19.190  9.669 0.0000000000
99039  49.334  15.815  16.073 0.0000000000
99040  48.330  15.625  15.979 0.0000000000
99034  48.817  15.133  16.559 0.0000000000
96285  49.828  11.199  13.080 0.0000000000
96286  48.407  11.265  13.639 0.0000000000
96307  49.015  11.354  12.546 0.0000000000
122166  48.395  11.556  11.944 0.0000000000
131863  49.141  11.843  10.948 0.0000000000
94101  46.771  8.582  12.390 0.0000000000
94100  47.523  8.760  12.691 0.0000000000
94106  46.570  8.753  11.619 0.0000000000
100633  43.053  17.304  12.168 0.0000000000
99833  42.786  16.068  13.340 0.0000000000
99836  43.304  16.714  12.896 0.0000000000
99060  43.999  15.796  14.089 0.0000000000
99056  44.394  15.284  14.654 0.0000000000
99055  45.203  15.543  14.952 0.0000000000
120393  47.263  19.409  6.954 0.0000000000
102150  46.506  19.350  6.376 0.0000000000
102116  44.938  19.158  9.066 0.0000000000
102128  45.186  19.348  8.281 0.0000000000
100636  43.358  17.924  11.409 0.0000000000
99843  42.147  16.874  11.917 0.0000000000
92597  44.106  7.063  18.545 0.0000000000
128475  43.422  6.499  18.846 0.0000000000
132931  41.923  4.133  17.571 0.0000000000
91014  41.924  4.100  16.689 0.0000000000
91018  42.042  4.065  15.867 0.0000000000
90189  42.424  3.432  16.235 0.0000000000
107199  50.977  27.816  3.954 0.0000000000
108225  50.686  29.265  2.959 0.0000000000
102094  53.499  18.711  11.340 0.0000000000
128923  53.233  18.195  11.801 0.0000000000
102080  51.500  19.685  13.446 0.0000000000
102085  52.688  18.833  13.326 0.0000000000
101354  52.043  18.430  14.887 0.0000000000
99774  47.805  17.415  18.556 0.0000000000
99773  48.414  17.229  19.018 0.0000000000
99766  48.176  16.494  19.437 0.0000000000
123647  48.059  14.487  20.501 0.0000000000
98316  48.789  14.420  20.895 0.0000000000
96968  49.553  12.616  22.075 0.0000000000
97637  48.640  13.059  21.634 0.0000000000
96230  47.753  11.597  21.919 0.0000000000
96231  46.904  11.487  21.657 0.0000000000
95472  47.278  9.929  22.354 0.0000000000
95476  46.623  10.629  21.888 0.0000000000
119465  49.456  22.182  9.147 0.0000000000
104216  48.746  21.924  8.478 0.0000000000
103438  51.788  21.407  8.018 0.0000000000
103439  51.228  21.340  7.636 0.0000000000
102789  52.003  20.973  7.382 0.0000000000
102788  52.769  20.419  7.312 0.0000000000
102795  53.111  19.808  6.616 0.0000000000
124302  53.087  20.190  8.044 0.0000000000
102762  53.415  19.844  10.172 0.0000000000
102769  53.531  19.518  9.604 0.0000000000
102098  53.664  19.066  10.075 0.0000000000
101379  53.555  18.726  10.556 0.0000000000
97668  50.586  13.243  17.935 0.0000000000
96999  50.925  12.106  17.915 0.0000000000
126927  51.498  10.668  15.294 0.0000000000
96268  51.549  10.590  14.219 0.0000000000
96277  50.441  11.018  14.202 0.0000000000
96276  51.416  10.589  13.413 0.0000000000
95521  40.155  10.695  13.293 0.0000000000
135864  40.709  11.372  13.503 0.0000000000
98369  41.701  14.329  13.676 0.0000000000
96292  42.333  11.433  13.583 0.0000000000
97023  42.243  12.351  13.961 0.0000000000
95520  41.867  10.725  13.037 0.0000000000
95533  42.199  10.402  12.401 0.0000000000
95550  41.799  10.020  11.912 0.0000000000
96322  43.920  11.051  12.235 0.0000000000
134345  43.699  10.856  11.606 0.0000000000
96330  43.859  10.940  10.851 0.0000000000
124266  49.406  18.520  -0.052 0.0000000000
102213  48.715  18.781  0.335 0.0000000000
101504  46.308  18.634  1.851 0.0000000000
101518  46.784  18.734  1.295 0.0000000000
101519  45.876  18.911  1.599 0.0000000000
102192  44.933  18.951  1.706 0.0000000000
104163  49.764  22.564  12.921 0.0000000000
104130  49.195  22.628  16.062 0.0000000000
103384  49.182  22.637  17.818 0.0000000000
102719  48.287  21.822  18.281 0.0000000000
101339  47.413  18.963  17.748 0.0000000000
106683  43.277  26.292  7.884 0.0000000000
106684  42.768  26.159  8.738 0.0000000000
104960  43.603  24.072  8.085 0.0000000000
104951  44.028  23.572  8.311 0.0000000000
140057  44.579  23.290  8.019 0.0000000000
104174  46.415  22.496  11.232 0.0000000000
104186  46.484  22.605  10.332 0.0000000000
118957  45.890  22.670  9.877 0.0000000000
104185  47.329  22.606  10.077 0.0000000000
119288  47.937  22.459  10.834 0.0000000000
104164  48.877  22.468  12.526 0.0000000000
104162  50.733  22.718  12.405 0.0000000000
119794  51.681  9.465  17.636 0.0000000000
120830  51.679  9.445  16.765 0.0000000000
94754  50.740  9.442  17.632 0.0000000000
94074  47.554  8.841  16.453 0.0000000000
94083  48.322  9.155  15.835 0.0000000000
129380  46.927  8.634  15.130 0.0000000000
140620  46.920  8.617  14.193 0.0000000000
94093  45.706  8.311  14.406 0.0000000000
93385  43.824  7.460  16.874 0.0000000000
93390  44.494  7.729  16.359 0.0000000000
93391  43.720  7.441  16.031 0.0000000000
92615  42.977  6.881  13.848 0.0000000000
93403  43.600  7.334  14.257 0.0000000000
93407  43.633  7.280  13.372 0.0000000000
137911  44.264  7.557  13.058 0.0000000000
93411  43.820  7.295  12.388 0.0000000000
93414  43.656  7.218  11.358 0.0000000000
92621  43.037  6.681  11.919 0.0000000000
101384  48.257  18.587  11.601 0.0000000000
101374  48.531  18.212  12.312 0.0000000000
100603  50.206  17.094  14.110 0.0000000000
99814  51.452  16.708  14.535 0.0000000000
100615  53.346  17.612  13.248 0.0000000000
100625  52.801  17.572  12.635 0.0000000000
99792  52.976  16.189  15.645 0.0000000000
99793  51.778  16.040  15.810 0.0000000000
99023  51.675  15.056  17.070 0.0000000000
99022  53.125  14.949  16.942 0.0000000000
142824  53.693  14.700  17.589 0.0000000000
97662  53.390  13.878  18.205 0.0000000000
122270  53.295  12.877  18.719 0.0000000000
97661  53.362  13.386  18.769 0.0000000000
137935  49.590  21.624  15.139 0.0000000000
102070  50.179  19.075  16.713 0.0000000000
101347  51.074  18.436  16.513 0.0000000000
101328  51.239  18.346  18.448 0.0000000000
100567  50.076  17.986  19.552 0.0000000000
99764  50.382  17.379  20.046 0.0000000000
99754  51.598  16.314  20.780 0.0000000000
99762  51.484  16.963  20.352 0.0000000000
99761  52.110  16.348  20.288 0.0000000000
100571  52.205  17.161  18.766 0.0000000000
123395  52.668  16.080  19.397 0.0000000000
99005  52.748  15.421  19.855 0.0000000000
96974  52.851  12.183  21.506 0.0000000000
96973  53.225  12.652  20.375 0.0000000000
96235  53.455  11.598  20.189 0.0000000000
95481  53.372  10.737  20.358 0.0000000000
95490  53.717  10.240  19.485 0.0000000000
95491  53.167  10.256  20.440 0.0000000000
94730  51.104  9.488  21.408 0.0000000000
94741  51.053  9.467  20.027 0.0000000000
127224  49.374  8.699  19.973 0.0000000000
94731  50.110  8.927  20.743 0.0000000000
128398  49.518  10.849  22.591 0.0000000000
95469  50.035  10.377  22.673 0.0000000000
94710  49.547  9.731  22.593 0.0000000000
138343  47.982  7.937  21.479 0.0000000000
94034  49.012  8.688  22.120 0.0000000000
94046  47.982  8.082  20.686 0.0000000000
93370  47.179  7.965  20.118 0.0000000000
93374  45.904  7.498  19.344 0.0000000000
107665  49.040  28.524  5.396 0.0000000000
108204  48.692  30.576  5.942 0.0000000000
126270  49.435  29.265  5.416 0.0000000000
107200  50.358  27.702  4.721 0.0000000000
105644  50.315  24.593  3.337 0.0000000000
106197  51.348  25.364  3.327 0.0000000000
105643  51.626  24.576  2.879 0.0000000000
105657  52.018  23.974  2.372 0.0000000000
105008  51.717  23.286  2.048 0.0000000000
103441  48.721  21.258  6.956 0.0000000000
103449  48.173  21.159  6.026 0.0000000000
102821  48.682  20.897  3.633 0.0000000000
103471  48.054  21.249  4.175 0.0000000000
103485  48.375  21.579  3.464 0.0000000000
104291  48.358  22.351  3.332 0.0000000000
104290  49.234  22.650  2.905 0.0000000000
104305  49.000  21.847  2.896 0.0000000000
102191  51.037  19.604  1.819 0.0000000000
132581  50.985  20.603  1.567 0.0000000000
102202  51.685  20.033  0.605 0.0000000000
103507  51.981  21.130  0.524 0.0000000000
102210  51.595  19.581  0.215 0.0000000000
102211  51.263  19.019  -0.145 0.0000000000
135388  51.519  18.567  0.439 0.0000000000
100704  52.049  16.930  2.577 0.0000000000
100710  51.248  17.140  1.789 0.0000000000
100705  51.261  17.026  2.705 0.0000000000
100706  49.994  17.511  3.079 0.0000000000
100698  50.870  17.266  3.740 0.0000000000
101446  53.429  18.284  6.104 0.0000000000
100675  53.231  17.785  5.680 0.0000000000
101447  53.152  17.874  6.440 0.0000000000
101436  51.273  18.653  7.542 0.0000000000
119770  51.742  18.205  6.711 0.0000000000
101437  50.581  18.706  6.840 0.0000000000
101450  49.772  18.679  6.117 0.0000000000
102149  48.789  19.203  6.592 0.0000000000
102124  49.565  19.387  7.984 0.0000000000
101397  49.060  19.268  10.506 0.0000000000
127350  48.775  19.516  9.267 0.0000000000
101398  48.340  19.161  10.805 0.0000000000
102102  47.676  19.335  10.355 0.0000000000
137577  47.464  17.265  13.651 0.0000000000
100620  46.722  17.367  13.405 0.0000000000
99041  47.373  15.442  15.889 0.0000000000
99802  46.901  15.984  15.358 0.0000000000
99042  46.489  15.261  15.743 0.0000000000
98353  46.120  14.327  15.944 0.0000000000
97679  46.324  13.411  16.095 0.0000000000
97001  48.768  12.857  17.219 0.0000000000
140055  48.450  13.259  17.150 0.0000000000
97004  48.557  12.259  16.733 0.0000000000
96279  47.487  11.382  14.454 0.0000000000
120352  46.897  11.607  14.987 0.0000000000
96271  46.216  11.909  15.008 0.0000000000
120785  46.047  11.526  13.626 0.0000000000
96289  45.319  11.481  13.647 0.0000000000
118938  46.351  11.937  10.751 0.0000000000
96328  45.918  12.111  10.062 0.0000000000
142274  45.183  11.861  10.120 0.0000000000
96334  45.477  12.245  9.400 0.0000000000
94774  50.706  9.400  15.158 0.0000000000
94773  52.097  9.587  14.814 0.0000000000
94783  50.571  9.499  13.705 0.0000000000
94794  49.342  9.484  12.254 0.0000000000
94793  50.397  9.824  12.366 0.0000000000
94811  50.235  10.136  11.633 0.0000000000
138735  51.208  10.880  11.551 0.0000000000
94830  50.141  10.472  10.712 0.0000000000
94834  46.238  8.939  9.956 0.0000000000
94847  46.909  9.606  9.350 0.0000000000
100635  44.095  17.724  11.992 0.0000000000
99835  44.081  16.885  13.128 0.0000000000
100632  44.515  17.385  12.653 0.0000000000
100622  44.883  17.049  13.258 0.0000000000
99830  45.260  16.626  13.871 0.0000000000
102127  46.668  19.475  8.792 0.0000000000
102114  46.361  19.344  9.590 0.0000000000
102115  45.512  19.162  9.682 0.0000000000
101416  44.671  18.903  9.836 0.0000000000
119292  43.821  18.644  9.991 0.0000000000
101402  44.380  18.629  10.594 0.0000000000
101389  44.163  18.296  11.287 0.0000000000
91824  43.216  5.372  19.787 0.0000000000
92594  42.896  5.877  19.071 0.0000000000
91002  42.275  4.694  18.861 0.0000000000
132980  42.074  4.028  18.440 0.0000000000
90169  42.218  3.388  17.979 0.0000000000
141726  53.329  19.658  11.279 0.0000000000
102747  53.162  19.478  11.883 0.0000000000
102738  51.914  20.007  12.850 0.0000000000
121516  47.291  16.035  19.347 0.0000000000
98323  47.211  15.243  19.710 0.0000000000
140477  47.482  13.961  20.593 0.0000000000
104215  50.477  22.035  9.009 0.0000000000
104198  51.002  22.336  9.944 0.0000000000
121678  51.809  21.973  9.933 0.0000000000
103431  51.998  21.524  8.833 0.0000000000
102781  52.771  20.668  8.806 0.0000000000
103423  52.515  21.148  9.608 0.0000000000
102759  53.058  20.445  10.796 0.0000000000
96995  52.197  11.879  18.137 0.0000000000
120960  51.620  11.282  17.404 0.0000000000
96259  52.695  10.538  16.482 0.0000000000
95505  52.793  10.269  15.298 0.0000000000
98365  43.155  14.348  14.494 0.0000000000
97689  42.755  13.700  14.404 0.0000000000
96291  43.113  11.367  13.441 0.0000000000
96311  44.350  11.289  12.848 0.0000000000
140794  44.450  11.225  12.187 0.0000000000
140528  48.621  18.012  1.779 0.0000000000
122852  48.348  18.365  0.854 0.0000000000
124971  48.058  18.221  2.235 0.0000000000
101492  47.039  18.471  2.655 0.0000000000
101493  45.843  18.589  2.740 0.0000000000
99845  40.496  16.443  11.433 0.0000000000
98382  39.602  14.564  12.691 0.0000000000
104153  48.579  22.394  13.336 0.0000000000
121422  49.057  22.418  14.312 0.0000000000
119862  44.683  22.733  11.885 0.0000000000
104165  45.411  22.446  12.252 0.0000000000
121141  46.119  22.376  12.079 0.0000000000
136494  46.824  22.345  11.942 0.0000000000
104173  47.339  22.408  11.459 0.0000000000
120500  47.485  22.314  12.208 0.0000000000
135117  47.641  22.288  12.849 0.0000000000
94749  49.082  9.168  18.113 0.0000000000
94756  49.054  9.210  17.168 0.0000000000
129381  47.160  8.664  16.867 0.0000000000
94076  45.936  8.267  16.136 0.0000000000
91842  42.091  5.858  15.789 0.0000000000
92613  42.495  6.420  15.297 0.0000000000
91845  42.101  5.710  14.914 0.0000000000
91846  42.028  5.542  14.014 0.0000000000
101373  49.342  18.402  12.054 0.0000000000
141806  49.839  18.551  11.676 0.0000000000
100626  51.432  17.747  12.715 0.0000000000
101353  53.224  17.726  14.508 0.0000000000
100600  53.355  17.277  14.191 0.0000000000
99796  53.459  16.673  15.378 0.0000000000
99791  53.551  16.144  16.063 0.0000000000
99030  53.687  15.545  16.661 0.0000000000
99029  53.954  15.577  16.992 0.0000000000
98339  53.858  15.125  17.510 0.0000000000
102726  49.322  21.413  17.319 0.0000000000
102063  49.874  19.578  17.719 0.0000000000
101329  50.465  18.707  18.855 0.0000000000
98998  50.122  15.798  20.728 0.0000000000
99756  50.631  16.695  20.531 0.0000000000
121349  50.872  16.169  20.944 0.0000000000
98997  51.279  15.978  21.061 0.0000000000
98314  52.120  14.998  21.378 0.0000000000
136342  52.521  15.063  20.748 0.0000000000
97633  52.194  13.741  21.745 0.0000000000
124659  52.423  12.840  21.964 0.0000000000
96228  52.379  11.414  22.030 0.0000000000
95482  52.688  10.617  21.378 0.0000000000
124319  51.964  10.718  22.146 0.0000000000
94718  51.507  10.033  22.268 0.0000000000
94719  50.621  9.641  22.286 0.0000000000
95471  48.222  10.108  22.491 0.0000000000
131568  48.793  9.521  22.575 0.0000000000
94036  47.574  7.684  21.936 0.0000000000
107666  47.835  28.541  5.414 0.0000000000
107186  48.275  27.904  5.239 0.0000000000
107185  49.034  27.608  5.155 0.0000000000
107201  49.820  27.260  4.825 0.0000000000
106186  49.889  26.320  4.432 0.0000000000
104970  44.609  23.657  6.826 0.0000000000
105610  44.867  23.873  6.194 0.0000000000
104969  45.156  23.217  6.621 0.0000000000
102798  49.580  20.537  5.783 0.0000000000
102804  48.663  20.748  5.278 0.0000000000
125097  49.631  20.292  4.717 0.0000000000
123487  49.399  20.378  3.768 0.0000000000
102820  49.418  20.680  3.080 0.0000000000
102183  50.126  19.964  2.933 0.0000000000
102190  51.716  18.406  1.815 0.0000000000
101513  51.749  17.935  1.155 0.0000000000
101502  52.041  17.564  2.187 0.0000000000
101488  52.468  17.384  3.088 0.0000000000
100703  52.362  17.047  3.518 0.0000000000
101422  53.126  18.476  8.439 0.0000000000
123042  52.839  18.395  8.058 0.0000000000
101424  51.987  18.610  8.224 0.0000000000
102123  50.732  19.135  8.427 0.0000000000
128322  50.018  19.088  10.575 0.0000000000
99816  48.331  16.645  14.730 0.0000000000
99817  47.374  16.539  14.772 0.0000000000
96270  48.717  11.309  15.429 0.0000000000
96262  48.182  11.833  16.128 0.0000000000
120786  48.416  11.191  14.650 0.0000000000
96287  47.364  11.422  13.676 0.0000000000
96288  46.800  11.504  13.088 0.0000000000
135376  47.423  11.606  12.281 0.0000000000
96318  47.733  11.822  11.342 0.0000000000
96327  47.412  12.124  10.535 0.0000000000
94095  48.275  8.977  13.994 0.0000000000
133501  49.775  9.404  13.492 0.0000000000
94790  48.456  9.032  13.038 0.0000000000
94795  48.291  9.211  12.109 0.0000000000
94813  48.139  9.492  11.235 0.0000000000
99066  41.941  15.854  13.077 0.0000000000
99058  42.911  14.943  14.173 0.0000000000
99061  43.185  15.589  13.907 0.0000000000
98364  44.016  14.356  14.852 0.0000000000
102162  47.664  18.871  5.386 0.0000000000
124351  46.864  18.728  4.560 0.0000000000
102164  45.853  19.280  5.745 0.0000000000
119594  46.056  19.469  8.120 0.0000000000
101404  43.023  18.328  10.127 0.0000000000
100644  42.327  17.873  10.367 0.0000000000
142876  41.759  17.099  11.356 0.0000000000
104157  44.081  22.663  13.540 0.0000000000
126693  44.847  22.489  14.063 0.0000000000
93379  45.569  7.781  18.468 0.0000000000
93380  44.736  7.580  18.110 0.0000000000
93381  43.960  7.326  17.687 0.0000000000
92603  42.642  6.509  17.281 0.0000000000
92599  42.691  6.223  18.288 0.0000000000
91831  42.120  5.669  17.666 0.0000000000
91837  42.034  5.832  16.706 0.0000000000
91019  41.830  4.692  15.557 0.0000000000
91021  42.028  4.085  15.042 0.0000000000
101396  52.740  18.407  10.480 0.0000000000
101381  52.751  18.130  11.292 0.0000000000
100624  53.405  17.884  12.516 0.0000000000
101365  53.425  18.196  12.984 0.0000000000
101356  53.348  17.836  13.745 0.0000000000
100596  52.943  17.771  15.330 0.0000000000
100591  52.629  17.577  16.724 0.0000000000
101331  49.228  18.980  18.479 0.0000000000
100568  49.230  17.736  19.106 0.0000000000
99765  49.271  17.040  19.557 0.0000000000
99007  47.997  15.734  19.820 0.0000000000
98315  49.690  14.812  21.052 0.0000000000
98308  50.357  14.178  21.522 0.0000000000
131061  50.157  13.326  21.874 0.0000000000
96960  50.315  11.864  22.531 0.0000000000
96961  49.446  11.587  22.423 0.0000000000
96225  48.591  11.050  22.327 0.0000000000
132454  46.783  8.366  22.546 0.0000000000
106188  47.303  25.298  4.614 0.0000000000
104217  47.839  22.136  8.413 0.0000000000
104234  47.307  21.977  7.483 0.0000000000
103433  48.175  21.651  7.693 0.0000000000
137634  48.962  21.555  7.813 0.0000000000
103440  49.632  21.374  7.506 0.0000000000
119495  50.446  21.646  7.985 0.0000000000
103447  50.430  21.108  7.175 0.0000000000
102797  50.454  20.576  6.335 0.0000000000
119194  51.540  20.267  5.946 0.0000000000
122721  53.041  18.896  4.846 0.0000000000
102803  52.816  19.707  5.718 0.0000000000
102147  53.428  18.936  6.815 0.0000000000
102134  53.462  18.836  7.664 0.0000000000
102780  53.439  19.687  8.833 0.0000000000
102122  53.566  18.892  8.502 0.0000000000
101421  53.252  18.558  8.019 0.0000000000
101413  53.184  18.544  9.347 0.0000000000
101395  53.244  18.565  10.179 0.0000000000
98345  50.444  14.955  17.064 0.0000000000
98346  49.424  14.576  17.059 0.0000000000
98342  49.834  13.947  17.510 0.0000000000
97669  49.492  13.019  17.582 0.0000000000
97000  49.404  12.018  17.124 0.0000000000
96256  50.480  11.562  17.244 0.0000000000
121256  50.248  11.243  16.303 0.0000000000
136769  49.330  11.100  14.751 0.0000000000
137457  50.575  11.075  13.475 0.0000000000
96306  50.347  11.271  12.073 0.0000000000
94108  44.998  8.134  11.115 0.0000000000
94107  45.784  8.467  11.360 0.0000000000
94118  44.710  8.279  10.312 0.0000000000
95534  40.467  10.122  12.748 0.0000000000
97692  41.193  13.505  13.609 0.0000000000
97024  41.419  12.612  13.719 0.0000000000
141609  41.185  11.886  13.633 0.0000000000
96293  41.481  11.290  13.498 0.0000000000
95532  43.080  10.687  12.185 0.0000000000
95548  43.143  10.555  11.228 0.0000000000
102203  47.229  18.857  0.833 0.0000000000
102843  47.472  19.597  0.676 0.0000000000
101476  45.921  18.744  3.917 0.0000000000
103397  51.052  22.512  12.704 0.0000000000
126083  50.663  22.049  13.311 0.0000000000
103393  50.090  22.171  13.822 0.0000000000
141135  49.426  22.294  15.407 0.0000000000
104141  49.340  22.386  14.981 0.0000000000
103390  49.321  22.171  16.415 0.0000000000
102717  49.076  21.991  18.236 0.0000000000
102058  48.579  19.693  18.152 0.0000000000
101332  48.337  18.711  18.186 0.0000000000
100576  47.624  18.013  18.129 0.0000000000
100577  46.911  17.196  18.276 0.0000000000
106157  43.469  25.553  7.374 0.0000000000
105600  43.459  24.671  7.685 0.0000000000
104959  44.843  23.214  7.375 0.0000000000
127353  44.967  22.760  11.093 0.0000000000
104203  45.631  22.739  9.153 0.0000000000
123131  46.285  22.568  8.698 0.0000000000
104201  47.407  22.461  9.197 0.0000000000
119807  49.271  22.444  9.766 0.0000000000
104172  49.072  22.495  11.069 0.0000000000
104183  49.741  22.509  10.495 0.0000000000
122756  50.283  22.655  11.441 0.0000000000
104170  51.037  22.871  11.682 0.0000000000
94752  53.511  9.705  17.467 0.0000000000
94761  53.356  9.761  16.547 0.0000000000
94753  52.660  9.557  17.034 0.0000000000
94763  51.636  9.485  15.719 0.0000000000
94775  49.330  9.323  15.112 0.0000000000
94765  49.367  9.338  16.131 0.0000000000
136715  46.214  8.367  12.926 0.0000000000
93389  45.296  7.946  16.685 0.0000000000
93397  45.178  7.978  15.824 0.0000000000
93399  43.661  7.356  15.144 0.0000000000
93402  44.305  7.697  14.630 0.0000000000
93401  45.033  8.060  14.965 0.0000000000
93405  44.928  8.051  14.106 0.0000000000
93409  44.892  7.859  13.280 0.0000000000
94103  45.242  8.097  11.922 0.0000000000
93413  44.456  7.689  11.681 0.0000000000
101385  47.225  18.564  11.623 0.0000000000
101375  46.683  18.238  12.231 0.0000000000
124303  47.669  18.129  12.348 0.0000000000
100619  48.240  17.397  13.502 0.0000000000
100627  49.101  18.060  12.690 0.0000000000
100604  48.847  17.142  14.095 0.0000000000
129957  49.249  16.762  14.640 0.0000000000
99799  49.902  16.228  15.576 0.0000000000
99038  50.418  15.933  16.040 0.0000000000
100616  52.379  17.374  13.247 0.0000000000
100602  51.874  17.103  13.856 0.0000000000
99813  52.870  16.871  14.245 0.0000000000
99798  51.003  16.308  15.291 0.0000000000
97667  52.069  13.832  18.044 0.0000000000
97666  53.331  14.511  17.532 0.0000000000
96250  53.949  11.249  18.302 0.0000000000
120731  50.618  19.983  13.975 0.0000000000
102081  50.627  19.223  14.762 0.0000000000
102078  49.943  19.571  15.755 0.0000000000
101346  52.268  17.935  16.206 0.0000000000
101330  49.886  18.910  18.752 0.0000000000
100573  50.424  18.455  19.313 0.0000000000
100572  51.011  18.413  19.451 0.0000000000
99763  51.055  17.436  20.389 0.0000000000
137038  51.563  17.932  18.973 0.0000000000
100582  52.252  17.494  17.771 0.0000000000
99012  53.495  15.356  18.528 0.0000000000
98322  52.997  14.500  20.017 0.0000000000
97640  53.104  13.609  20.228 0.0000000000
97651  53.394  12.998  19.408 0.0000000000
139366  54.141  10.706  18.537 0.0000000000
94751  54.163  9.920  17.887 0.0000000000
94746  53.413  9.700  18.518 0.0000000000
94728  52.661  9.995  21.051 0.0000000000
120440  52.041  9.763  20.579 0.0000000000
94748  49.962  9.295  18.406 0.0000000000
94742  49.275  8.945  19.034 0.0000000000
94060  48.483  8.743  18.752 0.0000000000
96223  50.851  11.327  22.668 0.0000000000
95468  50.747  10.220  22.631 0.0000000000
137710  49.162  9.133  22.499 0.0000000000
121697  49.792  9.212  22.312 0.0000000000
94044  49.546  8.707  21.573 0.0000000000
94054  48.682  8.408  20.311 0.0000000000
94055  47.925  8.425  19.596 0.0000000000
94056  47.055  8.231  19.155 0.0000000000
92593  44.376  6.589  19.485 0.0000000000
92588  44.114  5.835  20.135 0.0000000000
106725  51.572  27.093  3.382 0.0000000000
106726  51.212  26.274  3.684 0.0000000000
106196  52.139  25.917  2.921 0.0000000000
105656  52.397  24.638  2.106 0.0000000000
105007  52.277  23.811  1.580 0.0000000000
104315  52.240  22.627  0.324 0.0000000000
106189  46.552  25.202  4.886 0.0000000000
105631  47.644  24.549  4.256 0.0000000000
104250  46.956  21.873  6.572 0.0000000000
103450  47.362  21.507  5.898 0.0000000000
141443  48.265  20.943  4.734 0.0000000000
104996  47.759  22.935  3.723 0.0000000000
105646  48.083  23.885  3.792 0.0000000000
128248  49.079  24.180  3.554 0.0000000000
104994  49.683  23.582  3.063 0.0000000000
105009  50.388  22.942  2.461 0.0000000000
103495  49.850  21.219  2.459 0.0000000000
104303  51.303  22.386  1.702 0.0000000000
104316  52.151  22.057  0.772 0.0000000000
103506  52.261  21.811  0.093 0.0000000000
103520  51.946  21.638  -0.276 0.0000000000
102221  51.015  19.815  -0.500 0.0000000000
101526  49.862  18.019  -0.070 0.0000000000
101514  51.474  17.550  1.061 0.0000000000
100718  50.377  17.380  1.081 0.0000000000
101515  49.594  17.748  0.550 0.0000000000
100712  49.063  17.823  2.416 0.0000000000
101489  49.017  17.851  3.352 0.0000000000
101463  48.550  18.396  4.847 0.0000000000
101470  53.025  17.615  4.523 0.0000000000
100695  52.646  17.284  4.283 0.0000000000
100677  52.459  17.224  4.889 0.0000000000
101448  52.816  17.779  6.602 0.0000000000
101461  51.406  17.512  5.229 0.0000000000
100686  51.712  17.081  4.312 0.0000000000
101471  50.551  17.614  4.707 0.0000000000
101462  49.529  18.207  5.198 0.0000000000
136122  48.100  19.440  6.994 0.0000000000
119104  47.840  19.494  7.735 0.0000000000
102125  48.571  19.520  8.451 0.0000000000
102126  47.561  19.542  8.604 0.0000000000
102113  47.356  19.477  9.562 0.0000000000
99829  46.133  16.779  13.993 0.0000000000
99819  45.633  16.211  14.537 0.0000000000
99054  46.036  15.778  15.188 0.0000000000
141670  45.100  13.687  15.540 0.0000000000
131458  45.282  12.726  15.334 0.0000000000
98347  48.357  14.352  16.952 0.0000000000
137702  48.087  13.569  17.037 0.0000000000
98348  47.440  14.057  16.697 0.0000000000
97005  47.440  12.269  16.137 0.0000000000
97006  46.809  12.785  16.143 0.0000000000
120457  46.044  12.601  15.594 0.0000000000
97012  45.436  12.167  14.916 0.0000000000
137286  45.031  11.382  13.003 0.0000000000
96310  45.062  11.387  12.144 0.0000000000
119544  45.991  11.650  11.681 0.0000000000
96329  44.569  11.466  10.518 0.0000000000
94771  53.117  9.775  15.461 0.0000000000
94781  52.763  9.817  14.480 0.0000000000
139682  52.457  10.013  14.073 0.0000000000
94788  50.595  9.635  13.013 0.0000000000
94787  51.505  9.796  13.280 0.0000000000
95517  51.670  10.262  13.021 0.0000000000
129541  51.277  10.644  12.186 0.0000000000
96305  51.202  11.068  11.662 0.0000000000
96316  50.698  11.371  11.141 0.0000000000
94116  46.384  8.885  10.795 0.0000000000
94814  47.196  9.251  11.048 0.0000000000
94832  48.040  9.714  10.330 0.0000000000
94846  47.906  9.979  9.474 0.0000000000
94845  48.974  10.396  9.579 0.0000000000
94831  49.114  10.085  10.471 0.0000000000
95555  50.036  10.766  9.706 0.0000000000
121852  50.443  11.798  9.636 0.0000000000
136044  50.157  11.742  10.721 0.0000000000
97040  49.597  12.366  9.147 0.0000000000
97041  48.250  12.372  9.526 0.0000000000
128155  42.989  2.372  17.860 0.0000000000
89418  43.321  2.538  17.082 0.0000000000
89417  44.287  2.252  17.074 0.0000000000
89430  43.125  2.923  16.230 0.0000000000
88614  43.671  1.916  17.861 0.0000000000
89395  42.598  2.523  19.132 0.0000000000
89404  43.045  2.102  18.533 0.0000000000
89405  42.545  2.709  18.319 0.0000000000
89419  42.607  2.873  17.531 0.0000000000
90178  42.252  3.471  17.142 0.0000000000
91000  42.619  4.678  19.602 0.0000000000
91015  41.794  4.624  16.264 0.0000000000
91825  42.623  5.261  19.213 0.0000000000
91828  42.372  5.449  18.542 0.0000000000
91838  41.786  5.234  16.141 0.0000000000
91843  41.869  5.273  15.408 0.0000000000
92602  43.173  6.983  16.567 0.0000000000
92608  43.077  6.938  15.676 0.0000000000
92612  43.005  6.916  14.767 0.0000000000
92619  42.444  6.215  13.432 0.0000000000
92622  42.460  6.106  12.469 0.0000000000
93383  45.390  7.927  17.578 0.0000000000
94035  48.238  8.264  22.019 0.0000000000
94053  49.298  8.529  20.792 0.0000000000
94066  47.579  8.708  17.177 0.0000000000
94067  46.839  8.495  17.368 0.0000000000
94075  46.746  8.596  16.435 0.0000000000
94084  47.356  8.821  15.572 0.0000000000
94085  46.530  8.531  15.561 0.0000000000
94091  47.375  8.744  14.591 0.0000000000
94092  46.521  8.504  14.721 0.0000000000
94097  46.453  8.498  13.775 0.0000000000
94102  45.472  8.113  12.713 0.0000000000
94729  51.951  9.869  21.542 0.0000000000
94739  53.935  9.923  18.803 0.0000000000
94740  53.149  9.909  19.758 0.0000000000
94755  49.808  9.370  17.477 0.0000000000
94760  53.951  9.917  17.185 0.0000000000
94772  52.780  9.642  15.066 0.0000000000
94780  52.940  9.691  14.934 0.0000000000
94784  49.317  9.304  14.189 0.0000000000
94786  52.179  9.908  13.699 0.0000000000
94810  51.006  10.442  11.919 0.0000000000
95495  54.174  10.213  18.574 0.0000000000
95498  54.197  10.238  17.872 0.0000000000
95499  54.038  10.012  17.205 0.0000000000
95500  53.538  10.213  16.793 0.0000000000
95510  53.009  9.823  14.922 0.0000000000
95511  52.524  9.819  14.391 0.0000000000
95547  50.933  10.779  11.143 0.0000000000
95554  50.582  11.213  10.222 0.0000000000
96221  51.922  11.714  22.424 0.0000000000
96222  51.450  11.540  22.521 0.0000000000
96246  53.900  11.444  19.014 0.0000000000
96309  46.721  11.643  12.093 0.0000000000
96325  50.568  11.539  10.349 0.0000000000
96994  53.281  12.104  18.477 0.0000000000
97636  50.611  12.680  22.319 0.0000000000
97672  48.189  12.922  16.942 0.0000000000
97674  46.941  13.473  16.430 0.0000000000
97681  44.878  13.216  15.351 0.0000000000
98313  52.659  14.263  21.037 0.0000000000
98321  53.426  13.893  19.184 0.0000000000
98352  46.965  14.710  16.248 0.0000000000
98354  45.304  14.217  15.609 0.0000000000
98988  51.495  15.224  21.407 0.0000000000
98996  51.701  15.734  21.122 0.0000000000
99044  44.836  14.762  15.231 0.0000000000
99828  46.988  16.913  14.128 0.0000000000
100564  52.086  16.847  19.652 0.0000000000
100643  42.926  18.064  10.817 0.0000000000
100685  53.085  17.481  5.023 0.0000000000
100696  52.324  16.982  4.030 0.0000000000
100717  51.178  17.320  0.993 0.0000000000
100719  49.249  17.742  1.342 0.0000000000
100726  50.539  17.592  0.371 0.0000000000
101388  44.869  18.195  11.671 0.0000000000
101394  53.449  18.773  9.813 0.0000000000
101412  53.395  18.682  8.951 0.0000000000
101433  53.315  18.319  7.081 0.0000000000
101449  51.000  18.160  6.040 0.0000000000
101460  53.364  18.061  5.127 0.0000000000
101516  48.831  18.042  0.809 0.0000000000
101517  47.645  18.538  1.047 0.0000000000
101525  51.323  17.819  0.497 0.0000000000
101528  48.132  18.598  0.750 0.0000000000
102100  49.383  19.411  9.830 0.0000000000
102112  48.104  19.577  9.177 0.0000000000
102136  49.614  19.212  7.067 0.0000000000
102148  53.410  19.160  6.125 0.0000000000
102170  53.001  18.076  4.309 0.0000000000
102214  47.945  18.966  0.557 0.0000000000
102220  51.552  20.016  -0.196 0.0000000000
102763  52.955  20.674  10.122 0.0000000000
102851  51.543  20.751  -0.368 0.0000000000
103394  49.711  22.267  14.064 0.0000000000
103415  52.452  21.402  10.410 0.0000000000
103448  49.612  20.972  6.653 0.0000000000
103451  46.701  22.006  5.778 0.0000000000
104169  51.347  22.648  11.310 0.0000000000
105594  43.157  24.552  8.402 0.0000000000
105612  43.834  24.839  6.990 0.0000000000
108215  49.237  29.867  5.559 0.0000000000
118780  48.259  18.237  1.284 0.0000000000
118809  46.149  18.895  10.836 0.0000000000
120886  44.855  18.589  2.400 0.0000000000
121675  50.092  12.205  9.908 0.0000000000
122168  50.612  9.427  16.736 0.0000000000
123855  51.229  21.744  8.420 0.0000000000
126353  47.954  12.469  16.542 0.0000000000
127588  46.764  19.494  0.935 0.0000000000
128047  46.983  17.855  12.776 0.0000000000
130351  46.343  7.996  18.786 0.0000000000
131060  52.198  17.599  5.872 0.0000000000
133843  44.733  2.604  15.750 0.0000000000
134310  48.148  22.356  12.525 0.0000000000
134506  46.888  8.519  13.064 0.0000000000
137447  50.643  10.743  22.678 0.0000000000
138554  49.016  9.248  13.560 0.0000000000
138730  43.363  7.035  17.291 0.0000000000
138931  53.444  19.417  8.075 0.0000000000
140263  50.100  14.483  17.308 0.0000000000
140755  51.319  18.326  0.101 0.0000000000
141064  49.782  9.400  16.726 0.0000000000
