#!ascii label  , from subject sub-048 vox2ras=TkReg
747
127473  -51.879  -64.206  -43.516 0.5000000000
133608  -51.148  -66.364  -44.977 0.8000000119
28297  -49.413  -65.591  -43.934 0.8000000119
116766  -50.178  -67.016  -45.076 0.8000000119
132552  -50.467  -66.064  -44.628 0.8000000119
124918  -52.590  -65.434  -43.701 0.5000000000
29088  -51.658  -64.426  -43.812 0.5000000000
29090  -51.066  -65.334  -44.291 0.6000000238
28285  -48.417  -65.061  -43.088 0.6999999881
29085  -49.110  -64.804  -43.424 0.6999999881
28298  -50.202  -65.372  -44.183 0.8000000119
29087  -50.845  -64.465  -43.910 0.6999999881
28287  -52.374  -65.129  -42.966 0.6000000238
29080  -52.071  -64.090  -43.292 0.5000000000
29905  -52.251  -63.229  -43.222 0.6000000238
27606  -47.011  -66.289  -43.168 0.6999999881
29911  -52.073  -62.756  -43.724 0.6000000238
28284  -47.642  -65.388  -42.756 0.6999999881
28295  -47.838  -66.150  -43.354 0.6999999881
112816  -51.524  -63.511  -43.746 0.6000000238
130820  -52.152  -62.031  -43.918 0.6000000238
29086  -49.883  -64.592  -43.758 0.8000000119
114927  -50.566  -63.635  -43.731 0.8000000119
29910  -51.462  -62.549  -43.866 0.6999999881
29073  -51.661  -64.402  -41.853 0.4000000060
29897  -52.030  -63.236  -42.434 0.6000000238
133746  -46.705  -64.520  -41.719 0.6999999881
31501  -52.176  -61.538  -42.919 0.6000000238
29071  -47.281  -64.660  -42.088 0.6999999881
29077  -48.108  -64.309  -42.578 0.6999999881
122497  -48.767  -64.052  -43.022 0.6999999881
29078  -49.511  -63.830  -43.457 0.6000000238
30728  -50.819  -61.903  -43.689 0.6999999881
32318  -50.755  -60.385  -43.293 0.5000000000
30722  -48.608  -62.450  -42.892 0.6000000238
29904  -49.075  -63.117  -43.181 0.6000000238
30723  -49.529  -62.191  -43.387 0.6000000238
31508  -50.138  -61.230  -43.487 0.6000000238
32317  -49.379  -60.514  -43.169 0.6000000238
124890  -49.362  -59.757  -42.931 0.5000000000
29072  -51.056  -63.911  -41.385 0.4000000060
114965  -46.139  -64.492  -41.538 0.6999999881
30717  -52.084  -62.278  -42.493 0.6000000238
30716  -51.600  -61.899  -42.019 0.6000000238
29902  -47.701  -63.508  -42.063 0.6999999881
31509  -51.881  -60.920  -43.174 0.6000000238
30721  -47.947  -62.582  -42.252 0.6999999881
32319  -51.468  -60.466  -43.074 0.5000000000
115820  -51.071  -59.644  -42.807 0.6000000238
31506  -48.205  -61.870  -42.535 0.6999999881
31507  -48.905  -61.538  -43.134 0.6000000238
116774  -50.203  -59.851  -43.099 0.5000000000
33291  -51.086  -58.667  -42.487 0.5000000000
120586  -48.516  -60.051  -42.601 0.5000000000
29069  -43.766  -65.571  -41.719 0.6000000238
29882  -44.270  -63.749  -40.532 0.6000000238
29885  -50.431  -63.458  -40.775 0.5000000000
30705  -49.727  -62.362  -40.248 0.5000000000
29883  -45.163  -63.688  -40.703 0.6999999881
29070  -45.319  -64.472  -41.282 0.6999999881
29896  -51.280  -62.912  -41.673 0.5000000000
31491  -51.061  -61.481  -41.571 0.5000000000
31490  -50.303  -61.524  -40.859 0.4000000060
29895  -46.803  -63.709  -41.578 0.6999999881
30715  -47.185  -62.613  -41.730 0.6999999881
31499  -51.029  -60.602  -41.705 0.5000000000
31498  -47.550  -61.759  -42.016 0.6999999881
32313  -51.270  -59.197  -42.327 0.5000000000
32316  -48.179  -60.991  -42.472 0.6000000238
33287  -51.317  -58.426  -42.009 0.5000000000
127678  -47.738  -60.284  -42.135 0.5000000000
33289  -48.845  -59.261  -42.715 0.5000000000
34317  -50.537  -58.213  -42.585 0.5000000000
34316  -49.375  -58.506  -42.640 0.5000000000
35260  -50.558  -57.650  -42.221 0.3000000119
31478  -48.574  -61.571  -39.453 0.3000000119
29055  -42.416  -64.525  -41.420 0.6000000238
29056  -43.507  -64.622  -41.110 0.6000000238
31479  -49.346  -61.571  -40.226 0.4000000060
30704  -44.975  -62.951  -40.170 0.6000000238
112317  -50.085  -60.675  -40.749 0.5000000000
29894  -45.929  -63.601  -41.169 0.6999999881
30714  -46.415  -62.688  -41.282 0.6999999881
32305  -50.874  -59.694  -41.423 0.5000000000
33281  -51.164  -58.366  -41.375 0.5000000000
125115  -47.255  -60.902  -41.871 0.5000000000
34308  -50.945  -57.952  -41.260 0.4000000060
131881  -50.900  -57.650  -41.958 0.3000000119
35258  -50.582  -57.324  -41.667 0.4000000060
34313  -48.864  -57.941  -42.434 0.5000000000
35259  -49.831  -57.830  -42.477 0.4000000060
29880  -42.168  -63.606  -41.057 0.6000000238
30702  -42.930  -63.046  -40.094 0.6000000238
30703  -43.999  -63.064  -39.953 0.6000000238
31487  -44.679  -62.237  -39.744 0.6000000238
32304  -49.872  -59.782  -40.559 0.3000000119
30713  -45.768  -62.787  -40.710 0.6000000238
33279  -49.838  -58.775  -40.458 0.3000000119
124262  -46.199  -61.990  -40.959 0.6000000238
31497  -46.727  -61.653  -41.488 0.6999999881
34305  -49.433  -57.987  -40.309 0.3000000119
33280  -50.745  -58.961  -40.923 0.3000000119
31496  -46.245  -61.188  -41.035 0.6000000238
35251  -50.065  -57.069  -40.798 0.3000000119
34307  -50.368  -57.885  -40.754 0.3000000119
32310  -46.298  -60.226  -41.177 0.5000000000
32311  -46.671  -60.769  -41.455 0.5000000000
32312  -47.037  -60.013  -41.755 0.5000000000
36072  -49.478  -55.442  -40.801 0.3000000119
122359  -49.643  -56.136  -40.698 0.3000000119
132645  -47.830  -58.905  -42.113 0.5000000000
36073  -50.104  -56.394  -41.149 0.3000000119
33284  -46.526  -59.396  -41.569 0.5000000000
118830  -49.223  -56.289  -41.671 0.4000000060
118301  -41.956  -62.751  -40.647 0.5000000000
30691  -42.571  -62.279  -39.744 0.6000000238
116539  -45.619  -61.884  -40.444 0.6000000238
128841  -45.126  -61.306  -39.943 0.5000000000
125338  -48.045  -55.409  -39.675 0.3000000119
31488  -45.790  -60.854  -40.612 0.6000000238
36902  -48.954  -54.800  -40.129 0.3000000119
36070  -49.079  -55.415  -40.324 0.3000000119
34311  -46.824  -58.625  -41.723 0.5000000000
35256  -48.432  -57.261  -42.118 0.4000000060
123555  -47.692  -56.638  -41.775 0.4000000060
31474  -42.138  -61.498  -39.569 0.5000000000
31475  -43.206  -61.604  -39.262 0.5000000000
30692  -43.636  -62.366  -39.513 0.5000000000
116198  -43.781  -60.870  -39.150 0.5000000000
130185  -47.576  -54.590  -37.909 0.3000000119
36899  -47.770  -54.928  -39.301 0.3000000119
134254  -45.331  -60.575  -40.110 0.6000000238
32303  -45.746  -60.046  -40.565 0.6000000238
33283  -45.908  -59.404  -41.157 0.5000000000
34310  -46.096  -58.851  -41.503 0.5000000000
36907  -48.931  -55.016  -41.179 0.4000000060
133190  -47.270  -54.976  -41.231 0.4000000060
32291  -42.748  -60.881  -39.162 0.5000000000
37706  -47.737  -54.377  -36.995 0.4000000060
128254  -47.554  -53.547  -37.321 0.4000000060
32293  -44.685  -60.729  -39.553 0.5000000000
33272  -45.086  -59.909  -39.761 0.5000000000
120477  -47.522  -53.663  -38.243 0.4000000060
38528  -47.363  -52.744  -37.975 0.3000000119
33271  -44.463  -59.373  -39.175 0.4000000060
114877  -47.829  -53.427  -39.556 0.3000000119
128883  -45.068  -59.134  -39.672 0.5000000000
33278  -45.522  -59.261  -40.329 0.4000000060
34306  -45.668  -58.503  -40.893 0.4000000060
36074  -46.961  -55.978  -41.590 0.4000000060
33257  -41.796  -59.538  -38.871 0.5000000000
33258  -42.757  -59.622  -38.566 0.5000000000
32280  -43.267  -60.268  -38.840 0.5000000000
37700  -48.413  -53.914  -36.476 0.4000000060
32292  -44.194  -60.139  -39.151 0.5000000000
33259  -43.659  -59.559  -38.700 0.4000000060
39305  -47.661  -52.797  -36.894 0.4000000060
40076  -47.870  -51.792  -37.287 0.4000000060
34296  -44.004  -58.800  -38.612 0.4000000060
39310  -47.554  -52.112  -37.808 0.4000000060
34303  -45.275  -58.496  -39.967 0.4000000060
118247  -45.398  -57.718  -40.301 0.4000000060
116212  -46.159  -58.080  -41.509 0.4000000060
35250  -45.515  -56.926  -40.701 0.4000000060
36904  -46.669  -55.372  -41.166 0.4000000060
37714  -47.391  -54.016  -40.920 0.4000000060
125798  -46.864  -54.699  -41.040 0.4000000060
34294  -42.246  -58.920  -38.349 0.4000000060
40079  -50.568  -52.838  -36.236 0.4000000060
39306  -48.700  -52.506  -36.444 0.4000000060
34282  -42.626  -58.281  -37.790 0.5000000000
34295  -43.167  -58.920  -38.259 0.4000000060
34302  -44.697  -58.589  -39.257 0.4000000060
40914  -49.353  -51.020  -36.816 0.4000000060
35246  -44.912  -57.785  -39.506 0.4000000060
35247  -45.091  -56.958  -39.845 0.4000000060
118021  -47.526  -53.338  -40.635 0.3000000119
36071  -45.974  -56.099  -40.995 0.4000000060
34281  -41.603  -58.250  -38.013 0.4000000060
35232  -43.177  -57.548  -37.396 0.4000000060
40915  -50.445  -51.963  -36.687 0.4000000060
36058  -43.619  -56.757  -37.164 0.4000000060
35243  -43.587  -58.134  -38.061 0.4000000060
35233  -44.167  -57.250  -37.851 0.4000000060
115900  -44.344  -57.950  -38.688 0.4000000060
35244  -44.651  -57.101  -38.900 0.4000000060
36067  -44.836  -56.223  -39.357 0.4000000060
36068  -45.302  -56.110  -40.242 0.4000000060
118712  -46.816  -53.368  -40.746 0.4000000060
36901  -45.792  -55.184  -40.621 0.4000000060
37713  -46.293  -54.223  -40.671 0.4000000060
35231  -42.069  -57.591  -37.416 0.4000000060
36057  -42.631  -56.880  -37.041 0.4000000060
36895  -43.907  -56.046  -36.990 0.4000000060
36065  -44.536  -56.392  -38.294 0.4000000060
36898  -44.639  -55.518  -38.859 0.4000000060
39315  -47.047  -51.969  -40.687 0.4000000060
36900  -45.008  -55.346  -39.795 0.4000000060
37709  -44.788  -54.683  -39.288 0.4000000060
37710  -45.349  -54.475  -40.051 0.4000000060
119364  -45.869  -53.601  -40.249 0.4000000060
36886  -42.599  -55.627  -36.549 0.4000000060
36048  -43.099  -56.229  -36.760 0.4000000060
128402  -43.408  -55.638  -36.687 0.4000000060
123032  -43.987  -55.236  -37.026 0.4000000060
113994  -44.382  -55.619  -37.758 0.4000000060
36887  -44.478  -54.546  -37.620 0.4000000060
123053  -44.567  -54.895  -38.446 0.4000000060
38527  -45.210  -52.835  -38.325 0.4000000060
39314  -46.577  -52.005  -40.606 0.3000000119
38531  -45.647  -53.013  -39.682 0.4000000060
38533  -46.340  -52.746  -40.473 0.4000000060
37696  -42.204  -55.032  -36.222 0.4000000060
37689  -42.845  -54.415  -35.879 0.4000000060
38508  -43.715  -54.199  -36.230 0.4000000060
37698  -44.050  -54.561  -36.820 0.4000000060
38526  -44.893  -53.551  -37.961 0.4000000060
40099  -47.280  -50.831  -40.521 0.4000000060
39311  -45.450  -52.406  -39.074 0.4000000060
39312  -45.908  -52.203  -40.028 0.5000000000
130787  -46.448  -50.978  -40.378 0.4000000060
40091  -45.714  -51.721  -39.540 0.5000000000
38507  -42.504  -53.731  -35.469 0.4000000060
39291  -43.274  -53.084  -35.320 0.4000000060
129527  -43.322  -53.817  -35.708 0.4000000060
39292  -44.236  -52.678  -35.633 0.4000000060
38509  -44.073  -53.458  -35.949 0.4000000060
39309  -45.303  -52.253  -38.299 0.4000000060
40941  -45.967  -51.057  -39.793 0.5000000000
39290  -42.134  -52.977  -35.113 0.4000000060
39280  -42.757  -52.440  -34.750 0.4000000060
39281  -43.657  -52.276  -35.022 0.4000000060
134679  -45.611  -51.455  -39.135 0.4000000060
40933  -46.222  -50.367  -39.738 0.5000000000
39279  -41.803  -52.283  -34.794 0.4000000060
126573  -43.233  -51.884  -34.561 0.4000000060
40051  -43.988  -51.574  -34.700 0.4000000060
41765  -45.981  -50.247  -38.768 0.5000000000
122927  -42.557  -49.409  -34.175 0.4000000060
40049  -41.521  -51.608  -34.668 0.4000000060
41745  -42.874  -50.238  -34.234 0.4000000060
40050  -42.468  -51.758  -34.531 0.4000000060
122954  -43.618  -49.467  -34.236 0.4000000060
124110  -44.470  -49.998  -34.276 0.5000000000
40891  -41.290  -50.906  -34.501 0.4000000060
33285  -47.300  -59.126  -41.853 0.5000000000
35255  -47.135  -57.696  -41.802 0.5000000000
36075  -48.438  -55.711  -41.559 0.4000000060
28299  -52.185  -64.839  -43.751 0.5000000000
27624  -49.117  -67.440  -45.288 0.8000000119
27616  -48.881  -66.680  -44.381 0.8000000119
116427  -47.919  -66.811  -44.253 0.6999999881
28288  -52.770  -65.906  -43.233 0.5000000000
27615  -46.767  -67.174  -43.911 0.6999999881
28275  -52.359  -65.856  -41.758 0.5000000000
27605  -45.903  -66.877  -43.415 0.6999999881
28286  -52.004  -65.097  -42.029 0.4000000060
28273  -46.380  -65.201  -42.008 0.6999999881
29057  -44.479  -64.515  -41.102 0.6999999881
29873  -50.525  -64.338  -40.388 0.4000000060
116290  -49.896  -63.821  -39.739 0.4000000060
131775  -42.956  -66.264  -42.066 0.6000000238
30693  -48.998  -62.519  -39.334 0.4000000060
29893  -41.557  -64.229  -41.697 0.6000000238
29879  -41.260  -63.237  -41.379 0.5000000000
30701  -41.615  -62.049  -40.214 0.5000000000
32290  -41.700  -60.779  -39.404 0.5000000000
32278  -41.304  -60.050  -39.327 0.4000000060
34293  -41.156  -58.732  -39.076 0.4000000060
35230  -41.082  -57.317  -37.987 0.4000000060
113118  -41.586  -56.741  -37.367 0.4000000060
36046  -41.092  -56.023  -37.268 0.4000000060
36885  -41.595  -55.551  -36.710 0.4000000060
37688  -41.848  -54.321  -35.854 0.4000000060
38506  -41.500  -53.492  -35.542 0.4000000060
114133  -41.190  -52.697  -35.233 0.4000000060
124909  -41.017  -50.142  -34.225 0.4000000060
28304  -49.725  -66.387  -44.535 0.8000000119
29079  -52.080  -64.106  -42.751 0.5000000000
28296  -48.688  -65.884  -43.620 0.6999999881
29903  -48.378  -63.327  -42.626 0.6999999881
30729  -51.852  -61.713  -43.906 0.6999999881
29909  -50.120  -62.878  -43.556 0.6999999881
31500  -51.597  -61.055  -42.422 0.6000000238
31512  -51.525  -61.071  -43.517 0.6000000238
134270  -51.230  -59.815  -42.200 0.5000000000
29884  -49.964  -63.053  -40.283 0.5000000000
31489  -48.981  -60.711  -40.194 0.3000000119
34315  -48.334  -58.732  -42.453 0.5000000000
31476  -44.268  -61.551  -39.372 0.6000000238
34312  -47.784  -58.337  -42.078 0.5000000000
35254  -46.284  -57.013  -41.470 0.4000000060
128636  -45.717  -57.646  -41.025 0.4000000060
37717  -48.025  -54.580  -41.167 0.4000000060
36047  -42.078  -56.207  -36.858 0.4000000060
37708  -45.169  -53.858  -39.485 0.4000000060
123637  -43.745  -50.337  -34.253 0.4000000060
18849  -50.807  -75.826  -41.997 0.4000000060
132145  -51.497  -75.516  -42.247 0.4000000060
20791  -53.130  -74.512  -43.654 0.4000000060
131232  -53.449  -74.499  -43.727 0.4000000060
21689  -52.498  -74.390  -43.143 0.4000000060
21690  -52.996  -74.050  -43.722 0.4000000060
22584  -53.988  -73.813  -44.530 0.4000000060
23516  -54.831  -72.805  -46.580 0.5000000000
22576  -52.738  -73.593  -43.148 0.4000000060
22577  -53.518  -73.472  -43.814 0.4000000060
23511  -54.487  -71.984  -44.767 0.5000000000
24418  -54.431  -71.772  -45.583 0.5000000000
24424  -53.564  -71.405  -46.378 0.6000000238
131598  -52.744  -72.916  -42.081 0.4000000060
22569  -53.327  -72.480  -42.591 0.4000000060
23505  -54.055  -71.319  -43.663 0.4000000060
24425  -54.257  -72.044  -46.802 0.5000000000
131498  -51.558  -65.141  -41.303 0.3000000119
28245  -50.929  -65.109  -39.943 0.4000000060
116715  -49.298  -63.466  -38.924 0.3000000119
23519  -54.521  -72.256  -47.050 0.5000000000
27608  -53.371  -66.677  -42.917 0.5000000000
27597  -52.899  -66.395  -41.234 0.4000000060
23492  -53.146  -71.133  -40.992 0.4000000060
24413  -54.061  -71.016  -44.271 0.5000000000
24403  -53.456  -70.441  -41.658 0.4000000060
24408  -53.874  -70.868  -42.619 0.4000000060
24429  -53.494  -71.757  -47.453 0.6000000238
24435  -53.593  -71.101  -47.837 0.6000000238
25309  -53.583  -69.408  -47.141 0.6999999881
25315  -53.897  -70.324  -47.492 0.6999999881
26158  -54.209  -68.535  -46.362 0.6999999881
27617  -53.464  -66.742  -43.947 0.6999999881
26151  -53.330  -67.699  -46.030 0.6999999881
125023  -53.646  -70.365  -44.007 0.5000000000
24417  -53.765  -70.799  -44.934 0.6000000238
24428  -52.051  -71.186  -48.050 0.6000000238
25279  -53.530  -70.005  -42.536 0.4000000060
25286  -53.342  -69.770  -43.447 0.5000000000
25294  -52.090  -70.469  -45.750 0.6000000238
23518  -52.621  -71.458  -48.097 0.6000000238
25313  -52.225  -70.954  -48.469 0.6000000238
118051  -52.627  -69.044  -46.918 0.6000000238
25314  -52.982  -70.605  -48.133 0.6000000238
26157  -53.218  -68.420  -46.610 0.6999999881
28307  -52.997  -66.297  -44.455 0.6000000238
25273  -52.774  -69.163  -41.511 0.6000000238
26140  -51.694  -68.805  -43.127 0.6000000238
121665  -51.089  -69.521  -44.291 0.6999999881
121150  -51.923  -69.971  -44.782 0.6000000238
24422  -51.441  -70.447  -46.988 0.6000000238
25307  -51.839  -70.592  -47.960 0.6000000238
124848  -53.293  -69.636  -41.817 0.5000000000
25295  -53.039  -70.031  -44.567 0.6000000238
26156  -51.600  -69.391  -47.081 0.6000000238
26944  -52.336  -68.151  -46.405 0.6999999881
27632  -52.263  -66.845  -45.588 0.6999999881
114469  -52.527  -67.346  -45.913 0.6999999881
28306  -52.481  -65.768  -44.341 0.6000000238
27626  -52.670  -66.445  -45.034 0.6999999881
25292  -49.982  -69.832  -45.475 0.6999999881
25293  -50.998  -70.230  -45.739 0.6999999881
24421  -50.752  -69.827  -47.195 0.6000000238
28305  -51.841  -65.450  -44.376 0.5000000000
26943  -51.179  -68.446  -46.489 0.6999999881
26941  -51.825  -67.527  -45.950 0.6999999881
27625  -52.015  -66.293  -45.030 0.6000000238
114722  -48.271  -69.062  -46.237 0.6999999881
26938  -48.841  -68.188  -46.305 0.6999999881
25284  -50.023  -69.435  -44.216 0.6999999881
25305  -49.441  -68.849  -46.947 0.6000000238
26154  -49.745  -68.898  -47.054 0.5000000000
25300  -49.746  -69.425  -46.757 0.6999999881
25306  -50.104  -69.167  -47.163 0.6000000238
26942  -50.243  -68.605  -46.738 0.6999999881
27631  -51.489  -66.967  -45.612 0.5000000000
115246  -51.031  -69.803  -47.334 0.6000000238
26940  -50.865  -67.937  -45.996 0.6999999881
26937  -48.072  -68.239  -46.273 0.6999999881
27623  -48.132  -67.444  -45.173 0.6999999881
27630  -50.586  -67.474  -45.598 0.6000000238
27629  -49.718  -67.819  -45.742 0.6999999881
27607  -52.806  -66.228  -42.323 0.5000000000
26939  -49.817  -68.357  -46.390 0.6000000238
122049  -51.300  -75.289  -42.441 0.4000000060
23514  -54.723  -73.029  -45.806 0.4000000060
23497  -53.095  -72.088  -41.500 0.4000000060
24412  -53.838  -70.474  -43.327 0.4000000060
23498  -53.586  -71.437  -41.994 0.4000000060
115921  -53.656  -67.416  -45.283 0.6999999881
27633  -52.953  -66.975  -45.549 0.6999999881
24423  -52.380  -71.071  -46.822 0.6000000238
24427  -51.800  -70.373  -47.723 0.6000000238
25285  -52.382  -69.459  -43.786 0.6999999881
25301  -50.459  -70.040  -46.583 0.6000000238
25291  -49.000  -69.470  -45.932 0.6999999881
26149  -48.655  -68.645  -46.565 0.6000000238
119825  -52.717  -69.287  -40.772 0.4000000060
26136  -51.993  -68.716  -41.994 0.5000000000
119108  -49.345  -69.019  -43.617 0.6000000238
26115  -52.300  -69.079  -40.045 0.4000000060
26127  -52.226  -68.617  -40.988 0.5000000000
26135  -50.947  -68.432  -42.407 0.5000000000
26134  -49.922  -68.400  -42.726 0.5000000000
26133  -49.095  -68.485  -42.921 0.5000000000
26139  -50.552  -68.807  -43.403 0.5000000000
25283  -49.114  -69.586  -44.741 0.6000000238
114505  -48.276  -69.237  -44.367 0.5000000000
26143  -46.729  -68.709  -44.931 0.6999999881
26138  -47.319  -68.935  -44.268 0.6000000238
27621  -46.046  -67.983  -44.618 0.6000000238
25256  -52.062  -69.224  -39.063 0.5000000000
26106  -51.588  -68.534  -39.520 0.5000000000
26899  -50.022  -67.840  -40.938 0.5000000000
26124  -49.337  -68.133  -42.250 0.5000000000
26125  -50.249  -68.029  -41.712 0.5000000000
25289  -47.284  -68.751  -45.594 0.6000000238
117929  -47.197  -68.614  -43.381 0.6000000238
134567  -46.454  -68.726  -44.342 0.5000000000
130118  -51.022  -68.200  -39.166 0.5000000000
26887  -50.178  -67.753  -40.185 0.5000000000
26872  -49.490  -67.554  -39.786 0.5000000000
26898  -49.451  -67.832  -41.498 0.5000000000
26910  -47.804  -68.003  -42.224 0.5000000000
27622  -47.173  -67.680  -44.879 0.6000000238
26131  -45.961  -68.456  -43.988 0.5000000000
26919  -45.531  -68.065  -44.175 0.6000000238
25248  -51.220  -68.880  -37.905 0.5000000000
26873  -50.303  -67.814  -39.241 0.5000000000
130369  -49.542  -67.610  -38.942 0.5000000000
116739  -48.795  -67.377  -39.239 0.5000000000
26871  -47.828  -67.006  -39.658 0.6000000238
116350  -48.549  -67.335  -40.443 0.4000000060
26870  -46.793  -67.253  -40.125 0.4000000060
26884  -47.436  -67.430  -40.767 0.5000000000
26896  -46.998  -67.870  -41.818 0.5000000000
118332  -48.685  -67.678  -41.372 0.4000000060
128380  -45.113  -67.827  -41.120 0.4000000060
112115  -44.673  -67.667  -42.019 0.5000000000
26895  -45.838  -68.064  -42.458 0.5000000000
112662  -43.894  -67.547  -41.785 0.4000000060
26908  -45.394  -68.142  -43.572 0.6000000238
28282  -45.669  -66.214  -42.683 0.6000000238
28272  -45.381  -65.453  -41.958 0.6000000238
26883  -46.384  -67.737  -41.268 0.5000000000
27596  -43.783  -67.208  -42.215 0.5000000000
26893  -44.541  -67.470  -42.639 0.5000000000
26882  -45.410  -67.816  -41.829 0.5000000000
26892  -43.161  -67.302  -41.935 0.4000000060
125441  -44.438  -67.247  -42.646 0.6000000238
26906  -44.968  -67.782  -43.207 0.6000000238
28281  -44.935  -66.522  -42.601 0.6000000238
28270  -43.598  -66.740  -42.239 0.5000000000
29067  -41.778  -65.282  -42.086 0.4000000060
28269  -42.181  -66.232  -42.211 0.4000000060
29068  -42.727  -65.449  -41.789 0.5000000000
113048  -44.691  -65.202  -41.603 0.6000000238
33256  -40.981  -59.318  -39.531 0.3000000119
32289  -40.767  -60.562  -39.757 0.3000000119
31473  -41.169  -61.343  -39.910 0.4000000060
31486  -40.822  -61.885  -40.622 0.4000000060
134572  -40.645  -57.415  -38.459 0.3000000119
36884  -40.678  -55.352  -37.159 0.3000000119
114557  -40.692  -56.468  -37.813 0.3000000119
37695  -41.220  -54.827  -36.530 0.3000000119
38518  -40.920  -53.964  -36.274 0.3000000119
38505  -40.497  -53.070  -35.799 0.3000000119
39289  -40.512  -52.404  -35.368 0.3000000119
39278  -40.938  -52.077  -34.994 0.3000000119
35242  -40.819  -57.958  -38.640 0.3000000119
25290  -47.683  -69.070  -45.805 0.5000000000
26114  -51.544  -68.373  -40.418 0.5000000000
26909  -46.462  -68.340  -42.902 0.5000000000
27604  -45.004  -67.482  -43.302 0.6000000238
27598  -53.499  -66.770  -41.702 0.3000000119
26930  -54.455  -67.801  -44.706 0.6000000238
131422  -53.968  -67.310  -44.227 0.6000000238
29043  -52.357  -64.836  -38.243 0.3000000119
121897  -52.342  -65.493  -39.349 0.3000000119
28247  -52.758  -65.799  -39.702 0.3000000119
28257  -52.149  -65.885  -40.144 0.3000000119
28248  -53.461  -65.645  -39.722 0.3000000119
125959  -52.406  -66.109  -40.869 0.3000000119
28274  -51.913  -65.690  -41.094 0.3000000119
26920  -54.734  -67.788  -43.697 0.6000000238
26911  -54.075  -67.366  -43.239 0.5000000000
134870  -52.583  -64.260  -38.037 0.3000000119
29042  -51.539  -64.946  -38.159 0.3000000119
28238  -51.132  -65.189  -38.946 0.3000000119
29049  -50.392  -64.676  -39.336 0.3000000119
27575  -52.958  -66.199  -40.314 0.3000000119
26900  -54.137  -67.243  -42.220 0.4000000060
25274  -53.142  -69.758  -41.109 0.4000000060
29035  -52.372  -63.661  -37.655 0.3000000119
29033  -51.016  -64.438  -37.656 0.3000000119
29032  -50.076  -64.231  -37.846 0.3000000119
29041  -50.617  -64.743  -38.374 0.3000000119
21692  -54.802  -73.887  -43.940 0.5000000000
122406  -55.363  -73.378  -44.607 0.5000000000
19755  -52.097  -75.255  -42.514 0.4000000060
20775  -53.207  -74.835  -43.399 0.4000000060
20792  -54.068  -74.188  -44.061 0.4000000060
24431  -56.089  -70.899  -46.547 0.5000000000
23517  -56.332  -72.075  -46.153 0.5000000000
21715  -54.843  -73.619  -45.008 0.5000000000
22590  -55.635  -73.471  -45.675 0.5000000000
120554  -55.963  -68.899  -45.742 0.6000000238
25302  -56.199  -69.524  -46.100 0.6000000238
25311  -55.616  -70.178  -46.766 0.5000000000
22598  -56.032  -72.802  -46.740 0.5000000000
22589  -54.936  -73.546  -45.471 0.3000000119
22593  -55.243  -73.402  -46.265 0.4000000060
22597  -55.829  -73.235  -46.753 0.5000000000
26144  -55.448  -68.458  -45.040 0.6000000238
26159  -55.259  -69.110  -46.464 0.6000000238
24436  -54.680  -70.750  -47.372 0.6000000238
22596  -55.381  -73.161  -46.721 0.4000000060
24430  -55.445  -71.384  -47.025 0.5000000000
114989  -55.337  -68.111  -44.202 0.6000000238
27576  -53.720  -66.070  -40.190 0.3000000119
26901  -54.944  -67.256  -41.924 0.4000000060
118512  -55.088  -68.553  -45.887 0.6000000238
23523  -54.483  -71.695  -47.305 0.4000000060
28249  -54.302  -65.386  -39.929 0.3000000119
28240  -53.066  -65.270  -39.203 0.3000000119
27599  -54.367  -66.965  -41.158 0.3000000119
26912  -54.833  -67.694  -42.737 0.5000000000
134736  -54.499  -69.111  -46.764 0.6000000238
26145  -56.583  -68.724  -45.106 0.5000000000
26922  -56.743  -67.591  -44.039 0.5000000000
26921  -55.636  -67.787  -43.456 0.5000000000
26914  -56.245  -67.407  -43.064 0.4000000060
26913  -55.577  -67.426  -42.513 0.5000000000
125156  -57.342  -68.803  -45.148 0.5000000000
27618  -57.119  -67.020  -43.290 0.4000000060
27610  -56.418  -66.899  -42.394 0.4000000060
27609  -55.643  -67.024  -41.902 0.4000000060
25303  -56.748  -69.919  -45.656 0.5000000000
26153  -56.731  -69.244  -45.421 0.5000000000
16889  -54.942  -78.111  -40.932 0.3000000119
16903  -55.269  -78.338  -41.719 0.3000000119
17842  -55.270  -77.450  -40.462 0.3000000119
18784  -55.596  -75.763  -39.448 0.3000000119
19698  -55.964  -74.909  -39.216 0.4000000060
17822  -54.742  -76.966  -39.703 0.3000000119
22546  -56.547  -72.386  -39.124 0.4000000060
124205  -55.634  -73.460  -39.093 0.4000000060
127834  -55.129  -74.975  -39.008 0.3000000119
18782  -54.070  -76.208  -39.238 0.3000000119
120173  -56.520  -71.623  -39.475 0.4000000060
23483  -56.583  -70.945  -39.873 0.4000000060
21651  -55.246  -72.912  -39.557 0.4000000060
19697  -54.623  -75.460  -39.149 0.4000000060
19696  -53.913  -75.333  -39.197 0.4000000060
20719  -54.478  -74.726  -39.163 0.4000000060
26130  -59.562  -67.884  -41.634 0.3000000119
24400  -57.403  -69.842  -40.448 0.4000000060
25266  -57.264  -69.539  -41.283 0.4000000060
23493  -56.173  -70.843  -40.564 0.4000000060
22560  -55.373  -72.109  -40.274 0.4000000060
22559  -54.858  -72.888  -40.432 0.4000000060
21667  -54.434  -73.585  -40.129 0.4000000060
26915  -59.973  -67.324  -43.318 0.3000000119
26128  -58.268  -68.620  -42.363 0.4000000060
131767  -57.297  -69.704  -42.690 0.4000000060
24404  -57.038  -69.791  -41.967 0.4000000060
23500  -56.033  -71.198  -41.759 0.4000000060
23507  -56.194  -71.511  -43.194 0.4000000060
23499  -55.506  -72.019  -41.477 0.4000000060
23506  -55.663  -72.175  -42.675 0.4000000060
22570  -55.038  -72.730  -41.430 0.4000000060
20734  -53.925  -74.468  -39.731 0.4000000060
25281  -58.863  -68.512  -43.208 0.4000000060
25280  -58.005  -69.208  -43.224 0.4000000060
24414  -56.724  -70.800  -43.878 0.4000000060
21677  -54.541  -73.567  -41.511 0.4000000060
22578  -55.324  -72.709  -42.343 0.4000000060
19695  -53.369  -75.215  -39.548 0.4000000060
25287  -57.981  -69.483  -44.187 0.4000000060
24419  -56.886  -71.122  -44.889 0.4000000060
23513  -56.372  -71.907  -44.423 0.4000000060
21678  -54.916  -73.458  -42.666 0.4000000060
22586  -55.348  -73.132  -43.376 0.4000000060
131530  -57.136  -70.381  -45.010 0.4000000060
24426  -56.600  -70.895  -46.030 0.4000000060
26923  -57.931  -67.140  -44.355 0.4000000060
25296  -57.552  -69.477  -44.803 0.4000000060
25304  -57.274  -69.367  -45.131 0.4000000060
116683  -57.299  -66.454  -42.691 0.3000000119
28289  -57.001  -66.077  -42.000 0.3000000119
23515  -56.416  -72.347  -45.564 0.4000000060
26932  -57.467  -68.011  -45.043 0.4000000060
27601  -56.086  -66.384  -41.659 0.3000000119
24420  -57.034  -70.201  -45.285 0.4000000060
121218  -55.892  -72.755  -39.108 0.4000000060
22545  -55.814  -72.108  -39.481 0.4000000060
127426  -55.715  -71.416  -40.684 0.4000000060
115493  -54.778  -73.837  -39.328 0.4000000060
26129  -58.817  -68.179  -42.036 0.4000000060
25267  -57.866  -68.837  -40.885 0.4000000060
26902  -60.295  -67.400  -42.267 0.3000000119
26924  -59.738  -67.090  -43.971 0.3000000119
24410  -57.282  -69.921  -43.571 0.4000000060
25288  -58.564  -68.992  -43.946 0.4000000060
24415  -57.258  -70.135  -44.479 0.4000000060
120946  -56.772  -71.144  -45.494 0.4000000060
26146  -58.038  -68.579  -45.054 0.4000000060
25259  -59.143  -69.542  -39.699 0.3000000119
121357  -58.306  -72.776  -39.270 0.3000000119
20722  -57.392  -74.040  -39.428 0.3000000119
22547  -57.478  -72.128  -39.273 0.3000000119
24393  -58.232  -70.070  -39.664 0.3000000119
120655  -57.365  -72.769  -39.081 0.3000000119
23484  -57.468  -71.347  -39.493 0.3000000119
25268  -58.939  -68.842  -40.389 0.3000000119
24392  -57.408  -70.575  -39.845 0.3000000119
26117  -58.794  -68.343  -41.169 0.3000000119
26148  -59.238  -67.511  -44.367 0.3000000119
26934  -58.887  -67.474  -44.560 0.3000000119
26933  -58.391  -67.697  -44.821 0.3000000119
26118  -59.746  -68.321  -40.741 0.3000000119
25297  -58.386  -68.844  -44.525 0.3000000119
17821  -53.964  -77.169  -39.537 0.3000000119
18783  -54.906  -76.216  -39.460 0.3000000119
18803  -55.516  -76.702  -40.002 0.3000000119
20720  -55.291  -74.278  -39.052 0.4000000060
20721  -56.261  -74.083  -39.101 0.4000000060
20774  -52.687  -74.823  -43.209 0.4000000060
21652  -56.669  -73.233  -38.933 0.4000000060
21653  -57.900  -73.401  -39.386 0.3000000119
21691  -54.359  -74.305  -43.062 0.5000000000
21706  -53.648  -74.182  -44.019 0.4000000060
21714  -54.302  -73.866  -44.692 0.3000000119
21725  -55.320  -73.488  -45.917 0.5000000000
22585  -54.524  -73.430  -45.007 0.4000000060
22587  -56.072  -73.044  -45.125 0.5000000000
22591  -56.130  -73.351  -46.007 0.5000000000
22594  -55.736  -73.456  -46.414 0.5000000000
22595  -56.115  -73.112  -46.471 0.5000000000
23482  -55.878  -71.376  -39.924 0.4000000060
23504  -53.831  -71.868  -43.120 0.4000000060
23510  -54.218  -72.492  -44.273 0.4000000060
23512  -55.779  -72.543  -43.914 0.4000000060
23520  -55.438  -72.544  -46.908 0.5000000000
23521  -56.042  -71.820  -46.612 0.5000000000
23522  -53.409  -71.595  -47.674 0.6000000238
24409  -56.715  -70.467  -42.623 0.4000000060
24416  -53.023  -70.776  -45.599 0.6000000238
24432  -52.044  -70.982  -48.408 0.6000000238
24433  -52.229  -71.131  -48.417 0.6000000238
24434  -52.663  -71.217  -48.335 0.6000000238
25258  -58.275  -69.398  -40.181 0.3000000119
25265  -53.157  -70.338  -40.872 0.4000000060
25275  -57.600  -69.097  -41.987 0.4000000060
25278  -52.827  -69.213  -42.610 0.5000000000
25282  -48.234  -69.385  -45.363 0.5000000000
25298  -47.840  -68.669  -46.207 0.5000000000
25299  -48.999  -68.988  -46.639 0.6000000238
25308  -52.426  -70.124  -47.645 0.6000000238
25310  -54.683  -69.709  -47.085 0.6000000238
25312  -56.347  -70.266  -46.226 0.6000000238
26092  -50.825  -68.162  -38.446 0.5000000000
26093  -51.433  -68.708  -38.725 0.5000000000
26105  -50.951  -67.988  -39.859 0.5000000000
26113  -50.713  -68.006  -40.736 0.5000000000
26116  -58.221  -68.545  -41.633 0.4000000060
26123  -48.450  -68.334  -42.676 0.6000000238
26126  -51.285  -68.323  -41.359 0.5000000000
26132  -48.306  -68.772  -43.482 0.5000000000
26137  -59.563  -67.919  -42.695 0.4000000060
26141  -59.039  -68.472  -44.123 0.4000000060
26142  -59.441  -67.807  -44.113 0.3000000119
26147  -58.822  -68.063  -44.631 0.3000000119
26150  -49.256  -68.737  -46.726 0.6999999881
26152  -54.337  -68.065  -45.566 0.6000000238
26155  -50.374  -69.140  -47.143 0.6000000238
26885  -47.929  -67.596  -41.320 0.5000000000
26886  -49.431  -67.629  -40.697 0.5000000000
26894  -44.911  -67.775  -43.055 0.6000000238
26897  -48.779  -67.979  -42.009 0.5000000000
26907  -45.152  -67.919  -43.615 0.6000000238
26918  -45.489  -67.820  -43.919 0.6000000238
26926  -46.032  -68.377  -44.677 0.5000000000
26927  -46.873  -68.332  -45.161 0.6000000238
26928  -47.615  -67.972  -45.731 0.6999999881
26929  -48.255  -67.848  -45.964 0.6999999881
26931  -56.210  -68.200  -44.465 0.5000000000
26935  -59.358  -66.989  -44.306 0.3000000119
26936  -47.581  -68.400  -45.838 0.6000000238
27585  -53.602  -66.589  -40.744 0.3000000119
27586  -54.347  -66.215  -40.444 0.3000000119
27595  -42.762  -66.933  -42.113 0.4000000060
27627  -53.353  -66.857  -44.818 0.6999999881
27628  -58.781  -67.024  -44.478 0.3000000119
28239  -51.953  -65.259  -38.768 0.3000000119
28246  -51.629  -65.459  -39.572 0.3000000119
28256  -51.466  -65.434  -40.491 0.4000000060
28271  -44.429  -66.145  -42.202 0.6000000238
28276  -56.504  -65.586  -41.544 0.3000000119
28283  -46.665  -65.772  -42.670 0.6999999881
28300  -52.979  -66.051  -43.833 0.5000000000
29034  -51.971  -64.420  -37.698 0.3000000119
29058  -51.098  -64.775  -40.931 0.3000000119
29089  -51.895  -63.589  -43.521 0.6000000238
29881  -43.240  -63.817  -40.581 0.6000000238
30706  -50.542  -62.415  -41.061 0.5000000000
30724  -52.272  -62.258  -43.262 0.6000000238
31510  -52.127  -61.507  -43.579 0.6000000238
32279  -42.263  -60.241  -38.940 0.5000000000
32314  -51.375  -60.178  -42.717 0.5000000000
33270  -40.451  -59.671  -39.873 0.3000000119
33286  -51.226  -58.850  -41.621 0.5000000000
33288  -47.897  -59.476  -42.223 0.5000000000
33290  -50.131  -59.099  -42.792 0.5000000000
34309  -51.266  -58.048  -41.688 0.4000000060
34314  -51.132  -57.993  -42.187 0.3000000119
35252  -50.523  -57.434  -41.247 0.4000000060
35253  -50.961  -57.754  -41.656 0.4000000060
35257  -49.806  -57.097  -42.067 0.4000000060
36059  -44.199  -56.446  -37.521 0.4000000060
36906  -47.695  -55.253  -41.382 0.4000000060
37697  -43.294  -54.983  -36.445 0.4000000060
37707  -44.781  -54.122  -38.644 0.4000000060
38529  -45.183  -53.277  -38.838 0.4000000060
38534  -47.018  -52.574  -40.721 0.4000000060
39307  -49.926  -53.141  -36.165 0.4000000060
39308  -45.013  -52.859  -37.589 0.4000000060
40078  -49.778  -52.428  -36.482 0.4000000060
40097  -46.203  -51.520  -40.253 0.5000000000
40892  -42.210  -50.966  -34.420 0.4000000060
40893  -43.276  -51.117  -34.375 0.4000000060
40932  -45.688  -50.946  -39.017 0.4000000060
41744  -41.911  -50.183  -34.133 0.4000000060
112083  -45.876  -67.547  -40.620 0.4000000060
112084  -44.521  -67.758  -40.937 0.4000000060
113839  -47.626  -54.330  -38.864 0.3000000119
115980  -53.412  -76.618  -39.319 0.4000000060
116518  -52.690  -71.557  -47.579 0.6000000238
121710  -56.665  -70.248  -41.258 0.4000000060
122849  -59.462  -68.083  -43.584 0.3000000119
125928  -50.692  -58.364  -40.874 0.5000000000
127891  -45.483  -51.873  -38.878 0.4000000060
128014  -41.218  -62.466  -40.916 0.4000000060
128098  -56.802  -70.465  -40.368 0.4000000060
129108  -47.434  -69.130  -45.126 0.5000000000
129454  -49.536  -63.072  -39.673 0.5000000000
129801  -54.994  -78.648  -42.023 0.3000000119
132487  -53.799  -67.350  -44.789 0.6999999881
134507  -52.620  -65.122  -38.784 0.3000000119
134924  -53.913  -74.911  -39.255 0.4000000060
