#!ascii label  , from subject sub-022 vox2ras=TkReg
1405
48219  -44.140  -28.224  20.132 0.0000000000
58620  -52.400  -14.066  17.358 0.0000000000
53020  -49.613  -21.866  18.889 0.0000000000
29275  -19.043  -50.747  42.125 0.0000000000
100413  -41.419  -29.806  24.512 0.0000000000
36553  -32.985  -42.410  39.446 0.0000000000
38087  -41.329  -40.018  39.072 0.0000000000
42060  -44.119  -34.145  32.740 0.0000000000
44646  -45.570  -30.977  30.595 0.0000000000
35810  -23.902  -43.102  35.124 0.0000000000
36546  -27.208  -41.788  39.875 0.0000000000
36637  -27.677  -41.313  34.712 0.0000000000
36669  -37.929  -41.643  33.724 0.0000000000
38853  -41.574  -38.732  32.561 0.0000000000
49023  -45.723  -27.144  26.753 0.0000000000
48130  -49.847  -27.073  24.961 0.0000000000
107150  -52.372  -18.321  17.586 0.0000000000
50770  -46.662  -24.761  19.345 0.0000000000
99124  -48.916  -12.108  14.266 0.0000000000
100059  -15.631  -53.346  44.013 0.0000000000
48973  -43.901  -26.434  30.281 0.0000000000
48180  -41.007  -28.711  22.849 0.0000000000
36664  -32.876  -41.626  33.610 0.0000000000
36554  -37.954  -42.352  39.404 0.0000000000
50730  -52.532  -24.143  23.145 0.0000000000
61663  -55.714  -10.218  10.592 0.0000000000
41185  -42.460  -35.781  30.394 0.0000000000
42998  -43.033  -34.033  28.756 0.0000000000
36622  -26.054  -41.981  34.983 0.0000000000
38166  -39.235  -39.297  29.807 0.0000000000
39623  -41.299  -37.243  30.287 0.0000000000
40370  -42.615  -36.648  33.135 0.0000000000
48142  -45.430  -28.207  24.479 0.0000000000
49042  -47.702  -26.907  25.807 0.0000000000
101953  -47.243  -27.657  22.693 0.0000000000
57046  -52.442  -16.705  17.649 0.0000000000
55473  -54.699  -18.574  19.450 0.0000000000
59436  -53.191  -12.366  17.440 0.0000000000
29295  -16.684  -50.476  39.558 0.0000000000
27597  -17.357  -52.460  42.505 0.0000000000
46372  -43.307  -29.886  27.694 0.0000000000
47184  -44.472  -28.465  30.270 0.0000000000
47211  -42.389  -27.905  27.646 0.0000000000
49020  -42.371  -26.964  26.166 0.0000000000
48137  -41.300  -28.536  24.495 0.0000000000
36549  -29.832  -41.702  39.699 0.0000000000
36516  -29.574  -41.834  42.166 0.0000000000
36519  -32.134  -42.416  41.846 0.0000000000
34999  -35.086  -43.766  41.591 0.0000000000
111128  -30.197  -40.867  31.540 0.0000000000
99773  -32.318  -40.930  30.872 0.0000000000
36630  -40.308  -41.853  35.774 0.0000000000
36613  -37.970  -42.099  35.876 0.0000000000
36557  -40.237  -41.569  39.685 0.0000000000
36520  -39.096  -42.532  40.836 0.0000000000
32399  -20.527  -46.646  38.417 0.0000000000
34138  -21.979  -45.427  41.158 0.0000000000
115291  -22.142  -46.192  44.868 0.0000000000
52233  -48.218  -23.106  19.194 0.0000000000
51480  -48.782  -23.700  22.216 0.0000000000
52211  -49.925  -22.216  22.483 0.0000000000
61671  -56.761  -10.362  9.617 0.0000000000
28417  -18.948  -52.299  45.248 0.0000000000
43791  -45.134  -32.959  34.972 0.0000000000
118683  -46.190  -31.437  34.629 0.0000000000
43820  -45.262  -32.352  31.756 0.0000000000
43846  -43.651  -32.226  28.151 0.0000000000
35021  -23.304  -43.796  38.216 0.0000000000
35748  -25.369  -42.345  40.822 0.0000000000
36561  -25.747  -41.949  37.865 0.0000000000
99820  -27.522  -41.658  37.718 0.0000000000
36587  -30.654  -41.898  37.140 0.0000000000
36721  -35.465  -41.130  30.679 0.0000000000
37465  -37.633  -40.748  30.264 0.0000000000
37411  -40.658  -40.811  33.442 0.0000000000
38826  -41.859  -38.936  36.694 0.0000000000
40350  -42.849  -36.823  36.078 0.0000000000
42005  -44.163  -35.116  36.153 0.0000000000
34197  -21.780  -44.745  35.622 0.0000000000
49891  -46.552  -25.982  30.401 0.0000000000
50682  -50.353  -24.643  31.199 0.0000000000
49907  -48.529  -25.608  28.644 0.0000000000
49013  -50.625  -26.351  27.389 0.0000000000
53850  -51.114  -20.169  17.694 0.0000000000
53806  -51.800  -20.853  21.720 0.0000000000
53808  -53.571  -20.304  21.298 0.0000000000
25111  -11.530  -55.242  45.990 0.0000000000
49125  -45.326  -26.261  19.419 0.0000000000
51531  -45.258  -23.674  17.357 0.0000000000
54683  -47.764  -19.866  16.046 0.0000000000
105031  -48.943  -17.911  15.848 0.0000000000
57843  -49.034  -15.603  15.815 0.0000000000
59442  -49.634  -13.602  15.726 0.0000000000
60163  -50.836  -12.399  15.492 0.0000000000
60884  -47.448  -11.984  14.531 0.0000000000
105503  -17.188  -53.135  46.979 0.0000000000
26708  -15.112  -53.705  47.361 0.0000000000
111061  -13.158  -54.454  47.633 0.0000000000
49811  -46.732  -25.817  34.970 0.0000000000
46305  -46.336  -28.836  33.303 0.0000000000
48049  -45.416  -26.824  33.378 0.0000000000
119265  -45.001  -25.368  31.477 0.0000000000
49904  -44.504  -26.287  29.050 0.0000000000
116375  -43.742  -27.353  25.414 0.0000000000
47297  -42.431  -28.905  21.437 0.0000000000
36514  -27.460  -41.667  42.388 0.0000000000
36641  -30.655  -41.475  34.211 0.0000000000
36609  -32.994  -42.139  36.613 0.0000000000
36666  -35.102  -41.510  33.299 0.0000000000
36611  -35.473  -42.126  36.507 0.0000000000
35767  -35.404  -42.686  39.352 0.0000000000
35738  -36.901  -43.311  41.147 0.0000000000
30772  -17.932  -49.228  39.121 0.0000000000
31578  -19.481  -47.746  39.085 0.0000000000
30758  -19.742  -48.581  42.113 0.0000000000
49103  -47.988  -26.097  21.837 0.0000000000
49072  -51.376  -26.232  23.469 0.0000000000
49049  -54.386  -26.336  25.171 0.0000000000
103643  -52.839  -21.521  24.128 0.0000000000
60873  -51.653  -11.106  15.834 0.0000000000
60875  -52.189  -10.699  15.751 0.0000000000
61627  -55.412  -9.539  14.335 0.0000000000
60931  -54.037  -11.204  11.456 0.0000000000
62345  -56.280  -9.041  12.725 0.0000000000
101588  -41.629  -36.278  28.496 0.0000000000
41220  -42.125  -35.665  28.773 0.0000000000
41232  -41.391  -35.815  27.033 0.0000000000
39629  -40.270  -38.087  29.057 0.0000000000
118530  -40.953  -37.158  29.194 0.0000000000
40401  -41.818  -36.497  30.134 0.0000000000
47276  -44.701  -28.783  22.197 0.0000000000
47258  -45.904  -28.500  22.760 0.0000000000
110442  -45.716  -28.186  21.489 0.0000000000
57837  -52.689  -15.017  17.558 0.0000000000
57035  -53.665  -16.626  18.431 0.0000000000
57830  -54.152  -15.050  18.574 0.0000000000
58611  -54.564  -14.324  18.688 0.0000000000
114053  -52.658  -13.216  17.323 0.0000000000
29284  -17.772  -50.984  41.091 0.0000000000
29283  -16.900  -51.367  40.802 0.0000000000
28436  -17.979  -51.873  42.249 0.0000000000
46387  -42.484  -29.763  26.500 0.0000000000
46352  -42.939  -28.953  28.015 0.0000000000
46386  -41.809  -29.150  25.944 0.0000000000
47229  -41.438  -28.474  25.714 0.0000000000
47235  -41.230  -28.810  24.902 0.0000000000
34984  -23.141  -44.097  42.671 0.0000000000
36551  -31.620  -41.953  39.490 0.0000000000
36535  -31.633  -42.093  41.183 0.0000000000
36536  -32.202  -42.284  40.817 0.0000000000
35735  -33.508  -43.177  41.451 0.0000000000
100148  -33.580  -43.040  40.638 0.0000000000
37383  -41.408  -40.545  37.533 0.0000000000
36597  -40.434  -41.925  37.742 0.0000000000
37371  -40.876  -40.869  39.127 0.0000000000
37353  -40.706  -40.757  40.987 0.0000000000
34157  -22.588  -44.497  39.633 0.0000000000
34139  -22.497  -44.836  41.455 0.0000000000
113041  -22.873  -44.609  43.027 0.0000000000
49813  -48.640  -25.421  34.767 0.0000000000
52244  -48.966  -22.472  19.068 0.0000000000
114828  -48.531  -22.818  20.878 0.0000000000
52996  -49.882  -21.962  20.733 0.0000000000
104844  -44.584  -33.616  34.633 0.0000000000
105262  -45.138  -32.943  33.495 0.0000000000
42961  -44.453  -33.533  32.208 0.0000000000
43010  -43.471  -33.144  28.513 0.0000000000
43845  -42.948  -32.791  27.648 0.0000000000
44677  -42.802  -31.752  26.262 0.0000000000
35037  -23.629  -43.630  36.708 0.0000000000
35784  -24.532  -42.863  37.663 0.0000000000
35797  -24.735  -42.751  36.749 0.0000000000
110202  -26.828  -41.545  34.858 0.0000000000
36607  -26.805  -41.800  36.154 0.0000000000
36608  -27.603  -41.614  36.228 0.0000000000
36585  -28.778  -41.596  37.041 0.0000000000
99708  -28.848  -41.495  35.592 0.0000000000
37476  -35.784  -40.805  28.948 0.0000000000
38852  -41.040  -38.860  31.715 0.0000000000
38129  -40.229  -40.228  31.900 0.0000000000
38123  -41.378  -39.544  33.259 0.0000000000
37403  -41.412  -40.402  34.715 0.0000000000
38841  -41.845  -38.665  34.540 0.0000000000
39583  -42.176  -38.083  35.707 0.0000000000
39590  -42.127  -37.956  34.912 0.0000000000
41155  -43.401  -35.276  32.823 0.0000000000
41141  -43.242  -36.033  34.183 0.0000000000
118572  -43.931  -34.634  34.741 0.0000000000
108988  -44.683  -33.990  35.919 0.0000000000
35045  -22.599  -44.276  35.401 0.0000000000
48997  -46.569  -26.710  28.404 0.0000000000
49906  -47.751  -26.013  29.011 0.0000000000
99966  -47.309  -26.429  27.654 0.0000000000
48129  -48.990  -27.146  25.110 0.0000000000
49026  -48.691  -26.386  26.547 0.0000000000
49028  -50.206  -26.651  26.533 0.0000000000
49014  -51.470  -26.601  27.511 0.0000000000
49046  -51.002  -27.000  25.731 0.0000000000
54669  -51.320  -19.535  17.412 0.0000000000
53828  -52.664  -20.533  19.546 0.0000000000
54644  -52.980  -19.792  18.966 0.0000000000
55463  -56.163  -18.026  21.168 0.0000000000
55502  -48.864  -18.779  15.953 0.0000000000
104324  -47.332  -17.839  15.597 0.0000000000
57854  -47.868  -15.141  15.392 0.0000000000
114771  -48.313  -14.370  15.465 0.0000000000
58627  -49.176  -14.568  15.670 0.0000000000
58638  -48.801  -13.600  15.532 0.0000000000
116775  -48.220  -12.447  15.183 0.0000000000
27601  -15.007  -52.365  41.761 0.0000000000
26739  -14.548  -53.268  43.952 0.0000000000
27561  -19.428  -52.719  47.077 0.0000000000
27571  -18.434  -52.783  45.967 0.0000000000
27550  -17.804  -53.121  47.545 0.0000000000
107374  -15.778  -53.853  48.345 0.0000000000
107014  -15.152  -54.725  48.937 0.0000000000
26707  -13.775  -53.875  47.745 0.0000000000
25871  -13.740  -54.560  48.499 0.0000000000
25105  -13.059  -55.109  47.580 0.0000000000
44631  -46.441  -30.733  32.870 0.0000000000
45485  -46.655  -30.109  34.565 0.0000000000
45495  -46.307  -30.226  32.184 0.0000000000
47183  -43.701  -27.604  30.000 0.0000000000
47169  -45.172  -27.894  32.048 0.0000000000
48060  -44.063  -26.671  30.964 0.0000000000
48960  -44.988  -26.043  32.496 0.0000000000
112481  -44.304  -26.094  30.929 0.0000000000
49890  -44.904  -25.479  30.142 0.0000000000
49903  -43.982  -26.233  29.233 0.0000000000
111236  -42.304  -27.687  24.920 0.0000000000
48123  -42.878  -27.139  25.583 0.0000000000
48157  -42.755  -28.357  24.253 0.0000000000
47255  -43.074  -28.723  23.271 0.0000000000
47273  -41.675  -28.824  22.217 0.0000000000
119614  -26.527  -41.899  40.215 0.0000000000
103247  -25.859  -42.107  41.497 0.0000000000
105753  -27.542  -41.719  41.364 0.0000000000
102753  -31.647  -41.423  32.935 0.0000000000
36686  -30.062  -41.149  32.629 0.0000000000
36642  -31.521  -41.659  34.234 0.0000000000
99690  -31.707  -41.932  35.580 0.0000000000
115097  -32.855  -41.968  34.965 0.0000000000
98828  -36.853  -41.346  32.185 0.0000000000
36709  -35.189  -41.307  31.472 0.0000000000
36668  -36.829  -41.564  33.686 0.0000000000
36594  -37.825  -42.231  37.357 0.0000000000
36612  -36.602  -41.908  35.898 0.0000000000
35788  -36.414  -42.446  38.020 0.0000000000
35787  -35.552  -42.569  38.008 0.0000000000
35779  -35.985  -42.582  38.777 0.0000000000
35753  -36.605  -43.083  40.433 0.0000000000
108139  -37.014  -42.821  40.106 0.0000000000
40331  -43.076  -36.265  39.458 0.0000000000
32376  -19.917  -47.155  38.730 0.0000000000
32352  -20.007  -47.469  40.822 0.0000000000
30767  -19.275  -48.482  40.558 0.0000000000
32306  -22.726  -46.999  46.009 0.0000000000
49992  -45.633  -25.588  19.172 0.0000000000
49101  -47.116  -26.058  20.746 0.0000000000
49983  -47.350  -25.180  20.563 0.0000000000
50747  -50.044  -23.829  22.654 0.0000000000
49964  -50.133  -24.980  22.440 0.0000000000
49950  -51.599  -25.403  23.085 0.0000000000
104485  -52.581  -26.416  24.430 0.0000000000
49934  -52.916  -25.622  23.881 0.0000000000
53795  -52.413  -20.649  22.820 0.0000000000
53778  -52.102  -20.886  23.278 0.0000000000
101697  -53.480  -20.908  24.471 0.0000000000
60886  -49.520  -12.162  14.867 0.0000000000
60863  -51.526  -11.716  15.807 0.0000000000
60887  -50.591  -12.275  14.863 0.0000000000
102006  -51.431  -12.027  14.027 0.0000000000
60904  -52.387  -11.886  13.902 0.0000000000
61626  -54.620  -10.382  14.948 0.0000000000
60905  -53.460  -11.574  13.605 0.0000000000
60940  -53.658  -11.607  10.052 0.0000000000
60939  -52.952  -11.772  10.431 0.0000000000
61651  -54.778  -10.656  11.238 0.0000000000
61642  -55.555  -9.743  12.227 0.0000000000
101330  -56.268  -9.170  11.751 0.0000000000
61653  -56.315  -9.255  10.814 0.0000000000
100591  -58.130  -9.535  9.850 0.0000000000
42080  -43.495  -34.773  31.598 0.0000000000
42974  -43.741  -34.183  31.094 0.0000000000
42120  -43.007  -34.491  29.544 0.0000000000
113559  -42.704  -34.414  28.175 0.0000000000
35811  -24.582  -42.664  34.850 0.0000000000
38888  -38.980  -38.964  29.032 0.0000000000
38876  -40.396  -38.381  29.914 0.0000000000
119187  -41.430  -38.237  31.861 0.0000000000
39598  -42.274  -37.277  33.584 0.0000000000
40375  -41.924  -37.062  31.925 0.0000000000
41168  -42.728  -35.946  31.836 0.0000000000
48125  -45.398  -27.828  25.406 0.0000000000
49024  -46.661  -26.893  26.509 0.0000000000
48126  -46.449  -27.721  25.198 0.0000000000
48144  -47.763  -27.535  24.412 0.0000000000
48161  -48.152  -27.410  23.577 0.0000000000
56308  -52.091  -17.471  17.322 0.0000000000
55484  -53.643  -18.384  18.607 0.0000000000
56295  -53.537  -17.587  18.384 0.0000000000
56281  -54.844  -17.706  19.332 0.0000000000
60859  -52.718  -10.308  17.825 0.0000000000
27602  -15.891  -52.416  41.777 0.0000000000
116906  -16.311  -53.243  43.707 0.0000000000
45509  -44.720  -30.579  29.289 0.0000000000
115879  -45.074  -29.457  30.247 0.0000000000
46337  -44.160  -29.100  28.817 0.0000000000
47197  -43.484  -28.421  28.615 0.0000000000
48084  -43.161  -27.505  28.683 0.0000000000
48993  -42.865  -26.740  27.962 0.0000000000
48102  -42.294  -27.598  27.192 0.0000000000
47236  -41.372  -27.940  25.340 0.0000000000
48155  -40.650  -28.692  23.225 0.0000000000
36548  -28.999  -41.612  39.763 0.0000000000
104563  -29.128  -41.668  41.169 0.0000000000
105091  -29.997  -41.838  41.163 0.0000000000
36518  -31.332  -42.276  41.932 0.0000000000
34987  -34.389  -43.967  42.172 0.0000000000
37442  -31.640  -40.978  31.289 0.0000000000
36706  -32.731  -41.333  32.072 0.0000000000
36649  -39.355  -41.961  34.650 0.0000000000
115720  -38.133  -41.859  34.510 0.0000000000
36615  -39.594  -42.178  36.400 0.0000000000
36595  -38.820  -42.332  36.938 0.0000000000
36572  -38.838  -42.326  38.802 0.0000000000
36537  -38.454  -42.544  40.116 0.0000000000
115759  -39.414  -42.127  40.154 0.0000000000
33315  -21.375  -45.430  36.655 0.0000000000
33269  -21.642  -45.528  38.404 0.0000000000
103438  -21.590  -45.986  41.751 0.0000000000
32328  -21.415  -46.871  42.875 0.0000000000
33210  -22.322  -45.644  43.510 0.0000000000
51505  -47.018  -24.205  19.110 0.0000000000
50762  -47.541  -24.389  20.565 0.0000000000
51496  -48.195  -23.249  21.174 0.0000000000
51488  -48.995  -23.024  22.251 0.0000000000
51466  -50.809  -22.354  23.121 0.0000000000
60913  -47.628  -11.568  12.776 0.0000000000
100918  -49.146  -12.178  13.271 0.0000000000
110226  -49.076  -12.093  12.312 0.0000000000
60950  -55.276  -11.308  9.539 0.0000000000
61670  -55.892  -10.960  9.976 0.0000000000
60958  -55.598  -11.447  8.896 0.0000000000
60959  -56.692  -11.429  8.460 0.0000000000
29268  -19.869  -50.474  43.713 0.0000000000
28424  -19.141  -51.850  44.248 0.0000000000
44598  -46.018  -31.569  36.428 0.0000000000
43792  -45.754  -32.147  34.639 0.0000000000
44622  -45.983  -31.596  33.045 0.0000000000
44639  -45.659  -31.623  31.359 0.0000000000
42985  -43.957  -33.574  30.508 0.0000000000
43827  -44.729  -32.218  30.316 0.0000000000
44645  -44.968  -31.369  29.895 0.0000000000
44672  -43.621  -31.392  27.756 0.0000000000
45536  -42.756  -30.799  26.314 0.0000000000
35015  -23.566  -43.529  39.761 0.0000000000
118431  -24.147  -42.960  40.704 0.0000000000
35762  -23.980  -43.059  39.231 0.0000000000
117296  -25.083  -42.355  39.221 0.0000000000
100233  -26.249  -41.856  38.676 0.0000000000
35798  -25.362  -42.329  36.406 0.0000000000
113734  -26.605  -41.736  37.757 0.0000000000
100080  -27.654  -41.671  39.147 0.0000000000
36564  -28.856  -41.684  38.453 0.0000000000
36566  -30.517  -41.876  38.612 0.0000000000
98949  -31.078  -41.856  37.954 0.0000000000
36722  -36.299  -41.133  30.659 0.0000000000
37424  -38.143  -41.039  31.843 0.0000000000
38151  -38.820  -39.919  30.163 0.0000000000
37446  -38.714  -40.731  31.305 0.0000000000
36695  -39.318  -41.253  32.835 0.0000000000
101786  -40.785  -41.021  34.283 0.0000000000
37397  -41.526  -40.507  35.693 0.0000000000
104993  -41.495  -39.762  37.816 0.0000000000
38809  -41.763  -38.703  39.095 0.0000000000
39566  -41.865  -38.035  37.904 0.0000000000
39567  -42.324  -37.476  37.418 0.0000000000
40345  -43.236  -36.287  37.531 0.0000000000
40358  -42.995  -36.641  34.869 0.0000000000
40359  -43.235  -36.341  35.633 0.0000000000
41993  -44.203  -35.125  37.897 0.0000000000
41994  -44.735  -34.401  37.548 0.0000000000
34175  -21.941  -45.031  36.966 0.0000000000
49863  -47.050  -25.350  31.939 0.0000000000
49876  -48.546  -25.369  30.565 0.0000000000
49877  -49.566  -24.940  30.387 0.0000000000
49895  -50.698  -25.082  29.514 0.0000000000
49010  -48.051  -26.214  27.091 0.0000000000
49918  -49.573  -25.624  27.846 0.0000000000
53838  -50.032  -21.021  17.778 0.0000000000
53007  -50.289  -21.661  19.655 0.0000000000
53827  -51.895  -20.949  19.291 0.0000000000
53807  -52.569  -20.594  21.404 0.0000000000
101276  -53.613  -20.341  22.338 0.0000000000
54646  -54.394  -19.376  19.731 0.0000000000
53809  -54.419  -20.120  21.893 0.0000000000
48240  -43.495  -27.775  19.123 0.0000000000
48220  -44.965  -27.758  20.253 0.0000000000
49134  -44.027  -26.171  18.554 0.0000000000
49991  -44.905  -25.825  18.849 0.0000000000
50782  -45.436  -24.724  18.404 0.0000000000
51517  -45.795  -24.164  17.969 0.0000000000
52241  -47.028  -23.302  17.769 0.0000000000
52258  -47.388  -22.563  17.356 0.0000000000
53032  -48.556  -21.614  17.261 0.0000000000
53847  -48.924  -20.971  16.827 0.0000000000
53866  -49.172  -20.171  16.666 0.0000000000
54686  -50.157  -19.055  16.919 0.0000000000
55504  -50.427  -18.327  16.807 0.0000000000
57061  -47.432  -16.064  15.410 0.0000000000
56312  -48.870  -17.028  15.897 0.0000000000
100625  -50.238  -17.024  16.503 0.0000000000
108795  -51.194  -15.900  16.826 0.0000000000
101564  -51.483  -15.111  16.738 0.0000000000
58619  -51.716  -13.907  16.935 0.0000000000
59435  -51.900  -13.199  16.928 0.0000000000
60162  -50.059  -12.865  15.776 0.0000000000
116748  -48.665  -12.212  15.124 0.0000000000
98558  -48.147  -11.923  14.428 0.0000000000
60912  -46.669  -11.546  12.916 0.0000000000
27581  -18.511  -52.522  44.474 0.0000000000
27570  -17.356  -53.216  45.107 0.0000000000
27569  -16.622  -53.318  45.262 0.0000000000
27540  -17.240  -53.559  47.696 0.0000000000
27548  -16.002  -53.604  47.403 0.0000000000
26719  -15.232  -53.388  45.705 0.0000000000
117578  -14.023  -53.494  46.186 0.0000000000
99275  -12.924  -53.652  46.531 0.0000000000
99296  -12.277  -53.720  46.986 0.0000000000
25885  -12.394  -54.507  46.794 0.0000000000
100514  -46.805  -25.491  34.251 0.0000000000
105743  -47.042  -28.201  35.290 0.0000000000
47176  -45.647  -28.785  32.055 0.0000000000
47161  -45.777  -27.767  33.570 0.0000000000
48951  -45.646  -26.210  33.756 0.0000000000
49831  -45.697  -25.764  33.349 0.0000000000
49849  -46.638  -25.319  32.766 0.0000000000
99074  -45.500  -25.468  30.689 0.0000000000
48985  -45.732  -26.088  29.931 0.0000000000
49008  -45.259  -26.946  27.525 0.0000000000
49006  -43.327  -26.474  27.765 0.0000000000
49022  -44.254  -26.868  26.572 0.0000000000
49039  -45.004  -27.299  26.219 0.0000000000
48141  -44.398  -28.018  24.909 0.0000000000
47256  -44.231  -28.677  23.070 0.0000000000
103629  -43.061  -28.866  20.772 0.0000000000
46421  -40.069  -29.475  23.080 0.0000000000
47243  -40.312  -29.085  23.255 0.0000000000
47253  -40.024  -28.812  22.701 0.0000000000
48179  -40.258  -28.730  22.513 0.0000000000
47295  -40.463  -28.796  21.238 0.0000000000
47310  -41.185  -28.780  20.439 0.0000000000
106583  -41.710  -28.675  19.793 0.0000000000
48230  -42.788  -28.188  19.198 0.0000000000
101269  -28.937  -41.781  42.624 0.0000000000
36659  -28.080  -41.137  33.358 0.0000000000
36685  -29.293  -41.073  32.870 0.0000000000
36639  -29.032  -41.212  34.396 0.0000000000
99706  -30.709  -41.725  35.630 0.0000000000
36588  -31.603  -41.896  37.225 0.0000000000
115155  -32.724  -42.047  38.426 0.0000000000
36719  -33.717  -41.333  31.010 0.0000000000
118411  -34.105  -41.536  32.310 0.0000000000
36665  -33.757  -41.690  33.678 0.0000000000
36646  -36.259  -41.611  34.383 0.0000000000
104614  -35.492  -41.739  34.895 0.0000000000
104615  -34.545  -41.883  35.135 0.0000000000
99042  -33.885  -42.176  36.732 0.0000000000
36570  -34.153  -42.283  37.615 0.0000000000
35765  -33.690  -42.389  38.994 0.0000000000
35751  -34.536  -43.124  40.282 0.0000000000
35000  -35.859  -43.513  41.535 0.0000000000
30052  -17.337  -49.891  39.207 0.0000000000
30045  -18.285  -50.269  40.549 0.0000000000
31597  -19.363  -47.334  37.369 0.0000000000
31589  -18.349  -48.082  37.825 0.0000000000
115298  -18.499  -48.750  39.053 0.0000000000
30762  -18.906  -49.377  40.516 0.0000000000
30032  -19.776  -49.440  42.252 0.0000000000
108975  -20.209  -49.788  43.761 0.0000000000
31522  -22.078  -47.438  45.262 0.0000000000
48204  -46.322  -27.472  21.333 0.0000000000
48181  -47.726  -26.991  22.127 0.0000000000
48162  -48.783  -27.045  22.937 0.0000000000
49972  -48.130  -25.068  21.742 0.0000000000
49088  -50.033  -26.045  22.610 0.0000000000
49054  -50.237  -26.932  24.086 0.0000000000
104871  -51.696  -26.847  24.789 0.0000000000
52986  -50.400  -21.713  21.481 0.0000000000
52204  -50.970  -21.823  23.214 0.0000000000
112449  -52.436  -23.093  23.363 0.0000000000
114263  -51.760  -11.629  16.378 0.0000000000
60155  -51.816  -10.786  16.985 0.0000000000
61607  -51.967  -9.551  17.338 0.0000000000
60888  -51.205  -12.117  14.742 0.0000000000
61619  -51.784  -10.001  16.177 0.0000000000
61615  -52.519  -9.165  16.932 0.0000000000
62325  -53.439  -8.988  16.780 0.0000000000
62327  -55.564  -8.794  15.876 0.0000000000
105321  -53.316  -11.522  11.947 0.0000000000
61633  -54.846  -10.475  12.838 0.0000000000
61634  -55.573  -9.706  13.282 0.0000000000
61664  -57.036  -9.466  10.150 0.0000000000
40427  -41.222  -36.564  27.983 0.0000000000
102588  -41.190  -36.275  27.388 0.0000000000
118165  -40.343  -37.270  27.764 0.0000000000
39639  -40.712  -37.120  28.147 0.0000000000
40412  -41.127  -36.800  28.792 0.0000000000
47300  -45.044  -28.628  21.491 0.0000000000
47313  -44.628  -28.535  20.794 0.0000000000
57829  -53.416  -15.107  18.108 0.0000000000
57838  -53.130  -14.360  17.755 0.0000000000
58610  -53.823  -14.374  18.201 0.0000000000
58621  -53.521  -13.546  17.751 0.0000000000
117920  -52.911  -13.843  17.575 0.0000000000
29285  -18.697  -50.510  41.389 0.0000000000
29274  -18.233  -51.226  41.830 0.0000000000
28437  -18.638  -51.441  42.561 0.0000000000
46400  -41.777  -29.718  25.209 0.0000000000
46385  -41.428  -29.119  25.084 0.0000000000
46410  -41.225  -29.306  24.216 0.0000000000
34998  -23.504  -43.628  42.092 0.0000000000
35731  -23.899  -43.128  41.442 0.0000000000
36552  -32.219  -42.266  39.882 0.0000000000
35749  -32.911  -42.671  40.287 0.0000000000
37372  -41.284  -40.316  38.358 0.0000000000
37382  -40.975  -41.240  38.107 0.0000000000
38079  -41.122  -40.052  39.808 0.0000000000
34997  -22.950  -44.227  41.776 0.0000000000
53019  -48.997  -21.977  18.118 0.0000000000
53006  -49.374  -22.097  19.893 0.0000000000
42045  -44.259  -34.079  33.433 0.0000000000
42946  -44.706  -33.597  33.022 0.0000000000
117229  -42.397  -33.409  26.740 0.0000000000
35796  -24.222  -43.231  36.960 0.0000000000
111803  -24.169  -43.112  36.127 0.0000000000
36624  -27.264  -41.528  35.489 0.0000000000
99709  -28.022  -41.371  35.535 0.0000000000
98948  -28.383  -41.554  36.288 0.0000000000
38130  -40.971  -39.716  32.340 0.0000000000
38846  -41.712  -38.695  33.625 0.0000000000
38114  -41.605  -39.525  34.185 0.0000000000
39597  -41.902  -37.897  34.068 0.0000000000
42044  -43.759  -34.734  33.359 0.0000000000
42032  -44.074  -34.255  34.230 0.0000000000
35046  -23.423  -43.680  35.762 0.0000000000
49009  -46.383  -26.894  27.417 0.0000000000
48998  -47.317  -26.360  28.487 0.0000000000
49044  -49.395  -26.770  25.923 0.0000000000
49045  -50.235  -26.946  25.595 0.0000000000
54670  -51.859  -19.047  17.386 0.0000000000
54655  -52.578  -19.244  18.126 0.0000000000
55452  -55.984  -18.561  21.552 0.0000000000
102918  -47.984  -13.568  15.400 0.0000000000
60173  -47.677  -12.880  15.272 0.0000000000
27586  -15.052  -53.042  43.198 0.0000000000
27585  -14.093  -52.891  43.223 0.0000000000
27551  -18.720  -52.988  47.724 0.0000000000
27542  -18.847  -53.137  47.659 0.0000000000
25872  -14.354  -54.294  48.741 0.0000000000
24248  -13.767  -55.760  48.420 0.0000000000
45501  -45.950  -30.625  31.381 0.0000000000
48069  -43.681  -27.005  30.365 0.0000000000
49888  -44.033  -26.108  29.877 0.0000000000
48984  -43.687  -26.628  29.442 0.0000000000
99897  -42.008  -28.373  24.320 0.0000000000
109840  -42.214  -28.648  23.773 0.0000000000
47254  -42.058  -28.691  22.952 0.0000000000
99714  -26.983  -41.801  40.737 0.0000000000
36531  -27.810  -41.721  40.550 0.0000000000
36663  -31.997  -41.615  33.575 0.0000000000
104617  -32.300  -41.925  35.101 0.0000000000
36693  -37.311  -41.479  32.901 0.0000000000
99671  -36.403  -41.435  32.886 0.0000000000
99801  -37.905  -42.216  38.414 0.0000000000
36593  -36.818  -42.138  37.273 0.0000000000
36571  -37.187  -42.202  38.002 0.0000000000
35780  -36.995  -42.394  38.877 0.0000000000
35769  -37.178  -42.575  39.655 0.0000000000
41105  -43.398  -35.756  38.902 0.0000000000
32339  -20.786  -47.155  42.250 0.0000000000
49993  -46.315  -25.295  19.526 0.0000000000
49982  -46.678  -25.634  20.111 0.0000000000
50761  -46.988  -24.894  19.949 0.0000000000
50728  -50.994  -23.385  22.756 0.0000000000
49965  -50.907  -24.618  22.677 0.0000000000
50729  -51.766  -24.386  22.842 0.0000000000
49951  -52.392  -25.119  23.251 0.0000000000
49952  -53.035  -24.783  23.507 0.0000000000
53779  -53.118  -20.530  23.776 0.0000000000
52964  -52.726  -20.747  23.756 0.0000000000
99066  -51.919  -12.198  13.208 0.0000000000
60919  -52.813  -11.824  12.735 0.0000000000
60942  -55.134  -11.006  10.291 0.0000000000
60941  -54.400  -11.152  10.644 0.0000000000
61662  -55.130  -10.575  10.849 0.0000000000
61652  -55.502  -9.934  11.306 0.0000000000
42079  -42.993  -35.388  31.175 0.0000000000
42101  -42.951  -34.981  30.315 0.0000000000
41203  -42.533  -35.268  29.570 0.0000000000
42143  -41.990  -35.118  26.988 0.0000000000
42132  -42.339  -35.069  27.983 0.0000000000
100292  -38.735  -38.814  28.065 0.0000000000
39630  -40.854  -37.635  29.588 0.0000000000
39622  -40.890  -37.948  30.468 0.0000000000
39614  -41.043  -38.112  31.268 0.0000000000
104328  -41.286  -37.562  30.929 0.0000000000
39615  -41.538  -37.616  31.548 0.0000000000
40388  -41.744  -36.961  31.032 0.0000000000
118867  -42.161  -36.342  30.847 0.0000000000
118355  -45.934  -28.119  24.900 0.0000000000
109122  -46.528  -28.212  23.139 0.0000000000
101466  -47.258  -27.754  23.643 0.0000000000
118672  -47.662  -27.522  23.180 0.0000000000
56294  -52.768  -17.552  17.863 0.0000000000
57034  -53.063  -16.884  18.088 0.0000000000
57025  -54.916  -16.796  19.335 0.0000000000
56282  -55.510  -17.274  19.876 0.0000000000
57018  -56.201  -16.733  20.582 0.0000000000
60148  -53.576  -11.348  17.694 0.0000000000
60149  -54.466  -11.373  18.113 0.0000000000
28443  -16.381  -52.001  41.194 0.0000000000
27603  -16.676  -52.306  41.906 0.0000000000
27596  -16.391  -52.748  42.498 0.0000000000
27587  -16.913  -53.036  43.349 0.0000000000
46353  -44.319  -29.966  28.741 0.0000000000
102830  -43.707  -29.471  28.304 0.0000000000
47222  -42.545  -28.523  27.478 0.0000000000
111098  -42.670  -28.052  28.154 0.0000000000
48095  -42.590  -27.320  28.030 0.0000000000
48138  -41.411  -28.216  24.533 0.0000000000
98687  -41.258  -28.692  23.968 0.0000000000
36533  -29.507  -41.653  40.406 0.0000000000
36534  -30.403  -41.755  40.344 0.0000000000
36507  -31.687  -42.292  42.584 0.0000000000
35722  -34.317  -43.534  41.529 0.0000000000
106435  -32.293  -41.084  31.551 0.0000000000
36629  -39.404  -42.121  35.423 0.0000000000
36574  -40.379  -41.769  38.684 0.0000000000
36596  -39.677  -42.270  37.344 0.0000000000
36573  -39.696  -42.267  38.277 0.0000000000
100269  -38.835  -42.398  37.860 0.0000000000
36556  -39.606  -42.103  39.207 0.0000000000
37344  -40.225  -41.340  40.837 0.0000000000
33289  -21.528  -45.525  37.503 0.0000000000
34147  -21.784  -45.385  40.423 0.0000000000
33222  -21.833  -45.973  42.685 0.0000000000
34127  -22.170  -45.373  42.016 0.0000000000
34109  -22.738  -44.891  43.619 0.0000000000
51506  -47.672  -23.742  19.663 0.0000000000
51495  -47.778  -23.758  20.557 0.0000000000
51507  -48.156  -23.218  20.331 0.0000000000
52223  -49.107  -22.390  20.866 0.0000000000
52222  -48.810  -22.763  21.638 0.0000000000
52210  -49.364  -22.565  22.196 0.0000000000
52202  -49.664  -22.707  22.561 0.0000000000
52203  -50.334  -22.286  22.839 0.0000000000
60914  -48.451  -11.828  12.574 0.0000000000
60948  -53.685  -11.578  9.230 0.0000000000
60957  -54.552  -11.417  9.099 0.0000000000
28425  -19.846  -51.063  44.336 0.0000000000
28403  -20.241  -52.292  46.995 0.0000000000
43765  -45.582  -32.310  36.791 0.0000000000
43778  -45.642  -32.323  35.698 0.0000000000
43813  -45.110  -32.848  32.482 0.0000000000
43806  -45.627  -32.224  33.717 0.0000000000
111668  -45.500  -32.328  32.999 0.0000000000
43814  -45.620  -31.982  32.281 0.0000000000
42102  -43.491  -34.298  30.291 0.0000000000
42999  -43.676  -33.648  29.496 0.0000000000
116388  -43.844  -32.589  28.643 0.0000000000
104745  -44.008  -32.787  29.138 0.0000000000
43835  -44.404  -32.137  29.550 0.0000000000
44652  -44.438  -31.427  29.120 0.0000000000
44662  -44.055  -31.442  28.422 0.0000000000
44671  -43.167  -31.347  27.011 0.0000000000
110927  -25.115  -42.375  38.015 0.0000000000
35775  -24.646  -42.663  38.672 0.0000000000
35776  -25.406  -42.181  38.628 0.0000000000
115394  -25.682  -42.093  39.346 0.0000000000
35804  -25.241  -42.419  35.474 0.0000000000
36606  -26.061  -42.083  35.904 0.0000000000
36583  -27.107  -41.768  36.959 0.0000000000
36562  -27.143  -41.684  38.478 0.0000000000
36563  -28.005  -41.653  38.440 0.0000000000
98952  -28.387  -41.656  37.733 0.0000000000
36586  -29.693  -41.903  37.076 0.0000000000
98951  -29.255  -41.733  37.782 0.0000000000
98950  -30.151  -41.860  37.848 0.0000000000
37477  -36.519  -40.812  29.253 0.0000000000
37464  -36.822  -41.016  30.005 0.0000000000
37444  -37.109  -41.039  30.824 0.0000000000
37445  -37.916  -40.889  31.045 0.0000000000
38165  -38.580  -39.643  29.385 0.0000000000
37427  -40.505  -40.535  32.672 0.0000000000
37447  -39.489  -40.527  31.590 0.0000000000
37426  -39.807  -40.804  32.340 0.0000000000
37425  -38.978  -40.960  32.095 0.0000000000
37410  -40.075  -41.114  33.067 0.0000000000
36671  -40.188  -41.397  33.819 0.0000000000
38106  -41.797  -39.477  35.201 0.0000000000
38098  -41.812  -39.705  36.201 0.0000000000
38093  -41.741  -39.773  37.085 0.0000000000
38821  -41.672  -38.903  37.623 0.0000000000
39574  -42.394  -37.566  36.424 0.0000000000
40344  -42.811  -36.866  36.974 0.0000000000
40365  -42.796  -36.703  33.948 0.0000000000
42019  -43.920  -35.022  35.279 0.0000000000
103865  -43.490  -35.837  35.014 0.0000000000
41132  -43.723  -35.713  35.848 0.0000000000
111612  -43.872  -35.578  36.549 0.0000000000
110631  -44.307  -35.133  36.985 0.0000000000
42006  -44.557  -34.513  36.511 0.0000000000
42924  -44.737  -33.586  35.339 0.0000000000
42915  -44.975  -33.791  36.813 0.0000000000
43777  -45.157  -33.163  36.083 0.0000000000
34182  -22.208  -44.543  36.336 0.0000000000
49875  -47.451  -25.714  30.899 0.0000000000
49864  -48.219  -25.323  31.692 0.0000000000
49893  -48.329  -25.555  29.587 0.0000000000
107066  -48.976  -25.237  29.122 0.0000000000
49894  -49.716  -25.057  29.395 0.0000000000
49908  -49.275  -25.400  28.546 0.0000000000
49025  -47.433  -26.619  26.422 0.0000000000
115941  -48.020  -26.508  26.369 0.0000000000
49012  -49.827  -26.032  27.287 0.0000000000
49011  -49.034  -26.002  27.228 0.0000000000
49919  -50.299  -25.697  27.906 0.0000000000
114424  -50.729  -25.594  28.521 0.0000000000
49920  -51.028  -26.000  28.107 0.0000000000
49015  -52.440  -26.782  27.455 0.0000000000
53839  -50.767  -20.833  18.074 0.0000000000
53826  -51.031  -21.194  18.953 0.0000000000
53840  -51.530  -20.573  18.370 0.0000000000
53817  -53.019  -20.468  20.405 0.0000000000
101217  -52.846  -20.518  22.235 0.0000000000
55472  -53.990  -18.832  19.089 0.0000000000
55461  -55.168  -19.043  20.162 0.0000000000
113987  -55.126  -19.680  21.590 0.0000000000
25884  -11.661  -54.685  46.331 0.0000000000
26704  -11.454  -54.211  46.236 0.0000000000
25883  -10.979  -54.974  46.033 0.0000000000
118534  -44.005  -24.935  18.138 0.0000000000
112866  -45.149  -25.221  18.663 0.0000000000
50781  -44.618  -24.841  18.259 0.0000000000
51516  -44.929  -24.341  17.805 0.0000000000
51518  -46.649  -23.950  18.256 0.0000000000
51532  -46.148  -23.498  17.506 0.0000000000
52257  -46.508  -22.740  17.004 0.0000000000
53030  -46.946  -22.077  16.745 0.0000000000
52259  -48.167  -22.264  17.712 0.0000000000
53031  -47.711  -21.825  17.035 0.0000000000
53048  -48.083  -21.189  16.621 0.0000000000
53865  -48.364  -20.434  16.409 0.0000000000
53848  -49.672  -20.677  17.133 0.0000000000
54685  -49.424  -19.324  16.507 0.0000000000
55503  -49.681  -18.364  16.413 0.0000000000
101656  -48.313  -15.814  15.607 0.0000000000
57051  -48.791  -16.301  15.836 0.0000000000
57052  -49.553  -16.414  16.076 0.0000000000
57044  -50.962  -16.784  16.795 0.0000000000
57053  -50.433  -16.092  16.387 0.0000000000
58628  -50.034  -14.412  15.871 0.0000000000
57845  -50.756  -14.975  16.196 0.0000000000
58618  -51.266  -14.241  16.593 0.0000000000
105896  -50.514  -13.638  16.099 0.0000000000
59434  -51.249  -13.329  16.520 0.0000000000
60174  -48.938  -12.476  15.322 0.0000000000
60183  -48.121  -12.111  14.928 0.0000000000
60885  -48.761  -12.028  14.913 0.0000000000
27576  -13.010  -53.113  44.204 0.0000000000
27559  -17.812  -52.985  46.586 0.0000000000
115084  -17.779  -53.011  45.745 0.0000000000
27558  -17.027  -53.079  46.057 0.0000000000
26697  -17.428  -53.803  47.924 0.0000000000
26709  -15.471  -53.602  48.064 0.0000000000
27539  -16.325  -53.679  47.891 0.0000000000
27557  -15.592  -53.476  46.585 0.0000000000
26718  -14.624  -53.574  46.511 0.0000000000
26693  -13.422  -54.226  47.934 0.0000000000
26706  -12.905  -53.910  47.296 0.0000000000
26716  -12.331  -53.784  46.618 0.0000000000
26692  -12.841  -54.143  47.338 0.0000000000
26705  -12.386  -54.147  46.904 0.0000000000
25876  -12.748  -54.301  47.208 0.0000000000
24253  -13.110  -55.684  47.341 0.0000000000
49812  -47.208  -25.854  35.438 0.0000000000
104879  -47.588  -25.567  34.753 0.0000000000
44607  -46.086  -31.550  35.395 0.0000000000
111451  -46.388  -30.780  36.053 0.0000000000
44608  -46.461  -30.814  35.062 0.0000000000
46306  -46.561  -29.415  33.952 0.0000000000
46300  -46.826  -29.078  35.002 0.0000000000
47162  -46.458  -28.202  34.413 0.0000000000
46327  -45.284  -29.030  30.867 0.0000000000
47175  -45.399  -28.669  31.507 0.0000000000
48054  -44.994  -26.757  32.444 0.0000000000
48055  -45.378  -27.498  32.839 0.0000000000
48041  -45.910  -26.915  34.381 0.0000000000
49860  -44.959  -25.722  31.927 0.0000000000
49847  -45.318  -25.739  32.611 0.0000000000
49848  -45.806  -25.436  32.737 0.0000000000
49862  -45.997  -25.134  32.024 0.0000000000
99028  -45.436  -25.289  31.383 0.0000000000
49905  -45.004  -26.026  29.478 0.0000000000
119687  -45.106  -26.496  28.853 0.0000000000
48995  -44.734  -26.630  28.293 0.0000000000
49005  -42.748  -26.691  27.036 0.0000000000
49038  -43.717  -26.893  26.033 0.0000000000
117795  -44.339  -27.051  26.090 0.0000000000
48124  -44.418  -27.350  25.675 0.0000000000
47274  -42.734  -28.870  22.291 0.0000000000
47275  -43.755  -28.872  22.289 0.0000000000
47298  -43.375  -28.902  21.484 0.0000000000
47252  -39.716  -29.161  22.611 0.0000000000
48178  -39.665  -28.773  21.980 0.0000000000
48202  -39.244  -28.552  21.481 0.0000000000
48218  -39.685  -28.450  20.947 0.0000000000
47309  -40.290  -28.537  20.410 0.0000000000
47321  -42.335  -28.537  19.531 0.0000000000
35747  -24.637  -42.650  40.361 0.0000000000
105990  -24.606  -42.705  41.191 0.0000000000
36513  -26.649  -41.832  41.685 0.0000000000
36515  -28.716  -41.670  41.875 0.0000000000
36661  -30.126  -41.321  33.393 0.0000000000
36640  -29.750  -41.347  34.268 0.0000000000
104561  -29.336  -41.425  34.941 0.0000000000
104560  -30.214  -41.612  34.919 0.0000000000
98944  -32.111  -42.060  36.465 0.0000000000
36589  -32.484  -41.996  37.290 0.0000000000
36720  -34.585  -41.230  30.811 0.0000000000
36691  -34.946  -41.454  32.377 0.0000000000
36708  -34.341  -41.446  31.622 0.0000000000
36690  -34.317  -41.552  33.040 0.0000000000
116600  -34.555  -41.657  33.833 0.0000000000
36627  -37.978  -41.978  35.146 0.0000000000
36647  -37.244  -41.767  34.594 0.0000000000
101785  -37.226  -41.916  35.527 0.0000000000
109467  -36.317  -42.054  36.517 0.0000000000
101240  -35.884  -41.884  35.808 0.0000000000
36625  -35.045  -41.898  35.806 0.0000000000
99688  -34.213  -41.944  35.926 0.0000000000
36610  -34.665  -42.142  36.521 0.0000000000
35778  -35.086  -42.512  38.683 0.0000000000
35786  -34.804  -42.494  38.028 0.0000000000
35777  -34.275  -42.386  38.488 0.0000000000
35766  -34.522  -42.544  39.164 0.0000000000
100054  -34.800  -42.841  39.693 0.0000000000
35737  -36.185  -43.272  40.945 0.0000000000
35001  -36.580  -43.328  41.561 0.0000000000
36538  -38.834  -42.565  40.609 0.0000000000
35755  -37.987  -42.917  40.603 0.0000000000
35740  -38.292  -43.021  40.923 0.0000000000
39559  -41.991  -38.044  38.754 0.0000000000
30044  -18.210  -49.758  39.771 0.0000000000
32420  -20.434  -46.531  37.506 0.0000000000
31590  -19.224  -47.607  38.115 0.0000000000
31596  -18.716  -47.624  37.247 0.0000000000
31577  -18.783  -48.248  38.627 0.0000000000
30774  -19.124  -48.378  39.516 0.0000000000
30763  -19.272  -48.827  41.347 0.0000000000
30038  -19.399  -49.158  41.718 0.0000000000
30753  -20.296  -49.115  42.948 0.0000000000
33209  -21.923  -46.414  43.582 0.0000000000
31533  -21.579  -47.257  43.674 0.0000000000
32319  -22.020  -46.759  44.487 0.0000000000
50669  -50.128  -24.629  32.198 0.0000000000
49114  -45.007  -26.991  19.643 0.0000000000
48221  -45.682  -27.543  20.794 0.0000000000
49115  -45.534  -26.808  20.103 0.0000000000
49102  -47.437  -26.527  21.456 0.0000000000
49086  -48.410  -26.626  22.329 0.0000000000
50755  -48.253  -24.127  21.762 0.0000000000
50754  -47.785  -24.613  21.246 0.0000000000
50745  -48.692  -24.634  22.107 0.0000000000
49949  -50.792  -25.660  22.928 0.0000000000
49963  -49.366  -25.367  22.251 0.0000000000
49071  -50.561  -26.475  23.368 0.0000000000
49055  -51.093  -26.723  24.069 0.0000000000
104421  -51.813  -26.504  24.030 0.0000000000
49056  -53.550  -26.104  24.518 0.0000000000
49048  -53.439  -26.620  25.249 0.0000000000
52998  -51.220  -21.368  21.075 0.0000000000
52997  -50.600  -21.633  20.598 0.0000000000
52987  -51.018  -21.346  22.179 0.0000000000
52180  -52.153  -21.453  23.831 0.0000000000
52962  -51.694  -21.376  23.467 0.0000000000
52193  -51.455  -21.912  23.563 0.0000000000
52181  -52.105  -22.120  23.870 0.0000000000
59443  -50.861  -12.714  16.048 0.0000000000
60154  -51.561  -12.493  16.394 0.0000000000
60164  -51.465  -12.012  16.025 0.0000000000
60864  -51.639  -10.933  16.328 0.0000000000
61606  -51.581  -10.088  17.017 0.0000000000
61613  -51.653  -10.235  16.351 0.0000000000
98967  -49.763  -12.309  14.167 0.0000000000
99935  -50.632  -12.216  14.055 0.0000000000
60889  -52.025  -11.799  14.948 0.0000000000
99180  -52.534  -9.690  16.304 0.0000000000
115353  -54.125  -9.934  16.085 0.0000000000
61620  -55.168  -9.462  15.464 0.0000000000
62333  -55.812  -8.764  14.817 0.0000000000
116847  -53.651  -11.477  10.773 0.0000000000
60930  -53.168  -11.648  11.239 0.0000000000
60929  -52.356  -11.921  10.987 0.0000000000
60920  -53.973  -11.229  12.525 0.0000000000
62339  -56.139  -8.738  13.802 0.0000000000
62340  -56.795  -8.441  13.143 0.0000000000
41202  -42.126  -35.911  29.614 0.0000000000
41219  -41.798  -35.898  27.763 0.0000000000
38899  -39.338  -38.064  27.741 0.0000000000
39638  -40.080  -37.657  28.209 0.0000000000
104383  -40.684  -37.432  28.814 0.0000000000
39631  -41.260  -36.916  29.544 0.0000000000
40413  -41.687  -36.347  29.222 0.0000000000
47257  -45.179  -28.626  22.887 0.0000000000
48160  -45.726  -28.411  23.522 0.0000000000
115773  -46.353  -28.097  22.196 0.0000000000
57828  -52.968  -15.976  18.036 0.0000000000
105033  -53.831  -15.796  18.464 0.0000000000
59418  -55.196  -14.158  19.191 0.0000000000
59427  -54.933  -13.510  18.803 0.0000000000
115693  -54.273  -13.708  18.266 0.0000000000
29290  -17.336  -50.832  40.275 0.0000000000
29289  -16.521  -51.017  40.189 0.0000000000
28444  -17.347  -51.826  41.586 0.0000000000
28429  -18.198  -52.122  42.931 0.0000000000
45526  -42.965  -30.331  27.068 0.0000000000
46371  -42.788  -29.365  27.240 0.0000000000
46370  -42.269  -28.869  26.746 0.0000000000
116353  -41.780  -28.456  26.370 0.0000000000
47221  -42.204  -28.192  26.952 0.0000000000
47244  -41.010  -29.082  24.038 0.0000000000
34964  -23.213  -43.875  43.889 0.0000000000
36550  -30.744  -41.842  39.476 0.0000000000
104582  -31.400  -41.981  40.316 0.0000000000
99823  -32.835  -42.888  42.162 0.0000000000
35734  -32.826  -42.737  41.243 0.0000000000
107242  -34.200  -43.256  40.938 0.0000000000
37388  -41.012  -41.314  37.175 0.0000000000
36616  -40.376  -41.878  36.781 0.0000000000
37361  -40.687  -40.788  40.181 0.0000000000
34148  -22.363  -44.794  40.537 0.0000000000
34128  -22.690  -44.752  42.273 0.0000000000
52234  -48.672  -22.634  20.068 0.0000000000
52985  -49.640  -22.201  21.725 0.0000000000
42932  -44.947  -33.166  34.233 0.0000000000
43009  -42.896  -33.728  27.948 0.0000000000
43854  -43.309  -32.010  27.468 0.0000000000
43853  -42.952  -32.229  26.901 0.0000000000
35029  -23.798  -43.477  37.562 0.0000000000
35022  -23.911  -43.210  38.399 0.0000000000
35785  -25.259  -42.308  37.269 0.0000000000
36623  -26.618  -41.746  35.480 0.0000000000
36584  -27.972  -41.504  37.003 0.0000000000
98947  -29.256  -41.692  36.328 0.0000000000
117864  -40.010  -39.354  30.867 0.0000000000
38152  -39.488  -39.639  30.521 0.0000000000
38141  -40.439  -39.486  31.478 0.0000000000
38122  -40.949  -40.190  33.105 0.0000000000
38113  -41.177  -40.280  33.822 0.0000000000
111497  -41.923  -38.830  35.896 0.0000000000
38835  -41.969  -38.585  35.248 0.0000000000
39584  -42.551  -37.302  35.420 0.0000000000
41154  -42.971  -35.936  32.740 0.0000000000
41147  -43.012  -36.188  33.494 0.0000000000
41148  -43.345  -35.557  33.487 0.0000000000
42031  -43.655  -35.144  34.329 0.0000000000
111465  -44.318  -34.568  35.782 0.0000000000
42020  -44.221  -34.182  35.126 0.0000000000
35036  -22.887  -44.071  36.468 0.0000000000
48986  -46.766  -26.429  29.397 0.0000000000
49892  -47.465  -25.953  29.942 0.0000000000
49916  -47.986  -26.029  28.065 0.0000000000
49043  -48.480  -26.827  25.828 0.0000000000
49027  -49.407  -26.360  26.747 0.0000000000
49029  -51.170  -26.856  26.701 0.0000000000
109171  -51.877  -26.943  25.823 0.0000000000
53841  -52.283  -20.176  18.651 0.0000000000
53829  -53.272  -20.154  19.650 0.0000000000
55462  -55.743  -18.538  20.671 0.0000000000
62310  -54.272  -8.619  17.217 0.0000000000
52256  -45.576  -22.937  16.957 0.0000000000
54699  -47.145  -19.309  15.786 0.0000000000
54700  -47.990  -19.087  15.852 0.0000000000
55513  -47.293  -18.598  15.680 0.0000000000
55514  -48.117  -18.283  15.740 0.0000000000
56323  -48.144  -17.453  15.714 0.0000000000
116988  -48.544  -15.108  15.567 0.0000000000
57844  -49.850  -15.363  15.962 0.0000000000
59454  -49.259  -12.908  15.574 0.0000000000
59453  -48.476  -12.919  15.440 0.0000000000
27577  -13.721  -53.136  43.861 0.0000000000
26733  -13.839  -53.467  44.710 0.0000000000
28408  -19.135  -52.425  46.278 0.0000000000
27560  -18.581  -52.835  46.936 0.0000000000
25874  -16.693  -54.456  48.592 0.0000000000
26689  -15.230  -54.091  48.758 0.0000000000
26695  -15.091  -53.790  48.445 0.0000000000
106938  -14.584  -53.702  48.111 0.0000000000
26694  -14.461  -53.954  48.580 0.0000000000
25878  -13.869  -54.237  48.415 0.0000000000
25877  -13.544  -54.376  48.150 0.0000000000
25098  -13.341  -54.818  48.089 0.0000000000
25106  -13.314  -55.432  47.989 0.0000000000
44623  -46.377  -31.077  33.510 0.0000000000
44616  -46.441  -30.932  34.203 0.0000000000
45490  -46.557  -30.370  33.645 0.0000000000
46315  -46.562  -29.811  33.003 0.0000000000
100120  -44.827  -28.090  31.151 0.0000000000
48070  -44.079  -27.452  30.745 0.0000000000
101433  -44.487  -27.134  31.555 0.0000000000
48048  -45.244  -26.284  33.039 0.0000000000
48967  -44.569  -26.233  31.670 0.0000000000
98689  -44.650  -25.658  31.216 0.0000000000
49873  -44.893  -25.278  30.845 0.0000000000
48974  -44.431  -25.766  30.447 0.0000000000
49889  -44.454  -25.905  29.723 0.0000000000
101443  -43.972  -26.369  28.429 0.0000000000
48122  -41.943  -27.330  25.443 0.0000000000
115667  -42.990  -26.703  26.307 0.0000000000
48140  -43.288  -27.841  24.902 0.0000000000
48158  -43.764  -28.368  24.048 0.0000000000
102528  -25.870  -42.053  40.109 0.0000000000
36530  -26.202  -41.997  40.832 0.0000000000
36505  -30.281  -41.900  43.116 0.0000000000
37423  -30.962  -40.990  31.803 0.0000000000
116131  -30.374  -40.949  32.157 0.0000000000
36687  -30.867  -41.291  32.638 0.0000000000
36662  -31.136  -41.490  33.490 0.0000000000
104581  -31.116  -41.665  34.909 0.0000000000
113741  -31.811  -41.796  34.843 0.0000000000
99689  -32.717  -42.114  35.713 0.0000000000
105249  -35.888  -41.218  31.266 0.0000000000
36692  -35.924  -41.341  32.069 0.0000000000
99687  -35.647  -41.418  32.856 0.0000000000
36667  -35.882  -41.486  33.640 0.0000000000
107821  -37.244  -42.022  36.433 0.0000000000
36592  -35.935  -42.349  37.250 0.0000000000
36591  -35.001  -42.389  37.265 0.0000000000
35768  -36.403  -42.745  39.624 0.0000000000
113461  -37.269  -43.097  40.603 0.0000000000
33244  -20.896  -46.431  39.989 0.0000000000
32377  -20.502  -46.812  39.289 0.0000000000
114530  -19.966  -47.285  39.463 0.0000000000
31565  -19.712  -47.794  40.051 0.0000000000
118990  -19.625  -47.918  40.760 0.0000000000
31553  -19.649  -48.001  41.430 0.0000000000
31532  -20.224  -48.252  42.716 0.0000000000
33194  -22.393  -45.743  45.251 0.0000000000
32313  -22.280  -46.483  45.318 0.0000000000
49981  -45.974  -25.977  19.794 0.0000000000
49116  -46.275  -26.585  20.571 0.0000000000
49971  -47.672  -25.573  21.255 0.0000000000
50746  -49.347  -24.232  22.396 0.0000000000
49073  -52.168  -26.015  23.608 0.0000000000
117998  -52.191  -20.563  22.191 0.0000000000
53794  -51.769  -20.820  22.558 0.0000000000
52963  -52.275  -21.029  23.701 0.0000000000
52949  -52.752  -20.929  24.075 0.0000000000
60871  -50.220  -12.307  15.143 0.0000000000
60872  -51.285  -12.132  15.328 0.0000000000
60890  -53.049  -11.677  14.822 0.0000000000
113289  -53.549  -10.883  15.501 0.0000000000
60891  -54.074  -11.206  14.384 0.0000000000
60906  -54.286  -11.067  13.413 0.0000000000
60947  -52.814  -11.742  9.457 0.0000000000
61641  -54.768  -10.479  11.878 0.0000000000
60951  -57.353  -11.181  9.000 0.0000000000
61672  -57.781  -9.817  9.253 0.0000000000
42059  -43.654  -34.745  32.427 0.0000000000
42960  -43.878  -34.113  31.928 0.0000000000
107471  -43.387  -34.759  30.880 0.0000000000
41221  -42.597  -34.810  28.809 0.0000000000
42144  -42.500  -34.338  27.469 0.0000000000
35803  -24.517  -42.781  35.533 0.0000000000
36635  -25.821  -41.989  34.233 0.0000000000
105237  -27.013  -41.516  34.010 0.0000000000
38178  -37.995  -39.514  27.994 0.0000000000
114212  -38.431  -39.396  28.671 0.0000000000
38889  -39.534  -38.391  28.576 0.0000000000
38875  -39.742  -38.702  29.427 0.0000000000
38868  -39.849  -38.971  30.266 0.0000000000
38869  -40.478  -38.698  30.882 0.0000000000
39604  -41.904  -37.927  33.142 0.0000000000
100199  -41.768  -37.791  32.288 0.0000000000
39605  -42.133  -37.195  32.738 0.0000000000
40376  -42.439  -36.546  32.317 0.0000000000
40389  -42.253  -36.476  31.520 0.0000000000
41169  -43.190  -35.337  32.105 0.0000000000
49040  -46.040  -27.328  25.998 0.0000000000
49041  -46.920  -27.031  25.847 0.0000000000
48127  -47.337  -27.395  25.163 0.0000000000
48143  -46.353  -28.054  24.183 0.0000000000
111417  -47.039  -27.713  24.504 0.0000000000
48128  -48.156  -27.282  25.142 0.0000000000
48145  -48.581  -27.351  24.380 0.0000000000
48163  -49.407  -27.170  24.226 0.0000000000
55483  -53.071  -18.365  18.163 0.0000000000
56280  -54.190  -18.062  18.892 0.0000000000
55474  -55.361  -18.188  19.936 0.0000000000
56273  -55.914  -17.709  20.557 0.0000000000
59428  -55.318  -12.658  19.128 0.0000000000
60852  -53.818  -10.427  18.023 0.0000000000
61599  -53.110  -9.650  17.899 0.0000000000
28442  -15.489  -51.957  41.130 0.0000000000
27595  -15.471  -52.783  42.441 0.0000000000
113130  -15.976  -53.105  43.172 0.0000000000
45505  -45.157  -30.324  30.007 0.0000000000
46328  -45.571  -30.005  30.732 0.0000000000
46338  -44.631  -29.451  29.501 0.0000000000
47198  -44.048  -28.390  29.372 0.0000000000
102533  -43.645  -27.722  29.195 0.0000000000
48085  -43.426  -27.063  29.603 0.0000000000
48983  -43.115  -26.931  28.754 0.0000000000
48103  -42.554  -27.068  27.408 0.0000000000
49004  -42.301  -27.286  26.674 0.0000000000
48113  -41.697  -27.826  26.366 0.0000000000
48114  -41.821  -27.409  26.011 0.0000000000
48139  -41.652  -27.771  24.873 0.0000000000
48156  -41.448  -28.667  23.611 0.0000000000
36547  -28.144  -41.680  39.815 0.0000000000
36532  -28.656  -41.639  40.457 0.0000000000
36517  -30.524  -42.106  42.039 0.0000000000
109941  -30.903  -41.905  41.120 0.0000000000
36506  -31.117  -41.925  42.892 0.0000000000
35721  -33.513  -43.462  42.234 0.0000000000
36705  -31.804  -41.187  32.167 0.0000000000
36688  -32.421  -41.400  32.862 0.0000000000
36648  -38.786  -41.832  34.209 0.0000000000
36628  -38.723  -42.051  34.893 0.0000000000
100251  -38.579  -42.133  35.486 0.0000000000
36614  -38.763  -42.219  36.109 0.0000000000
36555  -38.864  -42.364  39.581 0.0000000000
36521  -39.596  -42.025  40.754 0.0000000000
36539  -40.131  -41.438  40.588 0.0000000000
119377  -39.805  -41.942  41.029 0.0000000000
33288  -20.906  -45.956  37.088 0.0000000000
33268  -21.020  -46.031  38.017 0.0000000000
33257  -21.159  -46.138  39.027 0.0000000000
33245  -21.435  -45.716  39.874 0.0000000000
32354  -21.009  -46.662  41.582 0.0000000000
32340  -21.325  -46.531  42.229 0.0000000000
33199  -22.265  -45.885  44.388 0.0000000000
33223  -22.460  -45.239  42.829 0.0000000000
50771  -47.318  -24.320  19.873 0.0000000000
50763  -47.918  -23.827  21.267 0.0000000000
51487  -48.433  -23.383  21.777 0.0000000000
51481  -49.420  -23.331  22.539 0.0000000000
51482  -50.073  -22.895  22.891 0.0000000000
60902  -48.267  -11.783  13.593 0.0000000000
60915  -49.652  -12.192  12.551 0.0000000000
60949  -54.405  -11.391  9.809 0.0000000000
99203  -56.261  -11.380  9.272 0.0000000000
29267  -19.352  -50.835  42.981 0.0000000000
29261  -19.468  -51.212  43.700 0.0000000000
110654  -45.323  -32.695  34.208 0.0000000000
44615  -46.069  -31.583  33.940 0.0000000000
44630  -46.174  -31.188  32.124 0.0000000000
42975  -44.155  -33.512  31.383 0.0000000000
101402  -44.741  -32.915  31.629 0.0000000000
43826  -44.213  -32.883  29.968 0.0000000000
43819  -44.994  -32.276  31.089 0.0000000000
44638  -45.252  -31.700  30.618 0.0000000000
44663  -44.302  -30.808  28.734 0.0000000000
45517  -43.872  -30.538  28.130 0.0000000000
45527  -43.442  -30.706  27.495 0.0000000000
45535  -42.210  -30.193  25.725 0.0000000000
114706  -23.695  -43.432  40.561 0.0000000000
35746  -24.072  -43.020  40.023 0.0000000000
35763  -24.580  -42.662  39.565 0.0000000000
35764  -25.180  -42.318  39.902 0.0000000000
36545  -26.398  -41.893  39.559 0.0000000000
114017  -26.927  -41.774  39.146 0.0000000000
109137  -24.805  -42.685  36.060 0.0000000000
36582  -26.098  -41.906  36.912 0.0000000000
99702  -28.497  -41.643  39.125 0.0000000000
99701  -29.312  -41.735  39.111 0.0000000000
36565  -29.684  -41.826  38.494 0.0000000000
99700  -30.012  -41.915  39.086 0.0000000000
36567  -31.407  -41.858  38.780 0.0000000000
99471  -32.310  -41.959  39.007 0.0000000000
99188  -35.002  -40.707  28.625 0.0000000000
110736  -35.216  -40.846  29.331 0.0000000000
36710  -36.570  -41.210  31.433 0.0000000000
36711  -37.361  -41.149  31.594 0.0000000000
119360  -37.584  -41.271  32.255 0.0000000000
37479  -38.102  -40.228  29.787 0.0000000000
37466  -38.417  -40.508  30.549 0.0000000000
38139  -39.151  -40.253  30.868 0.0000000000
36670  -38.941  -41.598  33.471 0.0000000000
108955  -39.541  -41.718  34.042 0.0000000000
36650  -40.168  -41.777  34.715 0.0000000000
104200  -40.920  -41.211  35.226 0.0000000000
37396  -41.010  -41.294  36.216 0.0000000000
37389  -41.511  -40.563  36.652 0.0000000000
104019  -41.498  -39.334  38.525 0.0000000000
38815  -41.699  -38.565  38.367 0.0000000000
39573  -42.010  -38.186  37.055 0.0000000000
39560  -42.264  -37.429  38.315 0.0000000000
40337  -42.716  -36.859  37.898 0.0000000000
40338  -43.090  -36.286  38.438 0.0000000000
41112  -43.592  -35.716  38.144 0.0000000000
39591  -42.442  -37.306  34.465 0.0000000000
118931  -42.894  -36.768  35.496 0.0000000000
40351  -43.366  -36.199  36.547 0.0000000000
41122  -43.762  -35.683  37.266 0.0000000000
34196  -21.201  -45.156  35.892 0.0000000000
34168  -22.120  -45.018  37.821 0.0000000000
34176  -22.524  -44.533  37.167 0.0000000000
35014  -23.151  -44.021  39.507 0.0000000000
118526  -47.943  -25.677  30.248 0.0000000000
49878  -50.536  -24.783  30.248 0.0000000000
112359  -47.228  -26.579  26.937 0.0000000000
49917  -48.750  -25.738  27.836 0.0000000000
49909  -50.150  -25.354  28.641 0.0000000000
109387  -50.878  -25.346  29.045 0.0000000000
118074  -49.661  -21.509  18.145 0.0000000000
53021  -50.247  -21.359  18.559 0.0000000000
53008  -51.251  -21.402  20.003 0.0000000000
53816  -52.113  -20.985  20.496 0.0000000000
53796  -53.170  -20.471  23.154 0.0000000000
53780  -53.842  -20.201  23.995 0.0000000000
54656  -53.341  -19.039  18.675 0.0000000000
54645  -53.660  -19.573  19.335 0.0000000000
53818  -53.823  -20.033  20.134 0.0000000000
54634  -55.502  -19.234  21.048 0.0000000000
53819  -54.647  -19.781  20.760 0.0000000000
53797  -54.092  -20.098  23.025 0.0000000000
26715  -11.667  -53.999  46.333 0.0000000000
118323  -43.810  -28.027  19.653 0.0000000000
48231  -44.333  -27.520  19.492 0.0000000000
49124  -44.679  -26.659  19.046 0.0000000000
50769  -45.943  -25.078  18.921 0.0000000000
50783  -46.274  -24.541  18.659 0.0000000000
51519  -47.436  -23.611  18.694 0.0000000000
52242  -47.819  -22.961  18.164 0.0000000000
52243  -48.488  -22.626  18.415 0.0000000000
53033  -49.337  -21.318  17.482 0.0000000000
53849  -50.397  -20.412  17.439 0.0000000000
54684  -48.612  -19.616  16.220 0.0000000000
54667  -49.933  -19.902  16.971 0.0000000000
54668  -50.672  -19.679  17.228 0.0000000000
55494  -51.023  -18.890  17.063 0.0000000000
117909  -50.966  -18.276  16.894 0.0000000000
56322  -47.383  -17.019  15.539 0.0000000000
57062  -48.160  -16.625  15.674 0.0000000000
56313  -49.594  -17.417  16.172 0.0000000000
56306  -50.823  -17.674  16.783 0.0000000000
116277  -51.547  -18.168  17.088 0.0000000000
56307  -51.456  -17.361  16.974 0.0000000000
57045  -51.732  -16.675  17.102 0.0000000000
57836  -52.072  -15.735  17.303 0.0000000000
106215  -51.961  -14.700  17.090 0.0000000000
60175  -49.750  -12.516  15.381 0.0000000000
60870  -49.277  -12.225  15.151 0.0000000000
60901  -47.470  -11.700  13.769 0.0000000000
28430  -18.901  -51.669  43.339 0.0000000000
27588  -17.750  -52.659  43.309 0.0000000000
100900  -18.156  -52.868  45.096 0.0000000000
27580  -17.695  -52.897  44.185 0.0000000000
27579  -16.649  -53.305  44.360 0.0000000000
27578  -15.875  -53.464  44.996 0.0000000000
27541  -18.117  -53.269  47.746 0.0000000000
27549  -16.892  -53.399  47.490 0.0000000000
26696  -16.604  -53.881  48.095 0.0000000000
105501  -16.466  -53.294  46.752 0.0000000000
27568  -16.095  -53.079  45.878 0.0000000000
26734  -14.916  -53.473  44.807 0.0000000000
26727  -14.346  -53.509  45.596 0.0000000000
26717  -13.690  -53.607  46.832 0.0000000000
109987  -11.998  -54.284  46.548 0.0000000000
25112  -12.084  -55.220  46.455 0.0000000000
112997  -12.762  -54.819  47.173 0.0000000000
49833  -47.612  -25.306  34.031 0.0000000000
44599  -46.414  -30.762  37.145 0.0000000000
46321  -45.840  -29.532  31.556 0.0000000000
46314  -46.154  -29.289  32.442 0.0000000000
47170  -45.796  -28.354  32.689 0.0000000000
47156  -46.769  -27.306  35.099 0.0000000000
48042  -46.492  -26.451  35.006 0.0000000000
48938  -46.436  -26.074  34.893 0.0000000000
48961  -45.309  -25.962  33.071 0.0000000000
49832  -46.160  -25.854  34.269 0.0000000000
107703  -46.271  -25.491  33.518 0.0000000000
115866  -47.164  -25.290  33.481 0.0000000000
49874  -46.286  -25.461  31.261 0.0000000000
115285  -45.811  -26.605  29.114 0.0000000000
48996  -45.656  -26.862  28.288 0.0000000000
48994  -43.465  -26.547  28.626 0.0000000000
49021  -43.468  -26.626  26.869 0.0000000000
49007  -44.183  -26.639  27.488 0.0000000000
101032  -44.883  -26.983  26.897 0.0000000000
48159  -44.796  -28.424  23.817 0.0000000000
47299  -44.255  -28.824  21.474 0.0000000000
104897  -43.816  -28.736  20.733 0.0000000000
45552  -40.777  -29.958  23.846 0.0000000000
117325  -40.708  -29.354  23.643 0.0000000000
115745  -40.597  -28.817  23.422 0.0000000000
48203  -39.906  -28.687  21.810 0.0000000000
47272  -40.677  -28.859  22.101 0.0000000000
47296  -41.420  -28.940  21.330 0.0000000000
47320  -40.972  -28.643  19.449 0.0000000000
47311  -42.223  -28.819  20.442 0.0000000000
47312  -43.251  -28.519  19.892 0.0000000000
35732  -24.461  -42.743  41.968 0.0000000000
104564  -28.318  -41.669  41.170 0.0000000000
113382  -28.060  -41.684  41.828 0.0000000000
36658  -27.429  -41.276  33.323 0.0000000000
104545  -27.740  -41.344  33.904 0.0000000000
104562  -28.529  -41.249  34.888 0.0000000000
99707  -29.756  -41.660  35.619 0.0000000000
98946  -30.204  -41.838  36.358 0.0000000000
98945  -31.176  -41.853  36.399 0.0000000000
36568  -32.069  -41.905  38.094 0.0000000000
98638  -33.020  -42.206  38.822 0.0000000000
37443  -33.043  -41.058  30.514 0.0000000000
114710  -32.937  -41.213  31.306 0.0000000000
36689  -33.396  -41.473  32.780 0.0000000000
36626  -36.437  -41.788  35.191 0.0000000000
36645  -35.257  -41.595  34.069 0.0000000000
119412  -34.790  -41.745  34.479 0.0000000000
36644  -34.090  -41.841  34.454 0.0000000000
36643  -33.263  -41.858  34.383 0.0000000000
104616  -33.601  -41.990  35.236 0.0000000000
112747  -33.487  -42.085  36.053 0.0000000000
118406  -34.415  -42.291  37.010 0.0000000000
36590  -33.292  -42.132  37.413 0.0000000000
36569  -33.425  -42.175  38.254 0.0000000000
35750  -33.847  -42.774  39.748 0.0000000000
35736  -35.131  -43.368  40.947 0.0000000000
35752  -35.603  -43.072  40.134 0.0000000000
35754  -37.618  -42.714  40.115 0.0000000000
35739  -37.467  -43.313  41.099 0.0000000000
108185  -17.612  -50.319  39.821 0.0000000000
32398  -19.890  -47.045  37.871 0.0000000000
30773  -18.747  -49.058  39.722 0.0000000000
104342  -19.079  -49.682  41.184 0.0000000000
30031  -19.621  -50.238  42.379 0.0000000000
30026  -20.097  -50.057  42.939 0.0000000000
47314  -45.235  -28.233  20.952 0.0000000000
113357  -46.840  -26.813  21.156 0.0000000000
48205  -47.028  -27.343  21.800 0.0000000000
48182  -47.986  -27.198  22.827 0.0000000000
119738  -48.948  -27.224  23.651 0.0000000000
49962  -48.633  -25.725  22.060 0.0000000000
49087  -49.216  -26.364  22.436 0.0000000000
49070  -49.649  -26.823  23.261 0.0000000000
48131  -50.718  -26.982  24.819 0.0000000000
49047  -52.495  -26.788  25.138 0.0000000000
117723  -50.274  -21.850  22.221 0.0000000000
52977  -51.326  -21.296  22.978 0.0000000000
52976  -50.578  -21.793  22.762 0.0000000000
51467  -51.528  -22.591  23.287 0.0000000000
118848  -51.883  -23.514  22.952 0.0000000000
50731  -53.385  -23.808  23.610 0.0000000000
49935  -53.746  -25.058  24.065 0.0000000000
105248  -52.271  -12.130  16.787 0.0000000000
60156  -52.501  -11.046  17.355 0.0000000000
60858  -51.942  -10.150  17.536 0.0000000000
105968  -52.362  -9.745  17.706 0.0000000000
111408  -51.586  -11.878  15.323 0.0000000000
60874  -51.779  -10.748  15.851 0.0000000000
61614  -51.831  -9.637  16.704 0.0000000000
61608  -52.715  -9.221  17.438 0.0000000000
62317  -53.353  -8.736  17.073 0.0000000000
62318  -54.273  -8.633  16.909 0.0000000000
62326  -54.746  -9.140  16.442 0.0000000000
117211  -55.132  -8.649  16.620 0.0000000000
62319  -55.816  -8.510  16.236 0.0000000000
102231  -54.887  -10.514  13.856 0.0000000000
112693  -56.300  -9.909  10.203 0.0000000000
62361  -56.960  -8.843  10.849 0.0000000000
23376  -13.472  -56.064  47.763 0.0000000000
25099  -13.575  -55.096  48.456 0.0000000000
26690  -16.153  -54.160  48.586 0.0000000000
27589  -18.416  -52.359  43.720 0.0000000000
30037  -19.408  -49.981  41.764 0.0000000000
36694  -38.314  -41.345  32.720 0.0000000000
36707  -33.538  -41.452  31.831 0.0000000000
37463  -35.886  -41.062  29.803 0.0000000000
38140  -39.834  -39.963  31.180 0.0000000000
42986  -44.426  -32.880  30.833 0.0000000000
43834  -44.110  -32.127  28.819 0.0000000000
47277  -45.516  -28.570  22.156 0.0000000000
48937  -46.086  -26.240  34.518 0.0000000000
49861  -45.356  -25.394  32.040 0.0000000000
50003  -44.368  -25.331  18.463 0.0000000000
54654  -51.805  -19.802  17.907 0.0000000000
56296  -54.234  -17.189  18.868 0.0000000000
56314  -50.142  -17.761  16.590 0.0000000000
98751  -32.802  -42.029  37.907 0.0000000000
99930  -28.287  -41.716  42.535 0.0000000000
101676  -52.678  -20.673  23.401 0.0000000000
101866  -14.347  -53.695  47.357 0.0000000000
102910  -49.003  -25.099  29.742 0.0000000000
105378  -32.377  -41.818  34.380 0.0000000000
106752  -44.628  -33.625  33.830 0.0000000000
106870  -13.877  -53.993  48.132 0.0000000000
111866  -42.071  -38.310  36.352 0.0000000000
112709  -38.114  -42.222  36.540 0.0000000000
114586  -39.642  -41.461  33.433 0.0000000000
118740  -35.720  -41.581  34.252 0.0000000000
119409  -42.518  -35.986  31.155 0.0000000000
