#!ascii label  , from subject sub-022 vox2ras=TkReg
1564
6982  -22.007  -78.027  -46.096 0.5000000000
4943  -21.021  -81.069  -43.981 0.5000000000
4942  -20.442  -81.665  -43.158 0.5000000000
4323  -19.970  -82.333  -42.359 0.5000000000
9223  -21.540  -75.326  -46.812 0.5000000000
118498  -21.611  -76.961  -46.713 0.5000000000
98603  -22.230  -75.844  -46.324 0.5000000000
7697  -22.124  -77.451  -45.969 0.5000000000
8423  -22.382  -76.621  -45.651 0.6000000238
6969  -22.225  -78.218  -45.340 0.5000000000
4322  -19.829  -83.054  -41.837 0.5000000000
5563  -21.640  -80.390  -44.108 0.5000000000
101612  -20.515  -84.058  -41.435 0.5000000000
116864  -21.217  -80.628  -43.524 0.6000000238
4305  -20.153  -83.003  -41.349 0.6000000238
5556  -21.255  -80.092  -43.111 0.6000000238
4937  -20.367  -81.474  -42.068 0.6000000238
3726  -20.751  -82.575  -40.964 0.6999999881
6217  -21.212  -79.695  -42.128 0.6999999881
4290  -20.710  -81.726  -40.733 0.6999999881
119646  -20.721  -80.000  -41.053 0.6999999881
5530  -20.834  -80.960  -40.668 0.6999999881
4291  -21.266  -81.947  -40.654 0.6999999881
9224  -21.873  -75.248  -46.556 0.5000000000
9212  -22.324  -75.085  -45.872 0.6000000238
9989  -21.904  -74.814  -45.953 0.6000000238
9205  -22.904  -74.955  -44.960 0.6000000238
6231  -22.105  -78.971  -44.698 0.5000000000
3740  -21.172  -83.277  -41.338 0.5000000000
3270  -21.439  -84.323  -42.445 0.5000000000
3769  -23.047  -83.638  -42.838 0.6999999881
3753  -21.747  -83.468  -42.130 0.6999999881
3754  -22.521  -83.238  -42.287 0.6999999881
6230  -21.971  -79.649  -43.928 0.6000000238
6952  -21.654  -79.183  -42.962 0.6999999881
3741  -22.639  -82.792  -41.714 0.6999999881
6915  -21.752  -78.818  -41.884 0.6999999881
6901  -21.554  -78.917  -41.005 0.6999999881
4308  -22.720  -82.319  -41.210 0.6999999881
6190  -21.532  -79.446  -40.621 0.6999999881
108402  -21.719  -79.981  -40.398 0.6999999881
5531  -21.686  -80.764  -40.395 0.6999999881
112823  -22.684  -81.203  -40.311 0.6999999881
6191  -22.280  -79.375  -39.973 0.6999999881
6179  -23.120  -79.051  -39.102 0.6999999881
5532  -22.389  -80.274  -40.065 0.6999999881
5520  -23.107  -79.914  -39.443 0.6999999881
107648  -21.743  -74.760  -45.950 0.5000000000
10867  -22.223  -73.517  -44.710 0.6000000238
11713  -22.764  -72.337  -44.337 0.6000000238
10879  -22.596  -73.598  -44.767 0.6000000238
10869  -23.120  -72.910  -44.563 0.6000000238
9195  -22.944  -75.757  -44.256 0.6000000238
9976  -23.199  -73.981  -44.564 0.6000000238
8414  -22.641  -76.592  -44.536 0.6000000238
3280  -23.759  -84.384  -43.284 0.6999999881
7678  -22.549  -77.406  -43.749 0.6999999881
3755  -23.109  -83.306  -42.140 0.6999999881
3273  -24.542  -84.502  -42.595 0.6999999881
3274  -25.212  -84.529  -42.818 0.6999999881
7667  -22.584  -77.296  -42.678 0.6999999881
113847  -23.654  -83.776  -41.734 0.6999999881
3744  -25.522  -83.824  -42.206 0.6999999881
99718  -22.277  -78.270  -42.985 0.6999999881
118871  -22.624  -77.166  -41.855 0.6999999881
4309  -23.268  -82.951  -41.282 0.6999999881
3260  -24.344  -84.192  -41.847 0.6999999881
3743  -25.038  -83.947  -41.362 0.6999999881
6934  -22.326  -77.897  -41.922 0.6999999881
7650  -22.532  -77.474  -41.114 0.6999999881
4932  -23.022  -81.952  -40.878 0.6999999881
3728  -24.836  -83.554  -40.417 0.6999999881
6902  -22.035  -78.730  -40.423 0.6999999881
113864  -23.318  -81.774  -40.061 0.6999999881
4292  -23.390  -82.522  -40.589 0.6999999881
6889  -22.619  -78.483  -39.641 0.6999999881
5533  -23.142  -80.811  -39.764 0.6999999881
4264  -23.873  -82.112  -39.055 0.6999999881
4900  -23.865  -81.408  -38.528 0.6999999881
6180  -23.552  -78.816  -37.946 0.6999999881
103816  -21.324  -74.073  -44.844 0.5000000000
11712  -21.923  -73.181  -44.359 0.6000000238
11702  -22.212  -72.262  -43.920 0.6000000238
10841  -21.364  -73.144  -43.052 0.5000000000
12515  -22.551  -71.318  -43.699 0.6000000238
10840  -20.387  -73.711  -43.089 0.5000000000
11701  -21.401  -73.376  -43.789 0.5000000000
12529  -22.860  -71.635  -44.131 0.6000000238
13350  -23.398  -69.992  -43.183 0.6000000238
12531  -23.320  -71.670  -44.221 0.6000000238
12516  -23.098  -71.109  -44.055 0.6000000238
100761  -23.403  -74.946  -44.019 0.6000000238
8404  -22.771  -76.537  -43.415 0.6999999881
9963  -23.786  -74.126  -43.660 0.6999999881
8391  -22.853  -76.403  -42.278 0.6999999881
9196  -23.169  -75.720  -43.202 0.6999999881
106553  -26.080  -83.071  -42.003 0.6999999881
8377  -23.124  -75.938  -41.379 0.6999999881
9182  -23.298  -75.516  -42.230 0.6999999881
99493  -25.791  -83.387  -41.373 0.6999999881
4310  -27.456  -82.603  -41.752 0.6999999881
9169  -23.580  -75.226  -41.378 0.6999999881
108980  -25.609  -83.381  -40.086 0.6999999881
3745  -26.587  -82.855  -41.317 0.6999999881
4325  -27.497  -82.511  -42.640 0.6999999881
8350  -23.323  -76.097  -39.533 0.6000000238
3714  -25.197  -83.294  -39.514 0.6999999881
110889  -26.230  -83.256  -39.942 0.6999999881
4293  -27.491  -82.755  -40.795 0.6999999881
106018  -28.301  -82.579  -42.179 0.6999999881
7627  -22.869  -77.799  -39.315 0.6999999881
4265  -24.511  -82.499  -38.524 0.6999999881
4266  -25.206  -82.642  -38.205 0.6000000238
3704  -26.436  -83.081  -38.542 0.6999999881
3731  -26.790  -83.042  -40.318 0.6999999881
6878  -23.647  -77.919  -37.628 0.6000000238
99314  -23.616  -80.597  -38.695 0.6999999881
4883  -24.291  -80.913  -37.725 0.6999999881
4901  -24.336  -81.810  -38.133 0.6999999881
4250  -24.869  -82.135  -37.904 0.6000000238
4267  -25.997  -82.701  -37.928 0.6000000238
6866  -24.389  -78.090  -36.981 0.6000000238
6168  -24.003  -79.393  -37.343 0.6000000238
105530  -25.071  -80.701  -37.236 0.6000000238
113175  -25.495  -81.237  -37.329 0.5000000000
4251  -25.566  -82.004  -37.532 0.5000000000
4252  -26.444  -82.143  -37.453 0.5000000000
6867  -24.945  -78.242  -36.993 0.6000000238
6156  -25.111  -79.194  -37.232 0.5000000000
5491  -25.134  -79.977  -37.204 0.5000000000
111064  -21.956  -72.088  -42.256 0.6000000238
11678  -21.776  -72.640  -41.189 0.6000000238
13340  -23.615  -70.258  -42.083 0.5000000000
13327  -24.730  -70.176  -40.162 0.6999999881
10828  -20.735  -73.513  -42.016 0.5000000000
100071  -21.094  -73.158  -41.168 0.6000000238
11665  -22.129  -72.287  -40.287 0.6000000238
11675  -19.734  -72.788  -41.642 0.6000000238
11676  -20.400  -73.169  -41.297 0.6000000238
13351  -24.154  -69.601  -42.745 0.4000000060
11663  -20.242  -72.664  -40.738 0.6000000238
13359  -23.583  -70.503  -43.828 0.5000000000
12517  -23.527  -71.151  -44.045 0.6000000238
10857  -24.180  -72.330  -43.726 0.6000000238
99266  -23.950  -74.306  -42.806 0.6999999881
9964  -24.332  -73.338  -42.862 0.6000000238
9941  -24.121  -74.565  -41.446 0.6999999881
8365  -23.458  -75.569  -40.476 0.6000000238
9158  -24.046  -74.878  -40.536 0.6000000238
109722  -23.484  -76.537  -38.431 0.6000000238
3705  -27.542  -83.065  -38.525 0.6000000238
4278  -27.611  -83.088  -39.757 0.6000000238
4294  -28.357  -82.786  -40.320 0.6999999881
4311  -28.283  -82.637  -41.282 0.6999999881
99842  -29.051  -82.557  -41.774 0.6999999881
7617  -23.632  -77.052  -37.792 0.6000000238
102462  -26.890  -82.683  -37.796 0.6000000238
109623  -30.097  -82.487  -42.969 0.6999999881
7607  -25.084  -77.566  -37.295 0.6000000238
4885  -26.110  -81.447  -37.350 0.4000000060
114963  -27.192  -82.172  -37.418 0.4000000060
4253  -27.788  -82.537  -37.581 0.5000000000
4268  -28.558  -82.768  -38.033 0.6000000238
4295  -29.115  -82.503  -40.016 0.6000000238
4327  -29.854  -82.329  -42.123 0.6000000238
6879  -25.233  -78.418  -37.367 0.5000000000
6891  -25.479  -78.674  -38.296 0.5000000000
6169  -25.565  -79.450  -37.780 0.5000000000
5507  -25.678  -80.307  -37.549 0.5000000000
4254  -28.625  -82.198  -37.343 0.4000000060
4269  -29.309  -82.265  -37.980 0.6000000238
99979  -24.079  -70.561  -39.480 0.6000000238
113395  -23.197  -71.069  -41.350 0.6000000238
13328  -25.340  -69.546  -40.961 0.6000000238
11649  -20.973  -72.372  -39.977 0.6000000238
111278  -22.350  -71.304  -39.061 0.5000000000
112778  -22.578  -69.933  -39.048 0.6000000238
14103  -21.890  -70.009  -39.377 0.6000000238
13341  -24.634  -70.084  -41.387 0.6000000238
12477  -19.653  -72.001  -41.309 0.6999999881
14102  -20.946  -69.694  -40.570 0.6000000238
14924  -21.665  -68.892  -40.434 0.6000000238
13360  -24.290  -69.773  -43.558 0.5000000000
14113  -24.939  -69.215  -42.323 0.6000000238
13338  -19.645  -70.775  -41.347 0.6000000238
103930  -20.454  -69.241  -41.318 0.6999999881
101910  -24.413  -70.545  -43.765 0.5000000000
14111  -19.251  -69.623  -41.716 0.6999999881
117294  -24.869  -70.701  -43.709 0.6000000238
14939  -18.806  -68.601  -41.637 0.6000000238
10842  -24.862  -72.103  -42.886 0.6000000238
10843  -25.074  -72.870  -41.770 0.6000000238
9955  -24.580  -73.777  -41.623 0.6000000238
114718  -24.689  -74.514  -39.729 0.6000000238
9147  -24.668  -74.976  -38.889 0.6000000238
8352  -26.040  -75.759  -39.356 0.6000000238
8335  -24.889  -76.055  -37.862 0.6000000238
8366  -25.839  -76.649  -40.002 0.6000000238
7629  -25.515  -77.085  -38.555 0.6000000238
4280  -29.358  -82.400  -39.074 0.6000000238
4926  -29.766  -81.935  -39.966 0.6000000238
4296  -30.130  -81.854  -40.761 0.6000000238
111287  -25.354  -77.981  -38.799 0.5000000000
6181  -25.749  -79.599  -39.054 0.5000000000
5521  -26.148  -80.196  -38.384 0.5000000000
4297  -30.976  -81.835  -40.873 0.6000000238
4255  -29.188  -81.731  -37.355 0.4000000060
4914  -30.085  -81.577  -39.013 0.6000000238
4927  -30.553  -81.575  -40.061 0.6000000238
13315  -23.643  -70.260  -39.043 0.6000000238
14093  -24.137  -69.236  -39.298 0.5000000000
14094  -24.912  -69.149  -39.444 0.6000000238
14095  -25.454  -68.357  -39.567 0.5000000000
12466  -23.211  -71.111  -39.243 0.6000000238
14907  -23.219  -68.566  -39.634 0.6000000238
14104  -25.312  -69.341  -39.967 0.5000000000
14941  -25.752  -68.826  -40.723 0.5000000000
14906  -22.497  -69.227  -39.602 0.5000000000
14092  -23.153  -69.745  -39.037 0.6000000238
14925  -22.344  -67.953  -40.516 0.5000000000
14114  -25.697  -68.708  -41.853 0.6000000238
14922  -19.745  -68.106  -41.591 0.6999999881
108848  -20.492  -67.716  -41.477 0.6000000238
102515  -19.759  -67.348  -41.315 0.6000000238
12518  -25.588  -70.322  -43.534 0.5000000000
104343  -17.693  -68.161  -41.033 0.5000000000
99161  -18.784  -67.740  -41.362 0.6999999881
11704  -25.349  -71.183  -43.237 0.5000000000
11679  -25.765  -72.981  -41.071 0.5000000000
10814  -25.124  -73.975  -40.205 0.6000000238
108451  -26.662  -74.410  -40.438 0.6000000238
9912  -25.671  -74.729  -39.275 0.5000000000
9159  -26.598  -75.104  -40.482 0.6000000238
9148  -25.911  -75.193  -39.198 0.6000000238
115485  -25.513  -77.623  -40.772 0.5000000000
4889  -29.447  -80.826  -37.325 0.5000000000
4890  -30.209  -80.681  -37.746 0.5000000000
4915  -31.034  -81.136  -39.383 0.6000000238
4928  -31.487  -81.613  -40.140 0.6000000238
14908  -23.906  -67.987  -39.497 0.6000000238
14909  -24.820  -68.149  -39.178 0.6000000238
15716  -23.625  -67.121  -39.687 0.6000000238
14910  -26.022  -67.244  -39.525 0.5000000000
15715  -23.176  -67.456  -40.136 0.6000000238
16503  -22.551  -66.858  -40.752 0.6999999881
14942  -26.341  -67.841  -41.256 0.6000000238
15726  -20.869  -67.003  -41.268 0.6000000238
15727  -21.804  -67.142  -41.160 0.6000000238
14115  -26.409  -68.476  -42.309 0.6000000238
15725  -18.737  -67.053  -40.848 0.6000000238
16501  -19.842  -66.614  -40.756 0.6000000238
103719  -25.057  -69.913  -43.619 0.5000000000
11692  -25.859  -72.140  -42.072 0.5000000000
15723  -17.335  -68.045  -40.416 0.5000000000
15724  -17.825  -67.529  -40.848 0.6000000238
11666  -26.240  -73.404  -40.671 0.5000000000
10831  -27.109  -73.393  -41.390 0.6000000238
10816  -26.399  -73.894  -40.371 0.5000000000
9183  -26.638  -75.300  -41.951 0.5000000000
8378  -26.303  -75.724  -41.308 0.5000000000
5511  -30.963  -80.325  -37.739 0.6000000238
4904  -31.427  -80.957  -38.572 0.6000000238
119322  -23.903  -66.810  -38.665 0.6000000238
15717  -24.960  -67.308  -38.636 0.5000000000
118331  -23.601  -66.393  -39.325 0.6999999881
15718  -25.877  -67.140  -38.910 0.5000000000
16496  -22.632  -66.005  -40.466 0.6999999881
108993  -23.231  -66.518  -40.251 0.6000000238
108690  -26.825  -66.886  -39.537 0.5000000000
16502  -21.751  -66.543  -40.914 0.6000000238
14927  -26.608  -67.027  -40.336 0.5000000000
101368  -26.992  -67.658  -41.789 0.6000000238
117318  -20.033  -65.696  -39.468 0.6999999881
16493  -19.292  -66.056  -39.851 0.6000000238
14135  -26.096  -69.194  -42.997 0.6000000238
16491  -17.093  -66.483  -39.600 0.6999999881
15713  -17.717  -66.728  -40.253 0.6999999881
12505  -26.393  -71.196  -42.850 0.5000000000
13361  -25.935  -69.757  -43.330 0.5000000000
15712  -17.099  -67.276  -39.903 0.6000000238
15703  -16.770  -66.769  -39.033 0.5000000000
11694  -27.148  -72.275  -42.067 0.6000000238
11680  -26.419  -72.769  -41.327 0.5000000000
14892  -16.837  -67.786  -39.052 0.6000000238
11681  -26.943  -72.744  -41.557 0.5000000000
9942  -27.064  -74.117  -41.279 0.6000000238
9965  -27.130  -74.690  -43.602 0.5000000000
16486  -23.715  -66.439  -38.255 0.6999999881
16479  -24.144  -66.947  -37.728 0.5000000000
15705  -25.161  -67.322  -38.248 0.5000000000
17261  -23.482  -65.027  -38.641 0.8000000119
16485  -23.490  -65.777  -38.772 0.6999999881
15697  -25.837  -67.484  -37.936 0.5000000000
15706  -26.363  -67.180  -38.716 0.5000000000
18088  -22.488  -64.687  -39.435 0.6999999881
17285  -23.038  -65.238  -39.977 0.6999999881
16497  -23.241  -65.787  -40.081 0.8000000119
17284  -22.127  -65.471  -39.896 0.6999999881
15707  -27.116  -66.936  -39.040 0.5000000000
17270  -20.390  -65.127  -38.985 0.6999999881
17271  -21.487  -65.112  -39.317 0.6999999881
15734  -27.126  -66.847  -41.144 0.6000000238
15719  -27.465  -66.674  -39.856 0.5000000000
18074  -18.178  -64.907  -38.284 0.6000000238
17269  -18.913  -65.404  -39.060 0.6000000238
105027  -27.104  -68.866  -42.914 0.6000000238
17268  -17.424  -65.427  -38.759 0.6999999881
16492  -17.789  -65.932  -39.673 0.6999999881
12519  -26.832  -70.243  -43.477 0.6000000238
13362  -27.056  -69.611  -43.387 0.6000000238
16484  -16.854  -65.977  -39.005 0.6000000238
12506  -27.113  -71.481  -42.809 0.6000000238
10844  -27.364  -72.839  -41.949 0.6000000238
14878  -17.118  -68.188  -38.024 0.6000000238
111342  -27.561  -73.075  -42.627 0.6000000238
9966  -27.528  -73.818  -43.169 0.5000000000
108939  -23.506  -65.023  -37.528 0.6000000238
16471  -23.436  -65.715  -36.736 0.5000000000
16478  -23.579  -66.406  -37.214 0.5000000000
18079  -23.323  -64.473  -39.052 0.8000000119
14893  -26.677  -67.480  -38.351 0.5000000000
18077  -21.411  -64.343  -38.929 0.6999999881
14943  -27.725  -67.296  -41.708 0.6000000238
15666  -21.248  -68.169  -34.135 0.6000000238
18075  -19.401  -64.719  -38.479 0.8000000119
16452  -19.837  -66.652  -34.478 0.6000000238
115637  -18.772  -64.391  -37.937 0.8000000119
14954  -27.385  -68.090  -42.386 0.6000000238
14849  -19.979  -68.025  -35.534 0.6000000238
17267  -16.768  -65.582  -38.358 0.6000000238
103873  -27.655  -70.068  -44.051 0.6000000238
12520  -27.512  -70.754  -43.737 0.6000000238
15686  -18.008  -67.636  -36.825 0.6000000238
15685  -16.783  -67.028  -37.371 0.6000000238
16476  -16.641  -66.285  -38.149 0.6000000238
101027  -27.907  -71.220  -44.225 0.6000000238
98566  -16.732  -67.260  -38.230 0.5000000000
10858  -27.660  -72.773  -43.619 0.5000000000
9978  -27.302  -73.922  -44.461 0.5000000000
11723  -28.014  -72.277  -45.688 0.5000000000
16464  -23.612  -65.582  -35.744 0.5000000000
16472  -23.566  -66.450  -36.123 0.5000000000
18066  -23.677  -64.281  -38.419 0.6000000238
18045  -23.831  -64.643  -36.353 0.5000000000
18927  -22.843  -63.490  -38.820 0.8000000119
111830  -23.892  -63.508  -38.284 0.6999999881
18065  -21.868  -63.498  -38.658 0.8000000119
18064  -20.825  -63.814  -38.329 0.8000000119
15729  -27.821  -66.473  -40.567 0.6000000238
14894  -27.377  -67.666  -38.654 0.5000000000
16442  -20.653  -66.737  -33.291 0.6000000238
18913  -20.284  -63.574  -37.570 0.8000000119
14912  -28.420  -67.595  -39.791 0.5000000000
17232  -19.161  -66.020  -34.109 0.6999999881
16453  -20.430  -66.870  -33.913 0.6000000238
18062  -17.699  -64.433  -37.504 0.8000000119
14122  -27.995  -68.559  -42.913 0.6000000238
14944  -28.585  -67.738  -41.920 0.6000000238
14928  -28.375  -67.123  -40.575 0.6000000238
16451  -18.794  -66.251  -34.867 0.6000000238
110615  -27.902  -69.711  -43.931 0.6000000238
14136  -27.806  -69.235  -43.405 0.6000000238
14956  -29.101  -68.485  -42.444 0.6000000238
15678  -18.435  -67.185  -36.164 0.6000000238
17259  -16.731  -65.533  -37.575 0.6000000238
13375  -28.559  -70.140  -44.582 0.6000000238
16469  -16.576  -66.266  -37.309 0.6000000238
11716  -27.928  -71.981  -44.464 0.6000000238
12533  -28.758  -70.960  -45.316 0.6000000238
12546  -29.528  -71.368  -45.759 0.5000000000
11724  -28.732  -71.870  -46.041 0.5000000000
10880  -27.668  -73.196  -46.248 0.5000000000
11735  -28.929  -72.501  -46.829 0.5000000000
18056  -24.210  -63.496  -37.361 0.6000000238
18915  -23.440  -63.101  -38.411 0.6999999881
16420  -21.367  -66.922  -31.102 0.6000000238
106842  -21.286  -67.024  -31.924 0.6000000238
110801  -21.305  -63.245  -37.906 0.8000000119
14895  -28.104  -68.229  -39.055 0.5000000000
17214  -20.105  -66.162  -32.453 0.6000000238
18897  -20.868  -63.014  -37.171 0.8000000119
14096  -28.814  -68.842  -39.527 0.5000000000
17223  -20.277  -66.226  -33.075 0.6999999881
18895  -18.720  -63.317  -36.577 0.8000000119
15730  -28.925  -67.645  -41.256 0.6000000238
114984  -29.103  -68.272  -40.456 0.6000000238
17231  -18.076  -65.640  -34.653 0.8000000119
18055  -17.791  -63.843  -36.837 0.6999999881
14123  -28.823  -68.924  -43.098 0.6000000238
14946  -29.976  -68.885  -41.914 0.6000000238
17241  -17.651  -65.773  -35.418 0.6999999881
16461  -17.120  -65.797  -36.247 0.6999999881
18061  -16.955  -64.730  -37.312 0.6000000238
14138  -29.547  -69.400  -43.768 0.6000000238
14125  -30.230  -69.325  -42.540 0.6000000238
16470  -17.256  -66.627  -36.619 0.6000000238
14139  -30.222  -69.564  -43.419 0.5000000000
13376  -30.093  -70.317  -44.889 0.5000000000
18898  -24.022  -62.651  -38.076 0.6000000238
18899  -25.306  -62.917  -37.248 0.5000000000
15598  -21.045  -67.704  -29.268 0.6000000238
19864  -23.390  -62.418  -37.987 0.6999999881
15599  -21.331  -67.233  -29.851 0.6000000238
18914  -22.410  -62.821  -38.049 0.6999999881
19849  -22.794  -61.988  -37.349 0.6000000238
102343  -20.694  -66.468  -31.624 0.6000000238
16419  -21.011  -66.496  -30.674 0.6000000238
19848  -21.633  -62.366  -37.005 0.6000000238
19847  -20.539  -62.584  -36.480 0.6999999881
17222  -19.478  -65.889  -33.212 0.8000000119
18896  -19.869  -63.270  -36.797 0.6999999881
19831  -20.177  -62.196  -35.782 0.6000000238
18894  -17.763  -63.302  -36.413 0.8000000119
19845  -18.465  -62.863  -35.992 0.6999999881
17230  -17.104  -65.119  -34.592 0.6999999881
108765  -17.051  -65.268  -35.193 0.6999999881
113989  -16.769  -64.184  -36.089 0.6000000238
18883  -17.503  -63.093  -35.915 0.8000000119
15597  -20.577  -67.872  -28.692 0.6000000238
16397  -21.142  -66.639  -29.904 0.6000000238
17201  -20.311  -66.117  -30.903 0.6999999881
20731  -20.548  -61.815  -35.278 0.6000000238
118643  -19.259  -65.972  -31.743 0.6999999881
17212  -18.563  -65.702  -31.854 0.6999999881
119036  -19.950  -61.899  -35.343 0.6999999881
19818  -18.731  -61.904  -34.844 0.6000000238
17221  -18.581  -65.539  -32.823 0.8000000119
109201  -16.670  -64.396  -33.460 0.6000000238
108318  -16.457  -64.455  -34.695 0.5000000000
19829  -18.218  -62.542  -35.370 0.6999999881
20717  -18.045  -61.708  -34.353 0.6999999881
101544  -18.931  -61.278  -34.306 0.6000000238
107291  -18.227  -65.460  -33.785 0.8000000119
18037  -16.391  -63.746  -34.911 0.6000000238
18882  -16.790  -63.551  -35.613 0.6000000238
115705  -19.505  -68.191  -27.795 0.6000000238
15586  -20.391  -67.622  -27.987 0.6000000238
17167  -20.673  -66.272  -29.395 0.6999999881
107316  -20.845  -67.347  -28.648 0.6000000238
17184  -20.054  -65.913  -30.160 0.6999999881
17183  -19.075  -65.759  -30.118 0.6999999881
18012  -17.472  -65.140  -31.649 0.6000000238
20718  -19.722  -61.537  -34.877 0.6000000238
18021  -17.094  -64.688  -32.592 0.6000000238
115344  -16.111  -63.604  -33.826 0.6000000238
20708  -20.595  -61.248  -33.612 0.5000000000
20706  -18.083  -61.191  -33.751 0.6000000238
117953  -19.813  -61.179  -33.451 0.5000000000
119621  -20.022  -61.858  -31.983 0.5000000000
98596  -17.183  -61.140  -33.214 0.6000000238
20693  -19.316  -61.243  -32.700 0.5000000000
15563  -19.332  -67.880  -26.388 0.6000000238
15573  -19.847  -67.738  -27.117 0.6000000238
17156  -20.370  -66.236  -28.459 0.6999999881
15574  -20.329  -67.166  -27.248 0.6999999881
17155  -19.289  -65.735  -28.446 0.6999999881
17166  -19.794  -65.847  -29.321 0.6999999881
17165  -18.065  -65.557  -29.920 0.6000000238
17182  -18.236  -65.647  -30.873 0.5000000000
117262  -16.992  -64.653  -31.300 0.6999999881
18852  -15.921  -63.435  -30.771 0.6000000238
18011  -16.572  -64.250  -31.901 0.6000000238
18864  -15.751  -62.698  -32.861 0.6000000238
19794  -15.710  -61.881  -32.545 0.6000000238
19805  -16.209  -62.151  -33.832 0.6000000238
20691  -16.583  -61.159  -32.763 0.5000000000
100143  -17.312  -61.006  -32.256 0.5000000000
20679  -18.145  -61.294  -31.077 0.5000000000
16335  -17.422  -66.257  -23.295 0.6999999881
16336  -18.343  -66.790  -23.009 0.6999999881
17111  -17.895  -66.073  -22.235 0.6999999881
109805  -19.412  -67.620  -25.674 0.6000000238
15547  -19.359  -67.159  -24.317 0.6999999881
16330  -18.761  -66.707  -22.375 0.6999999881
119516  -19.628  -66.180  -22.019 0.6999999881
17921  -20.548  -65.116  -22.144 0.6000000238
15564  -19.877  -67.413  -26.403 0.6999999881
15554  -19.463  -67.352  -25.093 0.6999999881
16351  -19.686  -66.894  -24.839 0.6999999881
17119  -20.037  -66.292  -23.080 0.6999999881
16366  -20.084  -66.791  -26.452 0.6999999881
16358  -19.791  -67.180  -25.670 0.6999999881
100970  -19.701  -66.179  -24.392 0.6999999881
17154  -18.122  -65.428  -28.975 0.6999999881
17985  -17.293  -64.978  -29.559 0.6000000238
18001  -17.282  -65.002  -30.638 0.6000000238
18851  -15.286  -62.828  -30.667 0.6000000238
19762  -14.945  -62.354  -30.216 0.6000000238
18858  -15.925  -63.501  -31.566 0.6000000238
18857  -15.370  -62.820  -31.330 0.6000000238
19774  -15.019  -62.186  -31.024 0.6000000238
20689  -15.860  -61.626  -31.982 0.5000000000
21566  -15.180  -61.058  -30.751 0.6000000238
106246  -15.010  -60.684  -30.158 0.6000000238
20690  -16.210  -61.434  -32.632 0.5000000000
21579  -16.172  -61.035  -31.360 0.5000000000
21568  -16.253  -60.561  -30.288 0.5000000000
17118  -17.043  -65.623  -22.733 0.6999999881
17112  -18.972  -66.146  -21.786 0.6999999881
111123  -19.725  -65.648  -21.821 0.6000000238
17920  -19.796  -64.955  -21.662 0.6000000238
17931  -21.188  -64.626  -22.808 0.6000000238
17932  -21.580  -64.326  -23.386 0.4000000060
17126  -19.912  -65.877  -23.883 0.6000000238
17127  -20.329  -65.589  -23.360 0.5000000000
17941  -20.892  -64.893  -23.420 0.5000000000
18803  -20.927  -64.040  -24.659 0.4000000060
18789  -21.772  -63.656  -24.673 0.5000000000
103067  -20.000  -65.963  -27.704 0.6999999881
17141  -19.686  -66.090  -25.919 0.8000000119
17134  -19.618  -66.058  -25.034 0.6999999881
17939  -19.446  -64.419  -24.647 0.5000000000
18802  -19.890  -63.826  -24.764 0.4000000060
19713  -19.461  -62.950  -25.285 0.4000000060
20610  -20.343  -62.523  -26.090 0.4000000060
20623  -20.044  -61.564  -26.336 0.4000000060
17147  -19.160  -65.629  -27.379 0.8000000119
17962  -18.154  -65.140  -26.986 0.8000000119
17133  -19.049  -65.222  -25.467 0.8000000119
17948  -18.632  -64.432  -25.067 0.6000000238
18801  -18.701  -63.537  -24.972 0.5000000000
19712  -18.359  -62.626  -25.338 0.4000000060
20609  -19.088  -61.972  -25.808 0.4000000060
17969  -17.338  -64.896  -28.531 0.8000000119
17968  -16.725  -64.159  -28.027 0.6999999881
18826  -16.079  -63.279  -28.664 0.5000000000
20608  -18.010  -61.870  -25.465 0.4000000060
21520  -19.090  -60.944  -25.910 0.4000000060
17984  -16.710  -64.085  -29.140 0.6000000238
18841  -15.805  -63.241  -29.843 0.5000000000
19763  -15.195  -62.489  -29.238 0.5000000000
20657  -14.415  -60.965  -29.221 0.6000000238
106186  -14.690  -60.937  -30.038 0.6000000238
21554  -14.793  -60.546  -29.296 0.6000000238
17105  -17.631  -65.317  -21.753 0.6000000238
17909  -17.153  -64.761  -21.403 0.5000000000
18763  -19.132  -64.281  -21.657 0.5000000000
19675  -19.329  -63.385  -22.028 0.4000000060
18765  -21.169  -64.211  -22.390 0.5000000000
18776  -21.839  -63.897  -23.123 0.5000000000
113571  -21.947  -63.993  -23.786 0.5000000000
110311  -22.255  -63.119  -25.020 0.5000000000
19715  -22.017  -63.104  -25.661 0.5000000000
19729  -22.363  -62.453  -26.226 0.5000000000
20624  -20.964  -62.070  -26.585 0.5000000000
21536  -22.188  -61.183  -26.919 0.5000000000
17955  -18.159  -64.638  -26.014 0.6999999881
17954  -17.396  -64.058  -26.160 0.6000000238
18799  -16.602  -62.928  -25.736 0.5000000000
103168  -17.895  -63.154  -25.298 0.5000000000
21534  -19.874  -60.572  -26.351 0.5000000000
113066  -20.500  -60.048  -26.598 0.5000000000
17146  -18.181  -65.363  -27.973 0.8000000119
17961  -17.384  -64.798  -27.522 0.6999999881
18817  -16.258  -63.302  -27.471 0.6000000238
19710  -16.618  -62.225  -25.599 0.5000000000
20607  -17.094  -61.739  -25.376 0.4000000060
105108  -18.093  -60.350  -25.496 0.5000000000
22391  -18.969  -59.996  -26.084 0.4000000060
117531  -19.697  -59.756  -26.296 0.5000000000
19752  -15.394  -62.512  -28.176 0.5000000000
19742  -15.681  -62.374  -27.148 0.5000000000
19727  -15.856  -62.215  -26.001 0.6000000238
20606  -16.253  -61.497  -25.634 0.5000000000
21519  -16.973  -60.356  -25.336 0.5000000000
22389  -17.171  -59.486  -25.469 0.5000000000
19741  -14.753  -61.700  -27.801 0.5000000000
20638  -14.632  -60.866  -27.544 0.5000000000
20622  -15.438  -61.139  -26.081 0.5000000000
22396  -15.571  -59.250  -26.146 0.5000000000
103724  -14.529  -60.629  -28.683 0.6000000238
22403  -14.919  -59.777  -27.666 0.6000000238
18750  -17.389  -64.035  -21.222 0.5000000000
19661  -17.124  -63.163  -21.384 0.5000000000
18762  -18.209  -63.483  -21.728 0.5000000000
114522  -18.637  -62.667  -22.186 0.4000000060
19676  -20.424  -63.366  -22.302 0.4000000060
119308  -16.558  -63.490  -21.006 0.5000000000
19674  -17.684  -62.429  -22.182 0.4000000060
18766  -21.481  -63.298  -22.654 0.5000000000
19690  -22.091  -62.992  -23.239 0.5000000000
19716  -22.503  -62.591  -25.639 0.5000000000
20598  -22.837  -61.943  -25.480 0.4000000060
20627  -23.166  -61.466  -26.320 0.4000000060
22400  -23.302  -60.246  -26.650 0.4000000060
20583  -19.480  -62.531  -22.475 0.4000000060
19688  -20.541  -62.468  -22.673 0.5000000000
19689  -21.456  -62.487  -22.930 0.5000000000
20593  -21.739  -61.982  -23.499 0.5000000000
20592  -19.633  -61.684  -22.848 0.4000000060
105813  -19.760  -60.952  -23.170 0.4000000060
21487  -21.171  -60.964  -23.779 0.5000000000
119671  -22.110  -61.399  -24.229 0.4000000060
110944  -22.794  -61.396  -24.860 0.4000000060
20612  -23.332  -61.459  -25.928 0.4000000060
21521  -23.601  -60.808  -25.469 0.4000000060
20581  -16.889  -61.823  -22.568 0.4000000060
113770  -17.664  -61.616  -22.727 0.4000000060
20582  -18.570  -61.810  -22.648 0.4000000060
21482  -16.910  -60.347  -23.204 0.4000000060
21483  -17.672  -60.466  -23.207 0.4000000060
20591  -18.944  -60.972  -23.079 0.4000000060
21485  -19.326  -60.196  -23.500 0.4000000060
21486  -20.271  -60.558  -23.574 0.5000000000
21503  -21.532  -60.416  -24.204 0.5000000000
21504  -22.436  -60.651  -24.461 0.4000000060
21505  -23.212  -60.750  -24.841 0.4000000060
22372  -20.057  -59.670  -24.025 0.4000000060
23258  -21.492  -58.940  -24.172 0.4000000060
22382  -22.990  -59.971  -24.353 0.4000000060
108122  -23.712  -60.150  -24.808 0.4000000060
22357  -15.945  -60.191  -23.149 0.4000000060
22368  -16.641  -59.562  -23.403 0.3000000119
22370  -18.645  -59.543  -23.589 0.3000000119
105209  -16.627  -58.142  -23.514 0.4000000060
23249  -17.202  -58.846  -23.516 0.3000000119
104585  -18.163  -58.800  -23.647 0.3000000119
23250  -19.027  -58.808  -23.704 0.4000000060
24095  -19.562  -57.428  -23.558 0.5000000000
23252  -20.444  -58.738  -24.134 0.4000000060
110738  -21.161  -58.175  -23.962 0.4000000060
106811  -22.034  -58.281  -24.123 0.4000000060
23261  -24.738  -58.479  -24.611 0.3000000119
24942  -19.382  -56.665  -23.631 0.5000000000
24943  -20.166  -56.949  -23.697 0.5000000000
24101  -21.277  -57.536  -24.096 0.4000000060
24102  -22.466  -57.614  -24.467 0.3000000119
113895  -16.341  -58.889  -23.510 0.4000000060
24939  -16.029  -56.605  -23.475 0.4000000060
24092  -16.973  -57.139  -23.450 0.4000000060
24093  -18.093  -57.172  -23.519 0.5000000000
102932  -18.880  -57.132  -23.521 0.5000000000
104918  -16.756  -56.290  -23.658 0.4000000060
24941  -18.561  -56.474  -23.586 0.5000000000
25712  -19.091  -55.882  -23.808 0.5000000000
24949  -20.798  -56.674  -24.227 0.4000000060
25711  -18.176  -55.659  -23.735 0.3000000119
25719  -18.745  -55.048  -24.013 0.3000000119
25720  -19.634  -55.360  -24.266 0.3000000119
24091  -15.878  -57.472  -23.373 0.4000000060
25709  -15.950  -55.774  -23.873 0.3000000119
25718  -16.188  -54.881  -24.352 0.4000000060
25722  -21.529  -56.096  -25.102 0.3000000119
26528  -15.939  -54.392  -24.469 0.3000000119
12492  -22.444  -71.678  -41.532 0.6000000238
12479  -22.919  -71.568  -40.247 0.5000000000
20705  -17.050  -61.727  -33.932 0.6000000238
19815  -16.532  -62.494  -34.340 0.6000000238
4337  -20.084  -82.486  -43.567 0.5000000000
5548  -20.771  -80.557  -41.994 0.6000000238
7689  -22.419  -77.420  -44.901 0.5000000000
5542  -20.662  -80.467  -41.084 0.6999999881
4307  -21.854  -82.442  -41.129 0.6999999881
4925  -22.268  -81.693  -40.663 0.6999999881
6916  -22.066  -78.275  -41.057 0.6999999881
10856  -23.756  -73.140  -44.108 0.5000000000
3742  -24.152  -83.778  -41.132 0.6999999881
113160  -23.072  -76.236  -40.614 0.6999999881
8364  -22.877  -76.920  -40.364 0.6999999881
3713  -24.500  -83.165  -39.714 0.6999999881
7628  -23.223  -77.411  -38.513 0.6999999881
13339  -22.805  -70.590  -42.565 0.6000000238
3715  -25.938  -83.275  -39.334 0.6999999881
9146  -23.969  -75.154  -39.464 0.6000000238
8322  -24.605  -76.816  -37.450 0.6000000238
5490  -24.583  -79.993  -37.249 0.5000000000
12478  -20.268  -71.806  -40.422 0.6999999881
9134  -24.178  -75.641  -38.394 0.6000000238
4279  -28.563  -82.913  -39.146 0.6000000238
108304  -29.540  -82.193  -40.619 0.6000000238
8336  -25.217  -76.812  -37.793 0.5000000000
102031  -25.428  -78.772  -39.532 0.5000000000
4902  -29.833  -81.336  -37.903 0.5000000000
112383  -21.198  -70.646  -39.645 0.6000000238
14112  -20.128  -69.817  -41.241 0.6999999881
14121  -25.407  -69.021  -42.725 0.6000000238
10799  -25.446  -74.222  -39.667 0.5000000000
9136  -25.316  -75.356  -38.659 0.5000000000
105560  -25.770  -76.582  -39.137 0.6000000238
8351  -25.591  -76.019  -38.507 0.5000000000
7639  -25.481  -77.674  -39.658 0.5000000000
4903  -30.633  -80.899  -38.464 0.6000000238
6158  -29.614  -79.782  -37.082 0.5000000000
16495  -21.529  -65.991  -40.431 0.6000000238
14911  -27.722  -67.140  -39.371 0.5000000000
14831  -20.848  -68.267  -34.941 0.6000000238
14879  -18.040  -68.412  -37.309 0.6000000238
11705  -27.619  -71.629  -43.410 0.6000000238
15679  -19.235  -67.297  -35.576 0.6000000238
18912  -18.989  -63.885  -37.292 0.8000000119
16462  -18.291  -66.529  -35.679 0.6000000238
14124  -29.622  -69.078  -42.936 0.6000000238
17251  -16.788  -65.171  -36.846 0.6000000238
13363  -29.472  -69.860  -44.560 0.6000000238
19846  -19.537  -62.774  -36.143 0.8000000119
14105  -29.862  -69.377  -40.636 0.6000000238
18893  -17.100  -63.722  -36.460 0.6000000238
17240  -16.730  -64.989  -36.016 0.6999999881
18044  -16.572  -64.456  -35.363 0.6000000238
18020  -16.174  -63.771  -32.947 0.6000000238
19816  -17.262  -62.347  -34.591 0.6999999881
18869  -15.874  -62.783  -33.639 0.6000000238
100524  -18.455  -61.098  -32.145 0.5000000000
18000  -16.659  -64.107  -30.165 0.5000000000
19795  -15.921  -61.853  -33.259 0.6000000238
20678  -16.980  -60.994  -30.910 0.5000000000
16345  -17.980  -66.855  -23.803 0.6999999881
15553  -19.009  -67.648  -24.875 0.6000000238
15539  -19.448  -66.928  -23.355 0.6999999881
119692  -19.822  -66.688  -25.574 0.8000000119
17949  -19.460  -65.244  -24.636 0.6000000238
17910  -17.930  -64.854  -21.475 0.6000000238
18787  -20.424  -64.527  -24.265 0.5000000000
17940  -19.953  -65.074  -23.977 0.5000000000
22390  -18.134  -59.310  -25.722 0.5000000000
18751  -18.293  -64.379  -21.494 0.5000000000
20625  -21.844  -61.964  -26.669 0.5000000000
17960  -16.839  -64.130  -26.945 0.6000000238
18810  -16.245  -63.058  -26.447 0.6000000238
22395  -15.069  -59.412  -26.970 0.5000000000
19673  -16.770  -62.482  -21.871 0.5000000000
118282  -22.561  -62.010  -24.733 0.5000000000
106843  -20.660  -61.548  -23.147 0.6000000238
21472  -16.263  -61.085  -22.699 0.4000000060
21473  -17.248  -61.049  -22.976 0.4000000060
20590  -18.087  -60.990  -22.953 0.4000000060
22369  -17.667  -59.700  -23.464 0.3000000119
21484  -18.389  -60.300  -23.303 0.4000000060
22380  -20.988  -59.621  -24.226 0.5000000000
22381  -21.956  -59.795  -24.277 0.4000000060
109712  -19.648  -58.954  -24.033 0.4000000060
23259  -22.582  -59.097  -24.104 0.4000000060
104456  -23.653  -59.273  -24.322 0.4000000060
105221  -17.648  -58.008  -23.618 0.3000000119
24094  -18.739  -57.932  -23.588 0.5000000000
24100  -20.433  -57.710  -23.742 0.5000000000
23251  -19.655  -58.232  -23.704 0.4000000060
105173  -23.098  -58.418  -24.176 0.4000000060
24948  -19.944  -56.196  -23.993 0.5000000000
117276  -20.656  -57.204  -23.873 0.4000000060
102471  -21.641  -56.987  -24.648 0.4000000060
24940  -17.636  -56.365  -23.586 0.5000000000
25710  -17.074  -55.503  -23.917 0.5000000000
25721  -20.513  -55.717  -24.615 0.4000000060
26521  -17.796  -54.854  -24.082 0.4000000060
113888  -16.472  -54.279  -24.979 0.3000000119
117471  -16.941  -54.724  -24.424 0.3000000119
3793  -33.257  -84.085  -45.845 0.5000000000
3293  -33.811  -84.528  -45.259 0.5000000000
106424  -35.021  -85.614  -44.626 0.5000000000
3283  -34.137  -84.217  -44.383 0.5000000000
2836  -35.202  -85.618  -43.829 0.5000000000
3284  -34.847  -84.782  -44.117 0.5000000000
2827  -35.255  -85.868  -42.883 0.6000000238
99318  -32.639  -83.697  -45.364 0.5000000000
3784  -33.274  -83.809  -44.678 0.5000000000
3774  -33.597  -83.628  -43.722 0.5000000000
3775  -34.273  -84.082  -43.514 0.5000000000
2820  -35.713  -86.507  -41.981 0.6000000238
3747  -34.367  -84.396  -42.047 0.6000000238
111272  -34.861  -85.127  -42.250 0.6000000238
105265  -31.493  -83.340  -46.242 0.4000000060
4359  -26.659  -82.570  -46.021 0.4000000060
103197  -27.522  -82.469  -45.679 0.4000000060
107142  -28.244  -82.501  -46.529 0.5000000000
105192  -29.237  -82.596  -46.569 0.5000000000
4360  -29.571  -82.616  -45.777 0.5000000000
4353  -29.513  -82.539  -44.901 0.5000000000
105942  -30.766  -83.038  -46.087 0.5000000000
3790  -30.975  -82.984  -45.336 0.5000000000
2821  -36.123  -86.305  -41.251 0.6000000238
2809  -37.113  -86.365  -40.806 0.6000000238
3783  -31.216  -82.981  -44.439 0.5000000000
3772  -32.198  -83.353  -44.316 0.5000000000
4343  -31.432  -82.923  -43.537 0.5000000000
110271  -35.676  -86.038  -41.627 0.6000000238
3773  -32.931  -83.343  -43.802 0.5000000000
3746  -33.721  -83.551  -41.957 0.6000000238
3263  -34.579  -85.019  -41.358 0.6000000238
2795  -36.157  -85.703  -40.189 0.6000000238
3251  -34.339  -84.805  -40.196 0.6000000238
2794  -34.975  -85.388  -39.802 0.6000000238
2781  -35.372  -85.209  -38.915 0.6999999881
3781  -25.467  -84.300  -44.771 0.6000000238
3770  -25.713  -83.775  -44.094 0.6000000238
3757  -25.996  -83.041  -42.775 0.6000000238
3782  -26.125  -83.129  -44.596 0.5000000000
4350  -26.817  -82.631  -44.921 0.5000000000
99647  -27.205  -82.465  -44.065 0.6000000238
101671  -28.635  -82.517  -45.469 0.5000000000
4351  -27.755  -82.432  -44.729 0.5000000000
4352  -28.639  -82.478  -44.388 0.5000000000
4354  -30.359  -82.674  -44.595 0.5000000000
4341  -29.545  -82.554  -43.825 0.5000000000
4342  -30.579  -82.690  -43.718 0.5000000000
2810  -37.828  -86.461  -40.197 0.6999999881
2797  -38.167  -85.695  -38.970 0.8000000119
4344  -32.275  -83.080  -43.261 0.5000000000
4331  -33.265  -83.068  -42.424 0.5000000000
2796  -37.366  -85.736  -39.749 0.6999999881
3262  -34.087  -84.071  -41.070 0.6000000238
3234  -36.894  -84.490  -37.831 0.6999999881
3240  -33.887  -84.287  -39.323 0.6000000238
3241  -34.482  -84.875  -39.051 0.6000000238
3232  -34.870  -84.652  -38.083 0.6999999881
3233  -35.849  -84.687  -37.962 0.6999999881
3224  -36.338  -84.082  -37.445 0.6000000238
3281  -24.407  -84.896  -44.044 0.5000000000
3756  -25.633  -83.887  -43.186 0.6000000238
4338  -26.758  -82.625  -43.283 0.6000000238
4339  -27.662  -82.444  -43.408 0.6000000238
4326  -29.102  -82.481  -42.770 0.6000000238
4328  -30.687  -82.363  -42.325 0.6000000238
2280  -38.393  -86.473  -39.285 0.6999999881
110240  -30.855  -82.633  -43.022 0.5000000000
4314  -31.392  -82.298  -41.692 0.5000000000
107199  -39.029  -85.299  -38.452 0.5000000000
105324  -39.476  -85.557  -38.301 0.6000000238
4329  -31.571  -82.696  -42.597 0.6000000238
4316  -33.109  -82.808  -41.678 0.5000000000
2784  -38.310  -84.792  -38.251 0.6000000238
108129  -33.413  -83.254  -40.842 0.5000000000
2782  -36.564  -85.182  -38.845 0.6999999881
2783  -37.575  -85.040  -38.406 0.6000000238
3250  -33.701  -83.929  -40.154 0.5000000000
3709  -37.487  -83.833  -37.746 0.6000000238
108920  -33.568  -83.460  -38.517 0.5000000000
3707  -34.583  -83.934  -37.534 0.6000000238
105821  -35.882  -83.548  -37.320 0.5000000000
4258  -35.471  -82.266  -37.112 0.5000000000
3717  -36.436  -82.804  -38.253 0.5000000000
104461  -24.762  -84.856  -43.251 0.6000000238
3279  -22.798  -84.074  -43.504 0.4000000060
4313  -30.446  -82.085  -41.523 0.5000000000
4315  -32.299  -82.503  -41.583 0.5000000000
2785  -38.561  -84.159  -38.131 0.5000000000
114837  -33.071  -82.772  -39.997 0.5000000000
112750  -38.999  -83.675  -39.231 0.5000000000
3242  -39.382  -84.051  -38.669 0.5000000000
4282  -33.098  -82.645  -38.989 0.5000000000
3710  -38.076  -83.835  -37.909 0.5000000000
3718  -37.723  -83.553  -38.219 0.5000000000
4271  -33.326  -82.791  -37.899 0.6000000238
4257  -33.840  -82.562  -37.149 0.6000000238
3708  -36.920  -83.464  -37.910 0.5000000000
114327  -36.878  -83.263  -38.531 0.6000000238
4242  -34.611  -82.499  -36.854 0.6000000238
4243  -35.026  -82.116  -36.727 0.5000000000
3271  -22.321  -83.743  -42.790 0.4000000060
4299  -32.390  -82.048  -40.024 0.5000000000
3252  -39.557  -83.845  -39.902 0.5000000000
118903  -32.805  -82.309  -39.575 0.5000000000
4270  -32.737  -82.075  -38.117 0.5000000000
3732  -38.098  -83.461  -39.403 0.5000000000
3264  -39.348  -83.667  -41.234 0.5000000000
3749  -39.560  -83.187  -41.705 0.5000000000
3764  -39.973  -82.652  -41.944 0.5000000000
4948  -40.821  -80.764  -43.097 0.5000000000
4892  -32.617  -81.354  -37.220 0.6000000238
4893  -33.426  -81.720  -36.747 0.6000000238
4301  -37.039  -83.240  -40.193 0.5000000000
117884  -34.294  -81.110  -36.336 0.6000000238
4300  -36.840  -82.649  -40.480 0.5000000000
6147  -34.475  -80.110  -36.745 0.5000000000
5512  -34.959  -80.099  -37.682 0.5000000000
5497  -31.508  -79.924  -37.026 0.5000000000
102172  -38.333  -83.299  -41.765 0.5000000000
3748  -38.649  -83.129  -42.226 0.5000000000
3763  -39.088  -82.670  -42.477 0.5000000000
3777  -39.807  -82.150  -42.822 0.5000000000
4891  -31.800  -80.655  -37.628 0.5000000000
5479  -32.089  -79.701  -36.690 0.6000000238
101342  -37.900  -83.199  -40.840 0.5000000000
3761  -37.875  -83.096  -42.795 0.5000000000
4947  -39.594  -81.355  -43.400 0.5000000000
4955  -39.885  -80.565  -43.722 0.5000000000
5570  -41.088  -79.876  -43.883 0.5000000000
5481  -34.113  -80.649  -36.327 0.5000000000
115180  -37.346  -82.867  -41.035 0.5000000000
4317  -37.429  -82.482  -41.437 0.5000000000
6143  -30.205  -79.051  -36.706 0.5000000000
5558  -38.882  -80.987  -43.702 0.5000000000
4946  -38.965  -81.556  -43.501 0.5000000000
5568  -39.663  -80.405  -43.901 0.5000000000
6255  -41.316  -78.961  -44.217 0.4000000060
5559  -39.308  -80.305  -43.946 0.4000000060
10855  -20.773  -73.932  -44.095 0.4000000060
15653  -21.375  -68.141  -33.329 0.5000000000
14765  -21.028  -68.195  -30.547 0.5000000000
14766  -21.267  -68.052  -31.325 0.5000000000
14759  -20.193  -68.326  -29.307 0.5000000000
14760  -20.844  -68.156  -29.825 0.5000000000
113838  -21.399  -68.153  -32.645 0.5000000000
16344  -17.157  -66.435  -24.431 0.5000000000
17104  -17.088  -65.304  -21.985 0.5000000000
4916  -31.857  -81.454  -39.347 0.5000000000
2819  -35.252  -85.688  -41.905 0.6000000238
3759  -33.713  -83.489  -42.920 0.6000000238
2808  -35.177  -85.647  -40.919 0.6000000238
101649  -26.551  -82.742  -44.092 0.6000000238
4330  -32.558  -82.767  -42.388 0.5000000000
3231  -34.057  -84.199  -38.368 0.6000000238
3223  -35.409  -84.119  -37.428 0.6000000238
3693  -35.094  -83.330  -37.103 0.6000000238
101112  -32.787  -82.486  -40.847 0.5000000000
103616  -33.480  -83.499  -39.440 0.5000000000
3706  -33.932  -83.444  -37.716 0.6000000238
3692  -34.421  -83.195  -37.263 0.6000000238
3694  -35.546  -82.956  -37.144 0.5000000000
4283  -36.589  -82.863  -39.430 0.5000000000
3719  -38.536  -83.766  -38.425 0.5000000000
3733  -38.768  -83.655  -40.528 0.5000000000
4256  -33.156  -82.146  -37.347 0.5000000000
5499  -35.123  -80.765  -37.046 0.5000000000
4905  -32.139  -81.339  -38.412 0.5000000000
4873  -33.102  -80.906  -36.485 0.5000000000
5498  -32.347  -80.382  -36.788 0.5000000000
3762  -38.087  -83.017  -43.194 0.5000000000
4332  -37.803  -82.696  -42.628 0.5000000000
4333  -37.946  -82.828  -43.118 0.5000000000
5569  -40.353  -80.014  -44.083 0.5000000000
4938  -37.952  -81.595  -42.645 0.4000000060
6241  -40.205  -79.394  -44.295 0.4000000060
3245  -40.873  -83.773  -38.279 0.5000000000
3720  -40.685  -83.313  -39.024 0.6000000238
3255  -40.422  -83.342  -39.734 0.6000000238
2799  -40.219  -84.721  -38.127 0.6000000238
2269  -39.904  -85.413  -37.938 0.4000000060
3266  -40.391  -83.245  -40.538 0.4000000060
3253  -39.875  -83.810  -40.373 0.4000000060
3254  -40.240  -83.562  -40.005 0.5000000000
3244  -40.331  -83.810  -38.775 0.6000000238
3243  -39.898  -83.938  -39.144 0.5000000000
2283  -39.694  -85.496  -38.141 0.5000000000
100394  -39.771  -84.679  -38.424 0.5000000000
2282  -39.252  -86.158  -38.379 0.6000000238
104134  -38.423  -86.923  -39.421 0.6000000238
2296  -38.039  -86.953  -40.269 0.6000000238
1820  -37.330  -87.294  -40.534 0.6000000238
2295  -37.355  -86.850  -40.794 0.6000000238
1833  -36.637  -87.133  -41.148 0.6000000238
2307  -36.592  -86.818  -41.279 0.5000000000
2306  -35.844  -86.922  -41.814 0.5000000000
2314  -35.365  -86.664  -42.776 0.4000000060
2837  -35.278  -86.317  -43.531 0.5000000000
3305  -34.042  -85.222  -45.468 0.4000000060
14097  -29.572  -69.454  -39.861 0.4000000060
14098  -30.451  -70.010  -39.916 0.4000000060
14930  -30.175  -69.395  -41.340 0.5000000000
20658  -17.551  -60.853  -29.611 0.5000000000
21556  -16.638  -60.134  -29.354 0.5000000000
21557  -17.588  -60.227  -29.061 0.5000000000
21547  -16.835  -59.728  -28.980 0.4000000060
23289  -15.673  -58.450  -27.814 0.4000000060
22426  -20.234  -58.916  -30.507 0.4000000060
23273  -15.437  -58.513  -26.854 0.4000000060
24130  -16.141  -57.550  -27.669 0.4000000060
23290  -16.183  -58.169  -28.275 0.4000000060
23266  -16.275  -58.779  -25.775 0.4000000060
24117  -15.912  -57.630  -26.902 0.4000000060
103109  -18.813  -57.837  -30.336 0.4000000060
23274  -16.340  -57.869  -26.142 0.4000000060
24968  -17.123  -56.288  -27.080 0.4000000060
25020  -19.753  -56.719  -30.426 0.4000000060
113504  -18.082  -58.470  -25.851 0.4000000060
24119  -17.707  -56.930  -26.507 0.4000000060
22397  -19.041  -58.974  -26.048 0.4000000060
23276  -18.494  -57.878  -26.099 0.4000000060
108950  -22.472  -60.369  -26.891 0.3000000119
113345  -21.810  -59.645  -26.884 0.4000000060
22383  -24.215  -59.688  -24.899 0.3000000119
22401  -23.942  -59.879  -26.213 0.3000000119
23278  -21.607  -58.754  -26.920 0.3000000119
107151  -23.501  -59.383  -26.756 0.3000000119
109817  -19.419  -59.404  -29.761 0.4000000060
23300  -18.632  -58.631  -29.927 0.4000000060
23299  -17.768  -58.605  -29.395 0.4000000060
98722  -18.398  -59.774  -29.197 0.4000000060
106437  -18.134  -57.939  -30.017 0.4000000060
24155  -17.217  -57.187  -28.708 0.4000000060
24182  -20.904  -57.578  -31.400 0.4000000060
24157  -18.359  -57.212  -29.782 0.4000000060
25009  -18.260  -56.323  -29.015 0.4000000060
24142  -16.786  -56.833  -27.991 0.4000000060
7623  -40.284  -77.560  -38.448 0.3000000119
8338  -40.696  -76.802  -38.584 0.3000000119
6886  -40.013  -78.269  -38.228 0.4000000060
6887  -40.513  -78.429  -38.707 0.4000000060
5500  -40.523  -80.702  -37.428 0.3000000119
6874  -40.146  -79.133  -38.290 0.3000000119
6174  -40.804  -79.451  -38.880 0.4000000060
5484  -40.338  -80.991  -36.551 0.3000000119
110699  -40.451  -79.968  -38.182 0.3000000119
5514  -40.939  -80.592  -38.437 0.3000000119
5501  -41.078  -81.399  -37.501 0.3000000119
5515  -41.221  -81.291  -38.330 0.3000000119
4877  -41.518  -81.925  -36.717 0.3000000119
4896  -41.631  -82.246  -36.838 0.3000000119
104380  -41.518  -82.200  -37.453 0.3000000119
4878  -41.649  -82.344  -36.185 0.3000000119
4260  -41.654  -82.570  -37.113 0.3000000119
3197  -41.690  -83.161  -34.534 0.3000000119
4234  -41.746  -82.752  -35.632 0.3000000119
3679  -41.873  -83.074  -36.086 0.3000000119
3696  -41.887  -82.882  -36.959 0.3000000119
3227  -41.585  -83.089  -37.434 0.3000000119
114729  -41.838  -83.122  -35.139 0.4000000060
6896  -41.085  -78.484  -39.309 0.3000000119
6873  -39.436  -78.687  -37.785 0.4000000060
6149  -39.758  -80.391  -36.871 0.3000000119
119038  -41.386  -80.765  -39.021 0.4000000060
103002  -41.368  -81.986  -35.873 0.3000000119
4908  -41.336  -81.709  -38.249 0.4000000060
4864  -40.953  -82.243  -35.294 0.3000000119
4272  -41.429  -82.599  -38.005 0.4000000060
3187  -41.504  -83.316  -34.119 0.3000000119
112478  -41.584  -82.964  -34.277 0.4000000060
3237  -41.451  -83.259  -37.689 0.4000000060
3226  -41.310  -83.674  -37.483 0.3000000119
3655  -41.240  -83.515  -33.743 0.3000000119
7633  -40.902  -77.671  -38.945 0.3000000119
7634  -41.429  -77.772  -39.568 0.3000000119
8353  -41.358  -77.116  -39.169 0.3000000119
6897  -41.643  -78.446  -40.054 0.3000000119
6872  -38.536  -78.634  -37.231 0.4000000060
6187  -41.373  -79.221  -39.705 0.3000000119
109686  -41.579  -79.855  -40.038 0.3000000119
5472  -40.500  -81.427  -35.863 0.3000000119
5526  -41.566  -80.574  -39.854 0.4000000060
5516  -41.457  -81.144  -39.129 0.4000000060
5527  -41.562  -81.027  -39.976 0.4000000060
5473  -41.082  -81.921  -35.852 0.3000000119
106828  -39.917  -81.387  -35.109 0.3000000119
4919  -41.460  -81.521  -39.127 0.4000000060
100570  -41.454  -82.069  -39.098 0.4000000060
4854  -40.856  -82.356  -34.597 0.3000000119
4847  -40.229  -82.035  -33.806 0.3000000119
3735  -41.144  -82.445  -39.590 0.4000000060
4853  -40.262  -81.873  -34.367 0.3000000119
3246  -41.193  -83.284  -38.322 0.4000000060
112414  -41.062  -82.824  -39.097 0.4000000060
3734  -40.767  -82.792  -39.899 0.5000000000
3180  -40.555  -84.158  -33.464 0.3000000119
99232  -41.783  -77.339  -39.693 0.3000000119
8354  -41.905  -76.812  -39.452 0.3000000119
114904  -38.305  -79.387  -36.543 0.4000000060
110822  -41.603  -80.654  -40.694 0.4000000060
4319  -41.279  -81.345  -40.808 0.4000000060
5471  -39.120  -80.548  -35.030 0.4000000060
4303  -41.309  -81.851  -40.053 0.4000000060
3751  -40.641  -82.574  -40.847 0.4000000060
5463  -39.500  -81.096  -34.347 0.3000000119
4302  -41.016  -82.190  -40.447 0.4000000060
5454  -39.584  -81.406  -33.952 0.3000000119
4215  -40.812  -82.645  -33.660 0.3000000119
3654  -40.768  -83.664  -33.290 0.3000000119
3179  -39.960  -84.422  -33.087 0.3000000119
6197  -41.780  -79.234  -40.685 0.3000000119
5539  -41.708  -80.086  -40.560 0.3000000119
101824  -41.474  -80.838  -40.817 0.3000000119
4935  -41.462  -80.720  -41.445 0.5000000000
4334  -40.587  -81.897  -42.053 0.4000000060
110469  -39.103  -80.874  -34.001 0.4000000060
3765  -40.454  -82.504  -41.402 0.4000000060
116020  -38.137  -82.364  -33.514 0.3000000119
107981  -38.834  -81.076  -33.764 0.3000000119
4213  -39.078  -82.312  -33.306 0.3000000119
4197  -39.651  -83.052  -33.069 0.3000000119
3178  -39.378  -84.632  -32.831 0.3000000119
6198  -41.850  -79.897  -41.310 0.3000000119
4939  -41.169  -81.249  -41.641 0.4000000060
3661  -37.654  -83.326  -33.646 0.3000000119
3660  -36.771  -83.219  -33.986 0.3000000119
3662  -38.647  -83.159  -33.237 0.3000000119
3651  -38.099  -84.109  -33.181 0.3000000119
3652  -39.163  -83.900  -32.944 0.3000000119
3659  -35.972  -83.705  -33.627 0.3000000119
3175  -36.432  -85.000  -32.561 0.3000000119
3186  -36.888  -84.233  -33.483 0.3000000119
2706  -37.168  -85.582  -32.191 0.3000000119
3176  -37.552  -84.995  -32.780 0.3000000119
6227  -42.169  -79.360  -42.791 0.3000000119
5560  -41.654  -80.121  -42.693 0.4000000060
3165  -35.578  -84.541  -32.342 0.3000000119
3159  -35.642  -85.330  -30.897 0.3000000119
6928  -43.640  -78.046  -42.710 0.3000000119
6946  -42.833  -78.719  -42.671 0.3000000119
5571  -41.735  -79.656  -43.366 0.3000000119
108437  -43.323  -78.202  -43.061 0.3000000119
115951  -42.856  -78.623  -43.093 0.3000000119
6963  -42.957  -78.126  -43.313 0.3000000119
22415  -15.380  -60.002  -28.664 0.5000000000
105641  -20.530  -58.503  -26.671 0.5000000000
113486  -19.582  -58.212  -26.290 0.4000000060
22406  -15.855  -59.154  -28.263 0.4000000060
2281  -38.949  -86.386  -38.746 0.6000000238
2798  -39.976  -84.681  -38.393 0.5000000000
100872  -41.036  -81.098  -42.431 0.4000000060
4949  -41.258  -80.266  -43.289 0.4000000060
6256  -41.586  -79.237  -43.915 0.3000000119
103721  -18.649  -60.914  -29.130 0.5000000000
21558  -19.496  -60.449  -29.336 0.4000000060
22425  -19.470  -58.394  -30.478 0.4000000060
6162  -39.909  -79.770  -37.649 0.3000000119
4865  -41.587  -82.579  -35.527 0.3000000119
4227  -41.689  -82.899  -34.813 0.3000000119
6148  -39.054  -79.616  -37.187 0.4000000060
6136  -38.948  -80.216  -36.234 0.4000000060
5483  -39.774  -80.833  -35.936 0.3000000119
4863  -40.631  -81.999  -35.197 0.3000000119
4929  -41.449  -81.333  -40.080 0.4000000060
4214  -40.022  -82.425  -33.359 0.3000000119
4318  -40.847  -81.938  -41.158 0.4000000060
4198  -40.543  -83.087  -33.239 0.3000000119
5551  -41.703  -80.155  -42.106 0.4000000060
4846  -38.359  -81.505  -33.574 0.3000000119
3177  -38.653  -84.829  -32.667 0.3000000119
6214  -41.971  -79.609  -42.139 0.3000000119
2692  -36.445  -85.638  -31.526 0.3000000119
1832  -35.724  -87.252  -41.657 0.5000000000
1417  -36.015  -87.646  -41.047 0.5000000000
1405  -36.674  -87.713  -40.628 0.5000000000
1810  -37.909  -87.429  -39.934 0.5000000000
1802  -38.866  -86.751  -38.681 0.4000000060
6856  -31.600  -78.644  -36.798 0.4000000060
2800  -40.617  -84.238  -38.094 0.5000000000
2787  -40.936  -84.108  -37.856 0.3000000119
106165  -40.753  -84.676  -36.887 0.3000000119
3236  -41.057  -83.819  -38.107 0.4000000060
3206  -41.641  -83.442  -35.881 0.3000000119
3216  -41.632  -83.286  -36.820 0.3000000119
5453  -38.580  -80.482  -33.930 0.3000000119
6124  -38.387  -80.030  -34.364 0.3000000119
6114  -38.031  -79.986  -33.789 0.3000000119
6134  -37.825  -79.413  -34.760 0.3000000119
6135  -38.251  -79.729  -35.493 0.3000000119
7610  -38.231  -77.787  -37.082 0.3000000119
6860  -37.833  -78.450  -36.509 0.3000000119
6123  -37.734  -79.429  -34.090 0.3000000119
6851  -37.656  -78.916  -35.562 0.3000000119
116832  -37.933  -79.159  -36.070 0.3000000119
7596  -37.786  -77.364  -36.575 0.3000000119
7611  -38.948  -77.669  -37.499 0.3000000119
8325  -39.385  -76.692  -37.582 0.3000000119
6850  -37.317  -78.652  -34.671 0.3000000119
8324  -38.505  -76.965  -37.056 0.3000000119
2322  -35.135  -86.414  -44.245 0.3000000119
2268  -39.416  -86.205  -38.063 0.5000000000
109614  -38.216  -87.319  -39.083 0.4000000060
2771  -40.865  -84.402  -37.418 0.3000000119
25030  -21.157  -56.708  -31.461 0.3000000119
24171  -20.219  -57.433  -30.901 0.3000000119
24969  -18.020  -56.270  -27.041 0.3000000119
1848  -35.349  -87.054  -42.545 0.4000000060
1416  -35.161  -87.786  -41.303 0.4000000060
1367  -34.571  -88.119  -36.956 0.4000000060
1375  -34.479  -88.127  -37.882 0.4000000060
1385  -35.205  -88.209  -38.464 0.4000000060
1378  -36.948  -87.886  -38.556 0.4000000060
1387  -37.513  -87.827  -39.270 0.4000000060
1394  -35.257  -88.290  -39.379 0.4000000060
1395  -36.318  -88.157  -39.939 0.4000000060
1396  -37.198  -87.940  -40.046 0.4000000060
1053  -34.985  -88.272  -35.033 0.3000000119
1368  -35.083  -88.107  -36.529 0.4000000060
1792  -36.720  -87.441  -37.734 0.4000000060
1404  -35.766  -88.124  -40.335 0.4000000060
1062  -34.775  -88.177  -35.955 0.3000000119
1785  -35.722  -87.464  -37.192 0.4000000060
1376  -35.072  -88.110  -37.546 0.4000000060
1386  -36.391  -88.154  -39.120 0.4000000060
1800  -37.784  -87.551  -38.333 0.4000000060
1355  -35.637  -88.149  -34.674 0.3000000119
109701  -35.322  -88.115  -35.527 0.3000000119
110681  -36.460  -86.953  -36.762 0.3000000119
1369  -35.680  -87.407  -36.124 0.3000000119
1793  -38.432  -87.133  -37.728 0.3000000119
110222  -38.940  -86.828  -37.409 0.3000000119
2257  -39.289  -86.437  -37.521 0.3000000119
2786  -40.414  -84.800  -37.764 0.3000000119
1794  -38.991  -86.865  -37.988 0.3000000119
1801  -38.522  -87.184  -38.403 0.3000000119
2185  -29.585  -85.901  -31.695 0.3000000119
3161  -29.892  -84.658  -31.665 0.3000000119
4210  -35.325  -82.236  -33.922 0.3000000119
4171  -30.911  -82.454  -30.675 0.3000000119
4172  -31.903  -82.253  -30.564 0.3000000119
4173  -32.537  -82.060  -30.643 0.3000000119
4174  -33.169  -82.311  -30.811 0.3000000119
4831  -33.174  -81.831  -31.640 0.3000000119
4194  -33.688  -82.167  -32.357 0.3000000119
4839  -33.994  -81.817  -33.272 0.3000000119
4209  -34.748  -81.639  -33.756 0.3000000119
105011  -31.636  -81.696  -30.420 0.3000000119
4823  -31.791  -81.440  -30.581 0.3000000119
4824  -32.480  -81.509  -31.046 0.3000000119
4830  -32.695  -81.131  -32.145 0.3000000119
4838  -33.311  -81.332  -32.955 0.3000000119
109399  -37.476  -87.053  -37.280 0.3000000119
3162  -30.382  -84.378  -31.756 0.3000000119
3636  -32.670  -82.805  -30.652 0.3000000119
3635  -31.323  -83.070  -31.176 0.3000000119
111395  -30.742  -83.730  -31.600 0.3000000119
5422  -31.692  -80.813  -30.931 0.3000000119
1377  -35.956  -87.836  -38.142 0.4000000060
2258  -39.811  -85.652  -37.625 0.3000000119
2688  -29.384  -85.377  -31.523 0.3000000119
2708  -38.911  -85.471  -32.465 0.3000000119
3166  -35.582  -84.978  -31.611 0.3000000119
3174  -35.999  -84.356  -33.068 0.3000000119
3205  -41.469  -83.686  -35.004 0.4000000060
3215  -41.247  -84.009  -36.718 0.3000000119
3225  -37.119  -84.002  -37.534 0.6000000238
3235  -37.804  -84.154  -37.748 0.5000000000
3261  -25.004  -84.361  -42.115 0.6999999881
3265  -40.084  -83.555  -40.972 0.4000000060
3272  -23.709  -84.059  -42.406 0.6999999881
3275  -34.779  -84.801  -43.092 0.5000000000
3282  -25.221  -84.619  -43.799 0.6000000238
3292  -24.820  -84.803  -44.803 0.5000000000
3294  -34.415  -85.008  -44.825 0.4000000060
3640  -30.581  -83.271  -31.250 0.3000000119
3653  -40.014  -83.749  -32.973 0.3000000119
3672  -41.838  -82.931  -34.930 0.3000000119
3687  -35.171  -82.649  -36.907 0.5000000000
3695  -36.695  -83.726  -37.594 0.5000000000
3702  -24.849  -83.038  -38.942 0.6999999881
3703  -25.579  -83.080  -38.708 0.6999999881
3711  -41.578  -82.880  -37.459 0.4000000060
3716  -26.760  -83.155  -39.396 0.6999999881
3721  -41.283  -82.730  -38.594 0.4000000060
3727  -23.962  -83.228  -40.488 0.6999999881
3729  -25.470  -83.509  -40.756 0.6999999881
3730  -26.079  -83.227  -40.629 0.6999999881
3738  -19.890  -83.782  -41.493 0.5000000000
3739  -20.461  -83.363  -41.299 0.5000000000
3750  -40.215  -83.090  -41.241 0.4000000060
3752  -19.548  -83.805  -42.026 0.5000000000
3758  -33.135  -83.086  -43.097 0.5000000000
3760  -34.221  -83.981  -42.720 0.5000000000
3771  -26.039  -83.057  -43.661 0.6000000238
3776  -38.883  -82.183  -43.170 0.5000000000
3789  -26.242  -82.925  -45.478 0.4000000060
3791  -31.816  -83.408  -45.334 0.5000000000
4182  -33.525  -82.422  -31.239 0.3000000119
4199  -41.217  -83.163  -33.616 0.3000000119
4217  -41.637  -83.099  -34.429 0.3000000119
4226  -41.398  -82.741  -34.371 0.4000000060
4241  -34.032  -81.960  -36.603 0.6000000238
4244  -41.725  -82.549  -36.422 0.3000000119
4276  -23.826  -82.673  -39.848 0.6999999881
4277  -24.269  -82.782  -39.188 0.6999999881
4281  -32.531  -81.911  -39.147 0.5000000000
4284  -37.110  -83.355  -39.190 0.6000000238
4298  -31.903  -82.113  -40.874 0.5000000000
4306  -20.302  -82.207  -41.413 0.6000000238
4312  -29.679  -82.216  -41.313 0.6000000238
4324  -26.691  -82.702  -42.305 0.6999999881
4340  -28.512  -82.461  -43.543 0.6000000238
4345  -38.119  -82.230  -43.115 0.5000000000
4346  -38.375  -82.266  -43.084 0.5000000000
4347  -40.377  -81.390  -42.938 0.5000000000
4361  -30.247  -82.698  -45.521 0.5000000000
4371  -30.184  -82.888  -46.599 0.5000000000
4855  -41.405  -82.652  -34.894 0.3000000119
4874  -33.856  -81.255  -36.335 0.6000000238
4875  -34.511  -81.619  -36.526 0.6000000238
4876  -35.094  -81.514  -36.788 0.5000000000
4884  -24.927  -81.488  -37.523 0.6000000238
4886  -26.931  -81.672  -37.409 0.4000000060
4888  -28.692  -81.469  -37.184 0.4000000060
4895  -41.409  -81.853  -37.478 0.3000000119
4913  -23.547  -81.337  -39.287 0.6999999881
4924  -21.253  -81.424  -40.541 0.6999999881
4931  -20.513  -81.237  -41.179 0.6999999881
4940  -41.449  -80.642  -42.138 0.4000000060
4944  -38.428  -81.276  -43.230 0.5000000000
4945  -38.702  -81.598  -43.363 0.5000000000
4953  -39.141  -80.981  -43.767 0.5000000000
4954  -39.404  -80.921  -43.705 0.5000000000
4956  -40.554  -80.359  -43.653 0.5000000000
5462  -38.939  -80.598  -34.265 0.4000000060
5482  -34.646  -80.937  -36.514 0.6000000238
5485  -41.004  -81.545  -36.578 0.3000000119
5492  -26.410  -81.099  -37.473 0.4000000060
5496  -30.148  -80.196  -37.362 0.5000000000
5506  -23.962  -80.132  -37.721 0.6999999881
5543  -20.836  -80.040  -41.481 0.6999999881
5546  -41.645  -80.391  -41.428 0.4000000060
5555  -20.840  -80.911  -42.960 0.6000000238
6144  -31.289  -79.199  -36.750 0.4000000060
6145  -32.243  -79.252  -36.642 0.6000000238
6155  -24.656  -79.029  -37.017 0.6000000238
6159  -30.620  -79.658  -37.059 0.6000000238
6175  -41.294  -80.107  -39.332 0.3000000119
6189  -20.997  -80.132  -40.679 0.6999999881
6201  -21.111  -79.548  -41.234 0.6999999881
6242  -42.321  -78.912  -43.425 0.3000000119
6253  -39.993  -79.920  -44.260 0.4000000060
6254  -40.611  -79.461  -44.309 0.4000000060
6272  -21.652  -78.769  -46.391 0.5000000000
6890  -23.170  -78.239  -38.722 0.6999999881
6953  -22.095  -78.853  -43.720 0.6999999881
6992  -21.407  -78.165  -46.593 0.5000000000
7605  -24.144  -77.248  -37.300 0.6000000238
7606  -24.737  -77.473  -37.153 0.6000000238
7618  -25.332  -77.699  -37.865 0.5000000000
7638  -22.571  -77.847  -40.198 0.6999999881
7706  -21.643  -77.490  -46.570 0.5000000000
8323  -24.912  -76.932  -37.448 0.6000000238
8334  -24.164  -76.480  -37.729 0.6000000238
8349  -22.985  -77.076  -39.369 0.6999999881
8367  -26.297  -75.759  -40.215 0.6000000238
8376  -22.846  -76.704  -41.280 0.6999999881
8433  -21.786  -76.096  -46.797 0.5000000000
9135  -24.872  -75.329  -38.431 0.5000000000
9149  -26.450  -75.034  -39.750 0.6000000238
9170  -26.741  -74.857  -41.227 0.6000000238
9213  -22.444  -74.388  -45.245 0.6000000238
9900  -25.152  -74.982  -38.822 0.6000000238
9911  -25.151  -74.638  -39.185 0.6000000238
9913  -26.241  -74.530  -39.758 0.5000000000
9923  -24.604  -74.190  -40.709 0.6000000238
9924  -26.790  -73.796  -40.857 0.6000000238
9954  -23.740  -74.808  -42.176 0.6999999881
9956  -27.084  -74.643  -42.007 0.5000000000
9957  -27.423  -73.773  -42.120 0.6000000238
10800  -26.032  -74.107  -39.862 0.5000000000
10815  -25.742  -73.674  -40.311 0.5000000000
10827  -19.878  -73.430  -42.193 0.6000000238
10829  -25.159  -73.534  -40.899 0.6000000238
10830  -26.673  -73.334  -41.005 0.5000000000
10868  -22.663  -72.998  -44.594 0.6000000238
10870  -27.604  -72.938  -45.058 0.5000000000
10877  -21.648  -74.351  -45.469 0.5000000000
10878  -22.104  -74.122  -45.152 0.6000000238
11650  -21.695  -72.244  -39.817 0.6000000238
11664  -21.366  -72.651  -40.436 0.6000000238
11677  -21.496  -72.963  -42.089 0.6000000238
11691  -21.942  -71.976  -43.158 0.6000000238
11693  -26.725  -72.119  -42.009 0.6000000238
11703  -24.178  -71.317  -43.883 0.6000000238
11714  -23.059  -72.178  -44.427 0.6000000238
11715  -23.493  -72.188  -44.260 0.6000000238
11734  -28.289  -72.558  -46.472 0.5000000000
12463  -21.038  -71.483  -39.648 0.6000000238
12464  -21.694  -71.779  -39.373 0.5000000000
12465  -22.321  -71.758  -39.527 0.5000000000
12504  -22.232  -71.112  -42.925 0.6000000238
12530  -23.119  -71.641  -44.282 0.6000000238
12532  -28.126  -70.679  -44.524 0.6000000238
12545  -28.228  -71.452  -45.133 0.6000000238
13313  -21.789  -71.030  -39.091 0.6000000238
13314  -22.683  -70.542  -38.942 0.6000000238
13316  -24.531  -69.915  -39.426 0.6000000238
13325  -20.482  -70.771  -40.378 0.6999999881
13326  -23.939  -70.879  -40.422 0.6000000238
13349  -22.856  -70.623  -43.512 0.6000000238
13364  -30.232  -69.879  -44.275 0.6000000238
13387  -29.475  -70.561  -45.166 0.5000000000
14085  -29.342  -69.746  -39.082 0.4000000060
14101  -17.895  -68.693  -41.389 0.5000000000
14116  -30.394  -69.468  -41.893 0.6000000238
14120  -24.675  -69.260  -43.036 0.5000000000
14134  -25.154  -69.395  -43.303 0.5000000000
14137  -28.624  -69.440  -43.892 0.6000000238
14753  -19.890  -68.231  -28.509 0.6000000238
14881  -26.214  -68.145  -37.612 0.5000000000
14882  -26.982  -68.413  -37.996 0.5000000000
14921  -18.126  -68.066  -41.372 0.5000000000
14923  -20.725  -68.614  -41.378 0.6999999881
14926  -25.954  -68.213  -40.146 0.5000000000
14929  -29.548  -68.603  -41.319 0.6000000238
14940  -19.877  -68.965  -41.593 0.6999999881
14945  -29.346  -68.277  -41.884 0.6000000238
14955  -28.503  -68.301  -42.530 0.6000000238
14957  -29.673  -68.790  -42.332 0.6000000238
15610  -21.225  -67.829  -29.982 0.6000000238
15611  -21.372  -67.575  -30.616 0.5000000000
15632  -21.420  -67.464  -31.388 0.5000000000
15644  -21.396  -67.784  -32.029 0.5000000000
15652  -20.985  -67.420  -33.655 0.5000000000
15664  -20.058  -67.348  -35.049 0.6000000238
15665  -20.623  -67.415  -34.399 0.6000000238
15694  -17.264  -67.738  -37.512 0.6000000238
15704  -24.268  -66.997  -38.319 0.5000000000
15714  -18.639  -66.470  -40.284 0.6000000238
15720  -27.936  -66.850  -40.033 0.6000000238
15728  -27.366  -66.562  -40.449 0.5000000000
15735  -28.197  -66.882  -41.187 0.6000000238
16331  -19.489  -66.617  -22.476 0.6999999881
16337  -19.022  -67.047  -22.900 0.6999999881
16346  -19.634  -66.648  -23.911 0.6999999881
16373  -20.309  -66.569  -27.486 0.6999999881
16374  -20.703  -66.920  -28.239 0.6999999881
16382  -21.083  -66.902  -29.111 0.6000000238
16398  -21.379  -66.923  -30.408 0.6000000238
16433  -20.737  -66.619  -32.546 0.6000000238
16441  -20.022  -66.322  -33.696 0.6999999881
16463  -19.307  -66.798  -35.109 0.6000000238
16477  -23.476  -65.740  -37.838 0.6999999881
16494  -20.454  -66.070  -40.162 0.6000000238
17106  -18.252  -65.533  -21.702 0.6000000238
17113  -20.058  -65.948  -22.350 0.6999999881
17120  -20.521  -65.422  -22.783 0.5000000000
17140  -18.973  -65.446  -26.402 0.8000000119
17148  -19.866  -66.090  -26.870 0.6999999881
17157  -20.791  -66.565  -28.788 0.6000000238
17185  -20.698  -66.222  -30.199 0.6000000238
17200  -19.335  -65.927  -31.049 0.6999999881
17213  -19.325  -65.919  -32.322 0.6999999881
17252  -23.748  -64.311  -37.361 0.6000000238
17260  -17.125  -65.060  -37.999 0.6000000238
17272  -23.119  -64.723  -39.466 0.6999999881
17273  -23.307  -65.246  -39.517 0.8000000119
17283  -21.004  -65.604  -39.650 0.6999999881
17911  -18.906  -65.159  -21.460 0.6000000238
17947  -17.917  -63.857  -25.363 0.6000000238
18022  -17.863  -65.310  -32.426 0.6000000238
18027  -16.287  -64.024  -34.296 0.6000000238
18028  -17.005  -64.833  -33.966 0.5000000000
18029  -17.626  -65.069  -33.178 0.6000000238
18054  -16.884  -64.431  -36.713 0.6000000238
18063  -19.786  -64.152  -38.010 0.8000000119
18076  -20.365  -64.434  -38.537 0.8000000119
18078  -23.040  -64.120  -39.206 0.8000000119
18764  -20.199  -64.284  -21.906 0.5000000000
18788  -21.404  -64.302  -24.001 0.4000000060
18800  -17.275  -63.393  -25.579 0.5000000000
18863  -15.556  -62.738  -32.081 0.6000000238
18875  -16.123  -63.087  -34.357 0.6000000238
18876  -16.648  -63.040  -34.861 0.6000000238
18928  -23.458  -63.788  -38.803 0.6999999881
19691  -22.304  -62.486  -24.071 0.5000000000
19700  -22.212  -63.329  -24.045 0.5000000000
19701  -22.438  -62.631  -24.875 0.5000000000
19711  -17.372  -62.577  -25.384 0.5000000000
19714  -20.960  -63.407  -25.497 0.4000000060
19728  -21.507  -62.702  -26.253 0.5000000000
19751  -14.665  -61.694  -28.773 0.6000000238
19784  -15.481  -62.105  -31.720 0.5000000000
19817  -17.944  -62.265  -34.863 0.6999999881
19828  -17.359  -62.795  -35.225 0.6999999881
19830  -19.293  -62.283  -35.428 0.6999999881
20599  -23.230  -61.295  -25.391 0.4000000060
20611  -22.930  -62.017  -26.091 0.4000000060
20621  -14.924  -60.743  -26.786 0.5000000000
20626  -22.674  -61.737  -26.523 0.5000000000
20639  -15.237  -61.490  -26.886 0.5000000000
20647  -14.366  -60.993  -28.357 0.6000000238
20668  -14.851  -61.511  -30.578 0.6000000238
20676  -15.389  -61.558  -31.294 0.5000000000
20677  -15.934  -61.283  -31.572 0.5000000000
20692  -18.209  -60.967  -33.036 0.5000000000
20694  -20.344  -61.510  -32.771 0.5000000000
20704  -16.410  -61.445  -33.266 0.5000000000
20707  -19.024  -61.024  -33.659 0.6000000238
21502  -20.761  -60.217  -24.040 0.5000000000
21518  -15.950  -60.451  -25.652 0.5000000000
21533  -15.178  -60.175  -26.446 0.5000000000
21535  -20.987  -61.126  -26.716 0.5000000000
21537  -23.044  -61.077  -26.719 0.4000000060
21538  -23.550  -60.798  -26.194 0.4000000060
21543  -14.744  -60.198  -27.253 0.5000000000
21545  -14.838  -60.198  -28.376 0.6000000238
21546  -16.123  -59.785  -28.839 0.4000000060
21555  -15.527  -60.284  -29.637 0.5000000000
21567  -15.554  -60.783  -30.700 0.6000000238
21587  -16.449  -61.287  -32.231 0.5000000000
22371  -19.318  -59.433  -23.771 0.4000000060
22384  -24.487  -59.074  -24.687 0.4000000060
22388  -16.317  -59.650  -25.558 0.5000000000
22392  -24.057  -60.187  -25.567 0.4000000060
22393  -24.542  -59.418  -25.567 0.3000000119
22398  -20.972  -59.398  -26.780 0.5000000000
22399  -22.587  -59.504  -26.918 0.3000000119
22405  -15.308  -59.449  -27.967 0.6000000238
22407  -16.523  -59.045  -28.710 0.4000000060
22416  -17.279  -59.327  -29.092 0.4000000060
23260  -24.059  -58.479  -24.324 0.3000000119
23267  -17.210  -58.543  -25.695 0.5000000000
23275  -17.368  -57.685  -26.016 0.4000000060
23285  -15.332  -58.912  -27.464 0.4000000060
23286  -15.652  -58.153  -27.390 0.4000000060
23298  -16.978  -58.153  -28.890 0.4000000060
23308  -20.210  -58.099  -30.964 0.4000000060
24118  -16.698  -57.058  -26.642 0.4000000060
24131  -16.627  -56.824  -27.314 0.4000000060
24156  -17.728  -57.623  -29.373 0.4000000060
24170  -19.588  -57.650  -30.638 0.4000000060
24181  -20.526  -56.846  -30.956 0.3000000119
24970  -19.080  -56.448  -27.162 0.3000000119
25008  -17.447  -56.519  -28.429 0.4000000060
25010  -18.955  -56.496  -29.751 0.4000000060
99205  -28.991  -82.525  -40.902 0.6999999881
99805  -22.251  -76.652  -46.425 0.5000000000
99811  -21.213  -67.378  -32.780 0.6000000238
100554  -41.444  -83.032  -37.947 0.4000000060
100606  -22.332  -78.195  -44.200 0.5000000000
100643  -21.361  -67.832  -41.242 0.6000000238
101431  -16.595  -64.136  -31.043 0.6000000238
101694  -17.529  -64.596  -26.735 0.6999999881
102178  -40.201  -80.840  -43.384 0.5000000000
103561  -14.656  -61.609  -29.731 0.6000000238
103729  -15.904  -63.447  -32.278 0.6000000238
103755  -21.490  -60.304  -26.859 0.5000000000
103938  -17.590  -61.103  -25.314 0.4000000060
104145  -39.367  -81.749  -33.586 0.3000000119
104397  -17.802  -56.967  -29.095 0.4000000060
104805  -37.687  -82.975  -41.952 0.5000000000
105019  -23.625  -74.945  -43.051 0.6999999881
105404  -16.568  -61.167  -32.092 0.5000000000
105481  -27.926  -82.402  -44.016 0.5000000000
105838  -23.559  -79.648  -38.352 0.6999999881
105904  -16.761  -61.045  -25.378 0.4000000060
106169  -17.150  -64.201  -36.995 0.6999999881
106536  -24.218  -67.253  -39.040 0.6000000238
106637  -41.403  -82.148  -38.146 0.4000000060
107294  -16.610  -57.467  -28.319 0.4000000060
107337  -14.556  -60.427  -28.007 0.6000000238
107403  -27.458  -72.247  -42.576 0.6000000238
107693  -19.790  -61.150  -34.162 0.6000000238
108209  -20.069  -59.143  -26.406 0.5000000000
108453  -28.060  -67.923  -42.353 0.6000000238
108531  -16.642  -65.876  -36.903 0.6000000238
108676  -27.276  -74.470  -42.735 0.5000000000
109559  -19.841  -66.101  -31.695 0.6999999881
109560  -25.628  -80.777  -37.334 0.5000000000
110905  -41.512  -83.138  -33.982 0.3000000119
110919  -40.990  -79.534  -44.247 0.5000000000
111561  -22.384  -63.948  -39.098 0.8000000119
111913  -25.434  -67.428  -39.113 0.5000000000
112396  -21.058  -84.042  -41.684 0.5000000000
112540  -19.258  -68.344  -29.132 0.5000000000
112597  -28.213  -82.469  -42.904 0.6999999881
112665  -18.833  -67.199  -23.802 0.6999999881
113359  -22.034  -82.971  -41.794 0.6999999881
113452  -41.513  -80.917  -40.465 0.4000000060
113789  -18.400  -61.236  -25.568 0.4000000060
113940  -19.086  -57.212  -30.231 0.4000000060
114437  -16.760  -63.594  -26.215 0.5000000000
114578  -33.543  -80.578  -36.373 0.5000000000
114809  -23.999  -78.656  -37.141 0.6000000238
114830  -24.183  -74.213  -42.190 0.6999999881
114924  -35.250  -88.058  -40.693 0.4000000060
115592  -27.666  -66.424  -41.052 0.6000000238
115710  -15.775  -58.307  -26.322 0.4000000060
116345  -22.649  -75.773  -45.346 0.6000000238
116445  -26.156  -73.778  -40.263 0.5000000000
116551  -41.313  -80.581  -42.698 0.4000000060
116670  -31.201  -83.648  -31.508 0.3000000119
116727  -20.793  -72.888  -40.646 0.6000000238
117073  -33.686  -83.936  -38.890 0.5000000000
117494  -21.538  -62.841  -37.540 0.6000000238
117622  -33.401  -83.371  -40.122 0.5000000000
118047  -31.934  -82.618  -42.044 0.6000000238
118258  -41.552  -82.605  -37.515 0.4000000060
118388  -25.796  -83.738  -44.735 0.6000000238
118421  -28.301  -69.079  -43.309 0.6000000238
118893  -18.839  -65.696  -29.363 0.6999999881
118968  -28.999  -82.700  -38.483 0.6000000238
119069  -20.926  -66.398  -40.861 0.6000000238
119329  -23.544  -65.085  -36.612 0.5000000000
119427  -16.526  -63.569  -26.742 0.6000000238
