#!ascii label  , from subject sub-022 vox2ras=TkReg
472
10602  -51.113  -73.185  -23.809 0.0000000000
14778  -51.467  -68.196  -30.804 0.0000000000
14726  -46.497  -68.676  -24.354 0.0000000000
13193  -53.005  -69.615  -28.072 0.0000000000
16369  -48.235  -66.374  -28.227 0.0000000000
13108  -46.016  -71.212  -20.740 0.0000000000
15526  -43.410  -67.609  -18.803 0.0000000000
16285  -45.321  -67.103  -12.110 0.0000000000
17122  -44.353  -65.924  -24.242 0.0000000000
15566  -47.128  -67.742  -26.761 0.0000000000
17143  -45.481  -65.215  -26.405 0.0000000000
13909  -44.348  -69.329  -19.943 0.0000000000
14698  -45.384  -68.582  -17.187 0.0000000000
18651  -45.830  -63.371  -11.518 0.0000000000
119712  -42.940  -64.199  -13.759 0.0000000000
9774  -50.105  -75.042  -27.788 0.0000000000
14781  -53.432  -68.083  -30.255 0.0000000000
12376  -50.918  -71.332  -31.305 0.0000000000
12391  -50.985  -71.157  -32.730 0.0000000000
13936  -50.275  -70.354  -23.782 0.0000000000
109264  -52.038  -71.380  -25.771 0.0000000000
14754  -51.394  -67.863  -28.333 0.0000000000
17180  -51.442  -64.550  -30.837 0.0000000000
13923  -46.564  -69.743  -22.681 0.0000000000
14713  -44.589  -68.359  -22.148 0.0000000000
16328  -42.807  -65.875  -21.734 0.0000000000
14677  -47.114  -68.258  -14.860 0.0000000000
16310  -44.237  -67.173  -16.311 0.0000000000
17877  -42.215  -64.565  -17.928 0.0000000000
19637  -43.351  -62.576  -19.846 0.0000000000
10698  -50.063  -74.126  -28.533 0.0000000000
17177  -46.703  -65.097  -30.592 0.0000000000
14775  -47.810  -68.095  -30.737 0.0000000000
14047  -47.920  -69.267  -34.373 0.0000000000
17942  -43.775  -64.373  -23.750 0.0000000000
17135  -44.645  -65.175  -25.494 0.0000000000
9753  -50.828  -73.871  -25.646 0.0000000000
14779  -52.411  -68.351  -30.706 0.0000000000
13213  -52.073  -70.129  -30.765 0.0000000000
13981  -51.476  -69.426  -30.967 0.0000000000
113891  -50.854  -70.477  -32.748 0.0000000000
110847  -50.367  -69.467  -31.279 0.0000000000
13941  -48.581  -69.626  -24.380 0.0000000000
13949  -48.824  -69.565  -25.004 0.0000000000
15575  -47.580  -67.143  -27.570 0.0000000000
14744  -48.893  -68.325  -27.590 0.0000000000
103825  -49.052  -67.480  -28.184 0.0000000000
15600  -51.510  -66.870  -29.161 0.0000000000
16377  -49.905  -65.756  -29.287 0.0000000000
13128  -47.982  -70.550  -22.396 0.0000000000
13116  -46.521  -70.811  -21.571 0.0000000000
14705  -44.015  -68.634  -19.604 0.0000000000
14709  -44.225  -68.658  -21.330 0.0000000000
15533  -43.926  -67.952  -21.549 0.0000000000
15535  -43.648  -67.154  -21.816 0.0000000000
16326  -42.850  -66.794  -20.431 0.0000000000
15491  -46.022  -67.842  -13.905 0.0000000000
114602  -45.815  -67.682  -15.368 0.0000000000
16299  -44.567  -67.073  -14.882 0.0000000000
19553  -42.854  -62.934  -15.597 0.0000000000
17858  -42.494  -64.405  -16.165 0.0000000000
18702  -42.589  -63.125  -17.086 0.0000000000
114910  -42.391  -63.507  -18.620 0.0000000000
12331  -52.178  -70.907  -26.483 0.0000000000
10680  -51.074  -72.774  -27.502 0.0000000000
11541  -51.043  -71.948  -28.438 0.0000000000
11572  -49.154  -72.100  -31.029 0.0000000000
107045  -45.728  -65.041  -30.027 0.0000000000
111046  -47.251  -67.169  -30.692 0.0000000000
14014  -46.684  -69.498  -32.377 0.0000000000
15548  -45.495  -67.413  -24.280 0.0000000000
14732  -47.473  -68.678  -25.386 0.0000000000
15555  -45.711  -67.144  -25.089 0.0000000000
16360  -46.259  -66.380  -26.684 0.0000000000
16367  -46.811  -65.812  -27.269 0.0000000000
13107  -45.285  -70.692  -20.292 0.0000000000
14703  -44.818  -68.748  -17.997 0.0000000000
15524  -44.624  -68.399  -17.709 0.0000000000
17825  -45.241  -64.792  -11.353 0.0000000000
17050  -43.997  -65.720  -12.564 0.0000000000
102004  -44.304  -63.569  -12.080 0.0000000000
19547  -43.934  -62.490  -13.290 0.0000000000
20468  -43.759  -61.832  -14.667 0.0000000000
13974  -53.316  -69.180  -29.476 0.0000000000
13198  -52.061  -70.513  -29.890 0.0000000000
13206  -52.510  -70.021  -30.265 0.0000000000
12384  -51.056  -71.221  -32.174 0.0000000000
12390  -50.332  -71.452  -33.010 0.0000000000
12397  -50.258  -71.205  -33.735 0.0000000000
13247  -50.570  -70.281  -34.873 0.0000000000
14050  -50.594  -69.447  -35.041 0.0000000000
12296  -51.309  -71.594  -23.415 0.0000000000
11487  -51.847  -72.116  -24.721 0.0000000000
13953  -52.028  -70.252  -25.896 0.0000000000
14741  -52.097  -69.632  -27.077 0.0000000000
14737  -48.449  -68.848  -26.581 0.0000000000
14739  -50.622  -69.193  -26.976 0.0000000000
14749  -52.997  -68.810  -27.987 0.0000000000
15589  -53.065  -67.590  -29.165 0.0000000000
16393  -52.974  -66.077  -30.586 0.0000000000
16428  -51.817  -65.484  -31.811 0.0000000000
13130  -49.659  -70.708  -22.802 0.0000000000
13925  -48.275  -70.200  -22.930 0.0000000000
14716  -46.844  -69.486  -23.242 0.0000000000
13915  -45.195  -69.752  -21.662 0.0000000000
14715  -46.015  -69.211  -23.065 0.0000000000
14720  -45.579  -68.535  -23.326 0.0000000000
15540  -44.598  -67.221  -23.071 0.0000000000
16338  -43.461  -66.060  -22.862 0.0000000000
17923  -42.919  -64.575  -22.532 0.0000000000
15513  -46.097  -68.136  -16.326 0.0000000000
15511  -45.001  -68.085  -16.665 0.0000000000
15518  -43.799  -67.562  -17.782 0.0000000000
17067  -43.423  -66.025  -15.218 0.0000000000
117136  -42.990  -66.125  -16.564 0.0000000000
16319  -42.328  -66.112  -18.913 0.0000000000
108447  -42.096  -65.079  -19.390 0.0000000000
18740  -42.534  -63.575  -20.524 0.0000000000
10647  -51.219  -73.570  -26.220 0.0000000000
113335  -50.321  -74.648  -27.845 0.0000000000
11557  -50.397  -72.268  -29.109 0.0000000000
10717  -49.189  -73.808  -29.750 0.0000000000
16389  -50.540  -64.273  -30.659 0.0000000000
17195  -51.071  -64.325  -31.561 0.0000000000
16413  -50.489  -66.195  -31.486 0.0000000000
15623  -48.687  -67.096  -30.760 0.0000000000
14777  -49.696  -68.603  -30.784 0.0000000000
13995  -48.658  -69.524  -31.761 0.0000000000
14034  -49.710  -69.656  -33.883 0.0000000000
18777  -43.665  -63.757  -23.286 0.0000000000
17943  -44.213  -64.334  -24.545 0.0000000000
9752  -50.352  -73.842  -25.284 0.0000000000
10617  -51.115  -73.479  -24.811 0.0000000000
13997  -51.146  -70.185  -31.776 0.0000000000
13980  -50.508  -68.900  -30.811 0.0000000000
14723  -47.870  -69.478  -24.147 0.0000000000
14728  -48.035  -69.224  -24.864 0.0000000000
16368  -47.502  -66.139  -27.796 0.0000000000
15576  -48.353  -67.396  -27.930 0.0000000000
15588  -49.699  -66.959  -28.613 0.0000000000
15587  -49.010  -66.562  -28.523 0.0000000000
12273  -46.543  -72.017  -20.366 0.0000000000
12280  -46.828  -71.433  -21.096 0.0000000000
13117  -47.543  -71.096  -21.760 0.0000000000
15527  -43.726  -68.149  -19.227 0.0000000000
15530  -43.779  -68.228  -20.451 0.0000000000
15529  -43.337  -67.532  -19.901 0.0000000000
15532  -43.318  -67.479  -20.963 0.0000000000
115772  -45.795  -66.860  -11.589 0.0000000000
109931  -46.422  -66.976  -11.391 0.0000000000
15480  -45.980  -67.437  -11.926 0.0000000000
14670  -46.430  -68.181  -13.101 0.0000000000
15490  -45.377  -67.508  -13.665 0.0000000000
15489  -44.781  -67.162  -13.927 0.0000000000
19566  -43.307  -62.382  -15.774 0.0000000000
18690  -42.589  -63.383  -16.266 0.0000000000
117678  -42.608  -63.057  -17.830 0.0000000000
106832  -43.047  -62.573  -17.381 0.0000000000
13187  -52.430  -70.103  -27.305 0.0000000000
12347  -52.234  -70.725  -27.393 0.0000000000
12360  -52.097  -70.660  -28.216 0.0000000000
15621  -46.337  -67.404  -30.670 0.0000000000
13993  -46.947  -69.321  -31.661 0.0000000000
13992  -46.078  -69.367  -31.769 0.0000000000
16347  -45.015  -66.606  -24.702 0.0000000000
17142  -45.016  -64.874  -25.887 0.0000000000
17136  -45.063  -65.559  -25.851 0.0000000000
17144  -46.089  -65.541  -26.797 0.0000000000
17149  -45.999  -64.952  -26.746 0.0000000000
14702  -44.171  -68.457  -18.548 0.0000000000
118594  -46.011  -64.907  -11.149 0.0000000000
102926  -45.947  -64.203  -11.317 0.0000000000
17841  -44.266  -64.645  -11.898 0.0000000000
18650  -45.056  -63.905  -11.531 0.0000000000
19546  -43.538  -62.376  -14.069 0.0000000000
9788  -49.725  -75.327  -28.355 0.0000000000
13984  -53.328  -68.869  -30.022 0.0000000000
13973  -53.061  -69.505  -29.959 0.0000000000
13983  -52.753  -69.446  -30.268 0.0000000000
12385  -51.291  -71.039  -32.229 0.0000000000
13212  -51.548  -70.677  -31.492 0.0000000000
114959  -50.812  -71.238  -32.927 0.0000000000
13232  -50.614  -70.654  -33.469 0.0000000000
14035  -50.501  -70.205  -33.723 0.0000000000
13248  -50.561  -70.106  -34.439 0.0000000000
113673  -50.456  -69.780  -34.475 0.0000000000
13141  -50.774  -70.770  -23.443 0.0000000000
13142  -51.278  -71.064  -23.881 0.0000000000
13958  -51.188  -69.872  -26.361 0.0000000000
15557  -47.019  -67.979  -25.823 0.0000000000
14733  -48.190  -69.081  -25.635 0.0000000000
14736  -47.648  -68.429  -26.182 0.0000000000
14745  -49.993  -68.662  -27.644 0.0000000000
14746  -51.100  -68.596  -27.668 0.0000000000
14747  -52.184  -68.326  -27.816 0.0000000000
14755  -52.863  -68.261  -28.330 0.0000000000
16391  -51.343  -65.721  -29.864 0.0000000000
15601  -52.668  -66.597  -29.666 0.0000000000
16392  -52.215  -65.442  -30.478 0.0000000000
116765  -52.640  -65.623  -31.470 0.0000000000
17196  -51.704  -64.725  -31.322 0.0000000000
13129  -48.787  -70.649  -22.578 0.0000000000
13924  -47.445  -69.984  -22.792 0.0000000000
13933  -47.685  -69.729  -23.410 0.0000000000
13913  -44.844  -69.975  -20.726 0.0000000000
13115  -45.600  -70.463  -21.227 0.0000000000
14710  -44.811  -69.098  -21.976 0.0000000000
14714  -45.237  -68.810  -22.704 0.0000000000
15537  -44.954  -68.055  -22.856 0.0000000000
15541  -45.257  -67.721  -23.543 0.0000000000
16332  -43.245  -66.412  -22.151 0.0000000000
111653  -43.031  -65.761  -22.389 0.0000000000
17115  -43.174  -65.217  -22.903 0.0000000000
17114  -42.761  -65.172  -22.166 0.0000000000
15501  -46.803  -68.159  -15.396 0.0000000000
16300  -45.196  -67.441  -15.484 0.0000000000
15512  -45.522  -67.979  -16.385 0.0000000000
118420  -44.545  -67.628  -16.643 0.0000000000
15519  -44.450  -67.900  -17.145 0.0000000000
16317  -43.962  -67.234  -16.961 0.0000000000
17053  -43.415  -65.328  -13.331 0.0000000000
17061  -43.335  -65.658  -14.215 0.0000000000
17060  -42.952  -65.098  -14.803 0.0000000000
17865  -42.348  -64.561  -17.116 0.0000000000
17071  -42.648  -65.437  -16.582 0.0000000000
17081  -42.411  -65.352  -17.506 0.0000000000
16315  -42.590  -66.123  -17.945 0.0000000000
17089  -42.183  -65.278  -18.392 0.0000000000
19617  -42.784  -62.867  -19.267 0.0000000000
18726  -42.442  -63.502  -19.647 0.0000000000
19636  -42.737  -62.944  -20.145 0.0000000000
18752  -42.741  -63.546  -21.476 0.0000000000
12316  -51.955  -71.782  -25.203 0.0000000000
106693  -51.577  -72.907  -25.694 0.0000000000
11514  -51.614  -72.738  -26.198 0.0000000000
11540  -50.547  -73.342  -28.096 0.0000000000
118252  -50.731  -73.964  -27.464 0.0000000000
10697  -49.756  -74.906  -29.039 0.0000000000
12368  -51.053  -71.306  -30.424 0.0000000000
12369  -51.312  -71.228  -29.586 0.0000000000
11574  -50.112  -71.730  -30.251 0.0000000000
10735  -47.992  -73.475  -30.825 0.0000000000
104666  -48.578  -73.017  -30.458 0.0000000000
16376  -49.305  -65.237  -29.265 0.0000000000
17161  -50.385  -63.695  -30.812 0.0000000000
17194  -50.699  -64.362  -31.638 0.0000000000
16412  -50.417  -64.898  -31.766 0.0000000000
15622  -48.009  -66.839  -30.753 0.0000000000
15624  -49.556  -67.370  -30.776 0.0000000000
14776  -48.812  -68.397  -30.760 0.0000000000
13979  -49.308  -69.276  -31.207 0.0000000000
13978  -48.211  -69.095  -31.105 0.0000000000
109272  -47.506  -69.462  -33.277 0.0000000000
14016  -48.767  -69.608  -32.811 0.0000000000
14033  -48.567  -69.490  -33.800 0.0000000000
17128  -43.923  -65.027  -24.112 0.0000000000
16352  -44.723  -65.787  -25.155 0.0000000000
17129  -44.265  -65.135  -24.905 0.0000000000
17950  -44.584  -64.624  -25.301 0.0000000000
17951  -45.112  -64.254  -25.584 0.0000000000
113675  -45.712  -62.665  -11.784 0.0000000000
20424  -46.045  -61.987  -11.861 0.0000000000
102116  -50.439  -74.660  -27.111 0.0000000000
14780  -53.055  -68.399  -30.508 0.0000000000
13982  -52.238  -69.436  -30.608 0.0000000000
13998  -51.691  -70.265  -31.282 0.0000000000
13211  -51.294  -70.780  -32.072 0.0000000000
13221  -51.051  -70.981  -32.780 0.0000000000
13996  -49.979  -69.873  -31.893 0.0000000000
13942  -49.474  -69.938  -24.252 0.0000000000
13950  -49.803  -69.836  -25.160 0.0000000000
15567  -47.885  -68.119  -27.199 0.0000000000
15577  -49.676  -67.920  -28.207 0.0000000000
102592  -50.469  -67.412  -28.605 0.0000000000
16378  -50.522  -66.352  -29.186 0.0000000000
16390  -50.723  -65.117  -30.186 0.0000000000
13917  -47.060  -70.383  -22.254 0.0000000000
13912  -44.495  -69.307  -21.086 0.0000000000
119204  -44.136  -68.829  -20.519 0.0000000000
15536  -44.292  -67.592  -22.339 0.0000000000
16329  -42.997  -66.661  -21.360 0.0000000000
16325  -42.581  -65.972  -20.889 0.0000000000
14676  -46.717  -68.272  -14.078 0.0000000000
15500  -46.362  -67.882  -14.890 0.0000000000
15499  -45.457  -67.523  -14.633 0.0000000000
17851  -42.767  -64.180  -14.540 0.0000000000
114338  -42.702  -64.542  -15.318 0.0000000000
18685  -42.639  -63.748  -15.433 0.0000000000
110867  -42.400  -63.820  -16.863 0.0000000000
111114  -42.334  -63.774  -17.672 0.0000000000
17889  -42.136  -64.436  -18.642 0.0000000000
19596  -42.889  -62.726  -18.346 0.0000000000
19618  -43.479  -62.444  -18.947 0.0000000000
11515  -52.041  -71.814  -26.228 0.0000000000
11527  -52.095  -71.443  -26.841 0.0000000000
12346  -51.701  -71.494  -27.653 0.0000000000
17176  -45.659  -65.958  -30.171 0.0000000000
17191  -46.627  -65.828  -30.539 0.0000000000
114100  -46.962  -66.339  -30.658 0.0000000000
14774  -46.784  -68.243  -30.805 0.0000000000
14799  -47.286  -68.946  -31.101 0.0000000000
13994  -47.714  -69.324  -31.537 0.0000000000
14015  -47.671  -69.534  -32.163 0.0000000000
15549  -46.012  -67.997  -24.767 0.0000000000
15550  -46.747  -68.362  -25.107 0.0000000000
15556  -46.362  -67.592  -25.487 0.0000000000
15565  -46.627  -67.191  -26.257 0.0000000000
16353  -45.293  -66.346  -25.535 0.0000000000
16354  -45.959  -66.787  -25.908 0.0000000000
16361  -46.878  -66.802  -27.160 0.0000000000
99716  -44.719  -70.101  -19.818 0.0000000000
13906  -44.666  -69.586  -18.808 0.0000000000
14706  -44.294  -68.918  -18.942 0.0000000000
15523  -44.024  -68.044  -18.234 0.0000000000
17034  -45.634  -65.563  -11.252 0.0000000000
16275  -45.314  -66.357  -11.569 0.0000000000
16290  -44.305  -66.644  -13.201 0.0000000000
17049  -43.623  -64.890  -12.648 0.0000000000
17843  -43.253  -64.553  -13.226 0.0000000000
18668  -43.819  -63.281  -12.885 0.0000000000
17842  -42.954  -63.559  -14.000 0.0000000000
18679  -43.162  -62.927  -14.253 0.0000000000
19554  -43.253  -62.508  -14.903 0.0000000000
20483  -43.640  -62.001  -15.330 0.0000000000
13200  -53.043  -69.512  -28.799 0.0000000000
13191  -52.246  -70.382  -28.978 0.0000000000
13199  -52.765  -69.863  -29.472 0.0000000000
113711  -51.654  -70.873  -30.535 0.0000000000
11591  -49.433  -71.780  -32.652 0.0000000000
12409  -50.475  -70.643  -33.987 0.0000000000
12426  -50.191  -70.860  -34.573 0.0000000000
13264  -50.147  -70.481  -35.431 0.0000000000
13265  -50.445  -69.850  -35.693 0.0000000000
11476  -51.504  -72.264  -23.710 0.0000000000
11486  -51.582  -72.703  -24.441 0.0000000000
11477  -51.737  -72.035  -24.296 0.0000000000
12305  -51.752  -71.504  -24.783 0.0000000000
113607  -51.872  -71.034  -25.427 0.0000000000
13156  -51.617  -70.814  -25.164 0.0000000000
100909  -52.086  -70.949  -25.998 0.0000000000
13176  -51.904  -70.308  -26.466 0.0000000000
13177  -52.220  -69.872  -27.045 0.0000000000
14734  -49.054  -69.521  -25.931 0.0000000000
14738  -49.481  -69.084  -26.832 0.0000000000
14740  -51.737  -69.268  -27.160 0.0000000000
14748  -52.457  -68.893  -27.588 0.0000000000
13964  -52.771  -69.455  -27.690 0.0000000000
13968  -53.309  -68.971  -28.577 0.0000000000
14756  -53.278  -68.235  -28.810 0.0000000000
15603  -53.425  -67.512  -30.192 0.0000000000
15602  -53.284  -66.957  -29.953 0.0000000000
15628  -53.361  -67.394  -30.831 0.0000000000
15640  -53.147  -66.609  -31.362 0.0000000000
15639  -52.859  -66.608  -31.559 0.0000000000
15625  -51.407  -66.968  -31.300 0.0000000000
12288  -50.857  -71.579  -22.856 0.0000000000
13131  -50.520  -70.971  -22.930 0.0000000000
13140  -50.203  -70.614  -23.198 0.0000000000
13926  -48.998  -70.366  -23.020 0.0000000000
13935  -49.561  -70.301  -23.403 0.0000000000
13934  -48.636  -69.957  -23.639 0.0000000000
14722  -47.036  -69.283  -23.920 0.0000000000
13916  -46.077  -70.139  -22.089 0.0000000000
13922  -45.648  -69.458  -22.448 0.0000000000
14721  -46.275  -68.954  -23.658 0.0000000000
15542  -45.843  -68.238  -23.982 0.0000000000
16340  -44.864  -66.832  -23.825 0.0000000000
16333  -43.909  -66.799  -22.597 0.0000000000
16339  -44.129  -66.411  -23.374 0.0000000000
17121  -43.725  -65.597  -23.528 0.0000000000
115087  -43.520  -64.915  -23.514 0.0000000000
17933  -43.304  -64.417  -23.094 0.0000000000
15508  -46.270  -67.955  -15.681 0.0000000000
15521  -45.680  -68.385  -16.802 0.0000000000
15520  -44.875  -68.393  -17.097 0.0000000000
108508  -44.403  -68.059  -17.578 0.0000000000
105158  -44.212  -66.727  -14.062 0.0000000000
16298  -43.838  -66.445  -14.566 0.0000000000
16303  -43.831  -66.659  -15.862 0.0000000000
17066  -42.820  -65.284  -15.677 0.0000000000
17072  -43.153  -66.083  -16.062 0.0000000000
16309  -43.503  -66.611  -16.616 0.0000000000
16316  -43.243  -66.833  -17.431 0.0000000000
16320  -42.906  -67.001  -18.339 0.0000000000
16323  -42.807  -66.896  -19.415 0.0000000000
16322  -42.365  -66.034  -19.934 0.0000000000
108353  -42.313  -65.174  -20.434 0.0000000000
17898  -42.197  -64.149  -19.273 0.0000000000
17100  -42.296  -64.308  -20.037 0.0000000000
17912  -42.449  -64.356  -20.959 0.0000000000
17922  -42.644  -64.399  -21.867 0.0000000000
18753  -43.167  -63.157  -22.031 0.0000000000
116940  -51.486  -73.076  -24.934 0.0000000000
10646  -50.828  -74.269  -26.796 0.0000000000
10663  -51.111  -73.583  -26.852 0.0000000000
10679  -49.886  -75.264  -28.334 0.0000000000
12359  -51.698  -70.942  -28.813 0.0000000000
11573  -49.398  -72.353  -30.267 0.0000000000
11556  -49.634  -73.134  -29.318 0.0000000000
103492  -45.212  -63.561  -25.020 0.0000000000
17150  -46.709  -65.049  -27.171 0.0000000000
17151  -47.760  -65.090  -28.044 0.0000000000
16375  -48.279  -65.521  -28.477 0.0000000000
17179  -50.947  -64.082  -31.295 0.0000000000
17208  -51.453  -64.745  -31.764 0.0000000000
15637  -51.390  -65.930  -31.964 0.0000000000
100326  -50.468  -67.800  -30.790 0.0000000000
16410  -47.885  -65.929  -30.921 0.0000000000
105278  -48.741  -65.783  -31.106 0.0000000000
99525  -49.563  -65.914  -31.247 0.0000000000
116691  -49.908  -69.149  -30.973 0.0000000000
14017  -49.991  -69.907  -32.882 0.0000000000
119674  -49.321  -69.736  -32.223 0.0000000000
9761  -50.838  -74.076  -26.293 0.0000000000
10631  -51.290  -73.407  -25.512 0.0000000000
10662  -50.583  -74.602  -27.264 0.0000000000
11465  -51.243  -72.053  -23.149 0.0000000000
11501  -51.742  -72.598  -25.113 0.0000000000
11502  -51.938  -72.192  -25.643 0.0000000000
11526  -51.675  -72.325  -26.824 0.0000000000
12295  -51.019  -71.185  -23.214 0.0000000000
12297  -51.549  -71.598  -24.079 0.0000000000
12396  -49.533  -71.622  -33.367 0.0000000000
13165  -51.454  -70.361  -25.519 0.0000000000
13166  -51.417  -70.284  -25.786 0.0000000000
13192  -52.678  -70.118  -28.306 0.0000000000
13205  -51.854  -70.490  -30.800 0.0000000000
13959  -51.807  -70.075  -26.411 0.0000000000
13960  -51.868  -70.032  -26.604 0.0000000000
13963  -52.350  -69.483  -27.360 0.0000000000
14727  -47.249  -69.003  -24.664 0.0000000000
14761  -53.450  -68.347  -29.561 0.0000000000
15485  -44.931  -67.222  -12.963 0.0000000000
15486  -45.736  -67.644  -12.827 0.0000000000
15507  -45.683  -67.741  -15.918 0.0000000000
15590  -53.351  -67.706  -29.512 0.0000000000
15626  -52.426  -67.264  -31.309 0.0000000000
15627  -53.063  -67.353  -31.188 0.0000000000
15638  -52.224  -66.294  -31.746 0.0000000000
16284  -44.670  -66.512  -12.253 0.0000000000
16289  -43.738  -66.136  -13.613 0.0000000000
16304  -44.495  -67.137  -15.681 0.0000000000
16305  -44.993  -67.571  -16.169 0.0000000000
16308  -42.848  -66.132  -17.089 0.0000000000
16359  -45.605  -65.998  -26.277 0.0000000000
16414  -52.541  -65.431  -31.206 0.0000000000
16415  -52.974  -65.984  -31.286 0.0000000000
16416  -53.320  -66.697  -30.790 0.0000000000
16427  -51.010  -65.056  -31.978 0.0000000000
16429  -52.657  -65.936  -31.626 0.0000000000
17033  -44.756  -65.618  -11.663 0.0000000000
17107  -42.512  -65.169  -21.360 0.0000000000
17197  -52.194  -65.247  -31.563 0.0000000000
17207  -50.836  -64.457  -31.827 0.0000000000
17840  -43.660  -64.104  -12.588 0.0000000000
17852  -43.013  -64.850  -13.937 0.0000000000
18018  -51.185  -64.438  -31.642 0.0000000000
18665  -45.077  -63.040  -11.883 0.0000000000
18667  -43.387  -63.042  -13.610 0.0000000000
18678  -42.881  -63.284  -14.777 0.0000000000
18767  -43.067  -63.782  -22.473 0.0000000000
18790  -44.089  -63.848  -23.941 0.0000000000
19662  -43.112  -62.893  -21.388 0.0000000000
20499  -43.881  -61.946  -15.926 0.0000000000
101349  -50.595  -69.638  -35.213 0.0000000000
106059  -44.015  -66.750  -15.279 0.0000000000
108115  -43.257  -63.792  -13.300 0.0000000000
113755  -42.790  -63.085  -20.846 0.0000000000
116403  -51.035  -64.445  -31.817 0.0000000000
116643  -49.014  -72.752  -30.329 0.0000000000
118096  -52.012  -66.079  -29.725 0.0000000000
119518  -42.220  -64.062  -18.218 0.0000000000
