#!ascii label  , from subject sub-030 vox2ras=TkReg
1207
95498  -49.747  23.901  7.935 0.0000000000
103090  -43.283  36.534  0.669 0.0000000000
100674  -42.273  32.338  11.549 0.0000000000
98463  -47.431  28.295  -1.749 0.0000000000
104718  -47.562  39.101  -0.688 0.0000000000
101862  -47.871  34.800  2.415 0.0000000000
100244  -49.621  32.440  -6.427 0.0000000000
139250  -47.207  27.083  -6.172 0.0000000000
116106  -46.830  17.647  14.081 0.0000000000
95460  -48.419  23.439  12.522 0.0000000000
104704  -35.580  39.735  0.217 0.0000000000
105793  -41.358  41.816  -2.710 0.0000000000
107380  -46.588  44.437  -4.308 0.0000000000
98331  -46.774  28.338  10.495 0.0000000000
103558  -43.459  37.774  7.984 0.0000000000
100175  -43.548  31.044  4.611 0.0000000000
139304  -50.062  28.567  4.136 0.0000000000
96688  -48.092  25.442  -0.675 0.0000000000
96127  -43.995  24.167  0.380 0.0000000000
127116  -50.803  23.855  5.745 0.0000000000
104196  -49.573  38.654  -3.718 0.0000000000
102527  -49.913  35.383  -2.426 0.0000000000
102556  -50.059  35.230  -6.211 0.0000000000
100248  -47.954  31.486  -6.181 0.0000000000
93537  -48.214  20.606  13.241 0.0000000000
94885  -45.358  22.313  10.254 0.0000000000
105754  -38.317  40.974  2.533 0.0000000000
106821  -43.771  44.071  -2.839 0.0000000000
98286  -44.081  28.576  13.537 0.0000000000
98945  -43.565  29.952  11.745 0.0000000000
102504  -40.406  35.264  1.852 0.0000000000
103065  -43.928  35.816  4.163 0.0000000000
100207  -46.069  31.206  -0.815 0.0000000000
100731  -44.675  32.889  2.659 0.0000000000
99011  -45.243  29.246  1.263 0.0000000000
130389  -46.340  28.247  4.079 0.0000000000
98442  -48.789  27.883  0.751 0.0000000000
97235  -50.981  26.887  1.424 0.0000000000
97264  -51.419  27.113  -1.531 0.0000000000
118928  -45.988  25.703  -2.240 0.0000000000
121224  -46.314  38.385  0.485 0.0000000000
103596  -47.227  37.321  3.504 0.0000000000
103091  -49.045  36.524  1.238 0.0000000000
101325  -48.376  33.740  -1.325 0.0000000000
99663  -47.906  30.266  -4.602 0.0000000000
97870  -50.858  26.845  -5.327 0.0000000000
99095  -48.934  29.390  -8.294 0.0000000000
99088  -45.507  28.712  -6.804 0.0000000000
92200  -50.476  18.571  14.141 0.0000000000
94199  -50.436  21.520  13.181 0.0000000000
96053  -49.727  24.357  12.136 0.0000000000
105208  -35.607  40.396  3.042 0.0000000000
125712  -37.658  38.594  1.963 0.0000000000
122557  -39.214  36.785  -0.489 0.0000000000
118349  -42.532  38.590  -1.675 0.0000000000
105256  -45.012  40.888  -1.874 0.0000000000
121296  -47.364  42.612  -1.404 0.0000000000
117136  -48.929  40.976  -4.366 0.0000000000
105815  -47.589  42.329  -6.413 0.0000000000
96609  -45.440  26.057  10.907 0.0000000000
97153  -48.346  26.954  13.127 0.0000000000
122293  -49.178  27.154  9.688 0.0000000000
101253  -43.911  34.392  8.949 0.0000000000
102460  -47.742  36.524  6.543 0.0000000000
101819  -46.169  34.559  8.373 0.0000000000
100146  -43.836  31.904  8.670 0.0000000000
98362  -44.419  28.290  7.490 0.0000000000
98366  -48.633  28.319  7.289 0.0000000000
128818  -49.256  26.794  6.665 0.0000000000
96650  -50.056  25.956  4.290 0.0000000000
96111  -47.445  24.682  2.193 0.0000000000
120867  -46.112  23.213  0.126 0.0000000000
128879  -48.958  25.525  -3.658 0.0000000000
96137  -46.405  24.266  -1.685 0.0000000000
94300  -44.777  21.762  -0.588 0.0000000000
95496  -50.186  23.227  8.442 0.0000000000
95500  -51.227  23.018  7.108 0.0000000000
96086  -50.625  24.162  6.107 0.0000000000
136306  -49.649  38.293  -4.126 0.0000000000
103131  -50.081  37.174  -4.476 0.0000000000
102550  -49.095  36.247  -4.959 0.0000000000
101359  -48.486  33.992  -5.778 0.0000000000
100123  -42.836  32.023  12.561 0.0000000000
102505  -41.822  35.373  1.513 0.0000000000
99041  -46.320  29.695  -1.654 0.0000000000
99625  -45.493  30.252  -0.438 0.0000000000
98451  -46.636  28.709  -0.393 0.0000000000
98441  -47.699  28.078  1.169 0.0000000000
117593  -48.691  27.789  -0.317 0.0000000000
97832  -50.920  27.782  -0.773 0.0000000000
97839  -49.418  27.639  -2.083 0.0000000000
104706  -47.089  38.959  0.149 0.0000000000
104145  -47.757  38.165  1.484 0.0000000000
103625  -47.907  37.740  0.353 0.0000000000
131305  -50.353  34.138  -4.376 0.0000000000
101888  -49.541  34.655  -1.728 0.0000000000
100788  -49.193  32.791  -3.708 0.0000000000
100235  -47.405  31.530  -3.544 0.0000000000
99664  -48.540  30.932  -5.113 0.0000000000
99084  -49.059  29.831  -6.533 0.0000000000
137967  -49.139  30.863  -7.721 0.0000000000
99676  -46.859  29.894  -5.786 0.0000000000
122738  -48.438  22.224  12.848 0.0000000000
93538  -49.233  21.140  14.003 0.0000000000
94865  -49.992  22.773  14.025 0.0000000000
95463  -50.272  23.008  12.864 0.0000000000
96037  -49.893  23.758  13.566 0.0000000000
105232  -36.048  40.229  1.479 0.0000000000
135078  -37.050  40.059  1.908 0.0000000000
104154  -36.904  38.762  1.061 0.0000000000
103620  -38.140  37.046  0.527 0.0000000000
104165  -37.344  38.284  -0.209 0.0000000000
105269  -40.033  40.767  -2.488 0.0000000000
104726  -40.744  39.025  -1.861 0.0000000000
122177  -41.851  40.200  -2.476 0.0000000000
104729  -44.044  39.440  -1.885 0.0000000000
105272  -42.950  41.149  -2.571 0.0000000000
106835  -45.407  43.793  -3.083 0.0000000000
106300  -45.483  43.157  -2.381 0.0000000000
106824  -47.054  43.624  -2.471 0.0000000000
106302  -48.109  42.343  -2.867 0.0000000000
106850  -48.099  43.118  -4.155 0.0000000000
105811  -48.503  42.064  -5.167 0.0000000000
129916  -48.049  43.441  -5.259 0.0000000000
97772  -39.548  27.612  9.532 0.0000000000
96616  -40.322  25.778  9.061 0.0000000000
97188  -41.665  26.230  9.619 0.0000000000
96619  -43.368  25.466  9.781 0.0000000000
97763  -43.260  27.069  11.034 0.0000000000
98309  -45.935  29.046  12.838 0.0000000000
97734  -46.507  28.094  13.538 0.0000000000
98297  -47.484  28.554  13.033 0.0000000000
97765  -49.284  27.502  11.361 0.0000000000
98333  -48.460  28.365  10.379 0.0000000000
122884  -42.004  36.596  7.607 0.0000000000
102430  -42.470  35.236  7.872 0.0000000000
103006  -43.566  36.920  8.313 0.0000000000
102490  -49.017  36.787  4.047 0.0000000000
103583  -48.342  37.220  5.419 0.0000000000
102479  -47.944  35.786  4.660 0.0000000000
100177  -43.908  31.720  3.793 0.0000000000
101284  -45.182  33.830  5.541 0.0000000000
100716  -44.168  32.415  6.180 0.0000000000
101264  -44.831  33.164  7.896 0.0000000000
100168  -43.707  31.676  6.577 0.0000000000
99584  -43.425  30.168  7.624 0.0000000000
128115  -43.619  29.410  5.833 0.0000000000
98388  -48.452  28.296  4.401 0.0000000000
98379  -47.272  28.060  5.358 0.0000000000
98380  -48.964  28.402  5.229 0.0000000000
124227  -49.364  27.902  6.835 0.0000000000
133216  -50.007  27.645  4.973 0.0000000000
96644  -50.142  25.875  5.011 0.0000000000
97211  -51.044  26.964  4.019 0.0000000000
133329  -49.282  25.856  0.628 0.0000000000
96674  -48.927  25.690  2.264 0.0000000000
137663  -47.618  25.286  0.807 0.0000000000
95540  -46.839  23.998  1.755 0.0000000000
96128  -47.118  24.742  0.244 0.0000000000
97294  -49.325  26.413  -6.257 0.0000000000
96719  -50.173  25.916  -4.833 0.0000000000
96717  -48.200  25.978  -4.782 0.0000000000
96686  -45.042  24.931  -0.784 0.0000000000
96693  -46.162  24.669  -1.874 0.0000000000
96132  -45.519  23.993  -0.988 0.0000000000
124308  -45.502  22.926  -0.495 0.0000000000
94974  -44.101  22.157  -0.101 0.0000000000
117482  -43.027  21.051  -0.079 0.0000000000
94215  -51.502  20.483  10.283 0.0000000000
95513  -49.311  23.477  4.760 0.0000000000
104188  -48.693  38.879  -2.330 0.0000000000
127363  -48.756  37.504  -1.734 0.0000000000
103117  -50.149  37.282  -3.671 0.0000000000
102543  -50.595  35.568  -4.981 0.0000000000
101367  -50.406  34.086  -6.491 0.0000000000
100255  -49.102  32.025  -7.509 0.0000000000
101365  -48.600  33.121  -6.449 0.0000000000
92863  -47.147  19.260  13.197 0.0000000000
92874  -46.522  19.740  12.417 0.0000000000
94877  -46.979  22.851  10.964 0.0000000000
105768  -34.808  40.844  0.934 0.0000000000
106297  -42.490  43.146  -2.799 0.0000000000
107378  -45.200  44.098  -4.701 0.0000000000
107395  -46.521  44.449  -6.023 0.0000000000
97743  -42.738  28.354  12.430 0.0000000000
132000  -44.323  29.306  13.442 0.0000000000
98329  -44.361  28.812  10.698 0.0000000000
103036  -43.927  36.941  6.737 0.0000000000
100739  -46.351  33.002  0.078 0.0000000000
101297  -46.001  34.039  2.585 0.0000000000
125512  -45.143  32.301  0.941 0.0000000000
99612  -44.453  30.753  1.586 0.0000000000
99000  -44.451  29.507  2.413 0.0000000000
98989  -44.722  28.743  3.969 0.0000000000
98407  -45.613  28.581  2.631 0.0000000000
98409  -47.391  28.257  2.880 0.0000000000
98411  -49.540  28.342  2.325 0.0000000000
97805  -50.793  27.515  2.671 0.0000000000
98430  -51.149  28.217  1.010 0.0000000000
97246  -51.336  27.316  0.189 0.0000000000
96696  -50.380  26.327  -0.901 0.0000000000
97277  -46.504  26.365  -3.602 0.0000000000
100144  -41.249  31.811  8.654 0.0000000000
137974  -44.372  37.132  0.568 0.0000000000
103602  -45.256  36.691  1.902 0.0000000000
138381  -46.523  37.606  1.674 0.0000000000
103598  -48.787  37.343  2.736 0.0000000000
102506  -48.866  35.598  1.728 0.0000000000
103099  -49.155  36.122  -1.168 0.0000000000
101873  -49.032  35.385  0.216 0.0000000000
101306  -47.878  34.039  0.333 0.0000000000
100765  -47.234  32.601  -1.448 0.0000000000
99651  -46.736  30.517  -2.808 0.0000000000
98477  -47.579  28.734  -3.581 0.0000000000
134909  -49.097  28.066  -3.888 0.0000000000
117232  -49.615  28.238  -5.784 0.0000000000
98517  -50.344  27.905  -7.799 0.0000000000
124902  -47.033  27.672  -7.293 0.0000000000
99683  -48.467  30.314  -7.389 0.0000000000
99089  -46.414  28.864  -7.472 0.0000000000
92188  -49.583  19.082  14.692 0.0000000000
93540  -50.203  20.346  14.112 0.0000000000
140719  -50.597  20.143  11.613 0.0000000000
117820  -50.558  21.776  11.620 0.0000000000
95475  -50.015  23.134  10.337 0.0000000000
95485  -49.581  23.789  9.977 0.0000000000
104130  -36.297  38.439  3.185 0.0000000000
104689  -36.739  39.859  2.291 0.0000000000
103594  -37.519  37.515  2.998 0.0000000000
103077  -38.468  36.294  1.772 0.0000000000
103086  -39.379  36.198  0.424 0.0000000000
103095  -41.486  36.583  -0.312 0.0000000000
104722  -36.464  39.403  -1.130 0.0000000000
104177  -38.465  38.450  -1.262 0.0000000000
103650  -40.596  37.568  -1.204 0.0000000000
103637  -42.683  37.309  -0.732 0.0000000000
104169  -43.968  37.993  -1.089 0.0000000000
104714  -45.534  38.804  -0.984 0.0000000000
105245  -46.840  40.618  -1.050 0.0000000000
105796  -44.193  42.496  -2.510 0.0000000000
121977  -46.551  42.232  -1.153 0.0000000000
105259  -47.352  41.206  -1.071 0.0000000000
105273  -48.494  40.567  -2.646 0.0000000000
104744  -49.237  39.389  -3.808 0.0000000000
104748  -48.188  39.742  -4.544 0.0000000000
105282  -47.866  40.853  -5.517 0.0000000000
106882  -47.277  44.105  -6.414 0.0000000000
140464  -45.807  23.873  10.322 0.0000000000
96610  -46.932  25.153  10.991 0.0000000000
97745  -44.522  27.089  12.089 0.0000000000
97161  -46.885  26.711  12.491 0.0000000000
96593  -48.451  25.673  13.047 0.0000000000
96595  -49.324  25.871  13.202 0.0000000000
96621  -49.261  25.483  10.365 0.0000000000
96633  -48.993  25.294  9.160 0.0000000000
101246  -43.510  33.269  10.583 0.0000000000
103067  -45.476  36.455  3.440 0.0000000000
121969  -46.285  37.100  6.186 0.0000000000
103560  -46.387  37.838  7.990 0.0000000000
127915  -46.488  34.767  5.027 0.0000000000
101841  -46.539  34.919  6.697 0.0000000000
103002  -46.518  36.543  9.193 0.0000000000
138601  -45.893  34.927  10.324 0.0000000000
101248  -44.888  33.719  11.280 0.0000000000
100682  -43.891  32.506  11.149 0.0000000000
125111  -43.399  30.730  9.553 0.0000000000
98353  -43.762  28.725  8.809 0.0000000000
98355  -45.311  28.037  9.100 0.0000000000
98377  -45.418  28.113  5.394 0.0000000000
98364  -45.948  27.632  7.247 0.0000000000
98357  -47.559  28.122  8.734 0.0000000000
98359  -49.042  28.099  8.443 0.0000000000
97199  -48.960  26.666  8.306 0.0000000000
96636  -49.065  25.185  7.436 0.0000000000
96639  -50.009  25.147  5.806 0.0000000000
96097  -50.065  25.291  4.945 0.0000000000
95518  -48.889  24.250  4.398 0.0000000000
96666  -50.609  26.634  3.064 0.0000000000
96655  -48.915  25.467  2.985 0.0000000000
95516  -47.594  23.955  3.662 0.0000000000
94941  -46.605  23.063  2.339 0.0000000000
94956  -46.089  22.443  1.583 0.0000000000
118276  -51.216  26.728  -3.955 0.0000000000
96704  -51.012  26.089  -2.717 0.0000000000
96694  -48.811  25.606  -1.901 0.0000000000
96709  -47.214  25.567  -3.463 0.0000000000
96144  -47.260  24.876  -2.526 0.0000000000
96133  -47.305  24.779  -0.835 0.0000000000
129893  -45.891  23.240  -0.736 0.0000000000
94975  -45.286  22.159  -0.494 0.0000000000
94910  -51.069  22.599  7.984 0.0000000000
95499  -50.513  23.342  7.489 0.0000000000
95503  -50.948  23.466  6.637 0.0000000000
96083  -50.143  23.987  7.015 0.0000000000
127626  -48.973  37.507  -4.461 0.0000000000
116892  -49.863  36.903  -4.856 0.0000000000
138552  -49.088  36.931  -4.674 0.0000000000
100670  -42.386  32.092  12.548 0.0000000000
131042  -42.972  32.658  11.987 0.0000000000
103080  -42.620  35.993  1.268 0.0000000000
134398  -43.064  35.777  1.923 0.0000000000
103081  -43.541  36.198  1.427 0.0000000000
99042  -46.771  29.090  -2.139 0.0000000000
99033  -46.730  28.904  -1.256 0.0000000000
98452  -47.525  28.199  -0.771 0.0000000000
98464  -48.437  27.792  -1.383 0.0000000000
97831  -49.681  27.653  -1.111 0.0000000000
104717  -47.138  39.447  -0.668 0.0000000000
104707  -47.397  38.771  0.044 0.0000000000
104172  -47.654  38.454  -0.220 0.0000000000
100789  -50.070  33.387  -4.683 0.0000000000
101352  -49.718  33.653  -3.530 0.0000000000
100795  -49.610  32.605  -5.062 0.0000000000
126282  -48.916  32.098  -4.296 0.0000000000
100243  -49.186  31.758  -5.306 0.0000000000
100249  -49.346  31.388  -6.604 0.0000000000
100250  -49.375  32.026  -7.287 0.0000000000
91521  -47.970  17.251  14.756 0.0000000000
94872  -48.070  22.610  12.210 0.0000000000
94190  -49.287  22.312  13.770 0.0000000000
94873  -48.828  22.948  13.224 0.0000000000
95461  -49.255  23.771  13.427 0.0000000000
104699  -35.938  39.771  0.973 0.0000000000
104700  -36.580  39.581  1.476 0.0000000000
104705  -36.287  39.241  0.610 0.0000000000
104164  -36.714  38.648  0.187 0.0000000000
104712  -36.201  39.190  -0.231 0.0000000000
105792  -40.451  41.693  -2.656 0.0000000000
105791  -39.557  41.619  -2.662 0.0000000000
105270  -41.073  40.702  -2.557 0.0000000000
105271  -42.602  40.234  -2.371 0.0000000000
119729  -42.023  40.985  -2.681 0.0000000000
107370  -45.955  44.192  -3.609 0.0000000000
107365  -46.149  43.733  -2.895 0.0000000000
106837  -47.187  43.910  -3.252 0.0000000000
106825  -47.667  43.156  -3.259 0.0000000000
106849  -47.667  43.670  -4.048 0.0000000000
136894  -48.063  43.438  -4.646 0.0000000000
106860  -47.700  43.987  -4.799 0.0000000000
98343  -39.490  28.342  10.111 0.0000000000
97760  -40.996  27.851  10.192 0.0000000000
97773  -40.531  27.321  9.621 0.0000000000
97761  -41.741  27.574  10.557 0.0000000000
97172  -42.772  26.708  10.429 0.0000000000
98330  -46.028  28.559  11.397 0.0000000000
98310  -46.877  28.931  12.645 0.0000000000
121230  -47.035  28.626  11.537 0.0000000000
98312  -48.374  28.392  11.473 0.0000000000
98332  -47.708  28.519  10.955 0.0000000000
103035  -42.916  37.008  7.091 0.0000000000
103021  -42.841  37.633  8.034 0.0000000000
103005  -42.479  36.670  8.041 0.0000000000
103548  -43.973  37.668  8.231 0.0000000000
121511  -48.761  36.154  3.251 0.0000000000
102489  -48.460  36.041  3.965 0.0000000000
116588  -47.445  34.778  2.992 0.0000000000
130059  -43.630  30.858  3.738 0.0000000000
100721  -44.186  32.464  5.278 0.0000000000
100171  -43.701  31.579  5.544 0.0000000000
100174  -43.482  30.791  5.348 0.0000000000
99592  -43.447  30.160  5.621 0.0000000000
98984  -43.638  29.718  5.078 0.0000000000
133497  -49.458  28.525  3.933 0.0000000000
98389  -49.496  28.439  4.564 0.0000000000
98381  -49.533  28.290  5.172 0.0000000000
97786  -50.135  28.212  4.512 0.0000000000
97787  -50.660  27.538  4.201 0.0000000000
117117  -48.802  25.734  -0.115 0.0000000000
96680  -48.377  25.634  0.750 0.0000000000
96679  -47.790  25.403  0.049 0.0000000000
97293  -48.244  26.446  -5.728 0.0000000000
97292  -47.305  26.556  -5.137 0.0000000000
96131  -44.840  24.184  -0.331 0.0000000000
95550  -44.691  23.496  -0.141 0.0000000000
95545  -44.122  23.097  0.350 0.0000000000
94224  -51.734  21.028  9.685 0.0000000000
95514  -50.348  23.484  5.313 0.0000000000
104189  -49.414  38.646  -3.009 0.0000000000
104183  -49.152  38.166  -2.448 0.0000000000
103659  -49.774  38.073  -3.372 0.0000000000
103132  -50.236  36.241  -5.057 0.0000000000
103118  -50.355  36.457  -4.289 0.0000000000
102552  -50.384  35.406  -5.700 0.0000000000
101361  -50.755  34.618  -5.964 0.0000000000
101936  -50.469  34.854  -6.248 0.0000000000
101371  -49.722  33.626  -6.859 0.0000000000
101366  -49.293  33.846  -6.666 0.0000000000
125520  -47.967  33.132  -5.101 0.0000000000
92873  -45.609  19.407  12.183 0.0000000000
94203  -46.616  22.108  11.050 0.0000000000
94886  -46.189  22.665  10.541 0.0000000000
126993  -35.698  41.812  1.668 0.0000000000
106848  -44.393  44.129  -3.938 0.0000000000
106869  -45.188  43.804  -5.816 0.0000000000
120417  -44.320  43.308  -5.747 0.0000000000
99543  -43.309  30.775  12.824 0.0000000000
99535  -43.300  30.618  13.905 0.0000000000
98936  -43.823  30.030  13.215 0.0000000000
98946  -44.305  29.377  12.122 0.0000000000
98954  -43.859  29.343  10.848 0.0000000000
102493  -39.055  35.377  2.643 0.0000000000
103049  -44.521  36.350  5.709 0.0000000000
123988  -46.114  32.135  -0.468 0.0000000000
139874  -45.656  32.960  0.592 0.0000000000
100738  -45.518  32.301  0.163 0.0000000000
99023  -45.268  29.682  0.421 0.0000000000
99624  -45.176  30.680  0.396 0.0000000000
131630  -44.959  30.161  1.075 0.0000000000
99602  -44.582  29.777  1.753 0.0000000000
99001  -45.068  29.122  2.144 0.0000000000
98424  -45.735  28.675  1.767 0.0000000000
98426  -47.476  28.225  1.950 0.0000000000
98427  -48.588  28.124  1.709 0.0000000000
98410  -48.451  28.229  2.581 0.0000000000
98428  -49.843  28.273  1.491 0.0000000000
133476  -50.364  28.271  2.051 0.0000000000
97841  -51.257  27.348  -1.680 0.0000000000
98455  -51.213  27.963  -0.155 0.0000000000
97255  -51.336  27.237  -0.617 0.0000000000
97254  -51.019  26.725  -0.320 0.0000000000
97263  -51.212  26.732  -1.242 0.0000000000
103624  -45.581  37.784  0.697 0.0000000000
133086  -45.764  37.367  1.452 0.0000000000
103611  -46.385  37.965  1.127 0.0000000000
103612  -48.125  37.926  1.347 0.0000000000
103606  -48.241  38.002  2.350 0.0000000000
103613  -48.679  37.395  1.847 0.0000000000
103083  -49.058  36.727  2.214 0.0000000000
102511  -49.079  35.799  1.064 0.0000000000
122340  -49.206  36.788  -1.884 0.0000000000
103641  -48.696  36.780  -0.799 0.0000000000
121046  -49.529  36.083  -2.138 0.0000000000
101326  -49.163  34.025  -1.646 0.0000000000
101878  -49.149  35.005  -0.707 0.0000000000
101877  -48.869  34.391  -0.975 0.0000000000
101872  -48.649  34.663  0.022 0.0000000000
101313  -48.164  33.906  -0.493 0.0000000000
101324  -47.618  33.290  -0.994 0.0000000000
100766  -47.922  33.106  -1.768 0.0000000000
129934  -47.548  30.948  -4.102 0.0000000000
100230  -47.013  31.380  -2.797 0.0000000000
99652  -47.233  30.324  -3.650 0.0000000000
99049  -47.016  29.487  -3.044 0.0000000000
99062  -47.604  29.542  -4.018 0.0000000000
98485  -48.074  28.929  -4.440 0.0000000000
99073  -48.254  29.595  -5.137 0.0000000000
99092  -49.596  29.445  -8.056 0.0000000000
98496  -49.519  29.014  -7.012 0.0000000000
99096  -49.683  28.847  -8.274 0.0000000000
97887  -48.485  27.546  -7.791 0.0000000000
100800  -48.564  32.289  -7.005 0.0000000000
100253  -48.623  31.369  -7.222 0.0000000000
99677  -47.821  30.507  -6.456 0.0000000000
99083  -46.037  29.269  -6.571 0.0000000000
99682  -47.277  29.640  -6.919 0.0000000000
92864  -48.013  19.798  13.472 0.0000000000
120873  -48.012  19.100  13.834 0.0000000000
94192  -50.146  21.351  13.911 0.0000000000
93539  -49.924  20.869  14.292 0.0000000000
116311  -50.370  20.839  13.471 0.0000000000
93554  -50.486  20.661  12.491 0.0000000000
116306  -50.817  20.814  11.344 0.0000000000
94205  -50.508  21.412  12.291 0.0000000000
95468  -50.028  23.496  12.310 0.0000000000
94887  -50.056  23.052  11.238 0.0000000000
95474  -49.708  23.691  11.108 0.0000000000
96060  -49.455  24.503  10.816 0.0000000000
105740  -35.258  41.193  3.323 0.0000000000
105739  -34.508  40.951  3.391 0.0000000000
105207  -34.810  40.380  3.301 0.0000000000
104688  -35.156  39.610  3.271 0.0000000000
104129  -36.067  39.533  2.840 0.0000000000
105743  -38.974  40.955  2.893 0.0000000000
139172  -38.265  40.514  2.942 0.0000000000
104142  -37.266  39.259  1.833 0.0000000000
104690  -37.203  40.069  2.163 0.0000000000
104133  -37.284  39.160  2.197 0.0000000000
133480  -37.513  38.383  2.372 0.0000000000
103600  -37.802  37.832  2.177 0.0000000000
103601  -38.032  36.855  2.377 0.0000000000
103608  -38.045  37.130  1.503 0.0000000000
103633  -38.381  37.174  -0.294 0.0000000000
103093  -38.683  36.622  0.118 0.0000000000
130434  -39.924  36.414  -0.174 0.0000000000
103087  -40.338  36.021  0.402 0.0000000000
122785  -40.161  36.903  -0.703 0.0000000000
126648  -38.089  39.047  -1.488 0.0000000000
104724  -38.865  39.193  -1.846 0.0000000000
104727  -41.611  38.906  -1.774 0.0000000000
103649  -40.192  38.231  -1.645 0.0000000000
140783  -41.792  38.229  -1.502 0.0000000000
103651  -41.441  37.658  -1.183 0.0000000000
103652  -42.258  37.769  -1.238 0.0000000000
103638  -43.484  37.460  -0.616 0.0000000000
104180  -43.568  38.609  -1.637 0.0000000000
129662  -44.342  40.268  -2.014 0.0000000000
104730  -45.142  39.701  -1.650 0.0000000000
104715  -46.294  39.638  -1.157 0.0000000000
105257  -46.016  40.661  -1.460 0.0000000000
106298  -43.445  43.393  -2.682 0.0000000000
105795  -43.227  42.260  -2.674 0.0000000000
106288  -46.714  42.741  -1.344 0.0000000000
106287  -46.053  42.701  -1.699 0.0000000000
105782  -47.181  42.048  -0.848 0.0000000000
105774  -47.048  41.280  -0.844 0.0000000000
105783  -47.810  41.869  -1.320 0.0000000000
105260  -48.036  40.890  -1.685 0.0000000000
122514  -48.672  41.629  -3.661 0.0000000000
105275  -48.887  40.730  -3.602 0.0000000000
136109  -49.053  40.503  -4.115 0.0000000000
104749  -49.007  39.596  -4.157 0.0000000000
105279  -48.897  40.287  -4.291 0.0000000000
105278  -48.406  40.564  -4.833 0.0000000000
105810  -48.063  41.718  -5.690 0.0000000000
105287  -47.422  41.156  -6.278 0.0000000000
107396  -47.042  44.411  -5.875 0.0000000000
128401  -42.794  24.224  9.434 0.0000000000
118045  -44.878  25.308  10.264 0.0000000000
96057  -44.676  24.436  9.854 0.0000000000
122461  -45.912  25.244  10.640 0.0000000000
96058  -46.308  24.420  10.543 0.0000000000
98293  -43.413  28.580  13.211 0.0000000000
97744  -43.763  27.397  12.082 0.0000000000
97732  -44.650  27.623  12.964 0.0000000000
97152  -47.282  27.426  13.213 0.0000000000
97151  -46.238  27.399  12.966 0.0000000000
97162  -47.963  26.539  13.053 0.0000000000
96601  -47.456  25.866  12.043 0.0000000000
132387  -48.735  26.203  13.351 0.0000000000
96594  -49.176  25.530  13.354 0.0000000000
97154  -49.012  26.280  13.399 0.0000000000
97163  -49.494  26.695  11.956 0.0000000000
97175  -49.386  26.724  10.625 0.0000000000
127779  -49.044  26.287  9.338 0.0000000000
101818  -43.142  34.247  8.233 0.0000000000
100694  -42.442  33.019  8.570 0.0000000000
103595  -46.276  36.900  3.065 0.0000000000
103060  -46.507  36.932  3.985 0.0000000000
103038  -48.085  36.958  6.008 0.0000000000
103582  -47.787  37.469  5.428 0.0000000000
116238  -47.720  37.217  6.245 0.0000000000
103570  -46.365  37.503  7.147 0.0000000000
103023  -47.532  37.099  7.132 0.0000000000
101300  -45.384  33.453  2.132 0.0000000000
101856  -46.155  34.260  3.842 0.0000000000
101290  -45.464  33.770  3.830 0.0000000000
101277  -45.260  33.800  6.454 0.0000000000
101840  -45.860  34.404  6.122 0.0000000000
101829  -46.028  34.411  7.117 0.0000000000
102444  -47.097  36.177  8.464 0.0000000000
101820  -46.687  35.435  9.037 0.0000000000
101815  -46.328  35.685  9.768 0.0000000000
101814  -46.126  34.693  9.822 0.0000000000
100695  -44.288  32.552  8.267 0.0000000000
101254  -45.079  33.426  10.505 0.0000000000
100689  -44.549  32.920  10.927 0.0000000000
100683  -44.347  33.349  11.384 0.0000000000
100688  -43.856  32.102  9.915 0.0000000000
100138  -43.498  31.474  10.244 0.0000000000
100145  -43.555  31.253  9.121 0.0000000000
98980  -43.559  29.297  7.304 0.0000000000
98974  -43.521  29.404  8.226 0.0000000000
98361  -43.898  28.732  7.870 0.0000000000
98346  -44.356  28.365  9.364 0.0000000000
98363  -45.224  27.948  7.946 0.0000000000
98394  -45.490  28.475  3.530 0.0000000000
98384  -44.666  28.542  4.887 0.0000000000
98385  -45.440  28.311  4.453 0.0000000000
117007  -47.366  28.004  6.264 0.0000000000
98371  -46.237  27.729  6.402 0.0000000000
136204  -46.875  27.841  6.947 0.0000000000
117260  -47.089  27.994  7.708 0.0000000000
120122  -48.192  28.239  7.864 0.0000000000
98358  -48.652  28.205  8.552 0.0000000000
98367  -48.963  28.294  7.807 0.0000000000
97201  -49.124  27.266  7.557 0.0000000000
126897  -48.986  26.174  7.461 0.0000000000
96638  -49.321  25.673  6.586 0.0000000000
96085  -49.673  24.742  6.650 0.0000000000
96643  -49.590  26.229  5.777 0.0000000000
96651  -50.359  26.412  4.331 0.0000000000
96096  -49.510  25.139  4.307 0.0000000000
97226  -51.011  27.036  2.406 0.0000000000
97215  -51.067  27.025  3.384 0.0000000000
96112  -48.170  25.133  2.625 0.0000000000
138130  -47.667  24.556  3.022 0.0000000000
95527  -47.117  23.257  3.173 0.0000000000
131425  -47.174  23.955  2.719 0.0000000000
95546  -46.268  23.271  1.250 0.0000000000
140850  -45.944  22.666  0.718 0.0000000000
94970  -45.749  22.007  0.756 0.0000000000
94286  -45.523  21.685  -0.090 0.0000000000
98487  -50.007  27.758  -4.743 0.0000000000
130965  -50.306  27.535  -3.748 0.0000000000
124876  -50.961  27.188  -4.465 0.0000000000
135818  -49.889  25.706  -4.119 0.0000000000
96720  -50.772  26.022  -4.186 0.0000000000
96712  -50.183  25.720  -3.363 0.0000000000
96703  -49.915  25.797  -2.330 0.0000000000
96702  -48.903  25.460  -2.826 0.0000000000
139150  -46.076  26.256  -2.907 0.0000000000
96699  -46.578  25.567  -2.934 0.0000000000
96136  -45.972  23.911  -1.511 0.0000000000
96143  -46.742  24.654  -2.240 0.0000000000
96138  -47.198  24.610  -1.840 0.0000000000
95557  -46.666  24.169  -1.329 0.0000000000
95556  -46.090  23.727  -1.315 0.0000000000
118352  -44.879  22.639  -0.434 0.0000000000
94301  -45.159  21.391  -0.497 0.0000000000
94899  -50.534  22.463  8.995 0.0000000000
95504  -51.515  22.999  6.514 0.0000000000
103667  -49.995  37.952  -4.076 0.0000000000
103684  -49.764  37.731  -4.348 0.0000000000
127227  -49.543  35.560  -5.690 0.0000000000
101934  -49.262  34.833  -6.083 0.0000000000
101925  -48.772  35.458  -5.224 0.0000000000
100116  -42.957  31.295  13.310 0.0000000000
100124  -43.146  31.706  12.443 0.0000000000
133694  -41.177  35.215  1.915 0.0000000000
102496  -41.819  35.105  2.529 0.0000000000
116272  -43.829  35.814  3.192 0.0000000000
99633  -46.125  30.378  -1.189 0.0000000000
99032  -46.060  29.515  -0.889 0.0000000000
99024  -45.847  29.223  -0.092 0.0000000000
98440  -46.426  28.616  0.343 0.0000000000
98425  -46.547  28.409  1.197 0.0000000000
136595  -47.442  28.186  0.292 0.0000000000
139078  -49.419  27.879  0.200 0.0000000000
98443  -50.268  28.189  0.659 0.0000000000
98453  -50.059  27.924  -0.208 0.0000000000
97840  -50.767  27.586  -1.855 0.0000000000
138173  -46.794  38.716  0.364 0.0000000000
104156  -47.000  38.387  0.878 0.0000000000
104157  -47.393  38.328  0.746 0.0000000000
104158  -47.598  38.197  0.668 0.0000000000
103626  -48.450  37.189  0.877 0.0000000000
101901  -50.052  34.724  -2.856 0.0000000000
139531  -50.055  34.227  -3.374 0.0000000000
101351  -49.101  33.348  -2.853 0.0000000000
100780  -48.273  32.782  -2.658 0.0000000000
100787  -48.204  32.109  -3.502 0.0000000000
100236  -48.222  31.491  -4.282 0.0000000000
99671  -48.748  30.412  -5.924 0.0000000000
132901  -49.295  30.773  -7.292 0.0000000000
99684  -48.929  30.204  -7.906 0.0000000000
116536  -49.609  17.935  14.898 0.0000000000
93546  -47.565  21.012  12.442 0.0000000000
94198  -48.408  21.494  13.083 0.0000000000
94191  -49.893  21.870  14.078 0.0000000000
94866  -50.189  22.222  13.705 0.0000000000
94880  -50.396  22.266  12.808 0.0000000000
94874  -50.191  22.942  13.557 0.0000000000
95462  -50.128  23.501  13.379 0.0000000000
96046  -49.983  24.184  13.192 0.0000000000
106262  -35.990  41.852  3.579 0.0000000000
105763  -37.230  41.163  1.991 0.0000000000
105223  -37.430  40.448  2.140 0.0000000000
105233  -36.832  40.376  1.846 0.0000000000
129317  -37.483  38.373  1.430 0.0000000000
103607  -37.741  37.713  0.961 0.0000000000
104155  -37.342  38.237  0.551 0.0000000000
103619  -37.783  37.685  0.134 0.0000000000
104166  -38.110  38.026  -0.529 0.0000000000
105790  -38.665  41.495  -2.719 0.0000000000
105254  -38.784  40.015  -2.230 0.0000000000
104735  -40.424  39.850  -2.285 0.0000000000
104736  -41.313  39.694  -2.225 0.0000000000
104737  -42.170  39.505  -2.072 0.0000000000
104728  -43.071  39.444  -1.919 0.0000000000
105255  -43.513  40.262  -2.208 0.0000000000
105779  -44.040  41.252  -2.417 0.0000000000
106834  -44.449  44.128  -3.192 0.0000000000
106299  -44.448  43.364  -2.622 0.0000000000
106822  -45.797  43.447  -2.559 0.0000000000
106823  -46.474  43.524  -2.349 0.0000000000
106301  -47.468  42.935  -2.211 0.0000000000
106289  -47.951  42.344  -1.866 0.0000000000
106316  -48.363  42.479  -3.902 0.0000000000
105808  -48.692  41.862  -4.540 0.0000000000
105283  -48.544  41.336  -5.066 0.0000000000
106326  -48.404  42.747  -4.790 0.0000000000
106334  -48.182  42.644  -5.589 0.0000000000
98325  -38.059  28.814  11.118 0.0000000000
98342  -38.711  28.351  10.014 0.0000000000
97771  -38.502  27.481  9.368 0.0000000000
97186  -40.036  26.620  9.253 0.0000000000
96066  -42.532  24.993  9.480 0.0000000000
97189  -42.554  26.014  9.851 0.0000000000
97173  -43.522  26.302  10.387 0.0000000000
97174  -44.501  26.173  10.645 0.0000000000
98931  -45.005  28.694  13.460 0.0000000000
97726  -45.077  28.166  13.557 0.0000000000
98296  -46.545  28.651  13.320 0.0000000000
140351  -47.872  28.230  13.084 0.0000000000
132754  -48.852  26.877  13.108 0.0000000000
97747  -48.783  27.948  11.968 0.0000000000
97764  -48.947  28.132  10.849 0.0000000000
121590  -49.160  27.667  10.267 0.0000000000
102443  -41.785  36.054  7.651 0.0000000000
102431  -43.504  35.478  8.291 0.0000000000
137890  -44.240  35.037  8.856 0.0000000000
103590  -48.620  37.466  4.213 0.0000000000
117519  -47.593  37.493  4.495 0.0000000000
103052  -48.798  37.120  4.671 0.0000000000
102480  -48.730  36.680  4.805 0.0000000000
102470  -48.173  36.456  5.599 0.0000000000
100728  -44.398  32.638  3.519 0.0000000000
101289  -44.788  33.231  4.120 0.0000000000
100724  -44.293  32.542  4.373 0.0000000000
101283  -44.593  33.198  5.845 0.0000000000
101276  -44.692  33.165  6.799 0.0000000000
101255  -45.574  33.865  8.803 0.0000000000
100704  -44.172  32.468  7.167 0.0000000000
100157  -43.726  31.786  7.583 0.0000000000
100156  -43.481  31.080  8.074 0.0000000000
100167  -43.470  30.930  7.056 0.0000000000
99590  -43.424  29.959  6.562 0.0000000000
137959  -43.987  28.789  5.987 0.0000000000
98396  -47.345  28.235  3.779 0.0000000000
98387  -47.267  28.178  4.599 0.0000000000
117670  -48.069  28.148  5.076 0.0000000000
98372  -48.294  28.209  5.783 0.0000000000
117671  -48.522  28.286  6.605 0.0000000000
98374  -49.147  28.297  6.949 0.0000000000
98373  -49.130  28.408  5.989 0.0000000000
97782  -49.424  28.155  5.956 0.0000000000
97203  -49.523  27.311  5.858 0.0000000000
97205  -49.989  26.789  5.182 0.0000000000
97206  -50.510  26.882  4.503 0.0000000000
96657  -50.636  26.559  3.826 0.0000000000
97244  -50.089  26.310  1.035 0.0000000000
97225  -50.043  26.392  2.096 0.0000000000
96681  -49.106  25.807  1.407 0.0000000000
96122  -48.034  25.378  1.628 0.0000000000
96121  -47.211  24.755  1.239 0.0000000000
95547  -46.603  24.041  0.695 0.0000000000
126611  -50.134  26.566  -6.589 0.0000000000
137956  -50.697  26.565  -5.575 0.0000000000
96718  -49.276  26.023  -5.300 0.0000000000
96711  -49.090  25.698  -4.443 0.0000000000
96710  -48.091  25.622  -3.939 0.0000000000
124206  -45.525  25.357  -1.472 0.0000000000
96687  -45.682  24.480  -1.369 0.0000000000
95555  -45.822  23.450  -1.057 0.0000000000
95551  -45.325  23.392  -0.609 0.0000000000
94299  -44.008  21.249  -0.418 0.0000000000
94285  -43.276  21.802  0.187 0.0000000000
128670  -48.034  39.177  -1.430 0.0000000000
139644  -47.857  38.658  -0.850 0.0000000000
104182  -48.306  38.329  -1.606 0.0000000000
124859  -49.545  37.467  -2.660 0.0000000000
103104  -50.110  36.301  -3.175 0.0000000000
102528  -50.283  35.586  -3.646 0.0000000000
101902  -50.314  34.846  -4.081 0.0000000000
101360  -50.681  34.064  -5.558 0.0000000000
100796  -50.239  33.294  -5.963 0.0000000000
129430  -49.455  32.623  -7.132 0.0000000000
100805  -49.539  33.071  -6.979 0.0000000000
100804  -49.199  32.920  -7.063 0.0000000000
92196  -46.529  18.497  13.354 0.0000000000
92875  -47.376  20.118  12.735 0.0000000000
92884  -45.973  20.165  11.833 0.0000000000
93545  -46.777  20.502  12.056 0.0000000000
94197  -47.778  21.836  12.209 0.0000000000
94878  -47.357  22.301  11.529 0.0000000000
95467  -47.653  23.068  11.560 0.0000000000
106268  -38.130  41.691  2.259 0.0000000000
105762  -36.415  41.514  1.809 0.0000000000
105761  -35.574  40.977  1.507 0.0000000000
105231  -35.415  40.280  0.956 0.0000000000
105794  -42.265  42.036  -2.731 0.0000000000
106833  -43.134  43.993  -3.232 0.0000000000
107369  -45.174  44.163  -3.809 0.0000000000
107379  -45.883  44.414  -4.508 0.0000000000
107388  -46.542  44.524  -5.220 0.0000000000
107387  -45.935  44.378  -5.474 0.0000000000
98930  -43.554  29.780  14.018 0.0000000000
125429  -44.335  29.001  13.615 0.0000000000
98308  -44.979  29.016  12.891 0.0000000000
116563  -45.025  28.728  11.678 0.0000000000
119318  -44.973  28.335  10.273 0.0000000000
103047  -42.589  36.271  6.622 0.0000000000
103569  -44.287  37.544  7.624 0.0000000000
101302  -46.795  33.845  1.183 0.0000000000
101861  -46.950  34.343  2.341 0.0000000000
101301  -46.217  33.850  1.684 0.0000000000
100734  -45.512  33.218  1.277 0.0000000000
100732  -44.874  32.683  1.744 0.0000000000
140009  -45.175  31.606  0.467 0.0000000000
100193  -45.034  31.201  1.052 0.0000000000
139395  -44.349  32.191  2.148 0.0000000000
100180  -44.134  31.377  2.216 0.0000000000
125434  -43.821  31.116  3.011 0.0000000000
99597  -43.893  30.286  3.306 0.0000000000
124570  -44.162  29.475  3.629 0.0000000000
98994  -44.785  29.020  3.019 0.0000000000
98395  -46.408  28.333  3.195 0.0000000000
98408  -46.464  28.407  2.238 0.0000000000
98397  -48.412  28.293  3.475 0.0000000000
119500  -49.433  28.427  3.155 0.0000000000
98398  -50.123  28.504  3.605 0.0000000000
98399  -50.492  27.994  3.273 0.0000000000
98412  -50.514  28.025  2.551 0.0000000000
98413  -50.779  28.036  1.765 0.0000000000
97227  -51.107  27.628  1.517 0.0000000000
98444  -51.021  28.329  0.722 0.0000000000
97815  -51.363  27.860  0.669 0.0000000000
97236  -51.289  27.297  0.880 0.0000000000
97245  -50.927  26.749  0.560 0.0000000000
96689  -50.021  26.209  0.039 0.0000000000
128078  -49.512  25.932  -0.673 0.0000000000
97287  -46.544  26.811  -4.556 0.0000000000
97286  -45.927  27.006  -4.122 0.0000000000
97276  -45.683  26.850  -3.399 0.0000000000
97270  -45.457  26.615  -2.583 0.0000000000
97262  -45.173  26.277  -1.789 0.0000000000
96692  -44.717  25.817  -1.145 0.0000000000
96130  -44.266  24.991  -0.059 0.0000000000
103609  -44.069  36.699  0.900 0.0000000000
103082  -44.399  36.379  1.647 0.0000000000
103610  -44.843  37.115  1.071 0.0000000000
103603  -46.166  37.135  2.232 0.0000000000
131828  -46.887  37.305  2.766 0.0000000000
104143  -47.132  38.087  1.552 0.0000000000
104134  -47.795  38.183  2.179 0.0000000000
116460  -48.109  37.802  3.056 0.0000000000
103075  -49.063  36.860  2.942 0.0000000000
102501  -49.015  36.225  2.540 0.0000000000
101863  -48.269  34.847  1.626 0.0000000000
103640  -48.006  37.717  -0.738 0.0000000000
131926  -48.369  37.115  0.002 0.0000000000
103097  -48.922  36.615  0.259 0.0000000000
102519  -49.411  35.379  -1.414 0.0000000000
102514  -49.140  35.631  -0.492 0.0000000000
127699  -49.136  36.009  0.351 0.0000000000
102510  -48.728  35.179  0.903 0.0000000000
101871  -48.222  34.625  0.786 0.0000000000
101867  -47.518  34.248  1.117 0.0000000000
101312  -47.380  33.376  -0.148 0.0000000000
100753  -46.908  32.718  -0.661 0.0000000000
100752  -46.601  31.991  -1.149 0.0000000000
124213  -47.523  32.527  -2.139 0.0000000000
100217  -46.964  31.875  -2.000 0.0000000000
100216  -46.480  31.185  -1.515 0.0000000000
99639  -46.490  30.444  -1.911 0.0000000000
98470  -47.366  28.472  -2.713 0.0000000000
98471  -48.238  27.913  -2.361 0.0000000000
138356  -48.207  28.445  -3.955 0.0000000000
120017  -48.794  28.387  -4.735 0.0000000000
97869  -50.531  27.424  -5.613 0.0000000000
98486  -48.715  28.936  -5.596 0.0000000000
98497  -50.271  27.969  -6.709 0.0000000000
97305  -50.356  27.347  -7.208 0.0000000000
97303  -49.433  26.812  -7.179 0.0000000000
97302  -48.247  26.890  -6.839 0.0000000000
100254  -49.028  31.171  -7.697 0.0000000000
99090  -47.882  29.412  -7.957 0.0000000000
98513  -47.163  28.694  -7.985 0.0000000000
92197  -47.668  18.301  13.992 0.0000000000
92198  -48.756  18.599  14.476 0.0000000000
92189  -50.175  18.781  14.736 0.0000000000
92857  -49.535  20.096  14.424 0.0000000000
92858  -49.951  19.547  14.709 0.0000000000
140488  -50.343  19.051  14.392 0.0000000000
92885  -50.397  19.701  12.377 0.0000000000
121193  -51.048  20.077  10.824 0.0000000000
94214  -51.007  21.314  10.573 0.0000000000
94879  -50.256  22.645  11.932 0.0000000000
94888  -50.448  22.328  10.747 0.0000000000
134943  -50.366  22.608  9.828 0.0000000000
95486  -50.016  23.199  9.393 0.0000000000
95495  -49.484  23.822  8.908 0.0000000000
105741  -36.236  41.113  3.149 0.0000000000
105211  -38.046  40.529  2.664 0.0000000000
105210  -37.321  40.503  2.497 0.0000000000
105209  -36.367  40.474  2.737 0.0000000000
128153  -36.826  39.039  2.671 0.0000000000
104131  -37.191  38.483  2.795 0.0000000000
103070  -38.413  35.996  2.547 0.0000000000
103071  -38.871  35.697  2.009 0.0000000000
103085  -38.562  36.424  0.915 0.0000000000
102503  -39.106  35.866  1.322 0.0000000000
103078  -39.948  35.569  1.080 0.0000000000
103079  -40.946  35.428  1.027 0.0000000000
116506  -41.829  35.920  0.788 0.0000000000
103089  -42.492  36.385  0.397 0.0000000000
104711  -35.702  39.643  -0.788 0.0000000000
104713  -36.925  38.886  -0.631 0.0000000000
104176  -37.682  38.648  -0.911 0.0000000000
104167  -38.834  37.661  -0.929 0.0000000000
104725  -39.838  39.075  -1.938 0.0000000000
104178  -39.308  38.307  -1.535 0.0000000000
103634  -39.695  37.526  -1.139 0.0000000000
103635  -41.031  37.002  -0.773 0.0000000000
103096  -42.253  36.736  -0.268 0.0000000000
103621  -43.003  36.971  -0.042 0.0000000000
103622  -43.845  37.200  0.200 0.0000000000
103639  -44.172  37.635  -0.442 0.0000000000
121416  -44.761  38.126  -0.681 0.0000000000
104181  -44.534  38.696  -1.424 0.0000000000
104171  -46.477  38.953  -0.224 0.0000000000
104716  -46.954  39.655  -0.748 0.0000000000
105780  -44.841  41.810  -2.112 0.0000000000
106286  -45.180  42.605  -2.198 0.0000000000
105781  -45.790  41.786  -1.624 0.0000000000
105258  -46.671  41.513  -1.034 0.0000000000
105246  -47.063  40.479  -0.979 0.0000000000
105247  -47.450  40.017  -1.316 0.0000000000
104731  -48.333  39.805  -2.261 0.0000000000
104739  -49.146  39.257  -3.100 0.0000000000
105797  -48.339  41.485  -2.454 0.0000000000
104738  -48.866  39.973  -3.309 0.0000000000
104205  -49.254  38.870  -4.079 0.0000000000
103683  -49.031  38.298  -4.292 0.0000000000
104753  -47.600  40.065  -5.216 0.0000000000
106870  -47.546  44.061  -5.576 0.0000000000
123570  -47.743  43.404  -6.023 0.0000000000
95471  -44.880  23.025  9.921 0.0000000000
139281  -44.024  24.322  9.561 0.0000000000
120156  -45.153  23.776  10.035 0.0000000000
95472  -45.660  23.207  10.242 0.0000000000
95473  -46.499  23.554  10.556 0.0000000000
136065  -47.223  23.556  11.014 0.0000000000
133473  -47.806  23.914  11.813 0.0000000000
122148  -42.906  27.624  11.702 0.0000000000
97158  -44.079  26.814  11.224 0.0000000000
97159  -44.928  26.637  11.532 0.0000000000
97733  -45.589  27.859  13.396 0.0000000000
97160  -45.844  26.633  11.971 0.0000000000
96600  -46.443  25.969  11.348 0.0000000000
96052  -47.781  24.934  11.880 0.0000000000
96044  -48.723  24.570  13.042 0.0000000000
96045  -49.549  24.494  13.383 0.0000000000
121466  -49.646  25.130  13.051 0.0000000000
97155  -49.267  26.474  12.966 0.0000000000
129467  -49.605  25.257  11.819 0.0000000000
96068  -49.223  24.547  9.565 0.0000000000
96080  -49.107  24.640  8.366 0.0000000000
100693  -41.567  32.632  8.156 0.0000000000
100686  -41.935  32.298  9.136 0.0000000000
100681  -42.899  32.782  11.037 0.0000000000
103073  -44.691  36.249  2.633 0.0000000000
140808  -45.111  36.311  3.979 0.0000000000
103581  -46.751  37.201  5.190 0.0000000000
103050  -45.581  36.612  5.447 0.0000000000
103037  -45.221  37.136  6.669 0.0000000000
117253  -45.418  37.809  7.847 0.0000000000
136970  -45.522  37.901  8.490 0.0000000000
101857  -46.668  34.474  3.292 0.0000000000
124112  -46.832  34.869  4.317 0.0000000000
102478  -47.254  35.460  5.250 0.0000000000
101848  -45.869  34.341  5.273 0.0000000000
101849  -46.641  35.057  5.859 0.0000000000
103022  -47.285  36.971  8.145 0.0000000000
103009  -46.745  37.194  8.620 0.0000000000
103549  -44.988  37.837  8.679 0.0000000000
103007  -45.566  37.247  9.012 0.0000000000
103000  -45.448  36.068  9.456 0.0000000000
131989  -45.039  35.316  9.885 0.0000000000
137363  -45.523  33.884  9.849 0.0000000000
101249  -45.417  34.278  10.670 0.0000000000
101806  -44.599  34.201  11.033 0.0000000000
101239  -44.081  33.786  11.265 0.0000000000
101235  -43.549  33.170  11.364 0.0000000000
100675  -43.414  32.754  11.640 0.0000000000
100131  -43.408  31.701  11.425 0.0000000000
99552  -43.329  30.718  11.538 0.0000000000
99574  -43.392  30.301  8.718 0.0000000000
126672  -43.357  30.115  9.606 0.0000000000
98953  -43.461  29.809  10.373 0.0000000000
98345  -43.878  28.949  9.821 0.0000000000
98347  -45.869  28.195  10.080 0.0000000000
98988  -44.108  29.250  4.536 0.0000000000
98376  -44.536  28.365  5.728 0.0000000000
131568  -45.301  27.942  6.344 0.0000000000
98378  -46.380  27.916  5.687 0.0000000000
139829  -45.797  27.867  5.935 0.0000000000
133548  -45.026  27.982  7.123 0.0000000000
98356  -46.228  27.903  8.342 0.0000000000
98348  -46.529  28.091  9.408 0.0000000000
98349  -47.617  28.300  9.869 0.0000000000
98351  -48.883  28.093  9.083 0.0000000000
97776  -49.098  27.797  9.242 0.0000000000
97780  -49.169  28.118  7.690 0.0000000000
97778  -49.118  27.602  8.368 0.0000000000
134030  -49.138  27.142  8.994 0.0000000000
127313  -48.851  25.670  8.299 0.0000000000
96082  -49.430  24.443  7.466 0.0000000000
96092  -50.336  24.670  5.499 0.0000000000
133207  -50.295  24.308  5.444 0.0000000000
125163  -49.834  24.347  4.907 0.0000000000
97794  -50.874  27.455  3.628 0.0000000000
136422  -50.141  26.257  3.381 0.0000000000
96665  -49.681  26.006  2.892 0.0000000000
96656  -49.625  25.740  3.628 0.0000000000
96100  -48.498  24.812  3.586 0.0000000000
137963  -48.185  24.150  4.067 0.0000000000
94932  -47.521  22.878  3.812 0.0000000000
94942  -47.036  22.389  3.107 0.0000000000
94257  -46.508  21.969  2.375 0.0000000000
97848  -49.214  27.771  -3.017 0.0000000000
97849  -50.531  27.490  -2.811 0.0000000000
97280  -51.545  26.983  -3.103 0.0000000000
96713  -51.109  26.201  -3.481 0.0000000000
122523  -50.735  26.199  -1.800 0.0000000000
96695  -49.671  25.913  -1.422 0.0000000000
117610  -48.772  25.677  -1.033 0.0000000000
97278  -47.337  26.191  -4.180 0.0000000000
138459  -46.536  25.045  -2.415 0.0000000000
96700  -46.996  24.979  -2.855 0.0000000000
96701  -47.847  25.232  -3.141 0.0000000000
96139  -47.977  25.085  -2.359 0.0000000000
96134  -48.010  25.212  -1.467 0.0000000000
95552  -46.498  23.894  -0.590 0.0000000000
94969  -45.647  22.518  -0.143 0.0000000000
92199  -50.199  17.827  14.598 0.0000000000
92859  -50.178  19.542  14.478 0.0000000000
92865  -48.750  19.506  14.200 0.0000000000
92866  -50.427  19.430  14.024 0.0000000000
93535  -50.022  20.111  14.527 0.0000000000
93547  -50.392  20.031  13.307 0.0000000000
95449  -49.670  23.193  13.751 0.0000000000
95450  -50.053  23.310  13.787 0.0000000000
96059  -47.159  24.283  10.924 0.0000000000
96067  -43.386  24.640  9.526 0.0000000000
96602  -49.556  25.935  12.561 0.0000000000
96608  -44.082  25.677  10.118 0.0000000000
96611  -49.576  26.048  11.494 0.0000000000
96620  -44.099  25.012  9.753 0.0000000000
96723  -50.324  26.331  -5.723 0.0000000000
97171  -42.097  26.808  10.159 0.0000000000
97271  -51.367  26.663  -2.185 0.0000000000
97272  -51.523  27.035  -2.438 0.0000000000
97279  -51.443  26.671  -3.022 0.0000000000
97288  -50.799  26.417  -4.966 0.0000000000
97295  -50.549  26.804  -6.297 0.0000000000
97304  -50.229  26.922  -7.201 0.0000000000
97313  -50.198  27.374  -7.623 0.0000000000
97314  -50.278  27.591  -7.706 0.0000000000
97725  -44.417  27.983  13.320 0.0000000000
97727  -45.754  28.429  13.560 0.0000000000
97731  -43.933  27.995  13.036 0.0000000000
97735  -47.517  28.059  13.297 0.0000000000
97736  -48.379  27.680  12.947 0.0000000000
97737  -49.104  27.246  12.469 0.0000000000
97746  -45.273  27.171  12.565 0.0000000000
97774  -41.345  27.078  9.824 0.0000000000
97775  -48.903  28.125  9.861 0.0000000000
97824  -51.345  27.755  -0.028 0.0000000000
97833  -51.223  27.523  -0.760 0.0000000000
97850  -51.332  27.215  -2.577 0.0000000000
97859  -51.259  27.132  -3.426 0.0000000000
97878  -50.518  27.257  -6.413 0.0000000000
97888  -49.721  27.316  -7.807 0.0000000000
97898  -49.292  27.930  -8.337 0.0000000000
97899  -50.153  27.786  -8.124 0.0000000000
97903  -49.735  28.327  -8.352 0.0000000000
98287  -44.761  28.466  13.514 0.0000000000
98288  -45.252  28.536  13.529 0.0000000000
98294  -44.868  28.962  13.325 0.0000000000
98295  -45.497  28.788  13.377 0.0000000000
98298  -48.139  28.319  12.577 0.0000000000
98311  -47.652  28.606  12.130 0.0000000000
98326  -38.999  28.821  10.860 0.0000000000
98344  -40.230  28.094  9.991 0.0000000000
98350  -48.459  28.241  9.408 0.0000000000
98354  -44.461  28.253  8.424 0.0000000000
98365  -47.816  28.169  7.116 0.0000000000
98369  -43.907  28.690  7.134 0.0000000000
98370  -44.321  28.361  6.598 0.0000000000
98386  -46.312  28.114  4.910 0.0000000000
98390  -50.488  28.139  3.916 0.0000000000
98429  -50.737  28.293  1.258 0.0000000000
98445  -51.221  28.128  0.426 0.0000000000
98454  -50.978  28.197  0.150 0.0000000000
98478  -48.127  28.127  -3.256 0.0000000000
98507  -50.161  28.499  -7.758 0.0000000000
98508  -50.364  27.748  -7.226 0.0000000000
98515  -49.018  28.650  -8.485 0.0000000000
98516  -50.198  28.312  -8.173 0.0000000000
98965  -43.460  29.459  9.225 0.0000000000
98982  -43.693  29.019  6.542 0.0000000000
98985  -44.075  28.998  5.340 0.0000000000
98987  -43.626  30.140  4.199 0.0000000000
98993  -44.220  29.680  2.932 0.0000000000
99012  -45.779  28.898  0.706 0.0000000000
99048  -46.522  29.839  -2.345 0.0000000000
99091  -49.228  30.112  -7.719 0.0000000000
99562  -43.353  30.691  10.425 0.0000000000
99594  -43.499  30.363  4.962 0.0000000000
99601  -44.139  30.329  2.437 0.0000000000
99678  -49.203  31.457  -7.554 0.0000000000
100115  -42.466  31.539  13.269 0.0000000000
100170  -43.455  30.853  6.101 0.0000000000
100181  -44.508  31.785  1.498 0.0000000000
100194  -45.449  31.366  -0.174 0.0000000000
100229  -46.733  31.092  -2.172 0.0000000000
100676  -44.065  33.546  11.428 0.0000000000
100687  -42.754  32.760  9.755 0.0000000000
100735  -46.228  33.455  0.874 0.0000000000
100779  -47.459  32.083  -2.805 0.0000000000
100801  -49.863  33.211  -6.760 0.0000000000
101240  -44.539  33.859  11.339 0.0000000000
101241  -44.996  34.220  11.181 0.0000000000
101265  -45.426  33.795  7.533 0.0000000000
101285  -44.623  33.231  4.973 0.0000000000
101286  -45.272  33.799  4.692 0.0000000000
101291  -45.891  34.047  3.289 0.0000000000
101295  -44.897  33.251  3.416 0.0000000000
101296  -45.341  33.620  2.971 0.0000000000
101305  -47.054  33.624  0.584 0.0000000000
101339  -48.748  33.499  -2.088 0.0000000000
101340  -49.582  33.990  -2.489 0.0000000000
101807  -45.011  34.696  10.643 0.0000000000
101808  -45.346  34.732  10.522 0.0000000000
101813  -44.665  34.722  9.883 0.0000000000
101828  -41.693  34.910  7.604 0.0000000000
101830  -46.788  35.348  7.724 0.0000000000
101852  -45.989  34.278  4.488 0.0000000000
101853  -47.554  35.209  3.727 0.0000000000
101866  -47.004  34.118  1.633 0.0000000000
101916  -50.745  34.763  -5.243 0.0000000000
101926  -50.690  35.037  -5.741 0.0000000000
101935  -49.963  34.510  -6.675 0.0000000000
102417  -45.401  35.175  10.252 0.0000000000
102426  -45.863  35.458  10.138 0.0000000000
102432  -44.613  35.785  8.852 0.0000000000
102433  -46.826  36.089  9.168 0.0000000000
102445  -47.418  36.388  7.521 0.0000000000
102459  -47.216  35.663  6.758 0.0000000000
102469  -47.469  35.859  6.035 0.0000000000
102491  -49.030  36.709  3.338 0.0000000000
102494  -39.546  35.406  1.887 0.0000000000
102497  -42.465  35.451  1.971 0.0000000000
102499  -48.107  35.401  3.128 0.0000000000
102500  -48.523  35.478  2.448 0.0000000000
102507  -49.105  36.147  1.776 0.0000000000
102551  -50.008  35.911  -5.499 0.0000000000
103001  -46.057  36.406  9.516 0.0000000000
103008  -46.115  37.266  8.994 0.0000000000
103020  -42.317  37.255  7.928 0.0000000000
103051  -48.584  36.964  5.328 0.0000000000
103057  -44.040  35.831  5.049 0.0000000000
103058  -44.759  36.195  4.595 0.0000000000
103059  -45.693  36.543  4.404 0.0000000000
103068  -48.982  37.210  3.697 0.0000000000
103074  -45.556  36.611  2.622 0.0000000000
103088  -41.180  36.122  0.310 0.0000000000
103094  -40.677  36.457  -0.251 0.0000000000
103103  -49.785  36.808  -2.737 0.0000000000
103550  -46.245  37.702  8.521 0.0000000000
103557  -42.731  37.512  7.875 0.0000000000
103559  -44.561  37.836  8.280 0.0000000000
103561  -47.059  37.585  8.007 0.0000000000
103568  -43.334  37.452  7.604 0.0000000000
103571  -47.141  37.473  7.220 0.0000000000
103589  -48.356  37.544  4.744 0.0000000000
103597  -48.105  37.718  3.868 0.0000000000
103604  -47.074  37.728  2.210 0.0000000000
103605  -47.656  37.701  2.916 0.0000000000
103623  -44.745  37.566  0.152 0.0000000000
103636  -41.866  37.167  -0.754 0.0000000000
104144  -47.494  38.212  1.352 0.0000000000
104168  -43.127  37.847  -1.310 0.0000000000
104170  -45.547  38.320  -0.044 0.0000000000
104179  -41.064  38.260  -1.549 0.0000000000
104723  -37.350  39.308  -1.466 0.0000000000
104734  -39.518  39.928  -2.262 0.0000000000
104743  -49.145  40.088  -3.982 0.0000000000
105239  -34.897  40.358  0.305 0.0000000000
105253  -38.139  39.667  -1.947 0.0000000000
105268  -39.134  40.733  -2.492 0.0000000000
105730  -34.544  41.602  3.551 0.0000000000
106275  -37.195  41.870  1.953 0.0000000000
106815  -46.256  43.206  -1.966 0.0000000000
106816  -46.870  43.233  -1.851 0.0000000000
106836  -46.685  43.863  -2.739 0.0000000000
107371  -46.676  44.171  -3.401 0.0000000000
107381  -47.210  44.188  -4.136 0.0000000000
107389  -47.166  44.404  -5.006 0.0000000000
116228  -44.841  43.631  -2.797 0.0000000000
116353  -48.466  37.549  3.680 0.0000000000
116549  -47.128  37.317  6.293 0.0000000000
116826  -48.745  20.235  13.888 0.0000000000
119894  -39.868  28.607  10.741 0.0000000000
120534  -44.741  37.115  8.639 0.0000000000
122733  -48.476  37.558  3.141 0.0000000000
124694  -47.542  34.451  1.824 0.0000000000
127547  -44.381  32.676  9.570 0.0000000000
128453  -43.888  31.846  4.734 0.0000000000
131569  -36.401  40.820  1.772 0.0000000000
131586  -44.956  33.251  9.151 0.0000000000
132125  -46.951  36.608  8.754 0.0000000000
132503  -45.439  24.493  10.266 0.0000000000
132549  -43.321  27.965  12.508 0.0000000000
133350  -50.158  28.328  2.872 0.0000000000
135015  -44.072  32.028  2.841 0.0000000000
135591  -44.376  28.550  9.969 0.0000000000
135903  -49.074  36.227  -0.348 0.0000000000
136908  -45.274  20.002  11.689 0.0000000000
136927  -43.793  44.189  -3.331 0.0000000000
137393  -47.084  30.991  -3.420 0.0000000000
138127  -45.662  37.745  8.792 0.0000000000
139067  -37.791  37.978  1.690 0.0000000000
139134  -45.784  28.738  1.225 0.0000000000
139785  -49.246  29.854  -8.022 0.0000000000
140957  -41.862  36.335  0.174 0.0000000000
