#!ascii label  , from subject sub-046 vox2ras=TkReg
1108
43655  -32.151  -46.394  18.977 0.0000000000
36972  -17.901  -53.535  19.887 0.0000000000
35945  -28.365  -53.920  17.251 0.0000000000
66697  -46.912  -22.953  10.043 0.0000000000
116214  -54.159  -18.620  7.856 0.0000000000
38746  -10.999  -51.048  24.135 0.0000000000
63133  -43.337  -27.107  10.590 0.0000000000
43679  -36.746  -46.311  17.772 0.0000000000
39776  -31.073  -49.938  17.309 0.0000000000
38789  -14.727  -51.129  21.297 0.0000000000
35858  -14.135  -55.177  22.971 0.0000000000
47603  -26.409  -42.563  17.604 0.0000000000
47637  -30.489  -42.542  14.034 0.0000000000
116833  -22.974  -55.088  18.191 0.0000000000
42719  -25.804  -47.411  19.239 0.0000000000
128856  -41.742  -36.193  9.128 0.0000000000
58549  -45.488  -32.115  8.052 0.0000000000
61453  -48.928  -28.836  7.791 0.0000000000
32450  -7.639  -57.423  23.617 0.0000000000
30221  -5.719  -59.573  24.585 0.0000000000
116363  -34.504  -41.871  12.164 0.0000000000
51713  -35.848  -38.039  12.994 0.0000000000
52820  -38.401  -37.982  10.469 0.0000000000
34748  -10.887  -55.598  22.362 0.0000000000
35877  -18.605  -55.211  21.449 0.0000000000
34761  -20.829  -55.902  21.289 0.0000000000
42735  -30.734  -47.215  18.372 0.0000000000
40731  -17.643  -49.542  20.366 0.0000000000
37865  -16.530  -52.339  20.669 0.0000000000
36947  -16.171  -53.826  21.518 0.0000000000
48588  -26.887  -41.556  22.694 0.0000000000
45559  -25.679  -44.347  19.807 0.0000000000
131185  -41.284  -33.873  9.818 0.0000000000
125928  -44.437  -34.815  9.030 0.0000000000
58547  -42.710  -31.508  9.317 0.0000000000
62319  -45.564  -27.399  8.415 0.0000000000
63158  -47.174  -25.872  8.424 0.0000000000
63161  -50.363  -26.829  8.382 0.0000000000
128991  -48.856  -24.031  8.368 0.0000000000
66719  -50.125  -22.417  7.677 0.0000000000
47619  -33.007  -42.043  16.580 0.0000000000
47649  -32.529  -42.560  13.161 0.0000000000
48677  -33.169  -40.391  15.632 0.0000000000
52779  -32.672  -37.040  13.071 0.0000000000
54684  -34.009  -35.166  12.701 0.0000000000
53774  -36.789  -37.175  12.353 0.0000000000
55651  -35.863  -34.587  11.527 0.0000000000
132471  -37.837  -34.722  10.107 0.0000000000
35927  -25.729  -54.709  18.003 0.0000000000
35848  -9.011  -53.963  24.157 0.0000000000
36941  -10.427  -52.992  22.559 0.0000000000
26649  -5.812  -62.118  24.552 0.0000000000
25435  -4.320  -63.094  25.013 0.0000000000
60463  -42.418  -29.102  11.302 0.0000000000
45582  -39.183  -44.631  17.062 0.0000000000
38873  -30.281  -51.908  16.001 0.0000000000
39692  -12.710  -50.574  22.595 0.0000000000
37853  -12.279  -52.671  21.674 0.0000000000
36958  -14.205  -53.202  21.573 0.0000000000
69471  -55.860  -18.516  6.707 0.0000000000
44602  -29.057  -45.128  16.303 0.0000000000
44615  -30.998  -45.080  15.564 0.0000000000
48664  -28.363  -41.249  16.330 0.0000000000
38814  -19.024  -51.119  18.774 0.0000000000
35922  -20.651  -54.437  18.807 0.0000000000
37916  -20.751  -52.140  17.241 0.0000000000
37027  -23.287  -52.914  16.182 0.0000000000
37943  -25.550  -52.366  15.525 0.0000000000
39775  -26.361  -50.286  17.455 0.0000000000
127704  -27.255  -51.060  14.401 0.0000000000
41775  -28.488  -48.140  14.558 0.0000000000
136599  -27.275  -45.899  15.631 0.0000000000
51763  -42.733  -39.159  9.963 0.0000000000
60485  -43.690  -29.574  8.751 0.0000000000
59534  -46.817  -30.451  7.909 0.0000000000
66737  -52.132  -22.067  6.714 0.0000000000
31323  -6.706  -58.421  24.268 0.0000000000
27807  -7.279  -61.496  24.919 0.0000000000
44631  -33.331  -45.837  14.116 0.0000000000
44645  -35.946  -45.449  13.233 0.0000000000
46667  -37.568  -43.461  13.079 0.0000000000
51693  -32.545  -39.068  14.194 0.0000000000
49720  -34.986  -40.295  11.855 0.0000000000
49689  -37.948  -40.891  13.518 0.0000000000
51695  -38.326  -39.689  13.747 0.0000000000
51733  -39.371  -39.244  12.377 0.0000000000
50709  -40.978  -40.057  11.562 0.0000000000
52829  -40.305  -37.382  9.312 0.0000000000
54712  -39.869  -34.899  9.644 0.0000000000
33617  -23.794  -57.140  21.084 0.0000000000
34708  -7.992  -55.018  25.005 0.0000000000
33583  -8.805  -56.222  22.796 0.0000000000
34734  -12.572  -55.600  23.055 0.0000000000
25416  -2.067  -63.293  25.265 0.0000000000
36964  -18.331  -54.302  20.387 0.0000000000
116956  -19.431  -55.484  21.591 0.0000000000
35892  -19.139  -54.625  20.237 0.0000000000
43638  -31.228  -47.002  18.807 0.0000000000
38802  -17.710  -51.278  19.837 0.0000000000
39710  -16.860  -50.138  20.767 0.0000000000
37878  -17.045  -52.313  20.057 0.0000000000
36962  -17.204  -53.804  20.784 0.0000000000
57621  -41.800  -32.405  10.406 0.0000000000
57622  -42.341  -32.378  9.596 0.0000000000
58533  -42.043  -31.557  10.070 0.0000000000
64850  -46.024  -24.175  10.632 0.0000000000
64015  -45.954  -24.898  9.389 0.0000000000
64857  -46.953  -23.890  9.187 0.0000000000
64868  -48.136  -24.391  8.468 0.0000000000
66716  -47.758  -22.862  8.904 0.0000000000
66717  -48.501  -22.655  8.598 0.0000000000
47630  -33.228  -41.125  15.870 0.0000000000
55629  -33.398  -33.764  14.145 0.0000000000
55643  -35.068  -34.567  11.902 0.0000000000
57597  -35.511  -32.889  12.592 0.0000000000
56626  -36.879  -32.714  12.014 0.0000000000
35944  -26.676  -54.090  17.256 0.0000000000
34799  -26.848  -55.228  19.117 0.0000000000
135253  -28.173  -54.693  18.348 0.0000000000
37832  -9.920  -52.298  24.335 0.0000000000
37842  -10.283  -52.191  23.480 0.0000000000
69474  -54.058  -19.719  6.615 0.0000000000
25419  -4.984  -63.204  25.246 0.0000000000
131699  -36.489  -46.570  18.900 0.0000000000
119121  -37.676  -45.878  16.936 0.0000000000
39789  -30.681  -50.999  15.996 0.0000000000
113504  -31.369  -50.877  17.525 0.0000000000
40717  -14.949  -49.878  21.878 0.0000000000
39694  -14.232  -50.069  22.123 0.0000000000
39678  -13.326  -49.759  23.665 0.0000000000
39706  -13.967  -50.703  21.683 0.0000000000
38787  -13.393  -51.905  21.564 0.0000000000
125561  -14.602  -52.021  21.238 0.0000000000
35875  -17.157  -55.246  22.105 0.0000000000
35861  -16.472  -55.165  22.720 0.0000000000
120241  -27.310  -43.985  16.044 0.0000000000
46637  -27.895  -43.100  16.048 0.0000000000
133919  -27.463  -41.311  17.296 0.0000000000
40745  -19.490  -49.315  19.143 0.0000000000
38827  -19.581  -51.460  18.224 0.0000000000
39752  -20.396  -50.284  18.011 0.0000000000
38867  -22.711  -51.235  16.512 0.0000000000
38868  -23.496  -51.547  16.280 0.0000000000
37029  -24.822  -53.127  15.655 0.0000000000
38881  -25.179  -51.920  15.702 0.0000000000
42707  -25.626  -47.507  20.969 0.0000000000
40760  -26.435  -49.169  18.304 0.0000000000
40790  -26.482  -50.288  15.338 0.0000000000
41764  -26.418  -48.817  16.342 0.0000000000
40800  -27.668  -49.523  14.254 0.0000000000
116168  -26.238  -47.854  15.931 0.0000000000
46607  -25.759  -43.709  18.314 0.0000000000
44584  -25.480  -44.995  17.065 0.0000000000
122552  -26.349  -43.951  16.331 0.0000000000
134223  -28.659  -45.348  16.087 0.0000000000
52831  -42.623  -37.643  9.382 0.0000000000
51765  -44.271  -38.539  10.068 0.0000000000
118860  -43.356  -37.085  9.360 0.0000000000
56666  -44.569  -33.466  8.399 0.0000000000
55667  -45.915  -34.890  9.523 0.0000000000
61430  -42.894  -27.843  10.676 0.0000000000
60484  -42.954  -29.601  9.444 0.0000000000
61439  -43.451  -28.178  9.194 0.0000000000
125516  -47.128  -27.825  8.086 0.0000000000
131994  -45.888  -28.741  8.065 0.0000000000
60502  -47.297  -29.565  7.874 0.0000000000
128175  -48.126  -31.166  8.295 0.0000000000
66728  -50.956  -22.519  7.268 0.0000000000
68602  -50.815  -20.676  7.733 0.0000000000
68603  -51.538  -20.250  7.514 0.0000000000
33553  -7.252  -56.066  25.005 0.0000000000
32435  -6.649  -57.588  24.828 0.0000000000
31324  -7.356  -58.255  23.704 0.0000000000
29033  -8.385  -60.704  25.031 0.0000000000
26623  -6.994  -62.328  26.196 0.0000000000
45615  -30.116  -43.892  14.192 0.0000000000
113725  -31.744  -45.286  14.719 0.0000000000
135944  -31.553  -44.904  13.063 0.0000000000
47668  -34.003  -42.677  12.330 0.0000000000
45655  -34.187  -44.372  12.109 0.0000000000
122727  -34.990  -43.964  12.092 0.0000000000
45636  -37.307  -44.354  13.226 0.0000000000
46682  -36.301  -43.203  12.199 0.0000000000
52756  -31.632  -37.415  15.273 0.0000000000
52780  -34.593  -37.232  12.656 0.0000000000
51729  -33.779  -38.450  12.483 0.0000000000
51731  -35.188  -38.425  12.480 0.0000000000
50674  -36.819  -40.149  12.430 0.0000000000
50657  -36.964  -39.345  12.801 0.0000000000
50658  -37.824  -39.834  13.467 0.0000000000
132786  -36.863  -38.385  12.981 0.0000000000
52795  -37.460  -37.589  12.019 0.0000000000
52796  -37.952  -38.382  12.327 0.0000000000
51746  -38.760  -38.517  11.151 0.0000000000
50693  -39.915  -39.590  12.072 0.0000000000
115929  -39.163  -38.625  10.552 0.0000000000
51761  -40.462  -38.887  9.949 0.0000000000
52827  -38.581  -37.375  9.738 0.0000000000
56643  -38.397  -32.982  11.233 0.0000000000
54711  -39.052  -35.105  9.781 0.0000000000
135381  -39.634  -33.435  11.006 0.0000000000
35923  -21.247  -54.649  18.435 0.0000000000
34794  -21.481  -55.607  19.635 0.0000000000
34796  -23.229  -55.977  19.217 0.0000000000
34746  -9.551  -55.090  22.596 0.0000000000
136067  -8.958  -54.993  23.061 0.0000000000
33597  -9.570  -55.898  22.527 0.0000000000
35871  -13.566  -54.603  22.269 0.0000000000
35870  -12.520  -54.740  22.145 0.0000000000
35857  -13.318  -55.198  22.796 0.0000000000
118851  -18.543  -56.061  22.795 0.0000000000
125574  -19.602  -55.871  22.292 0.0000000000
33599  -20.865  -56.260  22.811 0.0000000000
33591  -22.367  -57.025  23.085 0.0000000000
41754  -30.529  -48.261  17.767 0.0000000000
39742  -32.298  -50.018  18.764 0.0000000000
41699  -16.754  -48.646  21.636 0.0000000000
39709  -16.058  -50.294  21.205 0.0000000000
38790  -15.652  -51.144  21.155 0.0000000000
37863  -15.339  -52.057  21.185 0.0000000000
36961  -16.385  -53.039  21.182 0.0000000000
35880  -17.239  -54.573  21.350 0.0000000000
127852  -26.720  -41.827  19.872 0.0000000000
131339  -27.220  -41.350  19.562 0.0000000000
44556  -25.532  -45.871  21.165 0.0000000000
131913  -25.552  -45.848  19.738 0.0000000000
124429  -26.242  -42.834  20.919 0.0000000000
55675  -41.668  -34.690  9.221 0.0000000000
54724  -43.109  -35.542  9.097 0.0000000000
124587  -42.999  -33.989  8.918 0.0000000000
56665  -43.480  -33.271  8.722 0.0000000000
58548  -44.468  -31.992  8.258 0.0000000000
63147  -43.848  -26.922  9.626 0.0000000000
63149  -45.035  -26.030  9.384 0.0000000000
114033  -46.519  -26.226  8.500 0.0000000000
62321  -48.466  -27.329  8.208 0.0000000000
135169  -49.789  -27.856  7.991 0.0000000000
63159  -48.616  -26.377  8.482 0.0000000000
64026  -49.321  -25.620  8.751 0.0000000000
64870  -50.641  -24.450  8.647 0.0000000000
115841  -49.943  -23.369  7.928 0.0000000000
67681  -48.757  -21.839  8.745 0.0000000000
31335  -8.603  -58.397  23.489 0.0000000000
30242  -7.908  -58.840  23.597 0.0000000000
30224  -9.326  -59.282  24.568 0.0000000000
47617  -31.756  -42.326  15.612 0.0000000000
47648  -31.560  -42.624  13.190 0.0000000000
47640  -32.921  -42.085  14.667 0.0000000000
47641  -33.525  -41.640  14.286 0.0000000000
121074  -33.858  -41.036  14.091 0.0000000000
53743  -31.940  -36.350  14.749 0.0000000000
54673  -32.636  -35.078  14.339 0.0000000000
122743  -33.741  -35.705  12.900 0.0000000000
53759  -35.072  -36.829  12.527 0.0000000000
53760  -35.840  -37.189  12.600 0.0000000000
53772  -35.265  -36.487  12.332 0.0000000000
53782  -36.322  -36.398  11.732 0.0000000000
54701  -36.736  -36.024  10.863 0.0000000000
135672  -37.730  -36.018  10.001 0.0000000000
55663  -37.246  -34.476  10.491 0.0000000000
35926  -24.418  -54.706  17.674 0.0000000000
34797  -24.256  -55.912  19.220 0.0000000000
34798  -25.941  -55.590  19.223 0.0000000000
36934  -9.461  -53.581  23.663 0.0000000000
35868  -10.271  -54.937  22.287 0.0000000000
27819  -5.918  -61.375  24.366 0.0000000000
30208  -5.138  -59.678  25.589 0.0000000000
29049  -4.718  -61.046  24.770 0.0000000000
27805  -4.107  -61.433  25.287 0.0000000000
136871  -3.372  -61.690  25.444 0.0000000000
45595  -39.467  -44.138  16.584 0.0000000000
37033  -29.145  -53.479  16.605 0.0000000000
35931  -29.616  -54.486  18.140 0.0000000000
39667  -12.192  -50.274  24.371 0.0000000000
39666  -11.708  -50.676  23.810 0.0000000000
38761  -11.287  -51.286  23.231 0.0000000000
38776  -12.676  -51.865  21.834 0.0000000000
37861  -13.319  -52.768  21.532 0.0000000000
35872  -14.457  -54.546  22.292 0.0000000000
36946  -15.498  -53.847  21.645 0.0000000000
35873  -15.247  -54.528  22.223 0.0000000000
34737  -15.492  -55.438  23.693 0.0000000000
69470  -55.149  -18.559  7.209 0.0000000000
44575  -30.889  -46.025  18.081 0.0000000000
44586  -31.396  -45.758  17.524 0.0000000000
44603  -30.211  -44.981  16.421 0.0000000000
45602  -29.384  -43.765  15.062 0.0000000000
48674  -29.577  -41.708  15.361 0.0000000000
48629  -28.508  -40.830  19.228 0.0000000000
48642  -29.988  -40.979  18.132 0.0000000000
47605  -30.834  -41.734  16.683 0.0000000000
47606  -32.034  -42.545  17.470 0.0000000000
37889  -18.348  -51.736  19.242 0.0000000000
35906  -19.502  -54.305  19.445 0.0000000000
37899  -19.684  -52.457  18.281 0.0000000000
37900  -20.316  -52.785  17.814 0.0000000000
37014  -21.813  -53.469  16.967 0.0000000000
38853  -21.372  -51.360  16.980 0.0000000000
37918  -22.363  -52.733  16.487 0.0000000000
37015  -22.809  -53.789  16.768 0.0000000000
35942  -24.487  -54.222  16.841 0.0000000000
37030  -25.443  -53.393  15.963 0.0000000000
37042  -26.784  -52.857  15.619 0.0000000000
38856  -25.686  -51.120  16.892 0.0000000000
38871  -25.965  -51.077  16.068 0.0000000000
114000  -26.888  -51.712  14.781 0.0000000000
37930  -27.736  -52.891  15.641 0.0000000000
38884  -28.901  -51.445  14.562 0.0000000000
39799  -29.601  -50.463  14.556 0.0000000000
41776  -29.517  -48.457  14.956 0.0000000000
43671  -25.634  -46.535  17.026 0.0000000000
42761  -27.713  -46.617  15.310 0.0000000000
118184  -29.767  -47.225  16.320 0.0000000000
42750  -29.942  -46.947  17.095 0.0000000000
43673  -29.896  -46.228  17.022 0.0000000000
39723  -18.049  -50.112  19.829 0.0000000000
53802  -44.576  -36.240  9.357 0.0000000000
121090  -42.306  -30.141  9.979 0.0000000000
59516  -43.479  -30.352  8.880 0.0000000000
121109  -44.873  -31.515  8.062 0.0000000000
61451  -44.985  -28.635  8.220 0.0000000000
59533  -45.776  -30.454  7.948 0.0000000000
58550  -46.374  -32.078  8.055 0.0000000000
59517  -48.048  -31.927  8.470 0.0000000000
67693  -52.688  -21.733  6.404 0.0000000000
68609  -52.799  -20.700  6.519 0.0000000000
114987  -52.835  -19.217  7.706 0.0000000000
32421  -6.347  -57.612  25.768 0.0000000000
31322  -6.174  -58.907  24.596 0.0000000000
30222  -7.457  -59.503  23.934 0.0000000000
29052  -7.007  -60.239  24.101 0.0000000000
27820  -6.703  -61.026  24.342 0.0000000000
27806  -6.514  -61.730  24.652 0.0000000000
44588  -33.145  -45.943  16.777 0.0000000000
43705  -33.878  -46.317  16.033 0.0000000000
43707  -35.263  -46.567  15.481 0.0000000000
44652  -32.781  -45.198  12.437 0.0000000000
44632  -34.620  -45.949  13.924 0.0000000000
44606  -36.731  -46.315  15.755 0.0000000000
44622  -37.916  -45.440  15.613 0.0000000000
45619  -38.294  -44.264  14.665 0.0000000000
47631  -38.929  -43.098  15.126 0.0000000000
50645  -32.806  -39.731  15.316 0.0000000000
49702  -33.818  -40.575  13.575 0.0000000000
51692  -32.387  -38.055  13.434 0.0000000000
50690  -33.626  -39.103  12.537 0.0000000000
48701  -34.690  -41.111  11.872 0.0000000000
48703  -36.461  -41.701  12.040 0.0000000000
113732  -37.956  -42.085  13.486 0.0000000000
128473  -37.186  -38.336  12.923 0.0000000000
113885  -38.914  -39.320  13.677 0.0000000000
50721  -42.436  -39.764  10.411 0.0000000000
128431  -41.332  -38.758  9.686 0.0000000000
53799  -40.904  -36.526  9.198 0.0000000000
54719  -38.775  -35.900  9.646 0.0000000000
54720  -39.497  -35.797  9.510 0.0000000000
54722  -41.242  -35.536  9.139 0.0000000000
55674  -40.744  -34.755  9.381 0.0000000000
56654  -40.866  -33.450  10.837 0.0000000000
35894  -20.733  -55.261  19.894 0.0000000000
33616  -22.401  -56.975  21.483 0.0000000000
33618  -24.725  -57.170  21.038 0.0000000000
33567  -7.726  -56.318  24.028 0.0000000000
35847  -8.412  -54.461  24.579 0.0000000000
34717  -8.146  -55.359  24.064 0.0000000000
33582  -8.217  -56.803  23.206 0.0000000000
32452  -9.307  -57.976  23.334 0.0000000000
37852  -11.336  -52.748  22.004 0.0000000000
35869  -11.414  -54.379  21.893 0.0000000000
34749  -11.691  -55.224  22.330 0.0000000000
25402  -3.511  -64.128  25.974 0.0000000000
133359  -2.987  -63.333  25.188 0.0000000000
130210  -2.617  -61.432  25.803 0.0000000000
43675  -32.692  -46.099  18.299 0.0000000000
36973  -18.632  -53.941  19.593 0.0000000000
43654  -31.370  -46.470  18.638 0.0000000000
37879  -17.725  -52.483  19.712 0.0000000000
37867  -17.323  -53.263  20.162 0.0000000000
57611  -41.583  -32.447  11.348 0.0000000000
58532  -41.486  -31.422  11.000 0.0000000000
65733  -46.472  -23.513  10.378 0.0000000000
64856  -46.288  -24.128  9.748 0.0000000000
65740  -46.751  -23.516  9.729 0.0000000000
65750  -47.582  -23.674  8.765 0.0000000000
65741  -47.174  -23.195  9.313 0.0000000000
66706  -47.392  -22.476  9.588 0.0000000000
56609  -34.845  -32.925  12.981 0.0000000000
37017  -27.408  -53.804  16.982 0.0000000000
35929  -27.547  -54.369  17.934 0.0000000000
38732  -10.807  -51.068  25.186 0.0000000000
38745  -10.370  -51.573  24.288 0.0000000000
38760  -10.693  -51.551  23.569 0.0000000000
44590  -37.633  -45.884  17.853 0.0000000000
133046  -37.204  -46.115  17.356 0.0000000000
40783  -30.737  -50.009  16.298 0.0000000000
126499  -31.019  -50.727  16.763 0.0000000000
39708  -15.258  -50.403  21.419 0.0000000000
39707  -14.600  -50.416  21.624 0.0000000000
38788  -13.943  -51.505  21.424 0.0000000000
46636  -26.971  -43.180  16.403 0.0000000000
47615  -26.917  -42.471  16.881 0.0000000000
48639  -26.789  -41.884  18.041 0.0000000000
40758  -19.946  -49.760  18.563 0.0000000000
117439  -23.989  -50.878  17.537 0.0000000000
38854  -24.115  -51.330  16.614 0.0000000000
37942  -24.330  -51.829  15.929 0.0000000000
38869  -24.948  -51.489  16.173 0.0000000000
42706  -25.621  -47.093  20.211 0.0000000000
41725  -26.106  -48.319  19.009 0.0000000000
41737  -26.165  -48.209  17.837 0.0000000000
41752  -26.310  -48.770  17.318 0.0000000000
115139  -26.078  -47.997  16.769 0.0000000000
116207  -26.097  -43.018  18.374 0.0000000000
46606  -25.925  -43.456  17.602 0.0000000000
46635  -26.314  -43.272  16.929 0.0000000000
123080  -42.640  -36.464  9.196 0.0000000000
57635  -45.100  -32.783  8.090 0.0000000000
56667  -45.714  -33.588  8.401 0.0000000000
57636  -46.340  -32.897  8.146 0.0000000000
61438  -42.878  -28.522  9.788 0.0000000000
62310  -43.316  -27.551  9.767 0.0000000000
123692  -47.830  -28.614  7.894 0.0000000000
60503  -48.254  -29.629  7.891 0.0000000000
68599  -51.061  -20.134  8.075 0.0000000000
32436  -7.155  -56.968  24.476 0.0000000000
46656  -30.153  -42.979  13.924 0.0000000000
45616  -30.914  -44.508  13.525 0.0000000000
45630  -30.659  -43.596  13.385 0.0000000000
46680  -34.470  -43.387  12.022 0.0000000000
47669  -34.830  -42.497  11.884 0.0000000000
46681  -35.343  -43.225  12.008 0.0000000000
131776  -35.169  -37.760  12.697 0.0000000000
52794  -34.426  -38.040  12.519 0.0000000000
50692  -36.032  -38.772  12.619 0.0000000000
51714  -36.612  -38.482  12.926 0.0000000000
52808  -37.662  -37.419  10.956 0.0000000000
52809  -38.151  -38.107  11.477 0.0000000000
52821  -39.065  -38.157  9.826 0.0000000000
126418  -37.976  -37.197  10.189 0.0000000000
35924  -22.125  -54.881  18.071 0.0000000000
34807  -22.656  -55.462  18.693 0.0000000000
34747  -10.127  -55.562  22.394 0.0000000000
33598  -10.338  -56.165  22.517 0.0000000000
33585  -10.684  -56.802  22.930 0.0000000000
130980  -11.055  -56.267  22.707 0.0000000000
31313  -5.769  -58.926  25.316 0.0000000000
31305  -5.452  -58.905  26.339 0.0000000000
43657  -35.260  -46.673  17.907 0.0000000000
34751  -18.764  -55.725  22.115 0.0000000000
34740  -19.267  -56.131  22.806 0.0000000000
34760  -20.147  -55.571  21.308 0.0000000000
34753  -20.327  -55.898  22.061 0.0000000000
33600  -21.186  -56.318  22.023 0.0000000000
119803  -21.685  -56.696  22.776 0.0000000000
136664  -21.795  -56.817  21.921 0.0000000000
42751  -30.330  -47.473  17.885 0.0000000000
133288  -31.367  -48.614  18.778 0.0000000000
41700  -17.627  -48.426  21.448 0.0000000000
40720  -17.178  -49.030  20.965 0.0000000000
38792  -16.952  -51.273  20.402 0.0000000000
38791  -16.407  -51.206  20.915 0.0000000000
37864  -16.082  -52.141  21.109 0.0000000000
35881  -18.009  -54.546  21.031 0.0000000000
35876  -17.906  -55.243  21.672 0.0000000000
48602  -26.604  -41.844  20.898 0.0000000000
48603  -27.324  -41.086  21.306 0.0000000000
44547  -25.511  -45.031  21.350 0.0000000000
115754  -26.590  -41.979  23.082 0.0000000000
47536  -26.351  -42.431  21.678 0.0000000000
47551  -26.354  -42.456  20.237 0.0000000000
125416  -42.582  -34.726  9.105 0.0000000000
56663  -42.158  -33.936  9.304 0.0000000000
56664  -42.635  -33.188  9.191 0.0000000000
57634  -43.046  -32.439  8.946 0.0000000000
120967  -43.983  -32.606  8.462 0.0000000000
58561  -43.526  -31.783  8.649 0.0000000000
64013  -44.674  -25.639  10.030 0.0000000000
64014  -45.297  -25.339  9.743 0.0000000000
64023  -46.574  -25.379  8.767 0.0000000000
129349  -47.508  -26.793  8.240 0.0000000000
135190  -47.828  -25.893  8.378 0.0000000000
64869  -49.062  -24.752  8.549 0.0000000000
114226  -49.689  -24.137  8.407 0.0000000000
135813  -50.277  -23.937  8.263 0.0000000000
65752  -49.085  -23.365  8.274 0.0000000000
67673  -48.347  -21.413  9.501 0.0000000000
47618  -32.442  -42.480  16.074 0.0000000000
47628  -32.269  -42.259  15.080 0.0000000000
136468  -33.280  -41.453  15.110 0.0000000000
119599  -33.352  -40.857  15.007 0.0000000000
127489  -33.252  -40.283  14.832 0.0000000000
55630  -33.752  -34.200  13.217 0.0000000000
120220  -33.493  -35.005  13.196 0.0000000000
53758  -34.225  -36.446  12.702 0.0000000000
54685  -34.522  -36.089  12.542 0.0000000000
54693  -34.707  -35.498  12.290 0.0000000000
54700  -35.562  -35.751  11.902 0.0000000000
129077  -36.239  -35.404  11.252 0.0000000000
54708  -36.753  -35.173  10.686 0.0000000000
55652  -36.552  -34.414  10.996 0.0000000000
134661  -25.072  -54.829  18.067 0.0000000000
34810  -25.439  -55.136  18.574 0.0000000000
127659  -27.494  -55.591  19.487 0.0000000000
130930  -27.318  -55.991  20.052 0.0000000000
36935  -9.874  -52.969  23.568 0.0000000000
36940  -9.878  -53.721  22.927 0.0000000000
35867  -9.861  -54.425  22.587 0.0000000000
120070  -10.448  -54.093  22.161 0.0000000000
118683  -5.313  -61.141  24.484 0.0000000000
134614  -5.354  -61.789  24.482 0.0000000000
27818  -4.669  -61.767  24.691 0.0000000000
26647  -4.148  -62.501  24.964 0.0000000000
121199  -3.893  -62.037  25.084 0.0000000000
25434  -3.640  -63.024  25.016 0.0000000000
44591  -38.550  -45.323  17.235 0.0000000000
45571  -39.180  -44.813  17.782 0.0000000000
45583  -39.716  -44.166  17.260 0.0000000000
37932  -29.743  -52.718  16.234 0.0000000000
37018  -30.231  -53.340  16.946 0.0000000000
126198  -13.130  -50.084  22.967 0.0000000000
39668  -12.986  -49.802  24.566 0.0000000000
119091  -12.507  -50.222  23.506 0.0000000000
38762  -12.038  -50.950  22.936 0.0000000000
132988  -12.404  -51.197  22.268 0.0000000000
37862  -14.075  -52.419  21.397 0.0000000000
36944  -13.776  -53.794  21.809 0.0000000000
36945  -14.729  -53.866  21.746 0.0000000000
36960  -15.805  -52.967  21.409 0.0000000000
35874  -15.935  -54.563  22.063 0.0000000000
35860  -15.734  -55.019  22.922 0.0000000000
115654  -30.409  -45.682  17.209 0.0000000000
45581  -29.711  -45.191  16.712 0.0000000000
47616  -28.046  -42.028  16.044 0.0000000000
46638  -28.670  -43.535  15.629 0.0000000000
46648  -28.637  -42.559  15.584 0.0000000000
47626  -29.295  -42.375  15.131 0.0000000000
48665  -29.181  -41.125  16.042 0.0000000000
48616  -28.269  -40.840  20.733 0.0000000000
117149  -27.858  -40.995  19.798 0.0000000000
114924  -28.701  -40.897  20.002 0.0000000000
47569  -30.752  -41.431  19.711 0.0000000000
117441  -30.799  -41.399  18.765 0.0000000000
48653  -29.772  -40.970  16.899 0.0000000000
47587  -30.830  -41.461  17.780 0.0000000000
131584  -31.603  -42.434  16.922 0.0000000000
37890  -19.027  -52.157  18.775 0.0000000000
38828  -20.127  -51.786  17.702 0.0000000000
37013  -20.997  -53.175  17.343 0.0000000000
37928  -22.923  -52.041  16.173 0.0000000000
37927  -22.127  -51.755  16.522 0.0000000000
37016  -23.812  -53.708  16.398 0.0000000000
37040  -25.251  -52.892  15.556 0.0000000000
37031  -26.311  -53.304  16.119 0.0000000000
37041  -25.926  -52.875  15.611 0.0000000000
119758  -26.516  -49.875  18.183 0.0000000000
40749  -25.973  -49.356  19.705 0.0000000000
39756  -26.192  -50.142  18.545 0.0000000000
38832  -26.027  -50.691  17.831 0.0000000000
130152  -26.115  -50.797  16.997 0.0000000000
38870  -25.569  -51.490  15.851 0.0000000000
39798  -26.641  -51.063  14.863 0.0000000000
37945  -27.300  -52.336  15.036 0.0000000000
38883  -27.756  -51.698  14.510 0.0000000000
37946  -28.321  -52.308  15.067 0.0000000000
38895  -28.054  -50.918  14.093 0.0000000000
132005  -28.040  -48.831  14.307 0.0000000000
40801  -28.423  -49.402  14.192 0.0000000000
40792  -29.003  -48.954  14.377 0.0000000000
40793  -29.765  -49.461  14.690 0.0000000000
44562  -25.488  -45.142  19.342 0.0000000000
120980  -25.437  -45.920  18.837 0.0000000000
113950  -25.454  -45.882  17.708 0.0000000000
44600  -26.566  -45.685  15.718 0.0000000000
129609  -26.588  -46.356  15.496 0.0000000000
42762  -29.112  -46.527  16.082 0.0000000000
43690  -28.178  -46.064  15.860 0.0000000000
43672  -29.066  -45.791  16.428 0.0000000000
44585  -29.784  -45.762  16.886 0.0000000000
43674  -30.297  -46.188  17.605 0.0000000000
39735  -18.728  -49.709  19.402 0.0000000000
38813  -18.463  -50.668  19.282 0.0000000000
50722  -43.324  -39.805  10.388 0.0000000000
52822  -44.532  -37.715  9.928 0.0000000000
51766  -45.011  -38.243  10.388 0.0000000000
125364  -43.508  -34.767  9.038 0.0000000000
54725  -44.092  -35.516  9.112 0.0000000000
60462  -41.973  -29.900  10.881 0.0000000000
59505  -41.862  -30.731  10.454 0.0000000000
117752  -44.022  -31.115  8.299 0.0000000000
59531  -44.203  -30.205  8.329 0.0000000000
62312  -44.755  -26.939  9.066 0.0000000000
62318  -44.773  -27.829  8.491 0.0000000000
134686  -45.487  -28.099  8.220 0.0000000000
60501  -46.336  -29.565  7.936 0.0000000000
60500  -45.391  -29.455  8.079 0.0000000000
58563  -46.512  -31.345  7.946 0.0000000000
58551  -47.219  -32.060  8.142 0.0000000000
58564  -47.387  -31.287  8.061 0.0000000000
59518  -48.661  -31.440  8.855 0.0000000000
114621  -49.720  -27.315  8.198 0.0000000000
65763  -50.631  -23.104  7.596 0.0000000000
67687  -51.418  -21.839  7.008 0.0000000000
66729  -51.883  -22.833  6.960 0.0000000000
69467  -52.060  -19.590  7.732 0.0000000000
68604  -52.370  -20.022  7.152 0.0000000000
68605  -53.179  -19.806  6.894 0.0000000000
31314  -6.243  -58.276  25.086 0.0000000000
130687  -6.574  -59.413  24.137 0.0000000000
30223  -8.389  -59.529  24.060 0.0000000000
27808  -8.008  -61.272  25.366 0.0000000000
29032  -7.595  -60.883  24.543 0.0000000000
26640  -6.981  -61.943  25.346 0.0000000000
44604  -31.187  -45.450  16.595 0.0000000000
44605  -32.183  -45.738  16.702 0.0000000000
113890  -31.987  -45.477  15.745 0.0000000000
44630  -32.396  -45.549  13.862 0.0000000000
44616  -32.704  -45.665  14.887 0.0000000000
44617  -33.617  -46.089  15.073 0.0000000000
128294  -34.605  -46.605  15.941 0.0000000000
44618  -34.133  -46.170  14.404 0.0000000000
46677  -32.078  -43.211  12.541 0.0000000000
45652  -31.808  -44.069  12.284 0.0000000000
46678  -32.602  -43.869  12.091 0.0000000000
45633  -34.497  -45.126  12.397 0.0000000000
44643  -33.761  -45.490  12.725 0.0000000000
44644  -34.810  -45.604  13.088 0.0000000000
44619  -35.787  -46.273  14.736 0.0000000000
44634  -36.351  -45.785  14.098 0.0000000000
44621  -37.319  -45.783  15.267 0.0000000000
44635  -37.173  -45.520  14.411 0.0000000000
45618  -37.643  -44.756  14.043 0.0000000000
46657  -37.957  -43.823  13.861 0.0000000000
46650  -38.876  -43.804  15.264 0.0000000000
46658  -38.556  -43.393  14.521 0.0000000000
51677  -32.028  -38.872  15.330 0.0000000000
50644  -32.564  -39.459  15.098 0.0000000000
50656  -32.934  -39.619  14.455 0.0000000000
49688  -33.335  -40.020  14.142 0.0000000000
52768  -31.965  -37.242  14.065 0.0000000000
51730  -34.393  -38.873  12.260 0.0000000000
132249  -34.406  -39.651  12.085 0.0000000000
49719  -34.209  -40.461  12.332 0.0000000000
48702  -35.587  -41.175  11.755 0.0000000000
49704  -37.420  -40.880  12.734 0.0000000000
48695  -37.314  -41.720  12.598 0.0000000000
114068  -37.839  -41.417  13.276 0.0000000000
120710  -38.500  -42.201  14.139 0.0000000000
48686  -38.454  -41.499  14.017 0.0000000000
53761  -36.599  -37.517  12.729 0.0000000000
52782  -37.278  -37.885  12.710 0.0000000000
51715  -38.631  -38.962  12.849 0.0000000000
51716  -39.482  -39.442  13.184 0.0000000000
50708  -40.239  -39.602  11.490 0.0000000000
50694  -40.558  -40.127  12.262 0.0000000000
136572  -41.175  -40.472  12.140 0.0000000000
117223  -41.689  -40.454  11.686 0.0000000000
125829  -42.565  -40.349  11.137 0.0000000000
50720  -41.628  -39.856  10.841 0.0000000000
51774  -39.896  -38.161  9.567 0.0000000000
51775  -40.751  -38.125  9.436 0.0000000000
52830  -41.613  -37.919  9.410 0.0000000000
125324  -41.056  -37.385  9.289 0.0000000000
53790  -38.187  -36.477  9.823 0.0000000000
54710  -38.174  -35.456  9.856 0.0000000000
55665  -39.501  -34.143  10.259 0.0000000000
54721  -40.342  -35.676  9.301 0.0000000000
55666  -40.352  -34.096  10.091 0.0000000000
36982  -20.040  -53.984  18.834 0.0000000000
35907  -20.324  -54.663  19.377 0.0000000000
34778  -22.835  -56.449  19.866 0.0000000000
34777  -21.957  -56.234  20.135 0.0000000000
33633  -22.518  -56.721  20.656 0.0000000000
115408  -23.200  -57.431  21.817 0.0000000000
34780  -25.154  -56.093  19.617 0.0000000000
136317  -24.524  -56.466  19.816 0.0000000000
33619  -25.635  -57.072  21.115 0.0000000000
34801  -29.429  -55.532  19.224 0.0000000000
134191  -7.589  -55.445  25.333 0.0000000000
34707  -7.699  -55.614  24.671 0.0000000000
35843  -8.777  -53.609  25.162 0.0000000000
35856  -8.662  -54.724  23.687 0.0000000000
34731  -8.543  -55.442  23.222 0.0000000000
33568  -8.188  -56.013  23.368 0.0000000000
115837  -9.046  -57.189  22.874 0.0000000000
38775  -11.770  -51.771  22.300 0.0000000000
24275  -2.656  -64.225  25.581 0.0000000000
26637  -3.029  -62.478  25.218 0.0000000000
27804  -1.990  -62.053  25.650 0.0000000000
35882  -18.842  -54.938  20.928 0.0000000000
35883  -19.661  -55.172  20.820 0.0000000000
39722  -17.418  -50.423  20.210 0.0000000000
37866  -16.843  -53.059  20.458 0.0000000000
36963  -17.708  -53.946  20.476 0.0000000000
47499  -27.019  -41.708  23.439 0.0000000000
56656  -41.983  -33.180  9.838 0.0000000000
64849  -45.647  -24.737  10.134 0.0000000000
64866  -46.710  -24.584  9.007 0.0000000000
64024  -47.456  -25.114  8.565 0.0000000000
64867  -47.365  -24.334  8.750 0.0000000000
65751  -48.306  -23.480  8.512 0.0000000000
66707  -48.015  -22.112  9.180 0.0000000000
47620  -33.296  -41.235  17.088 0.0000000000
48668  -33.209  -40.407  16.492 0.0000000000
49676  -33.019  -40.049  16.075 0.0000000000
55642  -34.363  -34.406  12.460 0.0000000000
56623  -34.376  -33.596  12.884 0.0000000000
56624  -35.020  -33.534  12.279 0.0000000000
56641  -35.600  -33.838  11.799 0.0000000000
56642  -36.316  -33.606  11.509 0.0000000000
56625  -35.924  -33.142  12.111 0.0000000000
35928  -26.507  -54.537  17.950 0.0000000000
34811  -26.238  -54.954  18.599 0.0000000000
34812  -26.966  -54.780  18.520 0.0000000000
35910  -27.726  -54.940  18.832 0.0000000000
34800  -28.399  -55.532  19.299 0.0000000000
68611  -54.058  -20.821  6.055 0.0000000000
26638  -5.673  -62.744  25.151 0.0000000000
124174  -5.465  -63.275  25.876 0.0000000000
131885  -4.861  -63.597  25.840 0.0000000000
25418  -4.309  -63.576  25.552 0.0000000000
119038  -38.447  -45.400  18.273 0.0000000000
37919  -30.965  -52.631  17.230 0.0000000000
38857  -30.971  -51.679  16.784 0.0000000000
38833  -31.356  -51.865  17.753 0.0000000000
132388  -31.546  -52.010  18.525 0.0000000000
40704  -15.375  -49.301  22.204 0.0000000000
40703  -14.692  -49.497  22.580 0.0000000000
40687  -13.969  -49.429  23.805 0.0000000000
40702  -13.890  -49.734  22.967 0.0000000000
39693  -13.467  -50.328  22.318 0.0000000000
38777  -13.170  -51.106  21.916 0.0000000000
36959  -14.916  -52.936  21.448 0.0000000000
115368  -16.561  -54.620  21.727 0.0000000000
34739  -17.245  -55.598  23.032 0.0000000000
113143  -28.283  -44.238  15.916 0.0000000000
132490  -27.412  -42.434  16.370 0.0000000000
48651  -28.018  -40.839  17.192 0.0000000000
39736  -19.196  -50.176  18.892 0.0000000000
39751  -19.672  -50.577  18.313 0.0000000000
38851  -20.153  -50.931  17.745 0.0000000000
38852  -20.627  -51.297  17.367 0.0000000000
39786  -22.462  -50.792  16.887 0.0000000000
39774  -23.196  -50.847  16.881 0.0000000000
37929  -23.791  -52.257  15.880 0.0000000000
37028  -24.149  -53.044  15.808 0.0000000000
131713  -24.702  -52.466  15.636 0.0000000000
41714  -25.711  -48.228  20.940 0.0000000000
39787  -26.249  -50.564  16.329 0.0000000000
40781  -26.454  -49.858  16.437 0.0000000000
40791  -26.968  -49.772  14.635 0.0000000000
39811  -27.467  -50.297  14.239 0.0000000000
115438  -26.650  -49.319  15.402 0.0000000000
42769  -26.689  -48.238  15.133 0.0000000000
45570  -25.601  -44.342  18.774 0.0000000000
44574  -25.422  -45.093  18.238 0.0000000000
44573  -25.573  -44.256  17.771 0.0000000000
45590  -25.830  -44.608  16.344 0.0000000000
45591  -26.714  -44.815  15.882 0.0000000000
44601  -27.830  -45.472  15.832 0.0000000000
45592  -28.015  -44.799  15.917 0.0000000000
51777  -42.978  -38.469  9.583 0.0000000000
51764  -43.512  -38.875  9.960 0.0000000000
52832  -43.668  -37.942  9.559 0.0000000000
52833  -44.146  -37.048  9.500 0.0000000000
125092  -43.990  -34.129  8.666 0.0000000000
137085  -44.857  -34.835  9.069 0.0000000000
55676  -45.100  -34.386  8.892 0.0000000000
61429  -42.529  -28.558  10.702 0.0000000000
60474  -42.394  -29.276  10.240 0.0000000000
134937  -43.889  -29.067  8.661 0.0000000000
132219  -46.231  -27.975  8.146 0.0000000000
123300  -46.799  -28.718  7.984 0.0000000000
59535  -47.748  -30.447  8.033 0.0000000000
59536  -48.692  -30.568  8.271 0.0000000000
67686  -50.570  -21.528  7.511 0.0000000000
123072  -51.245  -21.051  7.296 0.0000000000
67688  -52.028  -21.068  6.944 0.0000000000
123646  -7.080  -57.728  24.140 0.0000000000
125767  -7.182  -58.883  23.873 0.0000000000
27789  -7.619  -61.798  25.794 0.0000000000
45604  -30.835  -44.793  14.462 0.0000000000
44629  -31.565  -45.147  13.707 0.0000000000
44641  -32.154  -45.327  12.994 0.0000000000
47667  -33.077  -43.071  12.551 0.0000000000
46679  -33.556  -43.666  12.081 0.0000000000
124197  -35.035  -44.622  12.188 0.0000000000
45634  -35.456  -45.027  12.537 0.0000000000
45635  -36.421  -44.720  12.816 0.0000000000
45656  -35.818  -44.155  12.225 0.0000000000
46666  -36.817  -43.864  12.615 0.0000000000
47652  -37.071  -43.132  12.602 0.0000000000
51676  -31.817  -38.290  14.683 0.0000000000
122384  -33.653  -36.887  12.785 0.0000000000
127346  -33.424  -37.722  12.620 0.0000000000
50691  -35.279  -39.367  12.184 0.0000000000
49721  -35.903  -40.233  12.066 0.0000000000
131537  -36.204  -39.517  12.367 0.0000000000
50675  -37.548  -40.228  13.086 0.0000000000
131538  -38.056  -40.426  13.713 0.0000000000
51694  -37.501  -38.968  13.005 0.0000000000
51732  -38.692  -38.747  11.916 0.0000000000
114557  -39.455  -39.036  11.475 0.0000000000
51747  -39.948  -39.062  10.724 0.0000000000
50719  -40.715  -39.517  10.786 0.0000000000
135420  -39.642  -38.657  10.053 0.0000000000
52828  -39.422  -37.422  9.432 0.0000000000
56653  -38.013  -33.847  10.447 0.0000000000
55664  -38.577  -34.466  10.075 0.0000000000
55654  -38.954  -33.623  10.698 0.0000000000
35908  -21.043  -54.990  19.183 0.0000000000
35909  -21.823  -55.216  18.929 0.0000000000
34795  -22.293  -55.898  19.345 0.0000000000
33634  -23.352  -56.836  20.445 0.0000000000
34732  -9.316  -54.336  23.221 0.0000000000
33596  -9.042  -55.529  22.781 0.0000000000
33584  -9.720  -56.658  22.655 0.0000000000
125313  -10.140  -57.478  23.208 0.0000000000
36957  -12.864  -53.383  21.613 0.0000000000
36943  -12.011  -53.662  21.619 0.0000000000
118640  -12.975  -54.048  21.829 0.0000000000
43658  -36.106  -46.646  18.431 0.0000000000
43678  -36.084  -46.560  17.589 0.0000000000
33589  -19.693  -56.400  23.454 0.0000000000
33590  -20.498  -56.478  23.461 0.0000000000
40775  -30.541  -48.918  16.916 0.0000000000
126322  -31.714  -49.991  18.158 0.0000000000
40705  -16.012  -48.996  21.872 0.0000000000
40719  -16.383  -49.376  21.287 0.0000000000
40718  -15.651  -49.678  21.602 0.0000000000
36948  -16.708  -53.834  21.192 0.0000000000
120030  -16.673  -53.229  20.855 0.0000000000
34750  -17.899  -55.725  22.465 0.0000000000
47586  -26.416  -42.294  18.415 0.0000000000
48627  -26.827  -41.644  18.868 0.0000000000
43623  -25.572  -46.706  21.033 0.0000000000
43637  -25.579  -46.574  19.476 0.0000000000
43622  -25.569  -46.228  20.370 0.0000000000
44555  -25.563  -45.264  20.413 0.0000000000
45546  -25.737  -44.352  20.749 0.0000000000
46546  -26.192  -43.440  21.549 0.0000000000
46566  -26.053  -43.707  20.984 0.0000000000
46588  -26.002  -43.403  20.184 0.0000000000
115745  -26.267  -42.562  19.305 0.0000000000
54723  -42.161  -35.511  9.099 0.0000000000
63148  -44.264  -26.204  9.791 0.0000000000
63157  -45.684  -26.567  8.741 0.0000000000
63150  -45.814  -25.724  9.079 0.0000000000
62320  -46.438  -27.116  8.277 0.0000000000
120428  -47.887  -27.733  8.082 0.0000000000
61452  -48.466  -28.081  8.008 0.0000000000
62322  -49.193  -27.861  8.040 0.0000000000
114622  -49.106  -27.095  8.367 0.0000000000
63160  -49.566  -26.505  8.585 0.0000000000
64025  -48.409  -25.360  8.498 0.0000000000
64027  -50.291  -25.830  8.893 0.0000000000
66718  -49.300  -22.517  8.203 0.0000000000
67682  -49.649  -21.526  8.208 0.0000000000
32451  -8.426  -57.692  23.192 0.0000000000
31334  -7.956  -58.170  23.383 0.0000000000
31325  -8.731  -58.967  23.839 0.0000000000
129750  -30.955  -41.998  15.034 0.0000000000
46664  -30.790  -42.825  13.473 0.0000000000
47627  -31.506  -42.183  14.622 0.0000000000
47639  -32.113  -42.215  13.974 0.0000000000
47629  -32.961  -42.072  15.525 0.0000000000
127120  -33.013  -42.205  13.925 0.0000000000
47650  -33.470  -42.329  13.278 0.0000000000
47651  -34.057  -41.804  13.231 0.0000000000
48694  -34.205  -41.213  12.885 0.0000000000
122795  -32.254  -35.539  14.800 0.0000000000
123906  -32.386  -35.733  14.159 0.0000000000
55615  -32.865  -34.344  14.698 0.0000000000
54683  -32.920  -35.474  13.499 0.0000000000
53757  -33.209  -36.244  12.978 0.0000000000
52781  -35.561  -37.450  12.714 0.0000000000
132129  -36.337  -37.877  12.969 0.0000000000
53773  -36.042  -36.837  12.336 0.0000000000
53783  -37.021  -36.863  11.424 0.0000000000
53789  -37.420  -36.541  10.400 0.0000000000
54709  -37.356  -35.491  10.258 0.0000000000
55653  -37.280  -33.379  11.067 0.0000000000
56627  -38.819  -32.350  12.511 0.0000000000
35925  -23.658  -54.891  17.987 0.0000000000
34808  -23.554  -55.487  18.588 0.0000000000
34809  -24.508  -55.231  18.453 0.0000000000
121830  -25.052  -55.625  19.026 0.0000000000
34781  -25.972  -56.241  19.983 0.0000000000
34782  -26.730  -55.832  19.724 0.0000000000
33637  -26.753  -56.414  20.444 0.0000000000
36925  -9.411  -53.064  24.488 0.0000000000
136393  -9.716  -52.402  25.046 0.0000000000
34721  -15.325  -55.769  24.419 0.0000000000
29051  -6.040  -60.443  24.268 0.0000000000
29050  -5.174  -60.383  24.691 0.0000000000
26648  -5.008  -62.502  24.673 0.0000000000
29017  -3.438  -61.023  26.144 0.0000000000
119229  -42.555  -29.776  12.000 0.0000000000
61423  -43.040  -28.347  11.787 0.0000000000
62291  -43.467  -27.469  11.619 0.0000000000
136910  -39.725  -43.406  16.687 0.0000000000
35930  -28.647  -54.426  17.964 0.0000000000
36998  -29.451  -54.020  17.376 0.0000000000
38834  -31.654  -51.015  18.539 0.0000000000
39650  -12.331  -50.133  25.226 0.0000000000
38747  -11.612  -50.635  24.771 0.0000000000
35859  -14.990  -55.083  23.011 0.0000000000
69469  -54.470  -18.871  7.239 0.0000000000
44576  -31.738  -46.017  18.302 0.0000000000
45593  -29.231  -44.510  15.996 0.0000000000
45603  -30.051  -44.524  15.250 0.0000000000
46655  -29.584  -43.036  14.558 0.0000000000
47636  -29.958  -42.363  14.615 0.0000000000
48628  -27.590  -41.038  18.935 0.0000000000
48640  -28.220  -40.721  18.244 0.0000000000
48630  -29.610  -40.991  19.695 0.0000000000
48641  -29.250  -40.772  18.659 0.0000000000
48652  -28.990  -40.634  17.613 0.0000000000
48666  -30.043  -41.290  15.850 0.0000000000
48675  -30.279  -41.820  15.128 0.0000000000
48667  -30.819  -41.842  15.689 0.0000000000
115868  -32.044  -42.645  16.562 0.0000000000
113514  -32.544  -42.532  17.108 0.0000000000
134218  -32.070  -42.291  18.075 0.0000000000
37880  -18.338  -52.898  19.229 0.0000000000
36981  -19.222  -53.332  18.848 0.0000000000
36994  -19.977  -53.276  18.394 0.0000000000
36995  -20.642  -53.801  18.165 0.0000000000
36996  -21.433  -54.120  17.658 0.0000000000
36997  -22.145  -54.312  17.297 0.0000000000
40759  -20.801  -49.705  18.484 0.0000000000
39771  -20.893  -50.678  17.449 0.0000000000
38866  -22.080  -51.006  16.700 0.0000000000
37917  -21.520  -52.455  16.847 0.0000000000
35940  -22.866  -54.699  17.494 0.0000000000
35941  -23.646  -54.428  17.141 0.0000000000
116403  -25.158  -54.511  17.402 0.0000000000
35954  -24.656  -53.618  16.110 0.0000000000
35955  -25.274  -54.022  16.635 0.0000000000
35943  -25.901  -54.319  17.294 0.0000000000
35956  -26.040  -53.812  16.633 0.0000000000
132418  -26.702  -53.674  16.653 0.0000000000
120446  -27.152  -53.340  16.230 0.0000000000
38882  -26.109  -51.666  15.393 0.0000000000
39797  -26.275  -50.961  15.476 0.0000000000
37944  -26.392  -52.305  15.261 0.0000000000
37032  -28.105  -53.443  16.386 0.0000000000
37931  -28.744  -52.865  15.863 0.0000000000
37947  -29.391  -52.211  15.358 0.0000000000
39812  -28.254  -50.069  14.056 0.0000000000
39813  -28.829  -50.565  14.181 0.0000000000
38872  -29.954  -51.268  15.216 0.0000000000
39788  -30.309  -50.236  15.316 0.0000000000
40782  -30.188  -49.199  15.699 0.0000000000
43652  -25.605  -46.793  18.281 0.0000000000
42759  -25.844  -47.095  16.180 0.0000000000
42760  -26.479  -47.243  15.289 0.0000000000
114016  -25.585  -45.822  16.804 0.0000000000
43689  -25.832  -46.185  16.147 0.0000000000
42770  -27.526  -47.475  14.706 0.0000000000
42771  -28.947  -47.376  15.277 0.0000000000
41765  -29.931  -48.115  16.014 0.0000000000
41753  -30.087  -47.837  17.140 0.0000000000
43691  -29.558  -46.310  16.671 0.0000000000
42734  -30.219  -46.726  17.644 0.0000000000
43653  -30.720  -46.600  18.256 0.0000000000
41711  -18.061  -48.796  20.712 0.0000000000
40732  -18.413  -49.215  20.015 0.0000000000
51748  -44.768  -39.099  10.537 0.0000000000
53801  -43.687  -36.327  9.221 0.0000000000
53791  -44.968  -36.925  9.863 0.0000000000
54726  -45.035  -35.350  9.222 0.0000000000
131433  -42.279  -30.883  9.826 0.0000000000
59515  -42.795  -30.572  9.405 0.0000000000
132696  -43.306  -31.058  8.949 0.0000000000
62311  -43.995  -27.626  9.086 0.0000000000
61450  -44.097  -28.489  8.644 0.0000000000
60499  -44.427  -29.339  8.336 0.0000000000
125111  -44.935  -30.058  8.127 0.0000000000
59532  -44.885  -30.807  8.058 0.0000000000
58562  -45.649  -31.416  7.968 0.0000000000
57638  -47.823  -32.581  8.787 0.0000000000
67694  -53.387  -21.365  6.141 0.0000000000
68610  -53.465  -20.436  6.353 0.0000000000
69468  -53.698  -19.095  7.381 0.0000000000
113969  -53.016  -18.878  8.682 0.0000000000
31306  -5.927  -58.286  26.010 0.0000000000
29053  -7.964  -60.202  24.271 0.0000000000
26639  -6.403  -62.335  25.200 0.0000000000
26622  -6.186  -62.849  26.004 0.0000000000
44587  -32.414  -45.896  17.558 0.0000000000
113045  -32.954  -45.822  15.880 0.0000000000
43694  -35.152  -46.669  16.393 0.0000000000
43695  -35.956  -46.582  16.118 0.0000000000
46665  -31.300  -43.367  12.865 0.0000000000
45632  -31.922  -44.862  12.494 0.0000000000
44642  -33.040  -45.611  13.162 0.0000000000
45654  -33.144  -44.525  12.067 0.0000000000
121565  -33.929  -45.864  13.498 0.0000000000
43717  -34.917  -46.300  14.631 0.0000000000
43708  -36.086  -46.440  15.396 0.0000000000
44589  -36.700  -46.360  16.826 0.0000000000
44607  -37.467  -45.949  16.099 0.0000000000
44608  -38.259  -45.414  16.311 0.0000000000
45605  -37.825  -45.084  14.919 0.0000000000
45606  -38.557  -44.740  15.573 0.0000000000
46639  -39.155  -44.066  15.981 0.0000000000
47621  -39.293  -43.287  15.857 0.0000000000
50631  -32.715  -39.386  16.459 0.0000000000
50630  -32.534  -39.317  16.060 0.0000000000
51712  -33.060  -38.671  12.951 0.0000000000
50672  -33.217  -39.430  13.473 0.0000000000
50673  -33.724  -39.858  12.818 0.0000000000
123765  -35.002  -41.759  11.673 0.0000000000
47671  -36.793  -42.442  12.322 0.0000000000
49703  -36.644  -40.942  12.128 0.0000000000
47653  -37.551  -42.637  12.920 0.0000000000
47643  -38.745  -42.638  14.602 0.0000000000
113358  -39.092  -42.501  15.399 0.0000000000
47610  -39.434  -42.503  16.280 0.0000000000
126125  -38.588  -40.805  14.173 0.0000000000
52769  -38.117  -39.077  13.453 0.0000000000
52783  -37.824  -38.706  12.932 0.0000000000
134219  -38.322  -39.012  13.323 0.0000000000
129030  -41.179  -39.354  10.176 0.0000000000
51762  -41.910  -39.305  10.047 0.0000000000
51776  -42.200  -38.574  9.611 0.0000000000
53800  -41.774  -36.998  9.322 0.0000000000
53797  -39.039  -36.609  9.496 0.0000000000
53798  -39.910  -36.577  9.318 0.0000000000
56655  -41.448  -33.094  10.625 0.0000000000
35893  -19.968  -54.918  20.081 0.0000000000
34775  -20.418  -55.460  20.644 0.0000000000
34776  -21.176  -55.829  20.452 0.0000000000
34762  -21.646  -56.464  21.110 0.0000000000
33601  -22.388  -57.119  22.307 0.0000000000
33635  -24.223  -56.890  20.361 0.0000000000
33603  -25.198  -57.568  21.688 0.0000000000
33602  -24.218  -57.624  21.714 0.0000000000
32470  -23.812  -57.777  22.519 0.0000000000
35911  -28.827  -54.949  18.648 0.0000000000
35842  -8.304  -54.331  25.506 0.0000000000
37843  -10.979  -52.116  22.860 0.0000000000
36942  -11.043  -53.532  21.917 0.0000000000
129197  -10.930  -54.861  22.118 0.0000000000
34736  -14.647  -55.551  23.892 0.0000000000
34735  -13.584  -55.598  23.732 0.0000000000
33587  -12.208  -56.134  23.753 0.0000000000
34733  -11.685  -55.917  22.871 0.0000000000
69475  -54.984  -19.268  6.508 0.0000000000
25403  -4.290  -63.940  26.311 0.0000000000
25417  -3.586  -63.554  25.304 0.0000000000
24262  -2.783  -64.994  26.347 0.0000000000
26636  -1.732  -62.410  25.213 0.0000000000
33636  -25.196  -56.739  20.314 0.0000000000
34752  -20.102  -56.056  22.872 0.0000000000
34779  -23.740  -56.484  19.768 0.0000000000
37933  -30.535  -52.513  16.573 0.0000000000
39757  -26.276  -49.665  18.868 0.0000000000
40774  -26.436  -49.532  17.373 0.0000000000
40802  -29.087  -49.785  14.199 0.0000000000
41774  -27.150  -48.955  14.590 0.0000000000
42720  -25.782  -47.919  20.071 0.0000000000
42733  -25.957  -47.611  18.328 0.0000000000
42749  -25.824  -47.371  17.355 0.0000000000
43608  -25.655  -46.383  21.726 0.0000000000
43706  -34.381  -46.462  15.237 0.0000000000
44548  -25.582  -45.631  21.901 0.0000000000
44599  -25.820  -45.383  16.195 0.0000000000
44620  -36.594  -46.047  14.935 0.0000000000
44633  -35.416  -45.891  13.954 0.0000000000
44653  -33.655  -45.054  12.305 0.0000000000
45580  -25.755  -44.054  16.921 0.0000000000
45594  -38.885  -44.717  16.457 0.0000000000
45617  -36.890  -45.202  13.536 0.0000000000
45631  -31.262  -44.277  12.837 0.0000000000
45653  -32.377  -44.597  12.152 0.0000000000
46608  -32.140  -42.071  18.665 0.0000000000
46649  -29.099  -43.022  15.148 0.0000000000
47488  -27.009  -41.878  24.077 0.0000000000
47498  -26.564  -42.227  23.675 0.0000000000
47517  -26.447  -42.149  22.467 0.0000000000
47589  -32.021  -42.209  18.204 0.0000000000
47604  -27.054  -41.823  17.399 0.0000000000
47625  -28.809  -41.741  15.670 0.0000000000
47638  -31.102  -42.339  13.858 0.0000000000
47642  -38.179  -42.881  13.770 0.0000000000
47670  -35.720  -42.268  11.843 0.0000000000
48615  -27.261  -41.277  20.356 0.0000000000
48663  -27.545  -41.629  16.713 0.0000000000
48676  -30.655  -42.213  14.516 0.0000000000
50710  -43.482  -40.435  11.009 0.0000000000
50723  -44.056  -39.305  10.277 0.0000000000
53756  -32.408  -36.313  13.665 0.0000000000
54674  -33.130  -34.616  13.804 0.0000000000
115469  -26.683  -41.518  21.906 0.0000000000
118947  -26.376  -42.700  23.059 0.0000000000
119235  -25.883  -43.567  19.136 0.0000000000
119296  -28.822  -40.814  16.751 0.0000000000
119847  -43.453  -28.897  9.063 0.0000000000
124973  -35.674  -46.601  16.992 0.0000000000
125459  -23.050  -56.981  21.133 0.0000000000
129379  -31.435  -42.261  16.279 0.0000000000
129507  -26.905  -50.496  14.610 0.0000000000
133056  -27.341  -41.194  17.967 0.0000000000
134991  -43.489  -26.979  10.013 0.0000000000
135001  -33.958  -39.363  12.228 0.0000000000
135404  -27.493  -48.255  14.489 0.0000000000
136936  -39.470  -43.728  16.265 0.0000000000
