#!ascii label  , from subject sub-046 vox2ras=TkReg
728
30544  26.314  -55.075  34.603 0.0000000000
49816  45.765  -35.817  22.196 0.0000000000
51724  53.845  -33.250  19.374 0.0000000000
39946  44.330  -44.851  27.924 0.0000000000
30657  31.838  -55.139  28.277 0.0000000000
27550  29.599  -57.491  32.754 0.0000000000
126719  50.386  -34.636  22.372 0.0000000000
46970  51.251  -38.577  24.863 0.0000000000
37892  41.494  -47.376  29.365 0.0000000000
31653  35.704  -53.214  30.041 0.0000000000
125360  57.166  -22.953  20.046 0.0000000000
55784  53.687  -28.964  21.795 0.0000000000
43017  41.199  -42.492  26.645 0.0000000000
46056  45.845  -40.170  26.984 0.0000000000
30597  28.750  -54.764  31.936 0.0000000000
28523  27.819  -56.098  33.877 0.0000000000
50721  48.075  -34.945  22.778 0.0000000000
118421  51.316  -36.037  24.002 0.0000000000
48906  48.353  -36.477  24.469 0.0000000000
32789  41.472  -51.684  27.532 0.0000000000
28542  33.060  -56.934  30.484 0.0000000000
30636  33.680  -54.573  29.808 0.0000000000
28554  34.823  -56.821  30.646 0.0000000000
132509  55.233  -23.283  21.603 0.0000000000
60475  55.779  -23.996  19.119 0.0000000000
59558  54.724  -25.365  21.770 0.0000000000
52787  52.502  -32.511  19.712 0.0000000000
54842  51.057  -29.644  19.635 0.0000000000
54838  53.395  -30.559  19.201 0.0000000000
55816  53.811  -29.447  18.783 0.0000000000
53851  53.603  -31.504  17.397 0.0000000000
38904  42.797  -45.979  28.438 0.0000000000
40931  41.114  -45.242  27.790 0.0000000000
42992  43.482  -43.171  28.759 0.0000000000
45096  44.062  -41.068  27.128 0.0000000000
42989  45.183  -42.463  27.650 0.0000000000
133637  47.669  -41.888  26.498 0.0000000000
40956  46.226  -43.318  25.964 0.0000000000
29549  31.013  -56.411  30.868 0.0000000000
51726  50.386  -33.456  20.057 0.0000000000
51711  52.877  -33.965  21.290 0.0000000000
48914  52.610  -35.966  22.514 0.0000000000
46998  52.089  -37.788  23.230 0.0000000000
34908  38.503  -50.735  30.754 0.0000000000
35918  41.009  -49.824  30.661 0.0000000000
35937  42.393  -48.713  28.463 0.0000000000
36934  43.674  -48.306  27.133 0.0000000000
38980  43.807  -45.513  25.380 0.0000000000
34911  36.124  -51.350  28.947 0.0000000000
31652  37.669  -53.194  30.107 0.0000000000
62422  56.707  -22.262  16.187 0.0000000000
58680  52.154  -26.999  22.039 0.0000000000
57783  54.777  -27.735  20.886 0.0000000000
57816  52.914  -28.112  18.197 0.0000000000
47934  45.914  -37.853  25.230 0.0000000000
46949  48.745  -39.179  26.260 0.0000000000
44071  49.364  -40.832  24.741 0.0000000000
28519  26.388  -56.251  35.377 0.0000000000
29520  27.117  -55.752  34.559 0.0000000000
28524  27.264  -56.200  34.430 0.0000000000
49814  47.400  -35.237  22.716 0.0000000000
49792  48.153  -35.956  24.041 0.0000000000
49793  47.384  -36.157  23.809 0.0000000000
27554  34.177  -57.192  30.615 0.0000000000
61401  53.892  -23.797  21.597 0.0000000000
61390  54.998  -24.337  21.946 0.0000000000
60437  53.704  -24.493  21.920 0.0000000000
52785  53.502  -32.933  19.550 0.0000000000
53808  53.357  -31.878  19.081 0.0000000000
53806  54.060  -32.091  19.015 0.0000000000
53832  53.782  -31.268  18.590 0.0000000000
38920  44.044  -45.474  28.094 0.0000000000
40912  43.774  -44.744  28.508 0.0000000000
120322  44.005  -44.224  28.642 0.0000000000
42990  44.582  -42.779  27.974 0.0000000000
129514  44.565  -43.852  27.778 0.0000000000
41955  45.999  -42.683  27.094 0.0000000000
40941  44.594  -44.002  27.359 0.0000000000
29537  29.777  -55.847  31.872 0.0000000000
28533  30.109  -56.563  32.225 0.0000000000
131331  31.212  -57.403  31.374 0.0000000000
51714  49.461  -34.094  21.140 0.0000000000
51727  49.465  -33.815  20.176 0.0000000000
122720  50.439  -34.118  21.540 0.0000000000
52768  52.106  -33.325  20.806 0.0000000000
51695  52.012  -34.290  22.362 0.0000000000
50732  52.498  -34.889  22.097 0.0000000000
50717  51.733  -35.078  22.910 0.0000000000
48891  51.342  -37.470  24.727 0.0000000000
47938  51.941  -37.436  23.845 0.0000000000
46987  52.100  -37.940  23.916 0.0000000000
46103  51.098  -39.063  22.327 0.0000000000
46086  51.335  -39.193  23.970 0.0000000000
33837  39.578  -51.849  30.814 0.0000000000
34890  39.605  -50.684  31.078 0.0000000000
33836  40.266  -51.605  30.310 0.0000000000
34937  42.017  -50.477  27.951 0.0000000000
36936  43.137  -48.082  27.732 0.0000000000
31654  34.659  -53.280  30.123 0.0000000000
32779  34.527  -52.744  29.296 0.0000000000
131391  35.626  -52.595  29.193 0.0000000000
32762  36.943  -52.038  30.071 0.0000000000
118373  36.226  -53.463  29.705 0.0000000000
63234  56.923  -22.079  20.521 0.0000000000
62401  56.949  -22.711  18.024 0.0000000000
59601  54.040  -24.878  19.252 0.0000000000
54830  52.563  -29.160  20.464 0.0000000000
55800  50.874  -29.071  20.585 0.0000000000
56778  51.868  -28.645  21.723 0.0000000000
58686  51.422  -27.111  21.428 0.0000000000
56768  52.584  -28.435  22.186 0.0000000000
57770  53.959  -27.076  22.122 0.0000000000
56775  54.327  -28.048  21.124 0.0000000000
55828  54.077  -29.940  17.899 0.0000000000
56808  53.423  -29.028  17.811 0.0000000000
37894  40.389  -48.266  29.687 0.0000000000
39948  40.236  -46.488  28.258 0.0000000000
43011  40.938  -43.145  27.104 0.0000000000
40943  39.896  -44.359  26.849 0.0000000000
45089  44.764  -40.907  27.220 0.0000000000
46067  43.901  -39.826  26.251 0.0000000000
46066  44.756  -39.704  26.478 0.0000000000
46973  45.187  -38.336  25.331 0.0000000000
46964  46.048  -38.915  26.383 0.0000000000
47920  47.294  -38.122  26.125 0.0000000000
46951  47.181  -39.561  26.616 0.0000000000
41975  47.696  -42.673  25.673 0.0000000000
44044  48.416  -41.529  25.787 0.0000000000
43032  48.595  -41.778  24.953 0.0000000000
44084  49.108  -41.030  24.197 0.0000000000
29528  29.095  -55.458  33.234 0.0000000000
27543  29.198  -56.953  33.327 0.0000000000
27551  28.982  -57.496  33.018 0.0000000000
27544  28.393  -57.123  33.456 0.0000000000
113166  49.485  -34.803  22.741 0.0000000000
50718  51.001  -35.171  23.460 0.0000000000
49806  49.509  -35.511  23.906 0.0000000000
49768  49.578  -36.379  24.730 0.0000000000
47930  50.029  -37.647  25.377 0.0000000000
29573  32.360  -55.750  29.380 0.0000000000
30637  33.046  -55.114  29.138 0.0000000000
29560  33.302  -55.554  29.816 0.0000000000
132302  34.329  -54.986  30.809 0.0000000000
120606  35.532  -54.987  30.874 0.0000000000
29558  36.315  -55.061  30.191 0.0000000000
28552  36.124  -56.096  30.209 0.0000000000
61397  57.084  -23.092  20.932 0.0000000000
61427  56.968  -23.401  20.204 0.0000000000
60436  56.126  -23.943  21.162 0.0000000000
60443  55.321  -24.865  21.385 0.0000000000
59576  54.602  -25.957  20.789 0.0000000000
53821  51.218  -31.396  18.723 0.0000000000
53820  52.515  -30.551  19.064 0.0000000000
54840  52.953  -29.917  19.373 0.0000000000
54828  53.259  -28.902  19.795 0.0000000000
55790  53.963  -28.317  20.614 0.0000000000
124778  53.614  -30.107  18.767 0.0000000000
54861  54.235  -30.605  17.736 0.0000000000
38905  42.426  -46.593  28.586 0.0000000000
39933  40.978  -46.391  28.497 0.0000000000
39932  42.464  -45.653  28.342 0.0000000000
41958  42.045  -44.044  28.094 0.0000000000
43010  42.062  -42.725  27.661 0.0000000000
44045  42.425  -41.451  26.678 0.0000000000
43009  43.207  -42.192  28.031 0.0000000000
44019  44.773  -41.757  27.543 0.0000000000
45087  46.192  -41.358  27.111 0.0000000000
45095  47.113  -41.222  26.749 0.0000000000
42998  46.648  -42.029  27.197 0.0000000000
41964  47.325  -42.420  26.391 0.0000000000
40972  47.433  -43.628  25.170 0.0000000000
30641  29.030  -54.928  29.856 0.0000000000
30616  29.896  -55.462  30.256 0.0000000000
29574  31.348  -55.794  29.456 0.0000000000
28555  32.063  -56.788  30.590 0.0000000000
27556  31.714  -57.797  31.235 0.0000000000
52788  51.312  -32.945  19.896 0.0000000000
52767  52.869  -33.204  20.756 0.0000000000
51709  53.394  -34.195  20.322 0.0000000000
50744  53.117  -34.689  20.841 0.0000000000
49827  52.965  -35.626  21.560 0.0000000000
48931  52.805  -36.555  21.660 0.0000000000
49804  52.153  -36.167  23.025 0.0000000000
47947  52.470  -36.441  22.579 0.0000000000
35940  37.630  -50.123  29.162 0.0000000000
35921  38.851  -50.109  30.368 0.0000000000
129911  40.136  -49.534  30.664 0.0000000000
120975  41.184  -49.049  30.504 0.0000000000
33847  41.375  -51.419  29.068 0.0000000000
34905  41.549  -49.851  29.803 0.0000000000
123854  42.214  -47.643  29.553 0.0000000000
124274  42.803  -47.309  28.491 0.0000000000
37920  43.244  -46.964  28.018 0.0000000000
113917  43.650  -46.200  27.840 0.0000000000
38968  44.084  -44.682  26.426 0.0000000000
37942  43.657  -47.818  26.844 0.0000000000
120544  37.450  -50.912  29.938 0.0000000000
32751  38.296  -51.856  30.900 0.0000000000
31650  39.441  -53.563  29.989 0.0000000000
126409  37.163  -54.162  29.540 0.0000000000
30634  38.590  -54.728  29.078 0.0000000000
63269  57.870  -20.969  16.787 0.0000000000
59567  52.717  -25.545  21.729 0.0000000000
59560  54.049  -25.788  22.216 0.0000000000
58691  54.518  -26.836  21.457 0.0000000000
58699  54.428  -26.650  20.425 0.0000000000
55807  54.292  -28.530  19.779 0.0000000000
57801  54.223  -27.931  19.489 0.0000000000
58714  52.921  -26.410  18.722 0.0000000000
40932  40.520  -45.430  27.624 0.0000000000
47941  44.903  -37.406  24.205 0.0000000000
114553  46.009  -37.100  23.875 0.0000000000
48896  47.245  -37.313  24.920 0.0000000000
128870  48.819  -37.872  26.012 0.0000000000
46959  50.071  -38.980  25.725 0.0000000000
45093  48.312  -40.482  26.259 0.0000000000
45102  48.899  -40.175  25.768 0.0000000000
45118  50.571  -39.655  24.794 0.0000000000
45128  50.153  -40.235  24.068 0.0000000000
133407  44.746  -44.224  25.734 0.0000000000
40003  45.698  -44.092  24.679 0.0000000000
29508  26.568  -55.559  35.028 0.0000000000
30525  25.860  -55.323  35.094 0.0000000000
28518  27.100  -55.996  34.995 0.0000000000
49815  46.487  -35.728  22.707 0.0000000000
133606  47.188  -35.750  23.206 0.0000000000
49809  46.779  -36.175  23.392 0.0000000000
60438  52.891  -24.808  21.555 0.0000000000
52765  53.333  -33.421  20.196 0.0000000000
52784  53.724  -32.957  19.182 0.0000000000
52783  53.990  -32.725  19.050 0.0000000000
52800  54.103  -32.372  19.008 0.0000000000
39929  44.270  -45.015  28.050 0.0000000000
39930  44.118  -45.042  28.187 0.0000000000
40917  44.325  -44.616  28.159 0.0000000000
124427  44.345  -44.048  28.293 0.0000000000
40929  44.451  -44.359  27.742 0.0000000000
41956  44.894  -43.363  27.430 0.0000000000
28534  29.748  -56.789  32.892 0.0000000000
27549  30.198  -57.448  32.242 0.0000000000
26484  29.866  -58.132  32.279 0.0000000000
51697  49.498  -34.426  21.971 0.0000000000
113735  51.582  -33.980  21.551 0.0000000000
51696  51.220  -34.380  22.165 0.0000000000
51676  52.075  -34.527  22.610 0.0000000000
51677  51.378  -34.749  22.734 0.0000000000
47928  51.471  -37.962  24.857 0.0000000000
46979  51.903  -37.982  24.469 0.0000000000
118700  51.733  -38.541  24.278 0.0000000000
46077  51.125  -39.179  24.545 0.0000000000
32759  39.850  -52.343  30.266 0.0000000000
32778  40.351  -52.398  29.442 0.0000000000
32764  35.441  -52.880  29.577 0.0000000000
33841  35.130  -52.579  29.206 0.0000000000
134206  35.916  -52.997  29.390 0.0000000000
62370  57.105  -22.538  20.192 0.0000000000
62382  57.248  -22.524  19.448 0.0000000000
132495  57.279  -22.518  18.960 0.0000000000
61440  57.201  -22.815  18.996 0.0000000000
55791  53.090  -29.109  21.527 0.0000000000
55792  52.208  -29.013  21.361 0.0000000000
56777  52.571  -29.041  22.081 0.0000000000
56767  53.364  -28.867  22.149 0.0000000000
56766  53.849  -28.755  21.920 0.0000000000
55845  52.802  -29.981  16.487 0.0000000000
55829  53.339  -29.538  17.239 0.0000000000
37893  40.931  -47.561  29.250 0.0000000000
38924  40.217  -47.057  28.577 0.0000000000
38923  40.742  -46.926  28.723 0.0000000000
44047  40.811  -42.165  25.905 0.0000000000
46065  45.600  -39.597  26.730 0.0000000000
115294  45.189  -39.030  25.974 0.0000000000
46952  46.353  -39.556  26.760 0.0000000000
46963  46.882  -38.834  26.472 0.0000000000
46055  46.486  -40.242  26.784 0.0000000000
41994  47.737  -42.958  24.817 0.0000000000
41993  48.191  -42.422  24.984 0.0000000000
42005  48.067  -42.434  24.869 0.0000000000
43043  48.147  -42.073  24.352 0.0000000000
29519  27.640  -55.649  33.875 0.0000000000
30564  28.357  -55.223  33.422 0.0000000000
29529  28.574  -55.849  33.666 0.0000000000
28527  29.228  -56.234  33.396 0.0000000000
28528  28.597  -56.430  33.664 0.0000000000
27538  27.809  -56.537  33.877 0.0000000000
50735  47.896  -34.850  22.006 0.0000000000
116522  47.379  -34.766  21.443 0.0000000000
50734  48.702  -34.714  22.384 0.0000000000
50719  49.483  -35.163  23.425 0.0000000000
50720  48.690  -34.992  23.121 0.0000000000
49791  49.019  -36.078  24.279 0.0000000000
48893  49.787  -36.888  25.148 0.0000000000
48894  48.904  -36.779  24.976 0.0000000000
29561  32.734  -56.296  30.044 0.0000000000
29548  33.705  -56.141  30.398 0.0000000000
28540  34.379  -56.453  30.678 0.0000000000
29546  35.038  -55.902  30.885 0.0000000000
30614  34.787  -54.950  31.056 0.0000000000
29559  35.675  -55.748  30.644 0.0000000000
62358  54.353  -23.106  21.237 0.0000000000
62357  55.260  -22.648  21.276 0.0000000000
63224  56.082  -22.398  21.123 0.0000000000
62356  55.863  -23.102  21.446 0.0000000000
61398  56.727  -23.351  21.075 0.0000000000
61399  56.060  -23.488  21.288 0.0000000000
60428  54.938  -24.895  21.869 0.0000000000
60427  55.167  -24.781  21.598 0.0000000000
59585  55.239  -25.016  20.698 0.0000000000
59575  54.800  -26.022  21.040 0.0000000000
52801  51.667  -32.184  19.245 0.0000000000
53810  52.200  -31.417  19.044 0.0000000000
54839  53.206  -30.023  19.024 0.0000000000
54829  53.204  -29.019  20.162 0.0000000000
55798  53.518  -29.163  19.275 0.0000000000
54837  53.593  -31.131  18.858 0.0000000000
53833  53.930  -31.137  18.223 0.0000000000
53850  53.885  -31.275  17.892 0.0000000000
119754  53.778  -30.901  17.459 0.0000000000
39918  42.063  -46.250  28.392 0.0000000000
39917  42.854  -45.873  28.444 0.0000000000
119859  43.347  -44.478  28.636 0.0000000000
119688  42.586  -44.659  28.404 0.0000000000
130337  42.629  -43.663  28.519 0.0000000000
41957  42.310  -43.229  28.129 0.0000000000
43001  42.971  -42.937  28.612 0.0000000000
113177  42.554  -42.285  27.657 0.0000000000
43000  43.755  -42.628  28.287 0.0000000000
44009  44.399  -42.407  27.900 0.0000000000
134755  45.165  -41.799  27.492 0.0000000000
45088  45.401  -41.373  27.279 0.0000000000
44018  45.626  -41.869  27.462 0.0000000000
44017  46.419  -41.788  27.209 0.0000000000
42999  45.985  -42.204  27.433 0.0000000000
41965  46.751  -42.788  26.373 0.0000000000
40955  46.955  -43.184  25.701 0.0000000000
40954  47.561  -43.180  25.350 0.0000000000
113888  46.807  -43.571  25.367 0.0000000000
30618  28.582  -55.034  30.814 0.0000000000
29550  29.960  -56.007  30.842 0.0000000000
29563  30.742  -55.807  30.160 0.0000000000
30639  30.472  -55.467  29.637 0.0000000000
29562  31.707  -56.182  30.023 0.0000000000
131422  50.538  -33.016  19.449 0.0000000000
51712  52.444  -33.961  21.538 0.0000000000
52766  52.996  -33.187  20.667 0.0000000000
51710  52.983  -33.909  20.996 0.0000000000
50745  52.984  -34.672  21.093 0.0000000000
50715  52.626  -35.387  22.293 0.0000000000
114422  52.856  -35.637  21.907 0.0000000000
120643  53.024  -35.978  21.723 0.0000000000
48921  52.908  -35.988  22.069 0.0000000000
50698  50.822  -35.522  24.047 0.0000000000
50697  51.439  -35.572  23.539 0.0000000000
49788  51.735  -36.159  23.602 0.0000000000
47948  52.037  -37.197  23.252 0.0000000000
47956  52.298  -37.015  22.623 0.0000000000
47966  52.500  -37.048  21.949 0.0000000000
47009  52.094  -37.689  22.409 0.0000000000
34925  38.058  -50.546  29.913 0.0000000000
35939  38.563  -49.850  29.373 0.0000000000
34889  40.312  -50.297  31.023 0.0000000000
35901  39.955  -50.041  31.102 0.0000000000
35919  40.576  -49.679  30.817 0.0000000000
124395  40.528  -48.940  30.387 0.0000000000
32777  41.146  -52.091  28.771 0.0000000000
32776  41.569  -51.643  28.168 0.0000000000
34922  42.246  -49.518  28.247 0.0000000000
34923  41.878  -50.124  28.829 0.0000000000
35938  42.096  -49.129  29.259 0.0000000000
36906  42.262  -48.363  29.828 0.0000000000
36922  42.280  -48.305  28.924 0.0000000000
36905  42.415  -47.629  28.930 0.0000000000
36921  42.728  -47.990  28.337 0.0000000000
36950  44.146  -48.753  27.243 0.0000000000
36920  43.046  -47.453  28.058 0.0000000000
37919  43.393  -47.213  27.663 0.0000000000
38938  43.702  -46.183  27.842 0.0000000000
37932  43.589  -47.388  27.295 0.0000000000
30655  33.369  -54.432  28.953 0.0000000000
34927  35.552  -50.942  28.555 0.0000000000
115659  36.359  -50.664  28.984 0.0000000000
34926  37.140  -50.533  29.430 0.0000000000
34910  36.792  -51.026  29.558 0.0000000000
123942  37.667  -52.344  30.367 0.0000000000
32761  38.500  -52.514  30.577 0.0000000000
31651  38.666  -53.342  30.174 0.0000000000
29557  37.001  -54.728  29.546 0.0000000000
113865  39.282  -54.572  29.071 0.0000000000
62409  57.244  -22.189  17.509 0.0000000000
63270  57.345  -21.830  16.617 0.0000000000
60474  56.619  -23.726  19.789 0.0000000000
54848  50.824  -30.385  18.743 0.0000000000
55808  50.246  -29.882  19.324 0.0000000000
58687  50.873  -26.786  20.828 0.0000000000
132134  51.849  -26.460  21.550 0.0000000000
133750  51.609  -25.616  20.964 0.0000000000
59562  52.492  -26.275  21.890 0.0000000000
59561  53.334  -26.051  22.186 0.0000000000
58679  53.010  -26.810  22.278 0.0000000000
57779  54.349  -27.688  21.457 0.0000000000
57769  54.329  -26.923  21.599 0.0000000000
58692  54.595  -26.905  20.962 0.0000000000
57784  54.760  -27.622  20.605 0.0000000000
55806  53.990  -28.999  19.779 0.0000000000
119803  53.855  -28.583  18.825 0.0000000000
57802  53.450  -27.387  18.929 0.0000000000
57803  52.652  -27.174  18.495 0.0000000000
40921  41.307  -45.791  28.085 0.0000000000
39947  40.731  -46.075  28.190 0.0000000000
45097  43.249  -41.188  26.999 0.0000000000
46073  43.560  -39.502  25.510 0.0000000000
131914  45.212  -37.822  24.817 0.0000000000
47935  45.665  -37.464  24.444 0.0000000000
131930  45.451  -37.158  24.047 0.0000000000
47940  46.535  -37.347  24.538 0.0000000000
47933  46.836  -37.727  25.400 0.0000000000
46962  47.768  -38.667  26.525 0.0000000000
47919  48.130  -37.973  26.160 0.0000000000
46961  48.669  -38.596  26.284 0.0000000000
125734  49.412  -38.116  25.894 0.0000000000
46960  49.376  -38.756  25.989 0.0000000000
44031  47.457  -41.586  26.652 0.0000000000
45094  47.692  -40.889  26.556 0.0000000000
130060  47.985  -41.135  26.440 0.0000000000
44058  48.719  -41.373  25.349 0.0000000000
44043  48.952  -40.642  25.564 0.0000000000
44057  49.404  -40.686  25.069 0.0000000000
45101  49.712  -40.007  25.401 0.0000000000
45110  50.017  -39.993  25.010 0.0000000000
45119  49.967  -40.262  24.613 0.0000000000
44083  49.565  -40.695  24.349 0.0000000000
44094  49.142  -40.845  23.470 0.0000000000
30542  27.684  -55.047  33.595 0.0000000000
125666  27.253  -55.938  34.391 0.0000000000
27533  26.859  -56.525  35.007 0.0000000000
50736  46.962  -35.009  22.060 0.0000000000
49808  47.927  -35.478  23.349 0.0000000000
48907  47.826  -36.515  24.271 0.0000000000
27555  33.371  -57.523  30.702 0.0000000000
28541  33.798  -56.896  30.595 0.0000000000
61400  54.753  -23.726  21.818 0.0000000000
62344  55.447  -23.702  21.627 0.0000000000
61391  54.384  -24.243  22.038 0.0000000000
60429  54.404  -24.964  22.159 0.0000000000
52786  53.251  -32.697  19.695 0.0000000000
53809  53.076  -31.414  19.169 0.0000000000
53807  53.645  -31.902  19.060 0.0000000000
54847  54.108  -31.188  19.151 0.0000000000
53819  54.134  -31.866  18.950 0.0000000000
52813  53.858  -31.662  18.828 0.0000000000
38903  43.579  -45.587  28.226 0.0000000000
39916  43.413  -45.369  28.377 0.0000000000
39931  43.850  -45.047  28.345 0.0000000000
41949  43.795  -43.855  28.756 0.0000000000
42991  43.967  -42.925  28.423 0.0000000000
41948  44.293  -43.553  28.364 0.0000000000
41947  44.678  -43.222  27.970 0.0000000000
116496  45.343  -42.783  27.529 0.0000000000
130601  46.239  -42.316  27.288 0.0000000000
40940  45.544  -43.214  26.757 0.0000000000
40957  44.907  -43.740  26.539 0.0000000000
30596  29.291  -55.420  31.226 0.0000000000
115175  30.245  -56.366  31.453 0.0000000000
28544  30.726  -57.007  31.610 0.0000000000
51715  48.692  -34.177  20.739 0.0000000000
111315  50.130  -33.810  20.735 0.0000000000
51713  51.013  -33.657  20.758 0.0000000000
51694  52.312  -34.485  22.122 0.0000000000
51693  52.581  -34.405  21.647 0.0000000000
50716  52.288  -34.940  22.559 0.0000000000
118268  52.443  -35.605  22.637 0.0000000000
48905  51.417  -36.808  24.252 0.0000000000
47939  51.736  -37.513  24.349 0.0000000000
46999  51.784  -38.472  22.830 0.0000000000
46988  51.892  -38.555  23.649 0.0000000000
46096  51.309  -39.190  23.229 0.0000000000
46087  50.783  -39.789  23.669 0.0000000000
33825  38.706  -51.478  31.063 0.0000000000
34891  38.872  -50.953  31.062 0.0000000000
33824  39.304  -51.362  31.069 0.0000000000
33823  39.990  -51.138  31.053 0.0000000000
34907  40.514  -50.672  30.606 0.0000000000
33854  41.749  -51.181  27.719 0.0000000000
34936  42.444  -49.860  27.546 0.0000000000
35959  42.812  -48.813  27.748 0.0000000000
34935  43.041  -49.271  27.170 0.0000000000
35975  43.748  -49.078  26.885 0.0000000000
31655  33.982  -53.726  30.133 0.0000000000
31669  33.766  -53.663  29.266 0.0000000000
32765  34.049  -53.139  29.794 0.0000000000
33849  34.371  -52.287  28.770 0.0000000000
130026  34.932  -52.215  28.848 0.0000000000
33848  35.429  -51.724  28.714 0.0000000000
33840  35.762  -52.081  28.988 0.0000000000
33839  36.506  -51.664  29.521 0.0000000000
32763  36.119  -52.389  29.430 0.0000000000
113698  36.596  -52.967  29.903 0.0000000000
121624  36.914  -53.705  29.687 0.0000000000
63251  57.356  -21.872  18.742 0.0000000000
62400  57.233  -22.355  18.387 0.0000000000
62410  56.847  -22.567  17.021 0.0000000000
60459  55.007  -24.576  19.702 0.0000000000
55799  51.670  -29.177  20.517 0.0000000000
55793  51.497  -28.875  21.127 0.0000000000
56779  51.059  -28.543  21.137 0.0000000000
57780  51.391  -27.989  21.456 0.0000000000
57773  51.917  -27.823  22.022 0.0000000000
57772  52.726  -27.611  22.257 0.0000000000
57771  53.560  -27.437  22.239 0.0000000000
124762  53.289  -28.168  22.251 0.0000000000
57778  54.646  -27.740  21.021 0.0000000000
55817  53.952  -29.536  18.584 0.0000000000
56809  52.947  -28.802  17.430 0.0000000000
37907  40.102  -48.035  28.921 0.0000000000
41959  41.344  -44.332  27.764 0.0000000000
40942  40.604  -44.518  27.417 0.0000000000
41968  40.361  -43.701  26.957 0.0000000000
41977  39.643  -43.605  26.371 0.0000000000
45103  43.594  -40.537  26.597 0.0000000000
46058  44.410  -40.399  26.822 0.0000000000
46965  44.274  -39.228  25.839 0.0000000000
128907  44.643  -38.771  25.368 0.0000000000
46972  45.755  -38.479  25.777 0.0000000000
47921  46.460  -38.307  25.928 0.0000000000
46950  48.120  -39.248  26.591 0.0000000000
43016  47.974  -42.183  26.089 0.0000000000
43005  48.061  -41.919  26.216 0.0000000000
43015  48.257  -41.986  25.676 0.0000000000
43024  48.454  -41.859  25.363 0.0000000000
44072  49.003  -41.158  24.708 0.0000000000
43042  48.581  -41.753  24.677 0.0000000000
30582  28.688  -54.797  32.809 0.0000000000
50746  48.700  -34.439  21.574 0.0000000000
50733  50.329  -35.022  23.101 0.0000000000
50699  50.189  -35.210  23.845 0.0000000000
49807  48.776  -35.538  23.667 0.0000000000
49789  50.779  -36.265  24.433 0.0000000000
48892  50.689  -37.011  24.937 0.0000000000
47929  50.804  -37.853  25.121 0.0000000000
31667  40.179  -53.229  29.150 0.0000000000
129698  31.802  -55.567  28.895 0.0000000000
29585  32.382  -55.293  28.788 0.0000000000
122351  33.937  -55.169  30.469 0.0000000000
30615  34.298  -54.358  30.596 0.0000000000
112186  35.166  -54.003  30.950 0.0000000000
30613  36.013  -54.071  30.381 0.0000000000
28563  36.335  -56.371  29.473 0.0000000000
62371  57.058  -22.666  20.792 0.0000000000
129552  57.134  -22.974  20.604 0.0000000000
119782  56.940  -23.184  19.412 0.0000000000
61413  56.981  -23.312  20.713 0.0000000000
60457  56.662  -23.826  20.588 0.0000000000
61389  55.451  -24.200  21.569 0.0000000000
132161  55.921  -24.217  20.887 0.0000000000
60458  55.984  -24.212  20.194 0.0000000000
59586  54.444  -25.517  20.071 0.0000000000
115944  51.737  -30.416  18.892 0.0000000000
54841  52.121  -29.698  19.537 0.0000000000
122439  53.466  -28.719  20.954 0.0000000000
122037  53.911  -28.451  21.294 0.0000000000
130554  53.549  -28.614  20.386 0.0000000000
55815  53.975  -29.988  19.066 0.0000000000
54852  53.934  -30.664  18.242 0.0000000000
55827  54.102  -30.225  18.103 0.0000000000
114614  54.096  -30.448  17.902 0.0000000000
55844  53.616  -30.290  17.267 0.0000000000
38906  41.811  -46.868  28.785 0.0000000000
38907  41.225  -46.940  28.845 0.0000000000
39919  41.554  -46.549  28.566 0.0000000000
117672  41.716  -46.104  28.280 0.0000000000
40920  41.967  -45.461  28.134 0.0000000000
40919  43.175  -45.166  28.443 0.0000000000
40930  41.757  -44.943  27.993 0.0000000000
41966  41.563  -43.413  27.670 0.0000000000
129546  41.520  -42.762  27.262 0.0000000000
44034  41.988  -42.129  27.113 0.0000000000
44046  41.620  -41.821  26.278 0.0000000000
44033  42.887  -41.776  27.369 0.0000000000
44032  43.672  -41.600  27.500 0.0000000000
44020  44.072  -41.992  27.785 0.0000000000
45090  44.408  -41.416  27.447 0.0000000000
132616  44.906  -41.243  27.336 0.0000000000
46044  45.339  -40.783  27.129 0.0000000000
46043  45.993  -40.771  27.012 0.0000000000
46042  46.713  -40.884  26.804 0.0000000000
45086  46.746  -41.403  26.923 0.0000000000
44016  46.907  -41.687  26.933 0.0000000000
42997  47.063  -41.931  26.917 0.0000000000
43008  46.864  -42.266  26.901 0.0000000000
43007  47.445  -42.091  26.571 0.0000000000
30638  31.028  -55.580  28.808 0.0000000000
30617  29.304  -55.256  30.357 0.0000000000
114302  30.210  -55.119  28.968 0.0000000000
28543  31.538  -57.100  31.169 0.0000000000
113498  32.433  -57.413  30.966 0.0000000000
115772  53.776  -33.505  19.580 0.0000000000
51725  53.884  -33.963  19.746 0.0000000000
50755  53.361  -34.401  20.393 0.0000000000
49853  53.371  -34.876  20.321 0.0000000000
50731  52.743  -35.134  21.713 0.0000000000
49841  53.095  -35.127  20.847 0.0000000000
49805  52.033  -35.624  22.995 0.0000000000
48904  51.839  -36.839  23.678 0.0000000000
48915  52.084  -36.657  23.086 0.0000000000
47955  52.774  -36.427  22.142 0.0000000000
35960  38.112  -49.804  28.644 0.0000000000
36924  39.164  -49.265  29.171 0.0000000000
35902  39.215  -50.347  30.969 0.0000000000
35920  39.570  -49.781  30.547 0.0000000000
36923  39.694  -48.768  29.459 0.0000000000
129333  41.148  -48.098  30.113 0.0000000000
130055  40.897  -51.755  29.551 0.0000000000
33835  41.013  -51.129  29.966 0.0000000000
34906  41.044  -50.391  30.126 0.0000000000
33846  41.746  -50.976  28.444 0.0000000000
34924  41.456  -50.654  29.381 0.0000000000
35917  41.746  -49.096  30.264 0.0000000000
36907  41.801  -48.355  30.183 0.0000000000
124247  41.821  -47.631  30.006 0.0000000000
37891  42.019  -47.260  29.130 0.0000000000
37890  42.390  -47.120  28.807 0.0000000000
37905  42.828  -47.068  28.540 0.0000000000
37904  43.052  -46.856  28.355 0.0000000000
38922  43.096  -46.374  28.368 0.0000000000
38921  43.416  -46.164  28.133 0.0000000000
38937  44.010  -45.386  28.113 0.0000000000
114675  44.062  -45.289  27.766 0.0000000000
38952  43.709  -46.073  27.361 0.0000000000
115073  43.622  -46.607  26.522 0.0000000000
122456  43.598  -46.671  25.582 0.0000000000
36983  43.637  -47.807  26.681 0.0000000000
37951  43.567  -47.528  26.263 0.0000000000
30656  32.802  -54.781  28.464 0.0000000000
112414  33.730  -52.997  28.617 0.0000000000
35941  36.693  -50.113  28.928 0.0000000000
34909  37.897  -50.982  30.536 0.0000000000
33838  37.380  -51.365  30.143 0.0000000000
130918  37.714  -51.739  30.511 0.0000000000
33826  38.155  -51.250  30.889 0.0000000000
32750  38.982  -52.008  31.042 0.0000000000
32760  39.280  -52.626  30.419 0.0000000000
30612  36.653  -54.076  29.801 0.0000000000
30635  37.786  -54.565  29.268 0.0000000000
121058  37.801  -53.883  29.661 0.0000000000
30611  38.783  -54.184  29.625 0.0000000000
63277  57.853  -21.034  15.936 0.0000000000
60430  53.590  -25.269  22.139 0.0000000000
59559  54.381  -25.391  22.252 0.0000000000
58678  53.799  -26.579  22.238 0.0000000000
58677  54.207  -26.277  22.000 0.0000000000
58676  54.372  -25.980  21.775 0.0000000000
58700  54.038  -26.385  19.813 0.0000000000
56783  54.379  -27.999  20.486 0.0000000000
56789  54.695  -27.820  20.573 0.0000000000
56796  54.165  -28.809  19.407 0.0000000000
119285  54.645  -28.127  19.988 0.0000000000
57791  54.437  -27.364  19.989 0.0000000000
57792  53.955  -27.089  19.474 0.0000000000
58730  52.300  -26.463  18.271 0.0000000000
48917  45.575  -36.293  22.770 0.0000000000
39934  40.557  -46.545  28.456 0.0000000000
115592  40.302  -46.039  27.852 0.0000000000
46980  44.502  -38.177  24.758 0.0000000000
48922  44.733  -36.666  22.772 0.0000000000
48909  45.308  -36.886  23.504 0.0000000000
48916  46.147  -36.521  23.323 0.0000000000
48908  46.736  -36.821  23.775 0.0000000000
112590  47.314  -36.953  24.274 0.0000000000
48895  47.953  -36.994  24.858 0.0000000000
47932  47.651  -37.582  25.518 0.0000000000
47931  48.464  -37.422  25.552 0.0000000000
47918  49.267  -37.423  25.574 0.0000000000
47917  50.088  -38.348  25.571 0.0000000000
46971  50.731  -38.480  25.211 0.0000000000
46054  47.020  -40.325  26.646 0.0000000000
46053  48.128  -40.031  26.439 0.0000000000
120449  48.425  -40.983  26.061 0.0000000000
46052  48.783  -39.668  26.042 0.0000000000
46064  49.548  -39.542  25.775 0.0000000000
46063  50.144  -39.398  25.482 0.0000000000
126566  50.842  -39.237  25.017 0.0000000000
45127  50.711  -39.750  24.294 0.0000000000
129394  50.156  -40.151  23.489 0.0000000000
44093  49.693  -40.596  23.786 0.0000000000
45134  49.740  -40.348  23.050 0.0000000000
39961  44.338  -44.498  27.350 0.0000000000
39978  45.567  -43.834  25.542 0.0000000000
39992  44.677  -44.450  25.267 0.0000000000
40973  46.736  -43.807  25.030 0.0000000000
29547  34.383  -55.576  30.747 0.0000000000
35958  43.484  -48.529  27.269 0.0000000000
36908  39.886  -49.085  30.157 0.0000000000
36909  39.278  -49.458  29.904 0.0000000000
36935  43.346  -47.854  27.640 0.0000000000
37906  40.584  -47.585  28.953 0.0000000000
40918  44.095  -44.669  28.417 0.0000000000
41950  43.105  -43.689  28.826 0.0000000000
41963  47.653  -42.403  26.077 0.0000000000
41967  40.926  -43.796  27.434 0.0000000000
41974  47.991  -42.400  25.617 0.0000000000
41976  47.366  -42.713  26.137 0.0000000000
41984  47.650  -42.917  25.361 0.0000000000
43006  47.796  -42.097  26.229 0.0000000000
43023  48.912  -41.267  25.027 0.0000000000
44008  44.955  -42.149  27.681 0.0000000000
44030  47.990  -41.654  26.318 0.0000000000
46057  45.186  -40.279  26.970 0.0000000000
46062  50.590  -39.064  25.277 0.0000000000
46072  50.347  -39.550  25.191 0.0000000000
49767  50.190  -36.440  24.781 0.0000000000
49790  50.008  -35.865  24.332 0.0000000000
49826  52.945  -35.218  21.351 0.0000000000
54853  54.102  -30.615  17.754 0.0000000000
56776  54.130  -28.249  21.535 0.0000000000
58685  54.415  -26.654  21.593 0.0000000000
59566  54.630  -25.729  21.619 0.0000000000
59568  51.979  -25.854  21.372 0.0000000000
62355  56.626  -22.929  21.155 0.0000000000
63223  56.708  -22.284  20.922 0.0000000000
112088  42.611  -42.646  28.055 0.0000000000
117455  47.335  -40.631  26.615 0.0000000000
120132  53.914  -30.183  18.264 0.0000000000
122426  53.966  -28.147  22.026 0.0000000000
123009  54.477  -27.349  21.354 0.0000000000
124554  47.581  -39.996  26.572 0.0000000000
124557  42.741  -46.624  28.514 0.0000000000
124950  49.282  -39.195  25.954 0.0000000000
132416  35.287  -52.146  28.865 0.0000000000
