#!ascii label  , from subject sub-046 vox2ras=TkReg
1029
41118  30.224  -44.331  15.996 0.0000000000
64127  43.580  -20.588  13.017 0.0000000000
51850  36.289  -33.027  12.142 0.0000000000
34983  12.661  -49.942  23.600 0.0000000000
41038  23.952  -43.609  20.783 0.0000000000
56854  35.710  -28.318  14.486 0.0000000000
120194  17.430  -47.824  21.963 0.0000000000
31772  17.030  -53.366  22.626 0.0000000000
38021  21.283  -47.620  21.215 0.0000000000
64122  48.383  -20.370  12.951 0.0000000000
45180  30.477  -40.377  18.277 0.0000000000
48018  31.698  -37.449  17.110 0.0000000000
44148  34.800  -41.882  17.708 0.0000000000
66803  47.216  -16.926  14.523 0.0000000000
67785  51.052  -16.706  11.653 0.0000000000
63274  40.286  -21.274  16.177 0.0000000000
60520  43.079  -24.317  14.072 0.0000000000
116844  38.578  -25.554  13.014 0.0000000000
53904  40.137  -31.016  13.447 0.0000000000
38049  28.792  -47.620  19.179 0.0000000000
31738  10.658  -53.521  24.493 0.0000000000
30718  7.137  -54.278  24.842 0.0000000000
29590  4.803  -55.022  28.738 0.0000000000
42108  25.800  -43.612  17.042 0.0000000000
37063  24.338  -48.911  18.851 0.0000000000
51789  31.120  -33.921  15.158 0.0000000000
125856  36.773  -36.893  16.951 0.0000000000
71268  52.196  -11.934  14.949 0.0000000000
131249  45.952  -20.275  12.200 0.0000000000
63297  45.985  -22.209  12.933 0.0000000000
44161  31.082  -42.036  16.614 0.0000000000
45211  32.280  -40.907  15.505 0.0000000000
128763  32.783  -43.733  16.601 0.0000000000
64927  43.326  -19.188  15.395 0.0000000000
65835  45.356  -17.748  15.917 0.0000000000
65857  45.072  -18.095  13.981 0.0000000000
65876  47.242  -18.069  12.552 0.0000000000
25503  5.750  -59.137  25.927 0.0000000000
61486  38.994  -23.377  13.854 0.0000000000
131076  37.229  -24.766  15.596 0.0000000000
130661  35.423  -30.621  12.886 0.0000000000
56869  37.663  -29.207  12.264 0.0000000000
52893  38.959  -32.364  12.747 0.0000000000
50822  38.939  -34.722  13.753 0.0000000000
33931  14.303  -51.514  22.724 0.0000000000
119008  15.819  -54.338  24.331 0.0000000000
32856  12.886  -53.456  24.027 0.0000000000
31719  12.780  -54.098  25.727 0.0000000000
32858  11.307  -52.467  23.730 0.0000000000
33881  7.528  -51.608  26.704 0.0000000000
30687  5.790  -54.355  26.967 0.0000000000
41071  24.381  -43.912  18.942 0.0000000000
39120  24.406  -46.524  16.504 0.0000000000
39103  22.800  -45.828  18.596 0.0000000000
37020  20.853  -48.909  22.090 0.0000000000
36072  22.381  -49.537  21.689 0.0000000000
46134  34.975  -38.664  18.980 0.0000000000
119042  33.897  -36.907  17.857 0.0000000000
58749  36.526  -26.379  16.683 0.0000000000
111677  34.833  -29.914  16.002 0.0000000000
118683  34.046  -31.254  14.148 0.0000000000
125338  19.272  -50.283  21.352 0.0000000000
31769  19.002  -52.922  22.072 0.0000000000
35022  17.441  -50.399  21.868 0.0000000000
34979  15.858  -49.635  23.353 0.0000000000
36029  14.339  -49.252  24.223 0.0000000000
40070  22.062  -45.239  20.047 0.0000000000
41040  20.002  -43.889  21.634 0.0000000000
119398  19.244  -46.732  20.984 0.0000000000
47043  28.882  -38.607  19.885 0.0000000000
120427  28.537  -37.212  17.436 0.0000000000
47084  30.359  -39.035  16.645 0.0000000000
46157  34.558  -39.874  17.106 0.0000000000
67767  50.883  -15.898  13.523 0.0000000000
66812  49.163  -17.159  12.439 0.0000000000
65885  49.784  -18.577  11.542 0.0000000000
64112  41.626  -20.470  14.682 0.0000000000
128616  43.109  -22.183  12.753 0.0000000000
62457  40.674  -22.797  13.304 0.0000000000
60523  41.022  -24.990  13.434 0.0000000000
57850  41.524  -27.395  13.661 0.0000000000
58773  37.309  -26.726  13.316 0.0000000000
56860  39.438  -28.675  12.594 0.0000000000
40114  29.484  -45.908  17.045 0.0000000000
40098  32.298  -45.436  18.454 0.0000000000
116052  42.085  -20.210  16.992 0.0000000000
34965  10.501  -50.094  25.086 0.0000000000
33914  9.020  -51.801  24.762 0.0000000000
30727  8.813  -53.855  24.235 0.0000000000
29620  8.864  -55.933  25.234 0.0000000000
28611  7.405  -56.674  24.888 0.0000000000
113517  6.005  -57.257  25.399 0.0000000000
127032  4.335  -56.847  27.578 0.0000000000
27597  2.466  -57.299  28.544 0.0000000000
113570  27.973  -43.593  16.214 0.0000000000
39133  26.896  -46.436  16.165 0.0000000000
37074  26.828  -48.486  18.396 0.0000000000
38036  22.361  -47.935  20.092 0.0000000000
51834  33.744  -34.111  13.244 0.0000000000
49890  30.327  -35.603  15.649 0.0000000000
49027  33.273  -36.401  14.439 0.0000000000
131721  36.510  -35.948  13.646 0.0000000000
41067  34.239  -44.117  19.469 0.0000000000
72114  53.864  -11.501  14.931 0.0000000000
69547  51.970  -14.975  12.833 0.0000000000
113461  53.406  -13.359  12.526 0.0000000000
64125  45.167  -20.295  12.325 0.0000000000
63309  46.202  -21.268  12.532 0.0000000000
63310  45.204  -21.326  12.402 0.0000000000
42120  30.294  -43.438  16.067 0.0000000000
42137  31.824  -42.777  15.684 0.0000000000
41136  31.464  -43.678  15.953 0.0000000000
64941  43.516  -19.404  14.464 0.0000000000
65858  44.554  -18.374  14.404 0.0000000000
64940  44.224  -19.096  13.969 0.0000000000
64953  45.376  -19.270  12.521 0.0000000000
25504  4.777  -59.275  25.879 0.0000000000
113415  38.223  -23.561  17.026 0.0000000000
60491  37.907  -24.741  17.509 0.0000000000
53915  35.908  -31.433  12.286 0.0000000000
53914  36.831  -31.383  12.066 0.0000000000
51849  37.236  -32.990  12.128 0.0000000000
51829  38.760  -33.456  12.734 0.0000000000
50838  37.568  -34.651  12.758 0.0000000000
33932  13.493  -51.489  22.841 0.0000000000
32876  13.826  -52.538  22.928 0.0000000000
33909  12.998  -52.605  23.126 0.0000000000
32857  12.150  -52.831  23.409 0.0000000000
113083  11.668  -51.684  23.360 0.0000000000
120048  24.082  -43.832  19.584 0.0000000000
41088  23.670  -44.593  18.199 0.0000000000
41073  22.693  -44.474  19.294 0.0000000000
36024  20.780  -50.585  23.428 0.0000000000
49861  28.791  -34.951  19.472 0.0000000000
47027  35.362  -37.887  19.883 0.0000000000
54906  34.376  -30.636  14.328 0.0000000000
54887  33.885  -30.712  16.280 0.0000000000
36075  18.145  -49.248  21.096 0.0000000000
35034  18.041  -50.119  21.302 0.0000000000
36061  17.585  -49.482  21.691 0.0000000000
36026  16.179  -49.012  23.740 0.0000000000
36027  15.562  -48.933  23.963 0.0000000000
34980  15.292  -49.697  23.320 0.0000000000
42029  21.331  -42.851  22.216 0.0000000000
39031  17.636  -45.923  22.503 0.0000000000
39049  18.709  -45.993  21.318 0.0000000000
121842  18.391  -46.921  21.217 0.0000000000
37037  19.455  -48.426  20.979 0.0000000000
47069  29.135  -39.145  17.543 0.0000000000
46172  30.481  -39.619  16.838 0.0000000000
44170  33.886  -41.502  16.428 0.0000000000
123586  33.138  -40.057  15.894 0.0000000000
44159  34.677  -41.231  17.137 0.0000000000
45177  35.659  -40.421  17.993 0.0000000000
43114  35.558  -41.928  18.409 0.0000000000
66795  46.549  -17.063  15.193 0.0000000000
67769  49.426  -16.598  13.419 0.0000000000
111288  47.827  -16.978  13.708 0.0000000000
64951  48.169  -19.537  12.453 0.0000000000
64965  48.519  -18.915  12.106 0.0000000000
64950  49.027  -19.673  12.550 0.0000000000
114801  40.955  -20.797  14.942 0.0000000000
63299  41.217  -21.097  14.189 0.0000000000
63285  40.498  -21.433  14.549 0.0000000000
60534  38.449  -24.564  13.331 0.0000000000
61497  39.706  -23.705  13.214 0.0000000000
59654  40.425  -25.607  13.098 0.0000000000
58763  41.823  -26.686  13.859 0.0000000000
58771  40.125  -26.505  13.046 0.0000000000
57837  36.047  -27.168  16.301 0.0000000000
58766  36.490  -26.429  14.865 0.0000000000
57852  36.141  -27.583  14.305 0.0000000000
54912  38.992  -30.600  12.510 0.0000000000
56861  38.553  -28.963  12.341 0.0000000000
54910  40.177  -30.181  13.253 0.0000000000
125112  40.930  -29.056  13.464 0.0000000000
39082  29.004  -47.145  18.763 0.0000000000
39098  30.124  -46.598  18.589 0.0000000000
63266  40.419  -21.455  17.273 0.0000000000
64088  41.381  -20.518  16.626 0.0000000000
64087  42.026  -20.034  16.074 0.0000000000
31771  17.780  -53.432  22.391 0.0000000000
30734  17.705  -54.354  23.402 0.0000000000
31720  12.024  -54.148  25.720 0.0000000000
30699  12.579  -54.370  26.531 0.0000000000
133452  11.553  -54.316  25.861 0.0000000000
111410  10.370  -54.827  25.666 0.0000000000
34953  9.346  -50.076  26.331 0.0000000000
34986  9.929  -50.820  24.908 0.0000000000
34967  8.873  -50.711  25.814 0.0000000000
32820  7.238  -52.438  26.241 0.0000000000
32861  8.076  -53.180  24.564 0.0000000000
31754  7.800  -54.062  24.487 0.0000000000
30717  8.953  -54.942  24.698 0.0000000000
29630  7.549  -54.973  24.646 0.0000000000
132308  8.190  -56.635  25.083 0.0000000000
29621  7.020  -55.780  24.842 0.0000000000
30671  5.198  -54.502  27.973 0.0000000000
115449  5.727  -55.666  26.194 0.0000000000
28589  5.098  -56.171  27.079 0.0000000000
27630  5.233  -57.641  25.859 0.0000000000
29601  4.653  -56.166  27.959 0.0000000000
42090  27.378  -43.129  18.048 0.0000000000
42105  28.182  -42.934  17.228 0.0000000000
119024  26.973  -43.238  16.801 0.0000000000
119078  27.267  -45.185  16.032 0.0000000000
41122  26.558  -44.651  16.138 0.0000000000
38065  24.428  -47.881  17.612 0.0000000000
38077  25.852  -47.810  16.753 0.0000000000
37075  25.882  -48.807  18.114 0.0000000000
133867  21.159  -45.725  20.813 0.0000000000
39063  22.110  -46.562  20.002 0.0000000000
38020  21.864  -47.757  20.802 0.0000000000
35031  23.525  -50.748  21.395 0.0000000000
127264  43.547  -23.498  13.378 0.0000000000
61482  44.726  -23.894  13.863 0.0000000000
61473  44.561  -24.324  14.565 0.0000000000
51771  32.170  -32.456  15.827 0.0000000000
51787  32.667  -33.124  14.489 0.0000000000
51807  32.382  -33.904  14.304 0.0000000000
48028  30.795  -37.604  16.743 0.0000000000
49002  29.623  -36.118  16.033 0.0000000000
48988  31.300  -36.860  16.644 0.0000000000
48985  35.411  -36.833  17.269 0.0000000000
113605  33.855  -36.741  15.953 0.0000000000
49013  35.528  -37.084  15.527 0.0000000000
49915  34.761  -36.484  13.702 0.0000000000
49012  36.543  -36.885  15.705 0.0000000000
111189  38.031  -36.340  15.841 0.0000000000
40097  32.838  -45.196  18.830 0.0000000000
72115  53.271  -11.665  15.052 0.0000000000
67775  51.206  -16.289  12.719 0.0000000000
68682  51.420  -15.526  13.230 0.0000000000
68687  51.806  -15.697  12.418 0.0000000000
69555  53.545  -14.502  11.350 0.0000000000
69544  53.881  -13.870  11.930 0.0000000000
39016  17.311  -46.226  23.405 0.0000000000
37994  17.140  -47.894  23.074 0.0000000000
132823  47.906  -20.460  12.784 0.0000000000
64109  48.466  -21.391  13.715 0.0000000000
63308  47.174  -21.450  12.890 0.0000000000
131112  31.099  -41.608  17.428 0.0000000000
45199  31.511  -40.687  16.074 0.0000000000
44171  31.486  -41.491  15.874 0.0000000000
43145  32.572  -42.547  15.841 0.0000000000
121977  33.646  -43.050  17.144 0.0000000000
64911  45.112  -18.517  17.719 0.0000000000
65836  44.631  -18.290  16.559 0.0000000000
65846  45.093  -17.813  14.810 0.0000000000
66815  46.127  -17.628  13.548 0.0000000000
66814  46.930  -17.319  13.366 0.0000000000
65865  46.410  -18.098  12.832 0.0000000000
64952  46.371  -19.648  12.184 0.0000000000
25493  6.609  -58.904  26.317 0.0000000000
62419  39.139  -22.310  16.537 0.0000000000
62446  39.230  -22.567  14.459 0.0000000000
62432  38.274  -23.157  15.837 0.0000000000
61475  37.950  -23.579  15.091 0.0000000000
59648  37.871  -25.068  13.909 0.0000000000
56864  35.639  -28.960  13.832 0.0000000000
55878  36.818  -28.728  12.639 0.0000000000
55887  36.845  -29.523  12.286 0.0000000000
54918  38.118  -30.591  12.165 0.0000000000
53905  39.445  -31.416  13.003 0.0000000000
51828  39.646  -33.237  13.232 0.0000000000
128396  40.087  -34.648  14.590 0.0000000000
37047  28.537  -48.584  20.052 0.0000000000
121003  15.472  -52.384  22.689 0.0000000000
31748  16.060  -54.067  23.648 0.0000000000
31749  15.092  -54.103  23.741 0.0000000000
31750  14.270  -54.049  24.154 0.0000000000
31718  13.973  -54.229  25.661 0.0000000000
32837  11.836  -53.434  24.226 0.0000000000
32838  11.189  -53.284  24.274 0.0000000000
33870  7.876  -50.804  27.197 0.0000000000
32809  6.990  -52.175  27.268 0.0000000000
32821  6.596  -52.937  26.765 0.0000000000
31722  6.278  -53.761  26.295 0.0000000000
31703  6.073  -53.485  27.273 0.0000000000
30670  5.506  -53.737  28.528 0.0000000000
119377  5.010  -54.252  28.993 0.0000000000
41086  25.199  -43.870  17.767 0.0000000000
40117  25.096  -44.892  16.455 0.0000000000
41102  24.593  -44.586  17.132 0.0000000000
39121  23.817  -46.080  17.223 0.0000000000
38066  23.781  -47.411  17.995 0.0000000000
38008  20.999  -48.264  21.759 0.0000000000
37035  21.293  -48.420  21.652 0.0000000000
36058  21.399  -49.739  22.686 0.0000000000
59638  43.307  -25.707  14.802 0.0000000000
51774  29.656  -33.766  16.739 0.0000000000
47054  32.889  -37.855  17.874 0.0000000000
113279  32.749  -36.838  17.188 0.0000000000
48009  33.889  -37.232  18.356 0.0000000000
48964  35.063  -36.870  18.965 0.0000000000
70399  51.228  -12.477  15.071 0.0000000000
27632  3.155  -58.683  26.643 0.0000000000
57825  36.761  -27.198  17.228 0.0000000000
56845  35.768  -27.954  16.217 0.0000000000
114151  35.409  -28.955  14.659 0.0000000000
54905  34.979  -30.268  13.917 0.0000000000
129653  34.717  -30.994  13.535 0.0000000000
52895  34.967  -32.410  12.713 0.0000000000
35003  19.950  -50.937  23.153 0.0000000000
33928  19.821  -52.139  23.627 0.0000000000
33951  19.253  -51.616  21.778 0.0000000000
32891  18.092  -51.956  21.399 0.0000000000
33943  17.476  -51.980  21.734 0.0000000000
120484  17.009  -49.266  23.307 0.0000000000
35004  16.901  -50.371  22.718 0.0000000000
33929  15.919  -51.686  22.686 0.0000000000
33930  15.127  -51.539  22.694 0.0000000000
35007  14.076  -50.567  23.018 0.0000000000
36030  13.353  -49.216  24.303 0.0000000000
41057  22.620  -44.146  20.055 0.0000000000
42060  22.164  -43.650  20.600 0.0000000000
41039  21.284  -44.025  20.761 0.0000000000
123413  20.580  -45.998  20.987 0.0000000000
41041  19.283  -44.519  21.740 0.0000000000
40058  19.250  -45.314  21.389 0.0000000000
121053  20.243  -46.754  21.045 0.0000000000
37036  20.545  -48.160  21.552 0.0000000000
37021  20.238  -48.991  21.693 0.0000000000
47989  28.655  -37.767  20.531 0.0000000000
48965  28.221  -36.467  19.377 0.0000000000
48011  28.321  -37.668  18.459 0.0000000000
117076  28.827  -38.189  17.545 0.0000000000
133168  30.935  -38.221  16.745 0.0000000000
46186  31.633  -40.148  16.055 0.0000000000
46169  32.589  -39.521  16.184 0.0000000000
47081  32.834  -38.932  16.821 0.0000000000
118161  34.614  -39.279  17.734 0.0000000000
46133  35.667  -39.313  19.123 0.0000000000
67760  50.113  -16.004  14.609 0.0000000000
67768  50.398  -16.445  13.277 0.0000000000
67776  50.512  -16.861  12.261 0.0000000000
117353  47.799  -17.404  12.849 0.0000000000
65874  49.082  -18.122  11.858 0.0000000000
64111  42.428  -20.296  14.434 0.0000000000
63312  43.347  -21.479  12.706 0.0000000000
63313  42.577  -21.564  13.191 0.0000000000
62455  42.430  -22.407  13.013 0.0000000000
61484  42.329  -24.016  13.444 0.0000000000
61485  39.826  -23.021  13.565 0.0000000000
60531  40.930  -24.205  13.184 0.0000000000
60521  42.450  -24.800  13.991 0.0000000000
123724  42.153  -26.088  13.914 0.0000000000
57849  42.230  -27.416  14.166 0.0000000000
59639  37.047  -25.162  16.270 0.0000000000
59649  37.205  -25.464  14.496 0.0000000000
119198  38.242  -26.440  12.910 0.0000000000
56862  37.636  -28.386  12.453 0.0000000000
57858  38.058  -27.123  12.713 0.0000000000
57856  39.760  -27.252  12.912 0.0000000000
56853  41.227  -28.208  13.488 0.0000000000
40129  29.897  -45.084  16.272 0.0000000000
40112  31.364  -45.144  17.170 0.0000000000
132987  30.913  -45.690  17.754 0.0000000000
39079  31.310  -46.630  19.373 0.0000000000
64919  42.656  -19.757  16.772 0.0000000000
64942  42.872  -19.792  14.905 0.0000000000
36031  12.305  -49.263  24.557 0.0000000000
35999  11.318  -49.049  26.297 0.0000000000
34964  11.392  -49.576  24.856 0.0000000000
34985  10.514  -50.728  24.511 0.0000000000
33912  10.208  -51.397  24.462 0.0000000000
31752  9.955  -52.879  24.340 0.0000000000
33893  8.537  -51.446  25.349 0.0000000000
115661  8.990  -52.734  24.372 0.0000000000
31753  9.870  -53.716  24.380 0.0000000000
30716  9.749  -54.524  24.753 0.0000000000
134129  9.616  -55.862  25.951 0.0000000000
27629  7.767  -57.944  26.198 0.0000000000
29622  6.277  -55.637  25.328 0.0000000000
28612  6.583  -56.528  25.114 0.0000000000
116050  6.238  -58.008  25.424 0.0000000000
27647  5.648  -58.009  25.563 0.0000000000
27648  4.994  -58.499  25.714 0.0000000000
27631  4.366  -58.170  26.203 0.0000000000
28578  4.029  -56.489  28.466 0.0000000000
28590  3.385  -57.208  28.105 0.0000000000
43133  30.081  -43.244  16.660 0.0000000000
42104  29.242  -43.209  17.193 0.0000000000
41119  29.348  -44.243  15.987 0.0000000000
40130  28.975  -45.226  16.183 0.0000000000
40115  28.537  -45.999  16.621 0.0000000000
134788  28.053  -47.106  17.764 0.0000000000
39134  25.996  -46.136  16.000 0.0000000000
38076  26.829  -47.700  17.197 0.0000000000
37060  28.240  -48.133  19.305 0.0000000000
40085  22.348  -45.281  19.218 0.0000000000
39083  22.785  -46.644  18.794 0.0000000000
37064  23.486  -48.458  19.115 0.0000000000
37033  22.661  -49.183  20.912 0.0000000000
36086  23.393  -49.615  20.317 0.0000000000
36085  24.240  -50.005  19.902 0.0000000000
62453  45.072  -22.350  12.584 0.0000000000
53890  33.195  -31.961  14.842 0.0000000000
113606  34.347  -32.754  13.189 0.0000000000
51832  34.929  -33.317  12.540 0.0000000000
123421  28.692  -35.165  18.329 0.0000000000
50803  29.217  -34.616  16.829 0.0000000000
49904  30.252  -34.832  15.534 0.0000000000
49000  32.017  -36.427  16.352 0.0000000000
49015  32.066  -35.932  15.500 0.0000000000
49918  32.188  -35.252  14.404 0.0000000000
50842  33.399  -35.066  13.326 0.0000000000
49930  35.075  -35.185  12.804 0.0000000000
50839  36.555  -34.768  12.613 0.0000000000
111796  37.786  -35.787  14.299 0.0000000000
41100  32.138  -44.698  17.094 0.0000000000
41099  33.357  -44.184  17.941 0.0000000000
117581  34.411  -43.379  18.852 0.0000000000
41048  35.306  -44.293  20.519 0.0000000000
42071  36.029  -42.979  19.517 0.0000000000
73760  53.468  -10.497  14.835 0.0000000000
70408  51.435  -13.738  13.805 0.0000000000
70407  52.213  -13.213  13.426 0.0000000000
68686  52.341  -15.218  12.044 0.0000000000
70414  52.654  -13.640  12.736 0.0000000000
71277  52.799  -12.527  13.970 0.0000000000
71276  53.538  -12.275  13.759 0.0000000000
71274  54.655  -11.569  13.505 0.0000000000
64126  44.357  -20.381  12.624 0.0000000000
41137  30.606  -43.864  15.919 0.0000000000
116689  30.877  -44.197  16.008 0.0000000000
64955  43.878  -19.807  13.498 0.0000000000
64954  44.568  -19.518  13.027 0.0000000000
26594  4.194  -58.955  25.918 0.0000000000
52909  36.575  -32.203  12.112 0.0000000000
51830  37.888  -33.738  12.432 0.0000000000
51831  36.917  -33.886  12.223 0.0000000000
35008  13.335  -50.560  23.134 0.0000000000
33910  12.537  -51.349  23.061 0.0000000000
111322  11.758  -50.660  23.660 0.0000000000
41055  24.506  -43.772  20.430 0.0000000000
41072  23.406  -44.204  18.955 0.0000000000
41056  23.432  -43.885  19.855 0.0000000000
35002  20.419  -51.094  23.740 0.0000000000
49849  28.990  -35.203  20.515 0.0000000000
37039  17.686  -48.568  21.427 0.0000000000
128181  17.766  -47.143  21.673 0.0000000000
39050  17.920  -46.395  21.767 0.0000000000
38025  17.975  -47.725  21.216 0.0000000000
46159  29.890  -39.751  17.636 0.0000000000
45190  30.826  -40.238  17.369 0.0000000000
44160  34.248  -41.932  17.078 0.0000000000
44158  35.445  -41.157  17.745 0.0000000000
66794  47.276  -16.899  15.499 0.0000000000
122192  47.668  -16.922  15.118 0.0000000000
66802  48.073  -16.909  14.716 0.0000000000
119608  49.812  -19.966  12.993 0.0000000000
116697  7.574  -58.638  27.497 0.0000000000
134439  40.460  -21.225  15.321 0.0000000000
59655  39.396  -25.007  12.917 0.0000000000
123392  39.569  -25.807  12.835 0.0000000000
57845  35.793  -27.742  15.341 0.0000000000
111888  36.199  -27.015  15.125 0.0000000000
54911  39.634  -30.591  12.984 0.0000000000
55876  39.398  -29.743  12.638 0.0000000000
39081  29.689  -46.982  19.037 0.0000000000
116961  29.355  -47.521  19.374 0.0000000000
63273  40.775  -20.986  16.686 0.0000000000
63284  40.878  -20.838  15.823 0.0000000000
31760  18.265  -53.925  22.979 0.0000000000
31761  17.381  -53.904  22.965 0.0000000000
115616  11.321  -54.017  25.194 0.0000000000
30701  11.076  -54.488  25.986 0.0000000000
30715  10.574  -54.234  24.987 0.0000000000
31739  7.276  -53.555  24.962 0.0000000000
30719  6.680  -54.870  25.056 0.0000000000
29600  4.949  -55.461  27.919 0.0000000000
30688  5.455  -55.188  27.119 0.0000000000
42091  26.442  -43.265  18.236 0.0000000000
42076  26.702  -43.253  19.127 0.0000000000
42107  26.607  -43.249  17.322 0.0000000000
42124  26.590  -43.686  16.511 0.0000000000
41123  25.781  -44.243  16.415 0.0000000000
37076  24.847  -48.643  18.118 0.0000000000
38064  25.332  -48.295  17.380 0.0000000000
37062  25.348  -49.219  18.753 0.0000000000
39046  21.164  -46.609  20.929 0.0000000000
39045  21.627  -47.009  20.621 0.0000000000
61483  43.843  -23.947  13.920 0.0000000000
60510  43.821  -24.604  14.629 0.0000000000
119343  30.840  -33.216  15.718 0.0000000000
51772  31.481  -32.576  16.104 0.0000000000
117714  31.620  -33.187  15.345 0.0000000000
51788  32.218  -33.126  14.949 0.0000000000
51808  31.779  -33.916  14.713 0.0000000000
48989  30.181  -36.883  16.415 0.0000000000
129565  36.049  -36.817  17.514 0.0000000000
48998  34.863  -36.937  16.439 0.0000000000
48997  35.886  -36.972  16.561 0.0000000000
49011  37.434  -36.705  16.198 0.0000000000
72109  52.727  -11.381  15.385 0.0000000000
125490  52.730  -12.132  14.556 0.0000000000
133826  51.554  -16.207  11.860 0.0000000000
39002  17.113  -46.352  24.401 0.0000000000
119693  17.098  -47.196  23.877 0.0000000000
64124  46.867  -20.656  12.448 0.0000000000
64123  47.839  -20.937  12.991 0.0000000000
63296  46.914  -22.164  13.168 0.0000000000
43146  31.221  -42.334  15.939 0.0000000000
42119  32.331  -43.333  16.096 0.0000000000
42118  33.147  -43.045  16.439 0.0000000000
64917  43.906  -18.656  15.898 0.0000000000
130920  44.052  -18.772  16.698 0.0000000000
66805  45.595  -17.612  14.127 0.0000000000
65866  45.564  -18.249  13.239 0.0000000000
131195  47.479  -19.958  12.429 0.0000000000
126983  6.082  -59.551  26.463 0.0000000000
128339  39.557  -22.631  17.683 0.0000000000
61463  38.656  -22.838  16.441 0.0000000000
61464  37.737  -23.804  16.084 0.0000000000
60513  37.536  -24.223  15.345 0.0000000000
60512  37.906  -24.167  14.308 0.0000000000
60525  37.386  -24.777  14.815 0.0000000000
55880  35.505  -29.713  13.366 0.0000000000
55879  36.167  -29.190  13.037 0.0000000000
54920  36.071  -29.958  12.495 0.0000000000
52907  38.235  -32.020  12.253 0.0000000000
53913  37.747  -31.326  12.112 0.0000000000
53912  38.638  -31.391  12.397 0.0000000000
131720  39.708  -32.251  13.253 0.0000000000
121615  39.188  -34.075  13.201 0.0000000000
122742  39.754  -34.233  13.879 0.0000000000
50811  39.944  -35.140  15.194 0.0000000000
62407  40.179  -22.102  17.758 0.0000000000
32875  14.689  -52.510  22.746 0.0000000000
32874  15.418  -53.378  23.024 0.0000000000
113745  13.567  -53.450  23.635 0.0000000000
128482  14.299  -54.266  25.002 0.0000000000
31751  13.557  -53.983  24.699 0.0000000000
32836  12.391  -53.592  24.306 0.0000000000
31737  11.785  -53.743  24.970 0.0000000000
32798  6.708  -51.837  28.255 0.0000000000
32810  6.325  -52.710  27.885 0.0000000000
41054  24.872  -43.708  20.031 0.0000000000
41070  25.251  -43.595  19.554 0.0000000000
41085  25.706  -43.395  18.804 0.0000000000
130221  24.997  -43.807  18.646 0.0000000000
41087  24.428  -44.263  17.984 0.0000000000
40101  23.388  -45.541  17.995 0.0000000000
39102  23.362  -46.573  18.038 0.0000000000
37019  21.143  -49.042  22.118 0.0000000000
51763  30.033  -33.061  17.110 0.0000000000
51764  29.544  -33.757  17.591 0.0000000000
47052  34.398  -38.191  18.685 0.0000000000
47053  33.631  -37.866  18.272 0.0000000000
47042  34.421  -37.593  18.818 0.0000000000
47997  35.564  -37.483  19.825 0.0000000000
47998  34.999  -37.388  19.384 0.0000000000
48963  35.648  -36.970  19.382 0.0000000000
26576  2.208  -58.319  27.022 0.0000000000
56832  36.302  -27.922  16.906 0.0000000000
55862  35.070  -29.372  15.264 0.0000000000
55871  35.185  -29.543  14.324 0.0000000000
54897  34.403  -29.981  14.932 0.0000000000
53906  35.136  -31.551  12.800 0.0000000000
53907  34.446  -31.814  13.353 0.0000000000
35021  19.645  -50.804  22.088 0.0000000000
33953  17.846  -51.150  21.421 0.0000000000
33952  18.620  -51.473  21.360 0.0000000000
130930  17.097  -51.175  22.095 0.0000000000
37009  16.966  -48.578  23.584 0.0000000000
35005  16.385  -50.040  23.103 0.0000000000
33944  16.405  -50.965  22.649 0.0000000000
112867  15.690  -50.580  22.867 0.0000000000
34981  14.599  -49.734  23.388 0.0000000000
34982  13.758  -49.774  23.511 0.0000000000
42043  22.607  -43.180  21.243 0.0000000000
42028  22.321  -42.873  22.127 0.0000000000
42045  20.823  -43.452  21.492 0.0000000000
116832  20.573  -44.230  21.188 0.0000000000
40056  20.822  -44.972  20.908 0.0000000000
40057  20.016  -44.964  21.230 0.0000000000
39048  19.670  -45.934  21.102 0.0000000000
38022  20.776  -47.591  21.374 0.0000000000
38023  19.868  -47.460  21.046 0.0000000000
36073  19.410  -49.406  21.159 0.0000000000
36060  19.910  -49.810  22.008 0.0000000000
47999  28.406  -37.829  19.530 0.0000000000
128740  29.789  -39.259  16.960 0.0000000000
47068  29.628  -38.619  16.903 0.0000000000
130038  30.402  -38.314  16.727 0.0000000000
47083  31.140  -38.826  16.576 0.0000000000
45212  31.833  -40.813  15.685 0.0000000000
46185  32.317  -40.225  15.743 0.0000000000
113244  33.838  -39.966  16.455 0.0000000000
132895  33.273  -39.513  16.390 0.0000000000
46158  33.810  -39.215  17.108 0.0000000000
122147  36.024  -40.197  18.748 0.0000000000
129988  35.642  -39.817  18.316 0.0000000000
65834  46.133  -17.568  16.833 0.0000000000
67761  49.517  -16.388  14.615 0.0000000000
67777  49.918  -16.916  12.652 0.0000000000
65875  48.104  -18.137  12.312 0.0000000000
64964  49.370  -19.053  11.839 0.0000000000
66832  49.909  -18.059  11.442 0.0000000000
64128  42.847  -20.814  13.595 0.0000000000
63298  42.084  -20.991  14.013 0.0000000000
62444  40.912  -21.925  13.739 0.0000000000
63314  41.746  -21.708  13.473 0.0000000000
62456  41.569  -22.620  13.163 0.0000000000
61494  42.332  -23.234  13.131 0.0000000000
61495  41.425  -23.575  13.122 0.0000000000
60532  40.161  -24.472  13.054 0.0000000000
61496  40.461  -23.644  13.160 0.0000000000
60522  41.650  -24.483  13.453 0.0000000000
59646  41.874  -25.327  13.826 0.0000000000
59630  36.924  -25.704  16.845 0.0000000000
58765  36.983  -26.188  14.253 0.0000000000
59640  36.663  -25.848  15.134 0.0000000000
59656  37.661  -25.871  13.577 0.0000000000
117956  36.890  -28.046  12.892 0.0000000000
120164  38.517  -27.942  12.453 0.0000000000
125166  39.407  -27.848  12.634 0.0000000000
57857  38.867  -27.155  12.660 0.0000000000
56859  40.251  -28.250  13.046 0.0000000000
40113  30.445  -45.477  17.021 0.0000000000
40099  30.173  -46.029  17.930 0.0000000000
38047  30.830  -47.163  19.913 0.0000000000
64079  43.332  -19.589  17.580 0.0000000000
64097  41.441  -20.370  15.519 0.0000000000
64096  42.131  -20.031  15.223 0.0000000000
32882  19.493  -52.645  22.722 0.0000000000
32872  19.633  -52.957  23.448 0.0000000000
30683  13.169  -54.520  27.404 0.0000000000
36013  12.997  -48.867  25.283 0.0000000000
34952  10.137  -49.751  25.972 0.0000000000
36000  10.616  -49.163  26.540 0.0000000000
36015  10.942  -49.394  25.668 0.0000000000
34984  11.123  -50.302  24.336 0.0000000000
33913  9.602  -51.413  24.761 0.0000000000
32859  10.564  -52.246  24.196 0.0000000000
32860  9.689  -52.044  24.490 0.0000000000
33880  8.151  -51.098  26.199 0.0000000000
33894  7.856  -51.915  25.735 0.0000000000
32839  8.308  -52.277  24.919 0.0000000000
133536  9.376  -53.275  24.291 0.0000000000
27645  7.813  -57.390  25.442 0.0000000000
30703  6.103  -54.725  25.903 0.0000000000
28613  6.001  -56.353  25.544 0.0000000000
27646  6.843  -57.395  25.145 0.0000000000
28598  4.729  -57.184  26.620 0.0000000000
29591  4.476  -55.745  28.638 0.0000000000
28568  3.785  -55.999  29.260 0.0000000000
27612  2.642  -57.891  27.627 0.0000000000
42122  28.032  -43.044  16.549 0.0000000000
119445  28.719  -43.185  16.657 0.0000000000
114648  28.658  -43.566  16.250 0.0000000000
41120  28.409  -44.309  16.036 0.0000000000
40116  27.633  -46.094  16.284 0.0000000000
113353  28.057  -45.233  16.086 0.0000000000
39116  28.228  -46.697  17.164 0.0000000000
39117  27.460  -46.987  16.979 0.0000000000
39135  25.105  -45.825  16.150 0.0000000000
39119  25.351  -46.893  16.200 0.0000000000
38063  26.328  -48.287  17.563 0.0000000000
119397  27.049  -47.994  17.946 0.0000000000
38062  27.618  -48.044  18.525 0.0000000000
37048  27.852  -48.844  19.755 0.0000000000
37061  27.405  -48.613  19.120 0.0000000000
41058  21.984  -44.453  20.266 0.0000000000
130704  22.318  -44.746  19.790 0.0000000000
125195  22.076  -47.303  20.226 0.0000000000
38051  22.461  -47.167  19.443 0.0000000000
38050  23.186  -47.502  18.708 0.0000000000
38035  22.875  -47.975  19.459 0.0000000000
37034  22.008  -48.751  21.531 0.0000000000
36071  23.113  -49.961  21.139 0.0000000000
35042  23.833  -50.371  20.619 0.0000000000
62454  43.996  -22.496  12.503 0.0000000000
53889  33.282  -31.330  15.706 0.0000000000
52865  32.721  -32.181  15.401 0.0000000000
51806  33.066  -33.845  13.808 0.0000000000
116707  33.129  -32.732  14.314 0.0000000000
52896  33.716  -33.210  13.560 0.0000000000
51833  34.336  -33.728  12.957 0.0000000000
48976  28.239  -36.743  18.470 0.0000000000
49870  28.318  -35.845  18.856 0.0000000000
49881  28.428  -36.116  17.542 0.0000000000
49003  28.896  -35.718  16.546 0.0000000000
49891  29.534  -35.232  15.921 0.0000000000
129773  33.362  -36.842  17.400 0.0000000000
48999  33.126  -36.652  16.650 0.0000000000
117335  33.742  -36.703  15.011 0.0000000000
112469  32.931  -36.403  15.469 0.0000000000
49901  32.476  -35.938  14.728 0.0000000000
49902  31.728  -35.483  14.988 0.0000000000
49917  32.877  -35.702  13.979 0.0000000000
49916  33.718  -36.157  13.673 0.0000000000
49914  35.944  -36.511  13.908 0.0000000000
133181  35.255  -35.929  13.301 0.0000000000
49929  36.040  -35.597  13.097 0.0000000000
116804  35.673  -34.769  12.555 0.0000000000
49928  37.112  -35.488  13.409 0.0000000000
49898  38.311  -35.914  15.168 0.0000000000
40111  32.088  -45.217  17.717 0.0000000000
41084  33.405  -44.639  18.923 0.0000000000
41083  33.796  -43.931  18.651 0.0000000000
42054  35.672  -43.699  20.056 0.0000000000
42070  36.778  -42.675  19.857 0.0000000000
72108  53.555  -11.257  15.212 0.0000000000
72946  53.629  -10.854  15.211 0.0000000000
72107  53.992  -11.139  15.001 0.0000000000
115415  50.304  -15.744  13.975 0.0000000000
69540  51.417  -14.666  13.531 0.0000000000
69539  52.046  -14.129  13.124 0.0000000000
69545  53.135  -14.123  12.114 0.0000000000
70406  53.013  -12.896  13.183 0.0000000000
70405  53.844  -12.728  13.085 0.0000000000
43147  30.688  -42.808  16.233 0.0000000000
42138  31.104  -43.028  15.866 0.0000000000
41116  32.209  -44.107  16.401 0.0000000000
64926  43.901  -18.710  14.909 0.0000000000
65867  44.826  -18.709  13.471 0.0000000000
25494  5.256  -59.796  26.296 0.0000000000
60502  37.677  -24.319  16.820 0.0000000000
60503  37.358  -24.522  16.260 0.0000000000
130454  36.196  -30.738  12.236 0.0000000000
52908  37.477  -32.127  12.108 0.0000000000
52894  38.158  -32.818  12.260 0.0000000000
50837  38.453  -34.360  12.994 0.0000000000
31689  6.000  -53.062  28.907 0.0000000000
40084  22.905  -44.931  18.588 0.0000000000
130019  20.586  -49.645  22.544 0.0000000000
36059  20.958  -49.685  22.769 0.0000000000
50782  28.998  -34.447  18.762 0.0000000000
47040  35.409  -38.463  19.712 0.0000000000
47041  34.853  -37.987  19.359 0.0000000000
47026  35.832  -38.277  20.380 0.0000000000
116319  34.206  -30.329  15.801 0.0000000000
54898  33.755  -30.699  15.100 0.0000000000
119744  18.800  -49.085  20.920 0.0000000000
36074  18.698  -49.820  21.049 0.0000000000
36025  16.553  -48.833  23.805 0.0000000000
36008  16.208  -48.354  24.574 0.0000000000
40042  17.945  -45.033  22.495 0.0000000000
39030  18.108  -45.663  21.918 0.0000000000
38024  18.828  -47.583  20.885 0.0000000000
37038  18.411  -48.439  20.949 0.0000000000
47055  28.636  -38.709  18.661 0.0000000000
46148  29.260  -39.558  18.473 0.0000000000
44178  33.198  -41.404  15.742 0.0000000000
45210  32.884  -40.749  15.578 0.0000000000
45198  33.580  -40.699  16.036 0.0000000000
44169  34.327  -40.606  16.695 0.0000000000
45188  35.006  -40.502  17.405 0.0000000000
44147  36.050  -41.014  18.408 0.0000000000
44134  36.288  -41.584  19.011 0.0000000000
66783  46.111  -17.392  15.801 0.0000000000
66781  47.509  -16.874  16.409 0.0000000000
67762  48.680  -16.709  14.063 0.0000000000
66813  48.504  -16.956  13.083 0.0000000000
64966  47.655  -18.891  12.232 0.0000000000
64974  50.132  -19.080  11.609 0.0000000000
64963  49.877  -19.527  12.295 0.0000000000
60524  38.477  -23.883  13.709 0.0000000000
60533  39.171  -24.130  13.195 0.0000000000
59647  41.386  -25.886  13.617 0.0000000000
58764  41.026  -26.567  13.394 0.0000000000
58756  36.335  -26.395  15.733 0.0000000000
58774  36.582  -26.860  14.171 0.0000000000
55877  38.435  -29.836  12.250 0.0000000000
55875  40.169  -29.286  13.077 0.0000000000
55870  40.715  -29.794  13.543 0.0000000000
39099  29.411  -46.627  18.147 0.0000000000
39080  30.460  -46.871  19.205 0.0000000000
62406  40.831  -21.863  18.196 0.0000000000
63265  41.075  -21.066  17.648 0.0000000000
63264  41.817  -20.639  17.791 0.0000000000
31770  18.513  -53.344  22.350 0.0000000000
31759  19.128  -53.459  22.870 0.0000000000
31747  18.271  -54.445  23.720 0.0000000000
30700  11.770  -54.472  26.414 0.0000000000
30685  11.315  -54.822  26.888 0.0000000000
36001  9.820  -49.420  26.877 0.0000000000
34966  9.634  -50.387  25.494 0.0000000000
33892  9.225  -51.061  25.131 0.0000000000
32840  7.544  -52.725  25.282 0.0000000000
30728  8.206  -54.591  24.447 0.0000000000
29629  8.296  -55.303  24.638 0.0000000000
28610  8.631  -56.809  25.766 0.0000000000
28631  7.931  -55.948  24.750 0.0000000000
133800  5.793  -54.983  26.549 0.0000000000
28597  5.471  -56.694  26.082 0.0000000000
42106  27.398  -42.999  17.035 0.0000000000
42123  27.391  -43.381  16.478 0.0000000000
41121  27.443  -44.272  16.127 0.0000000000
40131  26.673  -45.586  16.023 0.0000000000
38078  24.762  -47.550  16.755 0.0000000000
37049  27.210  -49.139  19.548 0.0000000000
126573  26.468  -49.019  19.095 0.0000000000
40071  21.462  -45.022  20.494 0.0000000000
130723  22.179  -45.842  19.822 0.0000000000
39064  21.672  -45.999  20.397 0.0000000000
35020  22.462  -50.662  22.748 0.0000000000
36056  22.805  -50.323  21.927 0.0000000000
35019  23.228  -51.068  22.205 0.0000000000
61493  43.227  -22.978  12.991 0.0000000000
62443  44.060  -23.365  13.235 0.0000000000
118623  32.095  -32.150  16.699 0.0000000000
48019  29.565  -37.645  16.779 0.0000000000
48990  28.954  -36.688  16.596 0.0000000000
49001  30.727  -36.301  16.018 0.0000000000
48986  34.684  -36.811  17.589 0.0000000000
48987  33.949  -36.804  17.022 0.0000000000
49014  34.559  -36.954  15.256 0.0000000000
49026  34.165  -36.756  14.346 0.0000000000
49025  35.180  -36.951  14.529 0.0000000000
49024  35.989  -36.952  14.836 0.0000000000
49900  36.596  -36.692  14.716 0.0000000000
116323  36.910  -36.143  14.191 0.0000000000
49899  37.427  -36.429  15.145 0.0000000000
40082  32.504  -45.674  19.285 0.0000000000
40081  33.114  -45.271  19.598 0.0000000000
41068  33.789  -44.834  19.913 0.0000000000
70413  54.257  -13.154  12.395 0.0000000000
38009  17.429  -46.947  22.607 0.0000000000
120749  16.997  -47.958  23.985 0.0000000000
40025  17.711  -44.827  23.409 0.0000000000
128218  17.497  -45.461  23.099 0.0000000000
134122  48.414  -20.917  13.367 0.0000000000
63295  47.783  -21.892  13.639 0.0000000000
45179  30.924  -40.972  17.861 0.0000000000
45189  31.354  -40.981  16.825 0.0000000000
44180  31.937  -41.456  15.507 0.0000000000
43160  31.651  -42.178  15.680 0.0000000000
43159  32.142  -42.035  15.472 0.0000000000
43158  32.762  -41.912  15.629 0.0000000000
43144  33.249  -42.154  16.059 0.0000000000
43130  33.726  -42.403  16.739 0.0000000000
43129  34.136  -42.571  17.489 0.0000000000
65847  44.481  -18.141  15.397 0.0000000000
66796  45.770  -17.346  15.019 0.0000000000
66804  46.317  -17.176  14.257 0.0000000000
115412  46.049  -18.814  12.523 0.0000000000
64967  46.805  -18.875  12.259 0.0000000000
62418  39.751  -21.784  16.851 0.0000000000
115329  39.667  -21.763  15.350 0.0000000000
62431  38.844  -22.543  15.542 0.0000000000
61474  38.510  -23.045  14.812 0.0000000000
61487  38.262  -23.522  14.316 0.0000000000
56863  36.195  -28.274  13.467 0.0000000000
55886  37.639  -29.916  12.131 0.0000000000
54919  37.052  -30.467  12.051 0.0000000000
52892  40.037  -31.743  13.530 0.0000000000
52880  40.317  -32.537  13.772 0.0000000000
51805  40.236  -33.502  13.809 0.0000000000
50820  40.514  -34.091  14.309 0.0000000000
38034  29.031  -47.964  19.839 0.0000000000
37046  29.129  -48.480  20.376 0.0000000000
32873  16.274  -52.761  22.642 0.0000000000
31762  16.503  -53.686  23.048 0.0000000000
32855  14.388  -53.458  23.252 0.0000000000
31734  15.135  -54.378  24.830 0.0000000000
31736  12.297  -53.813  25.040 0.0000000000
31721  6.883  -53.217  25.782 0.0000000000
31740  6.614  -54.022  25.388 0.0000000000
119855  5.938  -53.388  28.072 0.0000000000
126783  5.676  -53.881  27.756 0.0000000000
133728  25.919  -43.432  17.832 0.0000000000
41101  25.213  -44.138  16.874 0.0000000000
40118  24.407  -45.523  16.702 0.0000000000
40100  24.005  -45.134  17.486 0.0000000000
39101  24.001  -47.032  17.252 0.0000000000
37077  24.031  -48.116  18.438 0.0000000000
134713  20.975  -47.858  21.495 0.0000000000
37018  21.674  -49.181  22.089 0.0000000000
36057  22.081  -49.905  22.465 0.0000000000
60511  43.170  -25.062  14.560 0.0000000000
51773  30.154  -33.432  16.238 0.0000000000
48017  32.555  -37.318  17.560 0.0000000000
48010  33.184  -37.427  18.065 0.0000000000
48975  33.212  -36.991  17.865 0.0000000000
48008  34.554  -37.154  18.856 0.0000000000
48974  34.560  -36.912  18.412 0.0000000000
119518  35.439  -36.735  18.241 0.0000000000
134563  36.068  -36.706  18.112 0.0000000000
66830  51.038  -17.209  11.030 0.0000000000
67784  51.658  -16.572  11.117 0.0000000000
122389  3.489  -59.595  26.170 0.0000000000
131581  37.447  -26.986  17.599 0.0000000000
56846  35.493  -28.595  15.534 0.0000000000
52910  35.677  -32.241  12.305 0.0000000000
51851  35.502  -32.952  12.306 0.0000000000
33942  19.666  -51.661  22.718 0.0000000000
32889  19.283  -52.268  22.096 0.0000000000
35033  18.584  -50.662  21.204 0.0000000000
32890  18.776  -52.228  21.621 0.0000000000
32883  18.138  -52.758  21.784 0.0000000000
32884  17.222  -52.746  22.228 0.0000000000
37022  17.244  -48.790  22.479 0.0000000000
36044  17.184  -49.767  22.688 0.0000000000
36045  16.779  -49.616  23.304 0.0000000000
120126  16.665  -51.901  22.342 0.0000000000
35006  14.851  -50.567  22.860 0.0000000000
42059  22.993  -43.527  20.520 0.0000000000
42044  21.709  -43.211  21.314 0.0000000000
40059  18.623  -45.136  21.837 0.0000000000
39047  20.832  -47.176  21.144 0.0000000000
36043  20.260  -50.385  22.897 0.0000000000
124015  28.692  -36.063  20.840 0.0000000000
48953  28.369  -36.849  20.151 0.0000000000
48000  28.186  -37.131  19.228 0.0000000000
47067  31.398  -38.182  16.869 0.0000000000
45200  31.188  -40.142  16.549 0.0000000000
46171  31.167  -39.526  16.527 0.0000000000
46170  31.825  -39.537  16.234 0.0000000000
47082  31.988  -38.841  16.549 0.0000000000
47066  32.296  -38.122  17.272 0.0000000000
47065  33.207  -38.405  17.598 0.0000000000
46146  34.016  -38.608  18.007 0.0000000000
130108  34.621  -38.801  18.370 0.0000000000
45178  35.189  -39.861  17.762 0.0000000000
46145  35.155  -39.311  18.356 0.0000000000
67759  50.483  -15.545  14.929 0.0000000000
117595  49.874  -16.138  13.938 0.0000000000
132355  50.594  -17.218  11.531 0.0000000000
66822  48.500  -17.516  12.486 0.0000000000
66821  49.908  -17.453  11.829 0.0000000000
64110  43.184  -20.117  14.020 0.0000000000
116827  43.052  -23.647  13.489 0.0000000000
62445  40.066  -22.182  14.079 0.0000000000
59645  42.762  -25.751  14.193 0.0000000000
58762  42.641  -26.689  14.306 0.0000000000
60492  37.386  -25.041  16.898 0.0000000000
59631  36.638  -25.736  16.115 0.0000000000
119605  37.006  -25.271  15.397 0.0000000000
57860  36.680  -27.455  13.422 0.0000000000
57859  37.466  -27.563  12.770 0.0000000000
58772  39.183  -26.429  12.758 0.0000000000
57851  40.692  -27.364  13.207 0.0000000000
125383  41.933  -28.149  14.077 0.0000000000
40128  30.716  -44.780  16.375 0.0000000000
119346  31.600  -45.605  18.097 0.0000000000
39097  30.920  -46.229  18.559 0.0000000000
40083  31.806  -45.959  18.911 0.0000000000
64918  43.411  -19.224  16.479 0.0000000000
64928  42.693  -19.623  15.773 0.0000000000
31746  19.388  -53.544  23.857 0.0000000000
30735  16.964  -54.285  23.497 0.0000000000
36014  11.913  -49.034  25.630 0.0000000000
130082  11.833  -49.891  24.190 0.0000000000
33911  10.963  -51.291  23.916 0.0000000000
128330  10.632  -52.927  24.256 0.0000000000
34954  8.566  -50.389  26.719 0.0000000000
30702  10.242  -55.414  26.466 0.0000000000
29619  9.669  -55.268  25.429 0.0000000000
116125  7.371  -58.456  26.604 0.0000000000
26593  7.030  -58.180  25.664 0.0000000000
26604  6.250  -58.554  25.740 0.0000000000
26605  5.602  -58.556  25.686 0.0000000000
29580  4.359  -55.247  29.297 0.0000000000
126938  3.742  -57.691  27.108 0.0000000000
47029  29.042  -38.527  20.844 0.0000000000
41138  29.901  -43.938  15.916 0.0000000000
42121  29.459  -43.512  16.317 0.0000000000
39115  28.853  -46.517  17.397 0.0000000000
39100  28.610  -46.909  18.026 0.0000000000
38061  28.314  -47.490  18.497 0.0000000000
40132  25.816  -45.166  16.114 0.0000000000
39118  26.459  -47.096  16.379 0.0000000000
38075  27.621  -47.561  17.828 0.0000000000
39084  22.398  -46.207  19.274 0.0000000000
119934  21.678  -48.192  21.295 0.0000000000
37050  22.221  -48.442  20.800 0.0000000000
36098  22.942  -48.725  20.010 0.0000000000
36097  23.803  -49.270  19.535 0.0000000000
36096  24.745  -49.670  19.251 0.0000000000
36084  25.147  -50.326  19.732 0.0000000000
63311  44.245  -21.423  12.383 0.0000000000
62442  44.922  -23.269  13.157 0.0000000000
62441  45.764  -23.084  13.395 0.0000000000
60509  44.517  -24.861  15.141 0.0000000000
53875  33.643  -30.969  16.798 0.0000000000
132430  33.490  -31.438  14.754 0.0000000000
52881  33.672  -32.118  13.966 0.0000000000
50854  35.786  -33.882  12.214 0.0000000000
115718  28.517  -35.859  19.916 0.0000000000
119400  28.801  -35.227  17.409 0.0000000000
50792  29.102  -34.490  17.926 0.0000000000
50802  29.760  -34.287  16.033 0.0000000000
50812  30.432  -33.999  15.575 0.0000000000
123141  32.072  -36.835  17.101 0.0000000000
49016  31.287  -35.808  15.598 0.0000000000
49903  30.947  -35.179  15.256 0.0000000000
50826  31.479  -34.760  14.782 0.0000000000
50825  32.083  -34.578  14.395 0.0000000000
50824  32.608  -34.775  13.934 0.0000000000
49931  34.384  -35.650  13.192 0.0000000000
50841  34.287  -34.678  12.911 0.0000000000
50840  34.967  -34.274  12.499 0.0000000000
50823  38.124  -35.133  13.568 0.0000000000
49913  38.650  -35.405  14.411 0.0000000000
49897  39.187  -35.615  15.184 0.0000000000
41117  31.474  -44.460  16.373 0.0000000000
113615  32.802  -44.262  17.148 0.0000000000
128500  32.739  -44.847  17.990 0.0000000000
42103  33.303  -43.672  17.164 0.0000000000
42086  33.850  -43.359  17.957 0.0000000000
43115  34.629  -42.659  18.251 0.0000000000
41049  34.519  -44.522  20.276 0.0000000000
42055  34.907  -43.980  20.021 0.0000000000
42072  35.069  -43.499  19.488 0.0000000000
43102  35.231  -42.765  18.975 0.0000000000
43101  35.953  -42.294  19.062 0.0000000000
43100  36.637  -42.200  19.404 0.0000000000
68678  50.736  -15.158  13.957 0.0000000000
69534  50.869  -13.491  14.681 0.0000000000
71272  51.839  -12.757  14.285 0.0000000000
68695  52.067  -15.877  11.574 0.0000000000
69556  52.885  -14.819  11.665 0.0000000000
69546  52.474  -14.451  12.395 0.0000000000
71271  53.446  -11.916  14.520 0.0000000000
71270  53.901  -11.604  14.183 0.0000000000
72113  53.939  -11.323  14.277 0.0000000000
35032  19.132  -51.005  21.449 0.0000000000
37031  29.429  -48.796  20.964 0.0000000000
44179  32.531  -41.397  15.505 0.0000000000
47988  35.909  -37.796  20.296 0.0000000000
50821  39.447  -35.009  14.492 0.0000000000
51762  30.702  -32.730  16.527 0.0000000000
61455  38.855  -22.883  17.152 0.0000000000
71275  54.167  -12.119  13.543 0.0000000000
130405  30.843  -34.547  15.257 0.0000000000
131963  29.539  -47.772  19.842 0.0000000000
