#!ascii label  , from subject sub-004 vox2ras=TkReg
1989
48344  -47.558  -38.807  30.136 0.0000000000
26172  -37.376  -57.618  30.619 0.0000000000
52224  -50.354  -34.101  12.647 0.0000000000
131970  -43.252  -36.418  17.948 0.0000000000
124211  -51.531  -41.934  20.599 0.0000000000
34656  -48.591  -51.545  26.745 0.0000000000
129904  -34.718  -49.557  21.606 0.0000000000
43568  -38.996  -44.266  18.976 0.0000000000
29719  -28.922  -55.482  33.278 0.0000000000
57006  -60.021  -29.223  16.896 0.0000000000
143547  -26.072  -51.424  23.560 0.0000000000
136978  -45.931  -37.813  24.288 0.0000000000
132313  -48.324  -37.333  19.885 0.0000000000
125957  -50.511  -37.209  26.641 0.0000000000
42413  -50.537  -44.470  27.432 0.0000000000
39109  -44.326  -47.054  23.138 0.0000000000
44511  -45.863  -42.300  22.562 0.0000000000
47512  -39.966  -39.925  19.244 0.0000000000
61335  -58.047  -25.354  12.932 0.0000000000
144479  -33.044  -54.441  33.646 0.0000000000
32197  -28.134  -52.656  28.705 0.0000000000
32215  -32.254  -52.972  27.687 0.0000000000
144098  -50.540  -39.583  15.284 0.0000000000
28516  -42.836  -55.933  27.507 0.0000000000
32247  -36.583  -53.586  25.458 0.0000000000
34695  -40.497  -52.148  23.196 0.0000000000
39133  -36.249  -47.839  19.559 0.0000000000
26154  -27.682  -58.795  30.973 0.0000000000
131422  -55.379  -45.398  21.030 0.0000000000
47547  -56.736  -39.319  16.734 0.0000000000
52149  -61.341  -34.077  19.513 0.0000000000
130015  -57.896  -36.020  13.348 0.0000000000
53160  -58.729  -34.338  12.314 0.0000000000
135796  -26.643  -57.440  25.982 0.0000000000
36961  -30.290  -49.848  23.990 0.0000000000
48368  -46.047  -38.122  27.466 0.0000000000
49327  -48.114  -36.705  25.670 0.0000000000
50236  -48.293  -35.798  28.468 0.0000000000
45413  -49.491  -41.544  28.571 0.0000000000
144835  -48.242  -43.940  25.258 0.0000000000
46420  -46.881  -40.979  26.832 0.0000000000
144171  -45.549  -40.135  24.406 0.0000000000
140375  -48.335  -32.282  10.263 0.0000000000
133914  -51.742  -32.510  11.120 0.0000000000
28467  -34.595  -56.573  32.436 0.0000000000
30984  -33.234  -53.808  30.535 0.0000000000
29754  -34.624  -55.633  29.426 0.0000000000
50377  -43.746  -36.275  15.718 0.0000000000
47504  -50.428  -39.188  20.635 0.0000000000
48488  -47.885  -39.244  17.007 0.0000000000
123535  -49.494  -41.677  16.717 0.0000000000
46577  -49.026  -41.587  13.332 0.0000000000
44566  -50.895  -43.080  17.312 0.0000000000
31042  -46.818  -54.027  26.727 0.0000000000
31058  -42.817  -54.621  24.687 0.0000000000
33510  -44.794  -52.588  24.335 0.0000000000
41380  -41.330  -45.520  20.635 0.0000000000
39115  -40.248  -47.507  21.341 0.0000000000
41390  -37.873  -45.945  18.903 0.0000000000
48468  -41.455  -37.944  18.778 0.0000000000
44557  -57.066  -42.458  18.558 0.0000000000
51225  -58.791  -35.445  16.457 0.0000000000
54092  -57.357  -32.971  16.170 0.0000000000
53145  -57.899  -34.641  12.903 0.0000000000
55994  -56.123  -30.683  14.331 0.0000000000
58169  -58.192  -28.659  11.212 0.0000000000
27275  -28.419  -58.042  31.387 0.0000000000
26211  -27.312  -58.162  27.849 0.0000000000
136442  -27.712  -56.249  29.572 0.0000000000
34650  -26.611  -52.033  26.207 0.0000000000
31044  -25.778  -54.010  24.657 0.0000000000
32277  -25.593  -53.789  21.892 0.0000000000
34692  -35.883  -51.171  23.561 0.0000000000
34669  -34.235  -51.636  25.421 0.0000000000
36992  -32.036  -49.037  22.899 0.0000000000
135105  -44.545  -37.498  21.371 0.0000000000
128751  -45.513  -36.631  18.537 0.0000000000
49372  -47.064  -37.128  22.900 0.0000000000
48416  -49.936  -37.791  22.951 0.0000000000
47464  -51.593  -39.821  24.012 0.0000000000
38025  -50.380  -48.333  26.370 0.0000000000
146673  -47.043  -49.527  24.355 0.0000000000
40221  -47.888  -46.178  24.316 0.0000000000
41363  -45.271  -44.921  22.895 0.0000000000
43560  -42.116  -43.198  20.938 0.0000000000
45531  -39.608  -41.677  19.466 0.0000000000
44534  -43.434  -41.684  20.760 0.0000000000
47495  -43.988  -39.332  21.452 0.0000000000
59206  -59.119  -27.523  15.013 0.0000000000
62173  -61.929  -24.589  15.464 0.0000000000
140948  -30.914  -52.771  34.094 0.0000000000
30983  -28.203  -53.925  30.833 0.0000000000
33388  -30.702  -52.468  31.971 0.0000000000
33436  -30.495  -52.246  28.640 0.0000000000
34653  -29.484  -51.567  26.533 0.0000000000
49433  -45.886  -37.256  16.189 0.0000000000
49487  -48.837  -37.567  13.540 0.0000000000
50400  -50.347  -36.757  14.458 0.0000000000
27302  -40.035  -57.115  28.913 0.0000000000
28524  -36.690  -56.653  27.564 0.0000000000
28544  -39.707  -55.886  25.784 0.0000000000
32267  -38.451  -53.502  23.484 0.0000000000
34707  -37.535  -51.756  21.923 0.0000000000
36980  -42.663  -49.764  23.293 0.0000000000
125490  -39.224  -49.504  21.833 0.0000000000
37009  -35.384  -49.314  20.095 0.0000000000
50184  -48.246  -36.333  31.385 0.0000000000
30987  -39.098  -54.375  30.350 0.0000000000
33439  -44.194  -51.801  28.375 0.0000000000
35769  -46.833  -50.095  27.582 0.0000000000
49282  -50.782  -36.769  29.608 0.0000000000
47404  -52.081  -38.913  28.040 0.0000000000
45477  -52.448  -41.862  24.788 0.0000000000
43481  -54.304  -43.501  25.216 0.0000000000
43552  -52.925  -43.917  20.893 0.0000000000
145598  -53.231  -42.705  17.908 0.0000000000
47544  -53.274  -39.456  16.943 0.0000000000
50381  -53.351  -36.557  15.613 0.0000000000
48513  -59.919  -38.313  16.677 0.0000000000
49475  -57.544  -37.285  13.694 0.0000000000
125665  -54.468  -34.905  13.006 0.0000000000
53175  -55.278  -33.855  11.395 0.0000000000
131287  -56.365  -29.274  12.645 0.0000000000
130570  -25.130  -58.000  27.541 0.0000000000
27355  -23.479  -56.985  23.133 0.0000000000
29782  -26.768  -55.481  27.203 0.0000000000
28557  -25.211  -56.312  23.400 0.0000000000
32218  -34.191  -54.122  27.379 0.0000000000
34655  -31.814  -52.122  26.129 0.0000000000
35831  -27.820  -50.345  23.521 0.0000000000
35853  -28.190  -50.583  21.354 0.0000000000
48357  -46.605  -38.587  28.952 0.0000000000
49293  -46.525  -37.135  28.642 0.0000000000
49281  -46.858  -37.061  29.464 0.0000000000
46364  -48.759  -39.987  29.150 0.0000000000
45428  -48.355  -41.581  27.525 0.0000000000
46379  -47.363  -40.255  28.310 0.0000000000
46398  -46.464  -40.179  27.103 0.0000000000
142769  -49.556  -34.259  12.406 0.0000000000
53169  -49.428  -33.282  11.701 0.0000000000
54152  -49.817  -32.232  10.607 0.0000000000
53155  -50.954  -33.416  12.143 0.0000000000
27278  -35.659  -57.305  31.429 0.0000000000
28490  -35.011  -56.213  30.524 0.0000000000
136694  -35.560  -57.250  29.809 0.0000000000
50358  -41.621  -35.899  16.191 0.0000000000
123892  -43.141  -35.969  17.076 0.0000000000
128444  -50.814  -40.173  20.581 0.0000000000
127411  -49.319  -40.384  18.148 0.0000000000
141245  -50.176  -41.094  19.161 0.0000000000
45551  -50.136  -42.561  16.722 0.0000000000
45535  -51.037  -42.492  19.253 0.0000000000
33471  -47.521  -52.724  26.633 0.0000000000
31062  -45.968  -54.151  24.823 0.0000000000
129936  -47.254  -52.167  25.066 0.0000000000
42517  -40.414  -44.568  19.993 0.0000000000
41378  -39.796  -45.880  20.053 0.0000000000
42531  -38.511  -44.836  18.714 0.0000000000
42529  -36.838  -44.799  18.167 0.0000000000
50338  -41.840  -37.055  18.332 0.0000000000
49417  -40.962  -37.327  18.224 0.0000000000
50348  -41.365  -36.583  17.609 0.0000000000
54078  -59.047  -32.612  17.254 0.0000000000
55963  -58.944  -30.722  16.938 0.0000000000
55059  -56.864  -31.597  15.706 0.0000000000
57004  -58.642  -29.728  16.051 0.0000000000
28465  -28.748  -56.678  32.910 0.0000000000
28488  -28.163  -57.160  29.990 0.0000000000
29734  -28.387  -55.687  31.446 0.0000000000
131611  -26.311  -51.454  24.939 0.0000000000
33494  -25.579  -52.484  24.469 0.0000000000
34702  -25.766  -52.043  23.141 0.0000000000
141269  -26.137  -54.088  20.717 0.0000000000
33513  -25.902  -52.044  22.154 0.0000000000
36994  -34.869  -50.010  22.542 0.0000000000
35835  -34.615  -50.321  23.522 0.0000000000
137150  -33.915  -49.453  22.472 0.0000000000
49370  -45.568  -37.461  22.606 0.0000000000
49380  -45.821  -37.037  21.991 0.0000000000
49357  -46.576  -37.384  23.779 0.0000000000
49328  -49.348  -36.867  25.751 0.0000000000
124943  -48.784  -36.916  24.985 0.0000000000
49344  -50.262  -37.678  24.696 0.0000000000
48417  -50.669  -38.435  23.368 0.0000000000
48392  -50.796  -38.231  25.231 0.0000000000
39059  -50.656  -46.870  26.324 0.0000000000
129954  -49.713  -47.157  24.763 0.0000000000
41321  -49.391  -46.178  25.618 0.0000000000
44497  -46.828  -43.035  23.880 0.0000000000
42471  -46.565  -44.206  23.310 0.0000000000
43537  -45.359  -43.525  22.419 0.0000000000
42500  -43.302  -44.282  21.829 0.0000000000
43550  -44.385  -42.876  21.741 0.0000000000
44533  -42.593  -42.272  20.749 0.0000000000
138370  -45.040  -41.982  21.390 0.0000000000
47462  -45.385  -39.227  24.384 0.0000000000
47485  -44.957  -39.852  22.850 0.0000000000
143999  -44.585  -38.921  22.673 0.0000000000
49378  -44.183  -38.078  21.538 0.0000000000
30954  -32.623  -53.843  34.166 0.0000000000
32137  -31.230  -52.696  33.345 0.0000000000
32138  -32.207  -53.088  32.963 0.0000000000
32186  -32.792  -53.327  29.008 0.0000000000
32185  -32.110  -52.644  29.517 0.0000000000
33437  -31.425  -52.487  28.077 0.0000000000
33451  -30.480  -52.212  27.686 0.0000000000
33466  -30.834  -52.317  26.980 0.0000000000
50329  -47.001  -36.812  19.584 0.0000000000
50352  -46.065  -37.052  17.851 0.0000000000
49419  -47.375  -37.831  18.401 0.0000000000
47555  -47.684  -39.890  15.160 0.0000000000
48527  -46.998  -39.362  14.864 0.0000000000
47585  -46.492  -40.478  13.547 0.0000000000
46562  -50.177  -41.490  14.592 0.0000000000
47573  -48.735  -39.657  13.332 0.0000000000
131235  -49.842  -38.570  14.446 0.0000000000
49488  -49.608  -36.925  13.947 0.0000000000
48529  -50.515  -38.164  14.892 0.0000000000
28514  -41.485  -56.555  28.019 0.0000000000
27338  -40.258  -57.279  26.935 0.0000000000
27339  -41.580  -57.056  26.301 0.0000000000
131368  -41.892  -53.057  23.952 0.0000000000
31056  -40.924  -54.295  24.460 0.0000000000
123238  -39.730  -53.235  23.388 0.0000000000
33504  -38.322  -52.895  22.881 0.0000000000
34709  -38.937  -51.821  22.360 0.0000000000
38062  -45.544  -48.679  23.789 0.0000000000
35840  -44.525  -50.047  23.816 0.0000000000
38076  -43.164  -48.313  23.045 0.0000000000
132005  -38.624  -47.673  20.668 0.0000000000
38083  -39.921  -48.331  21.788 0.0000000000
38091  -37.993  -48.640  20.791 0.0000000000
37012  -37.409  -49.512  20.832 0.0000000000
46507  -39.756  -40.776  19.437 0.0000000000
34633  -45.360  -50.944  27.517 0.0000000000
39019  -49.999  -46.882  28.641 0.0000000000
50203  -49.428  -35.741  30.410 0.0000000000
141635  -52.852  -38.396  29.428 0.0000000000
46383  -53.217  -40.035  28.138 0.0000000000
46422  -52.636  -40.605  26.597 0.0000000000
45446  -53.509  -41.840  26.794 0.0000000000
41347  -54.924  -45.157  23.205 0.0000000000
42474  -53.572  -44.803  23.584 0.0000000000
41372  -54.235  -44.603  21.402 0.0000000000
42518  -52.709  -43.745  19.381 0.0000000000
138843  -54.387  -43.891  19.645 0.0000000000
46527  -56.555  -40.599  17.563 0.0000000000
45554  -54.932  -41.272  18.064 0.0000000000
47545  -54.878  -39.071  17.175 0.0000000000
49436  -53.179  -37.885  16.527 0.0000000000
49438  -55.082  -37.923  16.369 0.0000000000
50344  -60.264  -36.534  18.004 0.0000000000
51234  -57.684  -36.182  15.157 0.0000000000
50384  -58.426  -36.909  15.354 0.0000000000
50418  -57.487  -36.961  13.149 0.0000000000
51247  -55.594  -36.191  13.807 0.0000000000
51275  -55.791  -35.510  12.610 0.0000000000
52238  -54.792  -34.246  11.818 0.0000000000
52228  -56.407  -35.434  11.902 0.0000000000
132163  -58.003  -34.096  12.934 0.0000000000
53177  -57.487  -34.455  11.004 0.0000000000
53189  -57.761  -33.735  10.700 0.0000000000
61325  -59.288  -26.109  14.401 0.0000000000
59204  -57.651  -27.752  13.936 0.0000000000
59220  -57.121  -27.263  13.238 0.0000000000
27333  -26.769  -57.725  26.487 0.0000000000
26219  -26.426  -58.006  26.721 0.0000000000
27342  -25.485  -57.519  25.398 0.0000000000
130163  -23.694  -57.145  24.008 0.0000000000
128020  -25.056  -57.355  24.868 0.0000000000
33422  -28.567  -53.035  29.977 0.0000000000
30993  -27.489  -54.111  29.299 0.0000000000
32214  -26.947  -54.028  27.922 0.0000000000
31051  -25.747  -54.874  24.211 0.0000000000
28588  -25.737  -56.327  20.421 0.0000000000
29797  -36.748  -55.370  26.708 0.0000000000
29796  -35.994  -55.103  27.241 0.0000000000
32235  -35.983  -53.962  26.266 0.0000000000
35818  -31.566  -50.290  24.568 0.0000000000
34667  -32.424  -51.570  25.607 0.0000000000
35800  -31.241  -50.889  25.178 0.0000000000
35798  -29.477  -50.827  25.183 0.0000000000
148463  -29.432  -49.908  23.898 0.0000000000
34714  -27.859  -51.430  21.475 0.0000000000
48379  -45.774  -38.258  25.691 0.0000000000
49325  -46.362  -37.473  25.594 0.0000000000
49313  -46.555  -37.027  26.422 0.0000000000
135625  -48.122  -36.100  26.833 0.0000000000
50248  -49.225  -35.802  27.772 0.0000000000
44431  -50.060  -43.004  27.959 0.0000000000
43478  -49.407  -44.548  26.376 0.0000000000
44444  -49.072  -42.991  26.822 0.0000000000
44442  -47.725  -42.269  26.079 0.0000000000
45475  -46.877  -41.963  24.875 0.0000000000
45494  -46.009  -41.705  23.263 0.0000000000
147799  -46.090  -40.560  25.567 0.0000000000
46435  -45.767  -39.921  25.667 0.0000000000
55105  -51.868  -31.473  10.229 0.0000000000
28454  -33.899  -56.143  33.025 0.0000000000
30964  -33.557  -54.488  32.046 0.0000000000
29735  -34.145  -55.178  31.545 0.0000000000
29753  -34.225  -55.210  29.658 0.0000000000
31009  -33.804  -54.496  28.490 0.0000000000
49406  -49.042  -37.982  19.815 0.0000000000
48470  -47.697  -38.590  18.115 0.0000000000
48472  -48.898  -39.155  18.851 0.0000000000
127780  -48.426  -39.847  16.907 0.0000000000
46548  -48.680  -41.466  15.095 0.0000000000
45590  -48.159  -41.962  13.063 0.0000000000
45572  -49.206  -42.185  14.782 0.0000000000
45574  -50.337  -42.499  14.960 0.0000000000
45565  -51.229  -42.123  15.705 0.0000000000
29789  -45.039  -55.073  27.018 0.0000000000
28548  -43.524  -55.750  25.650 0.0000000000
29817  -44.528  -55.101  25.190 0.0000000000
131369  -43.961  -53.572  24.557 0.0000000000
143948  -43.314  -52.266  23.923 0.0000000000
41360  -42.998  -46.163  22.114 0.0000000000
39107  -42.208  -47.381  22.195 0.0000000000
40234  -41.416  -46.590  21.280 0.0000000000
40238  -39.557  -46.530  20.256 0.0000000000
40244  -37.502  -46.616  19.368 0.0000000000
40242  -35.675  -47.370  19.029 0.0000000000
41403  -36.348  -45.653  18.437 0.0000000000
47525  -41.195  -38.872  19.013 0.0000000000
146787  -39.875  -38.080  18.377 0.0000000000
42502  -57.364  -44.612  21.501 0.0000000000
43575  -55.993  -43.736  19.565 0.0000000000
42534  -57.988  -44.056  19.487 0.0000000000
44572  -57.980  -42.010  18.510 0.0000000000
45567  -58.697  -40.717  17.788 0.0000000000
54042  -60.161  -32.909  19.589 0.0000000000
52183  -60.070  -34.880  17.440 0.0000000000
52176  -59.851  -34.015  17.821 0.0000000000
148631  -57.972  -34.314  16.296 0.0000000000
52190  -56.883  -34.644  14.961 0.0000000000
144040  -57.743  -35.828  12.045 0.0000000000
53144  -56.853  -34.064  13.700 0.0000000000
137026  -56.445  -32.936  13.774 0.0000000000
55084  -56.111  -31.562  13.419 0.0000000000
62192  -58.070  -24.310  12.462 0.0000000000
60301  -56.814  -26.152  11.611 0.0000000000
60329  -58.131  -26.311  10.372 0.0000000000
26168  -28.015  -58.555  30.412 0.0000000000
26182  -27.301  -58.509  29.175 0.0000000000
27297  -28.182  -58.174  29.112 0.0000000000
27309  -27.852  -58.007  28.344 0.0000000000
28522  -27.249  -56.928  27.236 0.0000000000
33448  -27.070  -52.752  27.437 0.0000000000
32213  -26.610  -53.557  27.277 0.0000000000
33481  -25.874  -52.740  25.942 0.0000000000
134720  -25.634  -54.053  23.761 0.0000000000
31070  -25.592  -54.545  21.332 0.0000000000
29840  -25.545  -55.620  20.821 0.0000000000
31082  -25.835  -54.681  20.726 0.0000000000
33496  -36.765  -52.420  24.391 0.0000000000
33485  -35.481  -52.434  25.509 0.0000000000
34682  -34.698  -51.181  24.734 0.0000000000
35833  -33.034  -50.112  24.058 0.0000000000
36976  -31.552  -49.350  23.524 0.0000000000
50325  -43.916  -36.594  19.206 0.0000000000
50340  -44.682  -36.477  18.924 0.0000000000
50314  -45.019  -36.662  20.329 0.0000000000
50316  -46.397  -36.699  20.873 0.0000000000
49381  -47.851  -37.008  21.651 0.0000000000
49343  -47.232  -37.181  24.368 0.0000000000
49360  -48.932  -37.328  23.025 0.0000000000
143648  -49.349  -37.536  21.433 0.0000000000
48427  -50.073  -37.937  21.958 0.0000000000
47486  -50.997  -39.094  22.139 0.0000000000
46478  -51.859  -40.637  22.087 0.0000000000
36941  -50.006  -49.779  26.152 0.0000000000
34688  -48.306  -50.998  24.954 0.0000000000
36966  -48.829  -49.409  24.696 0.0000000000
38064  -47.101  -48.156  23.820 0.0000000000
39098  -46.114  -47.105  23.552 0.0000000000
41319  -48.290  -45.159  24.939 0.0000000000
41342  -46.938  -45.440  23.646 0.0000000000
40230  -44.266  -46.280  22.871 0.0000000000
133663  -42.961  -45.326  21.878 0.0000000000
42506  -41.853  -44.948  20.850 0.0000000000
43558  -40.631  -43.771  20.180 0.0000000000
44542  -39.418  -42.661  19.389 0.0000000000
44531  -40.797  -42.887  20.184 0.0000000000
45520  -41.864  -41.700  20.313 0.0000000000
46494  -42.099  -40.845  20.106 0.0000000000
46477  -45.135  -40.681  22.124 0.0000000000
46496  -43.687  -40.474  20.728 0.0000000000
46510  -42.358  -40.002  19.871 0.0000000000
48443  -42.892  -38.641  20.071 0.0000000000
48456  -43.028  -37.719  19.764 0.0000000000
58104  -60.143  -27.985  16.168 0.0000000000
59187  -61.063  -27.279  15.935 0.0000000000
61311  -61.056  -25.932  15.335 0.0000000000
143897  -60.398  -24.635  14.456 0.0000000000
62185  -59.886  -23.967  13.837 0.0000000000
63929  -59.538  -22.581  13.061 0.0000000000
30941  -29.404  -54.076  34.421 0.0000000000
30973  -28.555  -54.585  31.890 0.0000000000
33375  -29.681  -52.819  33.011 0.0000000000
33398  -29.498  -52.705  31.811 0.0000000000
33423  -29.285  -52.647  30.119 0.0000000000
32163  -32.567  -53.133  31.040 0.0000000000
33410  -31.222  -52.287  30.062 0.0000000000
33435  -29.521  -52.359  29.178 0.0000000000
33449  -28.317  -52.202  27.880 0.0000000000
34651  -27.521  -51.663  26.326 0.0000000000
34680  -26.765  -51.047  24.617 0.0000000000
50361  -44.558  -36.517  17.033 0.0000000000
50379  -45.309  -36.960  15.863 0.0000000000
48487  -46.877  -38.397  16.200 0.0000000000
51274  -49.186  -35.399  12.977 0.0000000000
51257  -50.656  -35.253  13.907 0.0000000000
27291  -38.798  -57.303  29.995 0.0000000000
129177  -37.137  -58.141  28.850 0.0000000000
26212  -38.421  -58.082  27.954 0.0000000000
28534  -38.307  -56.518  26.569 0.0000000000
29803  -38.010  -55.299  25.178 0.0000000000
29806  -41.388  -55.813  25.353 0.0000000000
145814  -39.385  -54.860  24.727 0.0000000000
32254  -37.862  -53.726  24.129 0.0000000000
123835  -37.502  -52.933  23.819 0.0000000000
34694  -37.404  -51.987  22.632 0.0000000000
131327  -36.475  -51.041  21.617 0.0000000000
34685  -45.470  -51.075  24.332 0.0000000000
34698  -43.634  -51.346  23.725 0.0000000000
137718  -42.259  -51.024  23.443 0.0000000000
38074  -41.759  -48.749  22.637 0.0000000000
36997  -40.546  -49.482  22.654 0.0000000000
127124  -39.582  -51.045  22.576 0.0000000000
34717  -38.095  -51.189  21.385 0.0000000000
35855  -36.824  -50.804  21.008 0.0000000000
44550  -38.477  -42.518  18.467 0.0000000000
47378  -48.382  -39.171  30.394 0.0000000000
48313  -48.077  -37.773  31.053 0.0000000000
26144  -28.168  -58.156  32.406 0.0000000000
138307  -29.643  -54.772  34.909 0.0000000000
32115  -30.385  -53.522  35.340 0.0000000000
32117  -32.117  -53.454  35.621 0.0000000000
28443  -34.667  -56.165  34.215 0.0000000000
28457  -36.117  -56.399  33.408 0.0000000000
132092  -37.480  -56.574  31.770 0.0000000000
29743  -38.563  -55.797  30.891 0.0000000000
29755  -39.718  -55.466  29.602 0.0000000000
146290  -40.638  -54.739  28.865 0.0000000000
31012  -42.543  -54.139  28.504 0.0000000000
32190  -42.897  -52.945  28.898 0.0000000000
31014  -44.120  -54.306  28.202 0.0000000000
32204  -45.135  -53.173  28.062 0.0000000000
33454  -46.839  -52.770  27.481 0.0000000000
144840  -48.187  -51.087  27.331 0.0000000000
36926  -48.737  -49.845  27.526 0.0000000000
37994  -50.103  -48.070  27.823 0.0000000000
39033  -50.959  -46.486  27.807 0.0000000000
46352  -50.051  -39.963  30.300 0.0000000000
50201  -47.514  -36.548  30.057 0.0000000000
50237  -49.247  -35.792  28.743 0.0000000000
127708  -50.590  -36.832  28.136 0.0000000000
49266  -52.271  -37.136  30.352 0.0000000000
144634  -51.413  -37.788  28.903 0.0000000000
48382  -51.331  -38.567  26.623 0.0000000000
47450  -51.710  -39.487  25.534 0.0000000000
46453  -51.968  -40.447  24.480 0.0000000000
44512  -52.419  -42.023  22.355 0.0000000000
43479  -53.104  -43.090  24.994 0.0000000000
140489  -52.996  -43.371  23.373 0.0000000000
44535  -51.958  -42.759  20.658 0.0000000000
147131  -51.820  -43.440  19.264 0.0000000000
44554  -51.923  -43.353  17.465 0.0000000000
46537  -52.170  -40.939  16.563 0.0000000000
135188  -54.679  -42.701  18.591 0.0000000000
46524  -53.596  -40.993  17.347 0.0000000000
47543  -52.449  -39.806  16.653 0.0000000000
48508  -52.250  -38.058  16.291 0.0000000000
50380  -52.438  -36.603  15.463 0.0000000000
51244  -52.827  -35.616  14.627 0.0000000000
128159  -59.707  -39.851  17.770 0.0000000000
47560  -58.748  -39.134  15.925 0.0000000000
145233  -59.697  -36.919  16.455 0.0000000000
48531  -58.483  -37.971  15.013 0.0000000000
48509  -56.736  -38.234  15.422 0.0000000000
50383  -55.433  -36.990  15.024 0.0000000000
51260  -53.771  -35.335  13.930 0.0000000000
52209  -52.397  -34.593  13.431 0.0000000000
53157  -52.871  -33.721  12.278 0.0000000000
54142  -53.725  -32.812  11.258 0.0000000000
54157  -54.122  -32.219  10.851 0.0000000000
52240  -57.055  -35.144  11.272 0.0000000000
54158  -55.650  -32.794  10.741 0.0000000000
56041  -54.181  -30.877  10.092 0.0000000000
58101  -57.883  -28.749  14.797 0.0000000000
57038  -56.534  -29.458  14.088 0.0000000000
55096  -57.783  -32.028  12.811 0.0000000000
58167  -56.723  -28.362  11.505 0.0000000000
56030  -57.981  -30.983  12.461 0.0000000000
54129  -59.361  -33.718  12.425 0.0000000000
26210  -26.256  -58.183  27.380 0.0000000000
140914  -27.932  -54.601  30.518 0.0000000000
29768  -27.045  -55.594  28.264 0.0000000000
29795  -26.966  -56.182  26.797 0.0000000000
136154  -26.289  -54.338  26.642 0.0000000000
29812  -26.372  -55.839  25.422 0.0000000000
28554  -26.067  -56.530  25.095 0.0000000000
28561  -24.463  -56.523  22.734 0.0000000000
28512  -35.580  -56.370  28.814 0.0000000000
29784  -34.838  -55.117  28.242 0.0000000000
32217  -33.421  -53.763  27.481 0.0000000000
33470  -34.031  -52.932  26.370 0.0000000000
33469  -33.140  -52.895  26.544 0.0000000000
33467  -31.631  -52.558  26.804 0.0000000000
131893  -30.416  -51.798  26.507 0.0000000000
35797  -28.522  -50.774  25.098 0.0000000000
35814  -27.281  -50.636  24.118 0.0000000000
38069  -30.026  -48.693  22.024 0.0000000000
36989  -29.541  -49.198  22.521 0.0000000000
143216  -29.035  -49.607  23.108 0.0000000000
133127  -27.602  -50.433  22.657 0.0000000000
35844  -27.038  -50.899  22.524 0.0000000000
34703  -26.557  -51.438  22.394 0.0000000000
47387  -47.229  -39.171  29.422 0.0000000000
48342  -46.515  -37.728  29.072 0.0000000000
48343  -46.922  -38.188  29.651 0.0000000000
47388  -48.042  -39.565  29.753 0.0000000000
46380  -48.256  -40.508  28.574 0.0000000000
47403  -47.756  -39.837  28.975 0.0000000000
47402  -46.902  -39.488  28.684 0.0000000000
148290  -49.300  -33.869  12.004 0.0000000000
53154  -49.959  -33.625  12.147 0.0000000000
53170  -50.226  -32.983  11.701 0.0000000000
52225  -51.284  -33.985  12.801 0.0000000000
26159  -36.764  -57.719  31.065 0.0000000000
27289  -35.598  -57.287  30.552 0.0000000000
26170  -36.068  -57.913  30.080 0.0000000000
50349  -42.352  -36.326  17.609 0.0000000000
50359  -42.384  -35.940  16.618 0.0000000000
46498  -51.201  -41.035  20.528 0.0000000000
127938  -50.595  -40.865  19.837 0.0000000000
45524  -51.093  -41.813  19.871 0.0000000000
45534  -50.542  -41.818  19.235 0.0000000000
33456  -48.116  -52.098  26.994 0.0000000000
33487  -47.350  -52.710  25.714 0.0000000000
33488  -47.757  -52.039  25.539 0.0000000000
42516  -39.649  -44.600  19.526 0.0000000000
42515  -39.044  -44.977  19.136 0.0000000000
140068  -42.729  -36.879  18.569 0.0000000000
124947  -41.720  -36.118  16.974 0.0000000000
142888  -60.115  -29.584  17.585 0.0000000000
55949  -59.354  -30.749  17.529 0.0000000000
56994  -59.440  -29.962  17.206 0.0000000000
55962  -58.458  -30.553  16.316 0.0000000000
57005  -59.348  -29.481  16.496 0.0000000000
28478  -28.592  -56.682  31.789 0.0000000000
29726  -28.652  -55.584  32.335 0.0000000000
34679  -26.130  -51.359  24.302 0.0000000000
34690  -25.693  -51.891  23.989 0.0000000000
49356  -45.766  -37.701  23.485 0.0000000000
127788  -49.828  -36.654  26.402 0.0000000000
128261  -49.702  -37.106  25.056 0.0000000000
49329  -50.294  -37.451  25.451 0.0000000000
48381  -50.765  -37.944  26.079 0.0000000000
41295  -51.029  -45.805  27.079 0.0000000000
40187  -50.122  -46.414  25.791 0.0000000000
41307  -49.790  -45.833  26.113 0.0000000000
44496  -46.341  -42.586  23.254 0.0000000000
43517  -46.501  -43.387  23.276 0.0000000000
140633  -46.080  -42.958  22.734 0.0000000000
43551  -45.047  -43.009  22.029 0.0000000000
44510  -45.517  -42.846  22.273 0.0000000000
44522  -45.054  -42.472  21.670 0.0000000000
127130  -45.411  -42.129  21.848 0.0000000000
135258  -45.629  -38.377  24.772 0.0000000000
47474  -45.040  -39.082  23.498 0.0000000000
48403  -45.424  -38.350  23.951 0.0000000000
48415  -45.124  -38.223  23.106 0.0000000000
138585  -32.735  -53.745  33.385 0.0000000000
32199  -32.840  -53.451  28.148 0.0000000000
32198  -32.190  -52.853  28.502 0.0000000000
33452  -31.530  -52.603  27.309 0.0000000000
137156  -47.668  -36.915  19.922 0.0000000000
49404  -46.923  -37.112  18.790 0.0000000000
46547  -48.029  -41.106  14.635 0.0000000000
47572  -47.212  -40.531  14.233 0.0000000000
47557  -50.654  -40.627  15.274 0.0000000000
126716  -49.671  -39.719  14.352 0.0000000000
134582  -50.261  -39.125  14.849 0.0000000000
48506  -50.818  -38.738  15.355 0.0000000000
28515  -42.168  -56.243  27.721 0.0000000000
27329  -41.816  -56.973  27.338 0.0000000000
28525  -42.458  -56.575  27.070 0.0000000000
33507  -41.336  -52.460  23.543 0.0000000000
32270  -41.037  -53.267  23.754 0.0000000000
33506  -40.427  -52.916  23.420 0.0000000000
33517  -39.727  -52.723  23.064 0.0000000000
34710  -39.724  -51.923  22.802 0.0000000000
39096  -44.805  -47.716  23.386 0.0000000000
38061  -44.793  -48.539  23.577 0.0000000000
39095  -44.072  -47.969  23.265 0.0000000000
39122  -37.653  -47.861  20.310 0.0000000000
38090  -37.088  -48.842  20.415 0.0000000000
38101  -36.708  -48.342  19.963 0.0000000000
46508  -40.571  -40.527  19.632 0.0000000000
46403  -53.692  -40.659  27.731 0.0000000000
41349  -56.199  -44.862  22.595 0.0000000000
42475  -55.546  -44.568  23.325 0.0000000000
41366  -55.185  -45.451  22.361 0.0000000000
129169  -54.564  -45.249  22.606 0.0000000000
40235  -54.788  -44.863  21.179 0.0000000000
41382  -54.407  -44.335  20.781 0.0000000000
41383  -54.955  -44.654  20.665 0.0000000000
46539  -57.121  -39.994  17.224 0.0000000000
47536  -56.188  -39.831  17.396 0.0000000000
47546  -55.784  -39.128  17.029 0.0000000000
48492  -55.379  -38.565  16.648 0.0000000000
48493  -56.309  -38.683  16.319 0.0000000000
135688  -61.056  -33.929  20.450 0.0000000000
51199  -61.490  -35.645  19.659 0.0000000000
50336  -60.419  -36.371  18.374 0.0000000000
51210  -60.549  -35.824  18.223 0.0000000000
52198  -57.421  -35.639  14.467 0.0000000000
51248  -58.061  -36.629  13.682 0.0000000000
51263  -57.789  -36.620  13.042 0.0000000000
51262  -57.213  -36.580  12.738 0.0000000000
51276  -56.840  -36.078  12.304 0.0000000000
53178  -58.356  -34.390  11.163 0.0000000000
52230  -58.653  -34.605  11.749 0.0000000000
53179  -59.189  -34.241  11.566 0.0000000000
129328  -58.424  -26.154  13.792 0.0000000000
60292  -57.986  -26.979  13.846 0.0000000000
60291  -57.531  -26.361  13.076 0.0000000000
124938  -26.513  -58.505  29.911 0.0000000000
27332  -26.145  -57.827  25.998 0.0000000000
27343  -26.115  -57.272  25.530 0.0000000000
32184  -28.046  -53.185  29.397 0.0000000000
32196  -27.440  -53.396  28.593 0.0000000000
28587  -25.028  -56.391  20.744 0.0000000000
31046  -36.861  -54.407  25.765 0.0000000000
31040  -36.420  -54.729  26.508 0.0000000000
35817  -30.744  -50.376  24.596 0.0000000000
35816  -29.890  -50.398  24.565 0.0000000000
48380  -45.850  -38.631  26.605 0.0000000000
132326  -46.054  -37.753  26.497 0.0000000000
49312  -46.281  -37.340  27.098 0.0000000000
49294  -46.925  -36.560  28.739 0.0000000000
50234  -46.818  -36.614  28.029 0.0000000000
50247  -48.268  -35.860  27.541 0.0000000000
45430  -49.916  -42.200  28.179 0.0000000000
44430  -49.447  -42.572  27.509 0.0000000000
45429  -49.127  -41.878  27.843 0.0000000000
45427  -47.601  -41.287  27.194 0.0000000000
45443  -48.072  -41.921  26.796 0.0000000000
45442  -47.406  -41.570  26.446 0.0000000000
44459  -47.413  -42.538  25.279 0.0000000000
45460  -47.160  -41.767  25.686 0.0000000000
45459  -46.525  -41.150  25.403 0.0000000000
140280  -46.867  -41.210  26.109 0.0000000000
47417  -46.121  -39.228  27.347 0.0000000000
47433  -45.984  -39.606  26.513 0.0000000000
47432  -45.683  -39.069  25.974 0.0000000000
53186  -48.085  -32.767  10.729 0.0000000000
54153  -50.659  -32.063  10.589 0.0000000000
54154  -51.454  -32.030  10.612 0.0000000000
28466  -34.475  -55.874  32.053 0.0000000000
28499  -34.983  -56.104  29.820 0.0000000000
28489  -34.654  -55.728  30.123 0.0000000000
30996  -33.761  -54.616  29.167 0.0000000000
29769  -34.191  -55.115  28.964 0.0000000000
50398  -43.118  -36.266  14.904 0.0000000000
48445  -49.727  -38.578  20.221 0.0000000000
48458  -49.296  -38.910  19.445 0.0000000000
47516  -49.919  -39.450  19.777 0.0000000000
146006  -49.287  -40.790  17.413 0.0000000000
47532  -48.866  -40.045  17.573 0.0000000000
46523  -49.006  -40.715  16.769 0.0000000000
46534  -48.555  -40.598  16.052 0.0000000000
46535  -49.250  -41.822  15.721 0.0000000000
44578  -50.214  -42.760  15.785 0.0000000000
44587  -50.510  -42.711  15.455 0.0000000000
44588  -50.810  -42.388  15.291 0.0000000000
44580  -51.065  -42.689  15.751 0.0000000000
133068  -45.572  -54.659  26.791 0.0000000000
29809  -45.279  -55.019  26.284 0.0000000000
31047  -45.666  -54.562  25.585 0.0000000000
33497  -45.489  -52.897  24.385 0.0000000000
32261  -45.529  -53.620  24.459 0.0000000000
32273  -44.070  -52.803  24.371 0.0000000000
32272  -43.317  -53.199  24.388 0.0000000000
33509  -44.306  -52.000  23.996 0.0000000000
141241  -42.599  -45.920  21.652 0.0000000000
39117  -42.204  -46.488  21.637 0.0000000000
137695  -41.635  -46.100  21.030 0.0000000000
40246  -39.111  -46.138  19.693 0.0000000000
40245  -38.348  -46.367  19.460 0.0000000000
40237  -38.779  -46.874  20.072 0.0000000000
40253  -37.029  -46.195  18.808 0.0000000000
48454  -41.948  -38.580  19.235 0.0000000000
48467  -40.516  -38.203  18.614 0.0000000000
43553  -57.583  -43.916  21.657 0.0000000000
42509  -57.572  -44.663  20.783 0.0000000000
44545  -59.337  -42.310  19.288 0.0000000000
43577  -58.939  -42.917  19.064 0.0000000000
43600  -59.005  -42.300  18.508 0.0000000000
45557  -58.345  -41.284  18.049 0.0000000000
44582  -58.915  -41.090  18.149 0.0000000000
55931  -61.044  -30.410  19.827 0.0000000000
54993  -61.372  -30.701  20.343 0.0000000000
55004  -60.403  -31.560  20.022 0.0000000000
136091  -59.730  -32.270  19.290 0.0000000000
53119  -59.986  -33.760  18.279 0.0000000000
54063  -59.716  -32.914  18.530 0.0000000000
138304  -58.591  -32.107  16.760 0.0000000000
54093  -58.332  -32.923  16.624 0.0000000000
139825  -57.690  -33.654  16.217 0.0000000000
52179  -57.331  -34.440  15.732 0.0000000000
53126  -56.877  -33.582  15.556 0.0000000000
53133  -56.593  -33.865  14.622 0.0000000000
54102  -56.346  -33.029  15.125 0.0000000000
127906  -56.445  -30.960  15.119 0.0000000000
139851  -56.149  -32.124  14.967 0.0000000000
55073  -55.950  -31.414  14.402 0.0000000000
54126  -56.448  -32.393  13.430 0.0000000000
55083  -55.890  -31.425  13.842 0.0000000000
63053  -57.873  -24.108  11.461 0.0000000000
61368  -57.433  -25.469  10.884 0.0000000000
26169  -28.255  -58.371  30.794 0.0000000000
26184  -28.185  -58.245  29.947 0.0000000000
27287  -28.403  -57.830  30.485 0.0000000000
27310  -28.028  -57.456  29.008 0.0000000000
28510  -27.494  -57.225  28.137 0.0000000000
33464  -27.197  -52.220  26.897 0.0000000000
33463  -26.523  -52.758  26.747 0.0000000000
146903  -25.520  -53.335  23.408 0.0000000000
32252  -25.501  -53.244  24.180 0.0000000000
32265  -25.528  -53.940  22.855 0.0000000000
32292  -26.900  -53.938  20.669 0.0000000000
34684  -36.375  -51.711  24.046 0.0000000000
33495  -36.023  -51.953  24.887 0.0000000000
34683  -35.555  -51.376  24.445 0.0000000000
36978  -33.368  -49.747  23.339 0.0000000000
35834  -33.821  -50.188  23.841 0.0000000000
36977  -32.429  -49.612  23.601 0.0000000000
36963  -31.807  -49.793  24.050 0.0000000000
49392  -44.423  -37.062  20.611 0.0000000000
50326  -44.512  -36.601  19.821 0.0000000000
49393  -45.069  -36.957  21.013 0.0000000000
49371  -46.363  -37.104  22.389 0.0000000000
50303  -46.429  -36.878  21.653 0.0000000000
50294  -47.103  -36.996  22.034 0.0000000000
50304  -47.142  -36.833  21.236 0.0000000000
140549  -47.728  -37.066  22.361 0.0000000000
49326  -47.089  -36.886  25.685 0.0000000000
129417  -46.939  -37.218  25.070 0.0000000000
123337  -47.731  -37.018  24.988 0.0000000000
146670  -49.388  -37.370  23.628 0.0000000000
124015  -48.365  -37.035  23.999 0.0000000000
49373  -48.562  -37.213  22.175 0.0000000000
49374  -49.407  -37.536  22.314 0.0000000000
47463  -51.228  -39.107  23.693 0.0000000000
47475  -51.177  -39.049  22.859 0.0000000000
47487  -51.450  -39.822  22.308 0.0000000000
47476  -51.546  -39.804  23.212 0.0000000000
36942  -50.164  -49.116  26.560 0.0000000000
36950  -49.643  -49.488  25.516 0.0000000000
38051  -49.897  -48.728  25.077 0.0000000000
39101  -48.530  -46.790  24.569 0.0000000000
39087  -48.977  -47.691  24.592 0.0000000000
145348  -47.642  -47.596  23.883 0.0000000000
143275  -46.438  -47.757  23.630 0.0000000000
39099  -47.055  -47.149  23.666 0.0000000000
43477  -48.771  -44.274  25.938 0.0000000000
42452  -48.600  -45.075  25.341 0.0000000000
42451  -48.117  -44.622  24.848 0.0000000000
41364  -46.170  -44.974  23.284 0.0000000000
145509  -46.788  -44.805  23.526 0.0000000000
41340  -45.510  -45.663  23.213 0.0000000000
41362  -44.698  -45.645  22.886 0.0000000000
129271  -43.776  -45.691  22.500 0.0000000000
136760  -44.402  -44.931  22.582 0.0000000000
43548  -42.637  -43.771  21.371 0.0000000000
43547  -41.906  -44.118  20.963 0.0000000000
137966  -41.184  -44.529  20.480 0.0000000000
43559  -41.360  -43.520  20.552 0.0000000000
45521  -42.721  -41.365  20.448 0.0000000000
45533  -41.205  -41.114  19.984 0.0000000000
46467  -45.750  -40.926  23.987 0.0000000000
45503  -45.538  -41.511  22.363 0.0000000000
45493  -45.465  -40.785  23.029 0.0000000000
127924  -44.570  -39.779  21.908 0.0000000000
46497  -44.196  -40.176  21.184 0.0000000000
47503  -43.614  -39.604  20.876 0.0000000000
47502  -43.041  -39.657  20.315 0.0000000000
137482  -43.261  -38.963  20.570 0.0000000000
48444  -43.304  -38.076  20.490 0.0000000000
49391  -43.915  -37.716  20.911 0.0000000000
49403  -43.685  -37.150  20.077 0.0000000000
60259  -61.833  -25.979  15.877 0.0000000000
136968  -61.656  -25.371  15.570 0.0000000000
61327  -60.499  -25.414  14.855 0.0000000000
61312  -61.099  -25.000  15.156 0.0000000000
63033  -60.712  -23.758  14.228 0.0000000000
63919  -60.934  -22.936  14.120 0.0000000000
63044  -59.326  -23.398  13.309 0.0000000000
63930  -60.566  -22.338  13.491 0.0000000000
32125  -30.080  -53.243  34.515 0.0000000000
32135  -29.533  -53.376  33.728 0.0000000000
32136  -30.267  -52.768  33.636 0.0000000000
33387  -29.858  -52.537  32.296 0.0000000000
33399  -30.025  -52.468  31.509 0.0000000000
136117  -29.392  -52.731  31.089 0.0000000000
33409  -30.167  -52.463  30.586 0.0000000000
30976  -33.664  -54.519  31.036 0.0000000000
30975  -33.158  -53.738  31.553 0.0000000000
33425  -31.353  -52.402  29.031 0.0000000000
33424  -30.324  -52.342  29.617 0.0000000000
130343  -28.888  -52.287  28.619 0.0000000000
144776  -29.710  -52.180  28.408 0.0000000000
33465  -29.930  -51.972  27.129 0.0000000000
34642  -28.924  -51.823  27.177 0.0000000000
34652  -28.478  -51.527  26.463 0.0000000000
34662  -26.939  -51.368  25.494 0.0000000000
34663  -27.991  -51.148  25.733 0.0000000000
50351  -44.643  -36.455  17.991 0.0000000000
49425  -45.966  -37.149  17.020 0.0000000000
50362  -45.284  -36.816  16.590 0.0000000000
48478  -47.519  -38.762  17.420 0.0000000000
127782  -47.410  -38.884  16.621 0.0000000000
48542  -45.999  -39.505  13.802 0.0000000000
45591  -48.669  -42.062  13.368 0.0000000000
47586  -48.689  -40.737  13.039 0.0000000000
48544  -48.720  -38.572  13.516 0.0000000000
50426  -48.347  -36.576  12.862 0.0000000000
132097  -49.461  -36.048  13.511 0.0000000000
50416  -50.272  -35.971  14.093 0.0000000000
51256  -49.968  -35.276  13.551 0.0000000000
50401  -50.986  -36.271  14.597 0.0000000000
27301  -39.363  -57.150  29.378 0.0000000000
26202  -38.692  -58.154  28.665 0.0000000000
26213  -39.167  -57.901  28.118 0.0000000000
144953  -39.997  -57.116  26.394 0.0000000000
27337  -39.436  -57.308  26.840 0.0000000000
28535  -39.334  -56.870  26.253 0.0000000000
29799  -38.193  -55.747  25.968 0.0000000000
29804  -38.772  -55.514  25.401 0.0000000000
126715  -42.932  -55.167  24.891 0.0000000000
29807  -42.344  -55.692  25.269 0.0000000000
29815  -42.109  -55.105  24.997 0.0000000000
31065  -40.113  -54.008  24.260 0.0000000000
29813  -40.117  -54.739  24.732 0.0000000000
31055  -39.372  -54.395  24.412 0.0000000000
31054  -38.717  -54.942  24.744 0.0000000000
32255  -38.606  -54.148  24.200 0.0000000000
32266  -38.014  -53.246  23.329 0.0000000000
33514  -37.934  -52.294  22.393 0.0000000000
34706  -36.876  -51.588  22.082 0.0000000000
36965  -47.625  -49.829  24.536 0.0000000000
124708  -46.930  -51.110  24.596 0.0000000000
35823  -46.136  -50.540  24.378 0.0000000000
36981  -43.848  -49.642  23.637 0.0000000000
35839  -43.807  -50.460  23.691 0.0000000000
35838  -42.936  -50.634  23.508 0.0000000000
36979  -42.079  -50.312  23.339 0.0000000000
39116  -41.514  -47.190  21.713 0.0000000000
141330  -41.565  -47.958  22.234 0.0000000000
39106  -40.823  -47.749  21.790 0.0000000000
36996  -40.029  -49.069  22.350 0.0000000000
126146  -39.870  -49.681  22.427 0.0000000000
35850  -40.187  -50.267  22.701 0.0000000000
35849  -39.425  -50.271  22.290 0.0000000000
35848  -38.774  -50.976  22.007 0.0000000000
146569  -38.955  -50.294  21.877 0.0000000000
37011  -36.500  -49.673  20.470 0.0000000000
37005  -37.056  -50.244  20.917 0.0000000000
124463  -35.913  -49.933  20.392 0.0000000000
137081  -35.396  -49.834  20.757 0.0000000000
141483  -38.906  -42.612  18.973 0.0000000000
44551  -38.984  -42.001  19.006 0.0000000000
25082  -28.025  -58.393  32.124 0.0000000000
32103  -30.573  -53.734  36.182 0.0000000000
29711  -34.323  -55.625  34.605 0.0000000000
30986  -38.465  -54.800  30.746 0.0000000000
29744  -39.058  -55.390  30.254 0.0000000000
29758  -41.753  -54.587  28.505 0.0000000000
31011  -41.820  -53.771  28.667 0.0000000000
33428  -43.712  -51.839  28.955 0.0000000000
33427  -43.294  -52.316  29.355 0.0000000000
33438  -43.634  -52.559  28.511 0.0000000000
32202  -43.337  -53.629  28.493 0.0000000000
32203  -44.235  -53.385  28.219 0.0000000000
31015  -44.957  -53.997  28.086 0.0000000000
127129  -44.409  -52.525  28.168 0.0000000000
35768  -45.756  -50.000  27.714 0.0000000000
33441  -46.066  -51.847  27.465 0.0000000000
34634  -46.418  -50.914  27.373 0.0000000000
33442  -47.169  -51.931  27.459 0.0000000000
36909  -48.279  -49.363  28.097 0.0000000000
36910  -49.120  -49.165  28.001 0.0000000000
36927  -49.406  -49.449  27.280 0.0000000000
37993  -49.349  -48.342  28.160 0.0000000000
40148  -50.946  -45.744  28.967 0.0000000000
40157  -51.126  -45.891  28.211 0.0000000000
47389  -49.006  -39.762  29.998 0.0000000000
49264  -47.807  -36.909  30.913 0.0000000000
50202  -48.271  -35.938  30.560 0.0000000000
50221  -50.096  -36.102  29.768 0.0000000000
50220  -49.274  -35.759  29.630 0.0000000000
142951  -50.241  -36.337  28.993 0.0000000000
49295  -50.890  -37.246  28.908 0.0000000000
48360  -52.455  -38.700  28.849 0.0000000000
48345  -52.056  -38.096  29.393 0.0000000000
48370  -51.423  -38.242  27.512 0.0000000000
47419  -51.802  -39.152  27.213 0.0000000000
47434  -51.756  -39.324  26.351 0.0000000000
45462  -52.623  -41.632  25.584 0.0000000000
45461  -52.213  -41.099  25.042 0.0000000000
45476  -52.295  -41.298  24.228 0.0000000000
45495  -52.440  -41.599  23.377 0.0000000000
44477  -52.553  -42.056  24.026 0.0000000000
145567  -55.022  -43.263  25.447 0.0000000000
43464  -53.980  -43.097  25.950 0.0000000000
43480  -53.629  -43.296  25.141 0.0000000000
42493  -53.277  -44.346  22.734 0.0000000000
146613  -53.186  -44.298  23.319 0.0000000000
142929  -52.818  -43.427  21.701 0.0000000000
44524  -52.357  -42.775  21.551 0.0000000000
43561  -52.438  -43.412  20.775 0.0000000000
43571  -52.012  -43.479  19.959 0.0000000000
138416  -52.540  -43.888  20.081 0.0000000000
43585  -52.991  -43.557  18.837 0.0000000000
43584  -52.286  -43.608  18.651 0.0000000000
44555  -52.518  -43.411  18.042 0.0000000000
44568  -51.888  -42.744  16.926 0.0000000000
123567  -52.572  -42.701  17.501 0.0000000000
43588  -56.439  -43.171  19.031 0.0000000000
43587  -55.237  -43.274  19.202 0.0000000000
44556  -55.884  -42.597  18.536 0.0000000000
46525  -54.539  -40.476  17.633 0.0000000000
128655  -54.145  -41.371  17.706 0.0000000000
47533  -53.802  -39.998  17.307 0.0000000000
46538  -52.976  -40.460  17.010 0.0000000000
48489  -51.927  -39.092  16.297 0.0000000000
48490  -52.773  -38.801  16.624 0.0000000000
49454  -53.745  -37.123  16.172 0.0000000000
49453  -52.724  -37.210  16.053 0.0000000000
140455  -52.333  -36.065  15.028 0.0000000000
50403  -53.061  -36.072  15.123 0.0000000000
48480  -60.513  -38.136  17.224 0.0000000000
47537  -60.973  -39.031  17.270 0.0000000000
47550  -59.903  -38.865  17.015 0.0000000000
46552  -59.432  -39.324  16.828 0.0000000000
47561  -59.240  -39.048  16.208 0.0000000000
52182  -59.927  -34.844  17.189 0.0000000000
51227  -60.080  -35.682  17.089 0.0000000000
50363  -59.063  -36.540  16.286 0.0000000000
49476  -58.009  -37.395  14.311 0.0000000000
50407  -58.358  -37.518  14.986 0.0000000000
48530  -58.125  -38.007  14.791 0.0000000000
48510  -57.743  -38.420  15.220 0.0000000000
129490  -57.434  -37.754  14.597 0.0000000000
145466  -56.649  -37.774  14.928 0.0000000000
49474  -56.570  -37.385  14.416 0.0000000000
52211  -55.100  -35.585  13.450 0.0000000000
51246  -54.528  -35.810  14.294 0.0000000000
52210  -53.309  -34.830  13.443 0.0000000000
52226  -52.236  -34.046  12.857 0.0000000000
52227  -53.353  -34.323  12.786 0.0000000000
53173  -53.314  -33.328  11.723 0.0000000000
54156  -53.197  -32.177  10.776 0.0000000000
54143  -54.798  -32.988  11.122 0.0000000000
130603  -58.120  -35.546  12.340 0.0000000000
51283  -57.783  -35.505  11.732 0.0000000000
54159  -56.433  -32.483  10.575 0.0000000000
53188  -56.652  -33.595  10.782 0.0000000000
55108  -54.571  -31.547  10.549 0.0000000000
58103  -59.282  -28.245  15.700 0.0000000000
58102  -58.568  -28.212  14.987 0.0000000000
58136  -56.409  -28.668  12.962 0.0000000000
58118  -56.655  -28.849  13.765 0.0000000000
57058  -56.314  -29.419  13.315 0.0000000000
56028  -56.197  -30.808  12.955 0.0000000000
57078  -56.465  -29.868  12.453 0.0000000000
59262  -57.134  -27.384  10.727 0.0000000000
58180  -56.805  -27.528  11.091 0.0000000000
58168  -57.155  -28.568  11.220 0.0000000000
144980  -58.912  -30.980  12.485 0.0000000000
55097  -58.835  -31.817  12.823 0.0000000000
26199  -27.754  -58.324  28.640 0.0000000000
26198  -26.915  -58.376  28.142 0.0000000000
143032  -26.855  -58.193  27.387 0.0000000000
26218  -25.755  -57.940  26.203 0.0000000000
27348  -23.624  -57.628  24.673 0.0000000000
27354  -22.914  -57.603  23.786 0.0000000000
27363  -22.970  -57.075  22.382 0.0000000000
32160  -28.537  -53.763  31.434 0.0000000000
128959  -28.169  -54.659  31.159 0.0000000000
31023  -26.789  -55.052  27.818 0.0000000000
29751  -27.276  -55.168  29.008 0.0000000000
29783  -26.942  -55.979  27.527 0.0000000000
32244  -25.919  -53.947  25.748 0.0000000000
29821  -25.585  -55.682  23.786 0.0000000000
29811  -25.946  -55.713  24.667 0.0000000000
28553  -25.552  -56.364  24.415 0.0000000000
28552  -25.064  -56.844  24.326 0.0000000000
29841  -26.152  -55.452  20.341 0.0000000000
27312  -36.644  -57.315  28.116 0.0000000000
27311  -36.161  -57.099  28.822 0.0000000000
28513  -36.215  -56.673  28.228 0.0000000000
31025  -35.083  -54.717  27.569 0.0000000000
29785  -35.591  -55.390  27.903 0.0000000000
141801  -34.390  -54.641  27.952 0.0000000000
31024  -33.842  -54.340  27.945 0.0000000000
33484  -34.602  -52.279  25.804 0.0000000000
33483  -33.664  -52.255  26.018 0.0000000000
126668  -31.690  -51.437  25.586 0.0000000000
33482  -32.742  -52.245  26.092 0.0000000000
33468  -32.372  -52.732  26.657 0.0000000000
34654  -31.136  -52.111  26.481 0.0000000000
34666  -30.948  -51.588  25.828 0.0000000000
133359  -29.001  -50.405  24.474 0.0000000000
35815  -28.107  -50.463  24.325 0.0000000000
35830  -27.103  -50.667  23.299 0.0000000000
36990  -30.360  -48.966  22.762 0.0000000000
37001  -29.319  -49.163  21.648 0.0000000000
34718  -28.628  -51.103  21.000 0.0000000000
36988  -28.718  -49.565  22.174 0.0000000000
35846  -28.051  -50.115  21.947 0.0000000000
35832  -28.251  -49.957  22.855 0.0000000000
147424  -28.209  -52.061  21.402 0.0000000000
34704  -27.150  -51.312  21.921 0.0000000000
147733  -27.330  -51.696  21.679 0.0000000000
34713  -26.770  -51.814  21.805 0.0000000000
47401  -46.307  -38.889  28.192 0.0000000000
49303  -46.384  -37.283  27.836 0.0000000000
48356  -46.279  -37.924  28.410 0.0000000000
50218  -47.464  -36.228  29.101 0.0000000000
46381  -49.133  -40.790  28.871 0.0000000000
46401  -48.695  -41.204  28.215 0.0000000000
46400  -47.887  -40.913  27.901 0.0000000000
46399  -47.053  -40.653  27.600 0.0000000000
47418  -46.634  -39.830  27.923 0.0000000000
52237  -48.797  -34.398  12.104 0.0000000000
144086  -48.715  -33.658  11.705 0.0000000000
54137  -48.775  -32.996  11.278 0.0000000000
128000  -48.953  -32.475  10.695 0.0000000000
54173  -49.114  -31.874  10.049 0.0000000000
54138  -49.595  -32.707  11.224 0.0000000000
54139  -50.410  -32.507  11.106 0.0000000000
54140  -51.040  -32.749  11.510 0.0000000000
27268  -34.990  -57.104  31.959 0.0000000000
28480  -34.883  -56.366  31.503 0.0000000000
27277  -35.216  -56.724  30.977 0.0000000000
27288  -35.160  -56.660  30.080 0.0000000000
27299  -35.210  -56.399  29.525 0.0000000000
50360  -43.815  -36.224  16.587 0.0000000000
143427  -50.400  -39.965  20.024 0.0000000000
46511  -50.072  -40.301  19.400 0.0000000000
46517  -49.770  -40.789  18.689 0.0000000000
45550  -49.652  -41.532  17.763 0.0000000000
45543  -50.112  -41.743  18.543 0.0000000000
129479  -50.249  -42.405  17.764 0.0000000000
32221  -47.174  -53.351  27.016 0.0000000000
31048  -46.398  -54.126  25.792 0.0000000000
32249  -46.640  -53.448  25.435 0.0000000000
33499  -46.752  -52.673  24.844 0.0000000000
33498  -46.142  -52.421  24.434 0.0000000000
138524  -40.740  -45.144  20.231 0.0000000000
41379  -40.523  -45.727  20.329 0.0000000000
41393  -40.126  -45.251  19.879 0.0000000000
41392  -39.403  -45.426  19.535 0.0000000000
41391  -38.632  -45.586  19.128 0.0000000000
41404  -37.347  -45.435  18.519 0.0000000000
41405  -38.063  -45.315  18.664 0.0000000000
48469  -42.214  -37.684  18.948 0.0000000000
49424  -40.468  -36.855  17.578 0.0000000000
55940  -60.024  -30.596  18.614 0.0000000000
129785  -59.489  -32.395  17.943 0.0000000000
55025  -59.551  -31.208  18.013 0.0000000000
55024  -59.095  -31.603  17.305 0.0000000000
55042  -57.757  -32.089  16.226 0.0000000000
54103  -56.729  -32.580  15.709 0.0000000000
55060  -57.834  -31.129  15.974 0.0000000000
124469  -57.162  -30.818  15.620 0.0000000000
55979  -57.032  -30.269  15.386 0.0000000000
27276  -28.531  -57.505  32.105 0.0000000000
28477  -28.411  -56.832  30.886 0.0000000000
29741  -27.965  -55.780  30.532 0.0000000000
34661  -26.108  -51.900  25.463 0.0000000000
142408  -25.736  -52.383  25.155 0.0000000000
33480  -25.837  -51.846  24.738 0.0000000000
33501  -25.545  -52.611  23.645 0.0000000000
138123  -25.600  -52.909  22.631 0.0000000000
32280  -25.791  -53.869  21.097 0.0000000000
33521  -25.798  -53.024  21.648 0.0000000000
32281  -26.346  -53.381  21.074 0.0000000000
35836  -35.434  -50.576  23.095 0.0000000000
35822  -35.090  -50.836  23.973 0.0000000000
142139  -34.129  -49.902  23.180 0.0000000000
123180  -32.918  -49.271  22.780 0.0000000000
49379  -45.176  -37.230  21.804 0.0000000000
132781  -46.252  -37.340  23.043 0.0000000000
48404  -50.134  -37.793  23.874 0.0000000000
48405  -50.818  -38.493  24.313 0.0000000000
147897  -51.345  -39.193  24.344 0.0000000000
39058  -50.568  -47.622  26.319 0.0000000000
38040  -50.216  -48.045  25.485 0.0000000000
39074  -50.271  -47.144  25.574 0.0000000000
40203  -50.019  -46.682  24.989 0.0000000000
40202  -48.960  -46.430  25.189 0.0000000000
44476  -47.621  -43.332  24.911 0.0000000000
43496  -47.754  -43.980  24.506 0.0000000000
43518  -47.215  -43.884  23.863 0.0000000000
42492  -45.784  -44.195  22.804 0.0000000000
42490  -44.176  -44.236  22.227 0.0000000000
43536  -44.680  -43.544  22.177 0.0000000000
43535  -44.010  -43.632  21.966 0.0000000000
43549  -43.437  -43.306  21.629 0.0000000000
44519  -42.827  -42.960  21.265 0.0000000000
44520  -43.636  -42.408  21.197 0.0000000000
44521  -44.580  -42.153  21.288 0.0000000000
45510  -44.118  -41.795  20.985 0.0000000000
46466  -45.340  -40.004  23.701 0.0000000000
48434  -44.233  -38.732  21.873 0.0000000000
48426  -44.703  -37.979  22.197 0.0000000000
131675  -31.909  -53.069  33.962 0.0000000000
32149  -31.457  -52.674  32.462 0.0000000000
30995  -33.311  -53.924  29.527 0.0000000000
32175  -32.745  -53.132  30.020 0.0000000000
33450  -29.354  -52.056  27.824 0.0000000000
50328  -46.238  -36.676  19.199 0.0000000000
50341  -46.298  -36.927  18.494 0.0000000000
49418  -46.716  -37.507  18.122 0.0000000000
49426  -46.582  -37.675  17.423 0.0000000000
47541  -47.949  -39.618  16.145 0.0000000000
48505  -47.304  -39.050  15.714 0.0000000000
47571  -46.604  -39.730  14.227 0.0000000000
46561  -49.641  -41.284  13.979 0.0000000000
47574  -49.212  -40.340  13.617 0.0000000000
48528  -49.247  -39.086  13.921 0.0000000000
48545  -49.322  -38.001  14.075 0.0000000000
49472  -50.077  -37.574  14.488 0.0000000000
49473  -50.894  -37.201  14.959 0.0000000000
27315  -40.708  -56.955  28.319 0.0000000000
27314  -39.912  -57.474  28.230 0.0000000000
27316  -41.180  -57.146  27.654 0.0000000000
131335  -41.220  -57.278  26.972 0.0000000000
27345  -41.077  -56.804  25.776 0.0000000000
32258  -42.490  -53.705  24.423 0.0000000000
31057  -41.840  -54.426  24.607 0.0000000000
32257  -41.496  -53.734  24.263 0.0000000000
32269  -40.226  -53.471  23.753 0.0000000000
32268  -39.331  -53.712  23.772 0.0000000000
33505  -39.049  -53.203  23.111 0.0000000000
33515  -38.419  -52.329  22.429 0.0000000000
34708  -38.170  -51.742  21.908 0.0000000000
36984  -45.961  -49.145  24.074 0.0000000000
35842  -45.788  -49.818  24.144 0.0000000000
36983  -45.178  -49.417  23.870 0.0000000000
36982  -44.438  -49.295  23.722 0.0000000000
38059  -43.217  -49.247  23.332 0.0000000000
39114  -39.518  -47.644  21.102 0.0000000000
38082  -38.912  -48.509  21.297 0.0000000000
37006  -38.275  -49.467  21.221 0.0000000000
38089  -36.347  -49.026  20.108 0.0000000000
30988  -39.747  -53.960  29.928 0.0000000000
32177  -40.233  -53.526  30.390 0.0000000000
34632  -44.586  -51.046  28.164 0.0000000000
39018  -49.257  -47.039  29.149 0.0000000000
50185  -48.726  -35.808  31.799 0.0000000000
51071  -48.513  -35.902  31.171 0.0000000000
135171  -49.280  -35.535  31.714 0.0000000000
51086  -49.850  -35.598  31.134 0.0000000000
50204  -50.633  -36.166  30.377 0.0000000000
47390  -53.252  -38.969  29.200 0.0000000000
47405  -52.845  -39.300  28.437 0.0000000000
47435  -52.041  -40.038  26.999 0.0000000000
46402  -52.883  -40.366  27.400 0.0000000000
45445  -52.903  -41.393  26.393 0.0000000000
44446  -53.054  -42.228  26.155 0.0000000000
43501  -56.189  -42.986  24.309 0.0000000000
42456  -55.284  -44.111  24.075 0.0000000000
42437  -54.454  -44.093  24.335 0.0000000000
136665  -53.875  -44.040  24.470 0.0000000000
41346  -54.100  -45.098  23.259 0.0000000000
142417  -53.536  -44.360  22.195 0.0000000000
42501  -53.440  -44.050  21.265 0.0000000000
140959  -52.690  -43.917  19.791 0.0000000000
42508  -53.741  -44.294  20.207 0.0000000000
43573  -53.432  -43.874  19.501 0.0000000000
43586  -54.009  -43.400  19.033 0.0000000000
44571  -56.412  -41.932  18.095 0.0000000000
45555  -55.880  -41.399  17.961 0.0000000000
125573  -56.210  -40.991  17.786 0.0000000000
47535  -55.234  -39.730  17.496 0.0000000000
132551  -54.062  -39.185  17.137 0.0000000000
138012  -53.640  -38.609  16.808 0.0000000000
48491  -54.515  -38.517  16.815 0.0000000000
49437  -54.157  -37.814  16.561 0.0000000000
49455  -54.823  -37.216  16.007 0.0000000000
49411  -60.336  -37.101  18.733 0.0000000000
49412  -60.268  -37.087  18.053 0.0000000000
49441  -61.495  -37.149  17.007 0.0000000000
51224  -57.772  -35.252  16.010 0.0000000000
51235  -58.225  -36.106  15.943 0.0000000000
49489  -57.923  -36.966  13.489 0.0000000000
142604  -56.916  -37.178  13.549 0.0000000000
50417  -56.624  -36.727  13.279 0.0000000000
51261  -56.237  -36.163  12.954 0.0000000000
144637  -54.359  -34.423  12.370 0.0000000000
127116  -55.307  -34.843  12.234 0.0000000000
52239  -55.850  -34.652  11.603 0.0000000000
52229  -58.450  -35.043  12.117 0.0000000000
52241  -57.993  -35.002  11.411 0.0000000000
134568  -57.185  -32.977  10.556 0.0000000000
60279  -58.807  -26.846  14.444 0.0000000000
59205  -58.379  -27.565  14.474 0.0000000000
59219  -56.583  -27.827  12.632 0.0000000000
57097  -59.939  -29.281  12.031 0.0000000000
57096  -58.882  -29.451  11.666 0.0000000000
26197  -25.801  -58.205  28.176 0.0000000000
27322  -27.007  -58.020  27.098 0.0000000000
26224  -25.247  -57.787  25.708 0.0000000000
27341  -24.767  -57.589  25.080 0.0000000000
27349  -24.448  -57.203  24.503 0.0000000000
27356  -24.410  -56.767  23.722 0.0000000000
32173  -28.668  -53.204  30.766 0.0000000000
30994  -28.112  -53.853  30.080 0.0000000000
31007  -27.075  -54.521  28.512 0.0000000000
31022  -26.601  -54.633  27.299 0.0000000000
27390  -24.280  -56.716  20.405 0.0000000000
27391  -25.080  -56.815  20.228 0.0000000000
27392  -25.922  -57.120  20.110 0.0000000000
28532  -37.149  -55.954  27.009 0.0000000000
29786  -36.380  -55.763  27.461 0.0000000000
31039  -35.708  -54.534  26.897 0.0000000000
31038  -35.107  -54.060  26.907 0.0000000000
35802  -33.021  -50.924  25.143 0.0000000000
34668  -33.304  -51.628  25.563 0.0000000000
35801  -32.155  -50.753  25.093 0.0000000000
35799  -30.378  -50.920  25.212 0.0000000000
142395  -28.596  -50.083  23.717 0.0000000000
34715  -28.698  -51.920  21.239 0.0000000000
49324  -46.011  -37.877  25.010 0.0000000000
50256  -47.410  -36.505  26.471 0.0000000000
50245  -46.706  -36.738  27.210 0.0000000000
49314  -48.514  -36.487  26.224 0.0000000000
49315  -49.087  -36.098  26.806 0.0000000000
43448  -50.254  -43.776  27.710 0.0000000000
42424  -50.157  -44.795  26.769 0.0000000000
43463  -49.861  -44.093  26.993 0.0000000000
43462  -49.207  -43.791  26.596 0.0000000000
44461  -48.594  -43.478  26.136 0.0000000000
45444  -48.795  -42.236  27.123 0.0000000000
44443  -48.390  -42.670  26.446 0.0000000000
44460  -47.954  -43.094  25.709 0.0000000000
44475  -47.111  -42.747  24.519 0.0000000000
44474  -46.546  -42.157  24.016 0.0000000000
145376  -46.166  -41.589  23.927 0.0000000000
45474  -46.312  -41.417  24.511 0.0000000000
46452  -45.871  -40.585  24.947 0.0000000000
46419  -46.332  -40.543  26.195 0.0000000000
46434  -45.573  -39.801  24.954 0.0000000000
47449  -45.542  -39.078  25.262 0.0000000000
55122  -49.693  -31.293  9.494 0.0000000000
29720  -33.545  -55.241  33.549 0.0000000000
30955  -33.212  -54.585  32.962 0.0000000000
29727  -33.768  -55.324  32.553 0.0000000000
28479  -34.689  -55.784  31.038 0.0000000000
29742  -34.228  -55.207  30.533 0.0000000000
30985  -33.736  -54.594  30.033 0.0000000000
31008  -33.360  -53.974  28.657 0.0000000000
32200  -33.372  -53.915  27.995 0.0000000000
49420  -48.060  -38.148  18.676 0.0000000000
48457  -48.712  -38.459  19.038 0.0000000000
48471  -48.324  -38.928  18.485 0.0000000000
48479  -48.175  -39.290  17.745 0.0000000000
127398  -49.459  -39.785  18.961 0.0000000000
47526  -48.847  -39.574  18.313 0.0000000000
47556  -48.237  -40.390  15.414 0.0000000000
46560  -47.756  -41.724  13.769 0.0000000000
45589  -47.573  -41.780  13.071 0.0000000000
45582  -48.575  -42.171  14.155 0.0000000000
142778  -48.829  -42.242  13.720 0.0000000000
45583  -49.210  -42.192  13.746 0.0000000000
45564  -49.792  -42.501  15.926 0.0000000000
45573  -49.857  -42.600  15.046 0.0000000000
45584  -49.813  -42.220  14.471 0.0000000000
46549  -50.537  -41.997  14.903 0.0000000000
46550  -51.106  -41.423  15.525 0.0000000000
29788  -44.249  -55.223  27.196 0.0000000000
28538  -43.370  -56.090  26.253 0.0000000000
28539  -44.115  -55.846  26.028 0.0000000000
28549  -44.113  -55.467  25.513 0.0000000000
31059  -43.560  -54.705  24.652 0.0000000000
32260  -44.184  -54.138  24.600 0.0000000000
32259  -43.414  -54.091  24.633 0.0000000000
32271  -42.662  -52.869  24.134 0.0000000000
33508  -42.327  -52.314  23.718 0.0000000000
40229  -43.612  -46.594  22.645 0.0000000000
39108  -43.466  -47.419  22.856 0.0000000000
40228  -42.866  -46.932  22.366 0.0000000000
40233  -40.832  -47.023  21.272 0.0000000000
147284  -40.174  -46.264  20.447 0.0000000000
39124  -40.100  -46.909  20.784 0.0000000000
39123  -39.354  -47.125  20.526 0.0000000000
146617  -38.264  -47.347  20.234 0.0000000000
39134  -37.108  -47.416  19.774 0.0000000000
40243  -36.601  -46.935  19.301 0.0000000000
40252  -36.214  -46.502  18.815 0.0000000000
41401  -34.774  -45.987  18.131 0.0000000000
47513  -40.904  -39.710  19.304 0.0000000000
47523  -39.441  -39.372  18.714 0.0000000000
47524  -40.288  -39.112  18.919 0.0000000000
134389  -39.683  -38.582  18.535 0.0000000000
48477  -38.492  -38.251  17.599 0.0000000000
49416  -40.122  -37.568  18.124 0.0000000000
48466  -39.339  -37.999  17.998 0.0000000000
42494  -56.862  -44.289  22.285 0.0000000000
41368  -56.691  -45.170  21.917 0.0000000000
41396  -56.051  -45.099  20.029 0.0000000000
41385  -56.831  -45.069  20.338 0.0000000000
42522  -56.567  -44.288  19.757 0.0000000000
43589  -57.394  -43.390  18.943 0.0000000000
43576  -58.362  -43.461  19.706 0.0000000000
43590  -58.231  -43.553  19.000 0.0000000000
141294  -57.464  -41.543  17.934 0.0000000000
46528  -57.394  -40.813  17.502 0.0000000000
46540  -57.978  -40.238  17.067 0.0000000000
53102  -61.041  -33.738  19.009 0.0000000000
52166  -60.806  -34.377  18.429 0.0000000000
132428  -60.450  -33.900  18.478 0.0000000000
144572  -59.921  -34.404  17.598 0.0000000000
52181  -59.438  -34.720  16.858 0.0000000000
53118  -59.458  -33.354  17.671 0.0000000000
53128  -59.072  -33.476  17.111 0.0000000000
52180  -58.670  -34.554  16.559 0.0000000000
52191  -57.292  -35.231  15.324 0.0000000000
51277  -57.679  -36.100  12.476 0.0000000000
52197  -56.997  -34.964  14.004 0.0000000000
52212  -57.751  -35.313  13.044 0.0000000000
127861  -56.248  -33.016  14.315 0.0000000000
53159  -57.001  -33.506  13.385 0.0000000000
54127  -57.242  -32.811  13.120 0.0000000000
62183  -58.687  -24.573  13.290 0.0000000000
61342  -57.161  -25.794  12.225 0.0000000000
61355  -57.168  -25.533  11.472 0.0000000000
60312  -56.893  -26.069  11.032 0.0000000000
59263  -57.918  -27.228  10.600 0.0000000000
26167  -27.515  -58.610  30.124 0.0000000000
26183  -27.975  -58.430  29.517 0.0000000000
27298  -28.294  -57.905  29.637 0.0000000000
27323  -27.314  -57.767  27.572 0.0000000000
27334  -27.111  -57.592  26.885 0.0000000000
28531  -27.042  -57.045  26.361 0.0000000000
137263  -27.595  -52.710  28.043 0.0000000000
133164  -27.164  -53.240  27.879 0.0000000000
32231  -26.168  -53.446  26.525 0.0000000000
32243  -25.589  -53.105  25.060 0.0000000000
146468  -25.583  -55.022  21.016 0.0000000000
31083  -26.472  -54.645  20.428 0.0000000000
33486  -36.305  -52.759  25.149 0.0000000000
34670  -35.132  -51.748  25.172 0.0000000000
34681  -33.866  -51.011  25.017 0.0000000000
35821  -34.283  -50.622  24.315 0.0000000000
134185  -32.806  -50.457  24.677 0.0000000000
36962  -31.119  -49.844  24.012 0.0000000000
50339  -43.450  -36.639  18.666 0.0000000000
123894  -43.988  -36.427  18.367 0.0000000000
50327  -45.429  -36.526  19.628 0.0000000000
50302  -45.740  -36.835  21.330 0.0000000000
50315  -45.667  -36.646  20.534 0.0000000000
138110  -46.302  -36.594  20.049 0.0000000000
50317  -47.075  -36.758  20.414 0.0000000000
49394  -47.948  -36.970  20.731 0.0000000000
49342  -46.490  -37.517  24.689 0.0000000000
49358  -47.448  -37.146  23.616 0.0000000000
49359  -48.007  -37.124  23.021 0.0000000000
49382  -48.532  -37.182  21.333 0.0000000000
49395  -48.831  -37.396  20.622 0.0000000000
49396  -49.458  -37.876  20.618 0.0000000000
48435  -50.052  -38.188  21.051 0.0000000000
48436  -50.564  -38.706  21.612 0.0000000000
48428  -50.589  -38.469  22.490 0.0000000000
47496  -51.008  -39.656  21.424 0.0000000000
46488  -51.266  -40.440  21.086 0.0000000000
45513  -51.676  -41.096  21.303 0.0000000000
34672  -49.138  -51.011  26.422 0.0000000000
34671  -48.337  -51.444  25.775 0.0000000000
35803  -48.865  -50.696  25.451 0.0000000000
35825  -48.415  -50.177  24.789 0.0000000000
146995  -48.128  -49.421  24.575 0.0000000000
38050  -49.149  -48.576  24.648 0.0000000000
38049  -48.334  -48.773  24.463 0.0000000000
36985  -46.703  -48.970  24.137 0.0000000000
38063  -46.222  -48.425  23.831 0.0000000000
130805  -45.604  -47.915  23.545 0.0000000000
39097  -45.240  -47.086  23.417 0.0000000000
42453  -49.054  -45.559  25.839 0.0000000000
41320  -48.679  -45.679  25.354 0.0000000000
41344  -48.252  -45.750  24.757 0.0000000000
42472  -47.357  -44.710  23.842 0.0000000000
41343  -47.665  -45.479  24.124 0.0000000000
40220  -47.354  -46.223  23.872 0.0000000000
40219  -46.599  -46.329  23.583 0.0000000000
40218  -45.768  -46.372  23.425 0.0000000000
41370  -42.173  -45.608  21.208 0.0000000000
41361  -43.672  -44.883  22.271 0.0000000000
42499  -42.452  -44.705  21.347 0.0000000000
136985  -40.049  -43.957  19.808 0.0000000000
43569  -39.488  -43.661  19.431 0.0000000000
44541  -38.834  -43.303  18.862 0.0000000000
43570  -40.088  -43.194  19.826 0.0000000000
44543  -40.196  -42.284  19.818 0.0000000000
44532  -41.606  -42.596  20.481 0.0000000000
45519  -40.992  -41.988  20.108 0.0000000000
45532  -40.349  -41.374  19.801 0.0000000000
46509  -41.512  -40.286  19.697 0.0000000000
45512  -45.142  -41.452  21.627 0.0000000000
45511  -44.612  -41.481  21.197 0.0000000000
46487  -44.722  -40.755  21.465 0.0000000000
45522  -43.985  -41.226  20.859 0.0000000000
46495  -42.912  -40.570  20.325 0.0000000000
47514  -41.765  -39.451  19.446 0.0000000000
47515  -42.419  -39.107  19.755 0.0000000000
48455  -42.509  -38.199  19.520 0.0000000000
48433  -43.684  -38.599  21.177 0.0000000000
144504  -42.731  -37.466  19.212 0.0000000000
49402  -43.240  -36.991  19.272 0.0000000000
58088  -59.741  -28.741  16.340 0.0000000000
58079  -60.945  -28.187  17.036 0.0000000000
59169  -61.034  -27.850  16.322 0.0000000000
59186  -60.616  -27.524  15.873 0.0000000000
60258  -61.342  -26.630  15.855 0.0000000000
60257  -60.569  -26.843  15.438 0.0000000000
60281  -60.173  -26.112  14.860 0.0000000000
61326  -59.789  -25.384  14.399 0.0000000000
61336  -58.922  -25.359  13.832 0.0000000000
63034  -61.909  -23.879  15.065 0.0000000000
62179  -61.279  -24.223  14.807 0.0000000000
62184  -59.483  -24.676  13.884 0.0000000000
147639  -59.200  -24.083  13.459 0.0000000000
63043  -58.662  -23.772  12.916 0.0000000000
63055  -58.835  -23.011  12.594 0.0000000000
63943  -59.157  -22.295  12.036 0.0000000000
63942  -58.578  -22.887  11.862 0.0000000000
30953  -29.116  -54.335  33.573 0.0000000000
30962  -28.773  -54.466  32.733 0.0000000000
32148  -29.155  -53.508  32.960 0.0000000000
33386  -29.332  -52.960  32.343 0.0000000000
33376  -30.471  -52.534  32.830 0.0000000000
32161  -29.033  -53.109  31.627 0.0000000000
124566  -28.713  -52.639  29.376 0.0000000000
30963  -32.985  -53.715  32.505 0.0000000000
32150  -32.397  -53.127  32.019 0.0000000000
32162  -31.709  -52.617  31.538 0.0000000000
32174  -31.971  -52.524  30.546 0.0000000000
33400  -30.970  -52.365  31.054 0.0000000000
148091  -27.616  -52.342  27.484 0.0000000000
34641  -27.989  -51.922  27.065 0.0000000000
38081  -33.158  -48.532  21.433 0.0000000000
50350  -43.867  -36.312  17.500 0.0000000000
124204  -45.316  -36.724  17.509 0.0000000000
50378  -44.549  -36.613  16.007 0.0000000000
50399  -44.110  -36.700  15.088 0.0000000000
49427  -47.113  -38.179  17.777 0.0000000000
49435  -46.948  -38.338  17.056 0.0000000000
49450  -46.318  -37.853  15.756 0.0000000000
48504  -46.675  -38.554  15.320 0.0000000000
50415  -48.916  -36.728  13.338 0.0000000000
139999  -48.883  -36.116  13.051 0.0000000000
145957  -49.185  -34.781  12.584 0.0000000000
52206  -49.789  -34.705  12.976 0.0000000000
52207  -50.695  -34.628  13.371 0.0000000000
26173  -38.127  -58.014  29.965 0.0000000000
129151  -37.358  -58.090  30.049 0.0000000000
139778  -38.276  -58.153  29.224 0.0000000000
26201  -37.885  -58.193  28.563 0.0000000000
27324  -37.349  -57.485  27.512 0.0000000000
27327  -39.672  -57.475  27.522 0.0000000000
27336  -38.638  -57.281  26.844 0.0000000000
28533  -37.452  -56.704  27.030 0.0000000000
126990  -37.758  -56.020  26.578 0.0000000000
29798  -37.508  -55.465  26.070 0.0000000000
141440  -37.485  -54.957  25.309 0.0000000000
28547  -42.693  -56.094  25.840 0.0000000000
28546  -41.854  -56.309  25.801 0.0000000000
28545  -40.597  -56.120  25.644 0.0000000000
29814  -41.161  -55.015  24.860 0.0000000000
29805  -40.420  -55.453  25.237 0.0000000000
140753  -39.470  -55.262  25.050 0.0000000000
31053  -37.963  -54.637  24.675 0.0000000000
32248  -37.355  -54.137  24.980 0.0000000000
32253  -37.074  -53.247  24.663 0.0000000000
33502  -37.110  -52.198  23.508 0.0000000000
33503  -37.770  -52.659  23.013 0.0000000000
34693  -36.696  -51.547  23.121 0.0000000000
34705  -36.190  -51.081  22.571 0.0000000000
127462  -35.743  -50.521  22.081 0.0000000000
36995  -35.368  -50.086  21.585 0.0000000000
34687  -47.626  -51.517  24.923 0.0000000000
34686  -46.162  -51.570  24.443 0.0000000000
34699  -45.299  -51.979  24.260 0.0000000000
35841  -45.261  -50.314  24.102 0.0000000000
130674  -44.583  -51.037  24.050 0.0000000000
34697  -42.749  -51.544  23.590 0.0000000000
130146  -41.922  -51.674  23.468 0.0000000000
38075  -42.492  -48.959  22.983 0.0000000000
38073  -40.805  -48.622  22.396 0.0000000000
132017  -41.247  -49.273  22.784 0.0000000000
36998  -41.926  -49.508  23.024 0.0000000000
35851  -41.144  -50.105  23.065 0.0000000000
129707  -41.525  -50.969  23.336 0.0000000000
35837  -40.557  -51.148  23.021 0.0000000000
34716  -37.763  -51.409  21.420 0.0000000000
124616  -37.703  -50.165  21.087 0.0000000000
35856  -37.627  -50.936  21.043 0.0000000000
35847  -37.185  -51.350  21.372 0.0000000000
35854  -36.037  -50.439  21.075 0.0000000000
47522  -38.711  -39.638  18.372 0.0000000000
48329  -47.910  -38.465  30.665 0.0000000000
49253  -48.255  -37.122  31.653 0.0000000000
26155  -28.055  -58.606  31.228 0.0000000000
26156  -28.213  -58.319  31.650 0.0000000000
26157  -28.332  -57.971  32.281 0.0000000000
28453  -29.343  -56.612  33.787 0.0000000000
29709  -29.285  -55.326  34.221 0.0000000000
32126  -31.047  -52.981  34.778 0.0000000000
32116  -31.161  -53.222  35.580 0.0000000000
32127  -31.983  -53.293  34.842 0.0000000000
30944  -33.261  -54.528  34.284 0.0000000000
129581  -33.531  -54.568  35.097 0.0000000000
138799  -33.801  -55.250  34.458 0.0000000000
28442  -33.901  -56.063  33.920 0.0000000000
28455  -34.545  -56.444  33.313 0.0000000000
27258  -35.093  -57.065  32.843 0.0000000000
27270  -36.261  -57.131  32.446 0.0000000000
27271  -36.903  -57.051  32.240 0.0000000000
27280  -37.113  -57.326  31.468 0.0000000000
27290  -38.156  -57.174  30.564 0.0000000000
28491  -38.748  -56.445  30.505 0.0000000000
28492  -39.357  -56.404  29.939 0.0000000000
28500  -39.933  -56.329  29.353 0.0000000000
30997  -39.502  -54.678  29.831 0.0000000000
29756  -40.449  -55.521  29.057 0.0000000000
28502  -41.041  -56.044  28.608 0.0000000000
29772  -41.832  -55.646  28.348 0.0000000000
29774  -43.164  -55.297  28.057 0.0000000000
32201  -42.543  -53.529  28.701 0.0000000000
31013  -43.379  -54.676  28.363 0.0000000000
29775  -43.933  -55.052  28.016 0.0000000000
31026  -44.591  -54.595  27.644 0.0000000000
31027  -45.309  -54.369  27.376 0.0000000000
32219  -45.708  -53.695  27.764 0.0000000000
33440  -45.073  -52.034  27.822 0.0000000000
32205  -46.048  -52.969  27.953 0.0000000000
32220  -46.489  -53.495  27.355 0.0000000000
33455  -47.450  -52.472  27.135 0.0000000000
34643  -47.962  -51.808  27.248 0.0000000000
34644  -48.575  -51.485  27.052 0.0000000000
36908  -47.367  -49.476  28.129 0.0000000000
35770  -47.967  -50.238  27.661 0.0000000000
35780  -48.722  -50.734  27.248 0.0000000000
34645  -49.137  -51.079  26.970 0.0000000000
35781  -49.294  -50.294  27.025 0.0000000000
36928  -50.025  -49.165  27.109 0.0000000000
38008  -50.304  -48.427  27.098 0.0000000000
39032  -49.605  -47.516  28.348 0.0000000000
39044  -50.518  -47.648  27.309 0.0000000000
38009  -50.993  -47.797  26.851 0.0000000000
40177  -51.029  -46.581  26.915 0.0000000000
140570  -51.116  -44.797  27.773 0.0000000000
42387  -51.203  -44.466  29.111 0.0000000000
42401  -51.193  -44.699  28.358 0.0000000000
43449  -51.006  -44.212  28.059 0.0000000000
43434  -50.746  -43.477  28.378 0.0000000000
44419  -50.591  -42.675  28.630 0.0000000000
46382  -49.997  -41.115  29.236 0.0000000000
46365  -49.588  -40.378  29.581 0.0000000000
48328  -47.386  -37.678  30.366 0.0000000000
50219  -48.244  -35.844  29.447 0.0000000000
143953  -49.964  -36.121  28.144 0.0000000000
49304  -50.113  -36.445  27.267 0.0000000000
48369  -50.835  -37.355  27.406 0.0000000000
50205  -51.652  -36.428  30.652 0.0000000000
49265  -51.418  -37.033  30.146 0.0000000000
48346  -52.821  -37.922  30.081 0.0000000000
49284  -51.938  -37.669  30.043 0.0000000000
49283  -51.443  -37.411  29.461 0.0000000000
48358  -51.156  -37.641  28.215 0.0000000000
127785  -50.985  -37.867  26.834 0.0000000000
48393  -51.253  -38.772  25.820 0.0000000000
48406  -51.333  -38.935  24.992 0.0000000000
142238  -51.659  -39.678  24.764 0.0000000000
46421  -52.161  -40.032  26.049 0.0000000000
46436  -52.034  -40.232  25.272 0.0000000000
46468  -52.042  -40.605  23.531 0.0000000000
131799  -52.231  -41.057  22.654 0.0000000000
44523  -52.000  -42.014  21.388 0.0000000000
44432  -54.039  -42.139  27.045 0.0000000000
44447  -53.672  -42.416  26.318 0.0000000000
44462  -52.874  -42.402  25.326 0.0000000000
43499  -53.427  -43.599  24.333 0.0000000000
43498  -53.083  -43.231  24.149 0.0000000000
44499  -52.903  -42.674  23.821 0.0000000000
44498  -52.778  -42.417  23.226 0.0000000000
128053  -51.521  -42.780  19.776 0.0000000000
44544  -51.407  -43.186  18.861 0.0000000000
44553  -51.434  -43.404  18.057 0.0000000000
43572  -52.283  -43.647  19.349 0.0000000000
135067  -51.926  -43.690  17.965 0.0000000000
44567  -51.374  -43.110  16.984 0.0000000000
148582  -51.328  -42.791  16.416 0.0000000000
44581  -51.690  -42.126  16.333 0.0000000000
47542  -51.623  -40.309  16.162 0.0000000000
43574  -55.221  -43.897  19.742 0.0000000000
132459  -53.556  -43.022  18.399 0.0000000000
44570  -55.343  -42.056  18.217 0.0000000000
44569  -54.184  -42.173  18.063 0.0000000000
45553  -53.383  -41.948  17.607 0.0000000000
45552  -52.587  -41.705  17.090 0.0000000000
47558  -51.150  -39.519  15.762 0.0000000000
48507  -51.455  -38.393  15.864 0.0000000000
49451  -51.066  -37.941  15.368 0.0000000000
49452  -51.751  -37.391  15.614 0.0000000000
50402  -51.663  -36.500  15.095 0.0000000000
51242  -51.015  -35.590  14.282 0.0000000000
51243  -51.799  -35.669  14.607 0.0000000000
51258  -51.485  -34.992  13.931 0.0000000000
46542  -58.893  -40.306  17.504 0.0000000000
46541  -58.611  -40.282  17.222 0.0000000000
47548  -57.648  -39.533  16.499 0.0000000000
51221  -60.177  -35.911  17.453 0.0000000000
50365  -60.427  -36.828  16.902 0.0000000000
49458  -60.128  -38.089  16.731 0.0000000000
134803  -58.867  -37.297  15.622 0.0000000000
49457  -58.991  -37.824  15.494 0.0000000000
48512  -59.445  -38.552  16.101 0.0000000000
48511  -58.478  -38.519  15.376 0.0000000000
47559  -58.108  -39.087  15.747 0.0000000000
48494  -57.254  -38.865  15.937 0.0000000000
49439  -55.852  -38.213  16.045 0.0000000000
49456  -55.865  -37.671  15.456 0.0000000000
50382  -54.395  -36.649  15.466 0.0000000000
144251  -56.032  -36.741  14.154 0.0000000000
50405  -55.008  -36.359  14.660 0.0000000000
50404  -53.986  -36.123  15.027 0.0000000000
51259  -52.561  -35.131  14.043 0.0000000000
52208  -51.591  -34.425  13.315 0.0000000000
53156  -51.954  -33.569  12.278 0.0000000000
53172  -52.526  -33.302  11.845 0.0000000000
53158  -53.827  -33.911  12.104 0.0000000000
54141  -52.668  -32.736  11.319 0.0000000000
54155  -52.291  -32.116  10.681 0.0000000000
55106  -52.764  -31.478  10.311 0.0000000000
51282  -57.303  -35.788  11.877 0.0000000000
148434  -56.869  -34.403  11.018 0.0000000000
53187  -55.714  -33.501  11.003 0.0000000000
55107  -53.666  -31.504  10.422 0.0000000000
142793  -59.119  -29.044  16.025 0.0000000000
145412  -58.170  -29.642  15.632 0.0000000000
57021  -57.556  -29.547  15.235 0.0000000000
58120  -58.012  -28.145  14.470 0.0000000000
57039  -57.003  -29.115  14.544 0.0000000000
128206  -56.248  -30.070  13.835 0.0000000000
56010  -55.990  -30.842  13.567 0.0000000000
55095  -56.703  -31.764  12.924 0.0000000000
54128  -58.355  -33.361  12.936 0.0000000000
143132  -56.764  -26.790  12.285 0.0000000000
131782  -56.611  -27.656  11.774 0.0000000000
57094  -56.807  -29.184  11.767 0.0000000000
57095  -57.690  -29.360  11.625 0.0000000000
56037  -57.271  -30.054  12.141 0.0000000000
144354  -58.809  -32.724  12.925 0.0000000000
53161  -59.243  -34.313  12.001 0.0000000000
26181  -26.194  -58.324  29.009 0.0000000000
26235  -22.336  -58.363  23.397 0.0000000000
29752  -27.542  -55.016  29.832 0.0000000000
145633  -27.498  -55.667  29.268 0.0000000000
28498  -27.525  -56.277  28.714 0.0000000000
125102  -27.160  -56.437  27.980 0.0000000000
28542  -26.584  -56.748  25.712 0.0000000000
31037  -26.624  -55.331  26.672 0.0000000000
31052  -26.122  -54.912  25.085 0.0000000000
31045  -26.388  -55.083  25.938 0.0000000000
29802  -26.718  -56.051  26.131 0.0000000000
27350  -25.539  -57.021  24.966 0.0000000000
28570  -23.660  -56.696  22.173 0.0000000000
26185  -35.982  -57.848  29.340 0.0000000000
27300  -35.623  -56.874  29.323 0.0000000000
28511  -35.005  -55.932  29.272 0.0000000000
29771  -35.244  -55.705  28.546 0.0000000000
29770  -34.630  -55.453  28.824 0.0000000000
31010  -34.274  -54.849  28.438 0.0000000000
32216  -32.857  -53.412  27.551 0.0000000000
32246  -35.745  -53.193  25.788 0.0000000000
32245  -34.935  -52.961  26.097 0.0000000000
32234  -34.463  -53.563  26.674 0.0000000000
32233  -33.574  -53.527  26.923 0.0000000000
32232  -32.863  -53.320  27.039 0.0000000000
33453  -32.272  -52.966  27.168 0.0000000000
34665  -29.980  -51.329  25.850 0.0000000000
34664  -29.011  -51.130  25.860 0.0000000000
35796  -27.576  -50.860  24.914 0.0000000000
35813  -26.579  -50.935  23.853 0.0000000000
38072  -32.563  -48.687  22.223 0.0000000000
38070  -30.806  -48.501  22.222 0.0000000000
36991  -31.176  -48.878  22.896 0.0000000000
36975  -30.722  -49.314  23.451 0.0000000000
36974  -29.884  -49.408  23.324 0.0000000000
37000  -28.682  -49.812  21.231 0.0000000000
35845  -27.548  -50.744  21.893 0.0000000000
34691  -26.527  -51.087  23.084 0.0000000000
146817  -26.133  -51.581  22.867 0.0000000000
33522  -26.547  -52.535  21.539 0.0000000000
26158  -36.243  -57.680  30.913 0.0000000000
26171  -36.740  -58.016  30.419 0.0000000000
26186  -36.718  -58.098  29.529 0.0000000000
26187  -37.605  -58.180  29.391 0.0000000000
26188  -38.774  -57.890  29.337 0.0000000000
26200  -36.491  -58.000  28.738 0.0000000000
26203  -39.320  -57.730  28.765 0.0000000000
27259  -35.786  -57.077  33.031 0.0000000000
27269  -35.686  -57.217  32.286 0.0000000000
27279  -36.431  -57.401  31.739 0.0000000000
27281  -37.706  -57.070  31.155 0.0000000000
27313  -37.161  -57.997  28.194 0.0000000000
27325  -38.119  -57.776  27.393 0.0000000000
27326  -38.880  -57.636  27.416 0.0000000000
27328  -40.514  -57.334  27.622 0.0000000000
27330  -42.059  -57.087  26.725 0.0000000000
27335  -37.941  -57.141  27.053 0.0000000000
27344  -40.278  -56.829  25.942 0.0000000000
28481  -38.206  -56.457  31.136 0.0000000000
28501  -40.405  -56.363  28.848 0.0000000000
28523  -36.002  -56.043  28.115 0.0000000000
28526  -43.145  -56.150  26.883 0.0000000000
28527  -43.826  -55.713  26.631 0.0000000000
28536  -42.173  -56.725  26.338 0.0000000000
28537  -42.637  -56.484  26.520 0.0000000000
28543  -38.897  -55.958  26.149 0.0000000000
28555  -43.010  -55.593  25.238 0.0000000000
29757  -41.029  -55.000  28.554 0.0000000000
29773  -42.648  -55.104  28.440 0.0000000000
29787  -43.494  -55.486  27.341 0.0000000000
29800  -44.516  -55.355  26.429 0.0000000000
29808  -44.625  -55.333  25.793 0.0000000000
29816  -43.719  -55.236  25.023 0.0000000000
29818  -45.088  -55.007  25.529 0.0000000000
30974  -28.888  -53.648  32.174 0.0000000000
31028  -46.098  -54.243  27.081 0.0000000000
31041  -46.010  -54.445  26.380 0.0000000000
31060  -44.332  -54.660  24.722 0.0000000000
31061  -45.134  -54.629  24.967 0.0000000000
32236  -47.144  -53.458  26.403 0.0000000000
32256  -40.759  -53.732  24.105 0.0000000000
32262  -46.139  -53.258  24.570 0.0000000000
32274  -44.766  -53.423  24.464 0.0000000000
33472  -48.029  -52.184  26.357 0.0000000000
33516  -39.009  -52.594  22.677 0.0000000000
34635  -47.451  -50.978  27.411 0.0000000000
34696  -41.176  -51.670  23.347 0.0000000000
35782  -49.731  -49.696  26.717 0.0000000000
35789  -49.438  -50.383  26.495 0.0000000000
35804  -49.507  -50.291  25.851 0.0000000000
35819  -32.305  -50.137  24.373 0.0000000000
35820  -33.485  -50.516  24.540 0.0000000000
35824  -47.714  -50.702  24.689 0.0000000000
35826  -49.178  -49.951  25.105 0.0000000000
35857  -38.355  -50.409  21.457 0.0000000000
36951  -50.147  -48.987  25.841 0.0000000000
36964  -46.432  -49.698  24.272 0.0000000000
36967  -49.363  -49.253  24.944 0.0000000000
37002  -33.939  -49.044  21.545 0.0000000000
37004  -36.460  -50.252  20.758 0.0000000000
38007  -49.754  -48.795  27.595 0.0000000000
38048  -47.531  -48.965  24.303 0.0000000000
38060  -43.896  -48.811  23.511 0.0000000000
38065  -47.907  -48.197  24.100 0.0000000000
39045  -51.004  -47.039  27.239 0.0000000000
39086  -48.522  -48.157  24.358 0.0000000000
39088  -49.902  -47.942  24.726 0.0000000000
39100  -48.231  -47.559  24.205 0.0000000000
39135  -37.963  -47.055  19.869 0.0000000000
40166  -51.074  -46.185  27.509 0.0000000000
40176  -50.561  -46.129  26.452 0.0000000000
40217  -44.951  -46.357  23.188 0.0000000000
40231  -54.650  -45.412  21.875 0.0000000000
40239  -40.878  -46.299  20.793 0.0000000000
40251  -35.386  -46.437  18.545 0.0000000000
41294  -50.394  -45.464  26.616 0.0000000000
41322  -54.021  -44.905  24.111 0.0000000000
41323  -54.697  -44.764  23.860 0.0000000000
41341  -46.208  -45.743  23.449 0.0000000000
41345  -53.440  -44.737  22.934 0.0000000000
41348  -55.601  -45.169  22.739 0.0000000000
41365  -53.955  -44.897  22.226 0.0000000000
41367  -55.914  -45.416  22.170 0.0000000000
41371  -53.741  -44.409  21.613 0.0000000000
41373  -55.280  -45.642  21.693 0.0000000000
41374  -56.121  -45.502  21.489 0.0000000000
41375  -56.913  -45.258  21.108 0.0000000000
41381  -53.779  -44.185  20.905 0.0000000000
41384  -56.179  -45.377  20.697 0.0000000000
41394  -54.538  -44.425  20.226 0.0000000000
41395  -55.262  -44.745  20.090 0.0000000000
42425  -50.912  -45.132  27.237 0.0000000000
42436  -48.931  -44.968  25.854 0.0000000000
42450  -47.703  -44.436  24.280 0.0000000000
42454  -53.091  -43.913  23.846 0.0000000000
42455  -53.541  -44.310  23.927 0.0000000000
42457  -55.847  -43.935  23.703 0.0000000000
42473  -47.906  -44.974  24.464 0.0000000000
42491  -44.971  -44.204  22.520 0.0000000000
42507  -53.085  -44.147  20.319 0.0000000000
42510  -58.128  -44.150  21.108 0.0000000000
42519  -53.159  -44.140  19.852 0.0000000000
42520  -53.929  -44.292  19.901 0.0000000000
42521  -55.660  -44.533  19.873 0.0000000000
42523  -57.349  -44.261  20.013 0.0000000000
42532  -56.886  -43.762  19.332 0.0000000000
42533  -57.512  -44.030  19.273 0.0000000000
43482  -55.062  -43.522  24.668 0.0000000000
43497  -48.528  -44.614  25.390 0.0000000000
43500  -55.755  -43.460  24.218 0.0000000000
43519  -52.732  -42.982  22.476 0.0000000000
43538  -45.977  -43.536  22.738 0.0000000000
43539  -53.096  -43.744  22.637 0.0000000000
43583  -51.890  -43.618  18.607 0.0000000000
43598  -57.928  -42.920  18.725 0.0000000000
43599  -58.566  -42.659  18.741 0.0000000000
44445  -49.783  -43.255  27.149 0.0000000000
44448  -54.329  -42.522  26.453 0.0000000000
44463  -53.368  -42.820  25.718 0.0000000000
44478  -52.851  -42.515  24.501 0.0000000000
44552  -50.755  -42.663  18.441 0.0000000000
44558  -59.397  -42.097  18.627 0.0000000000
44573  -58.662  -41.792  18.331 0.0000000000
44574  -59.205  -41.627  18.221 0.0000000000
44579  -50.803  -42.939  16.254 0.0000000000
45431  -53.272  -41.095  27.125 0.0000000000
45432  -54.021  -41.411  27.370 0.0000000000
45523  -44.300  -40.845  21.052 0.0000000000
45556  -56.684  -41.292  17.754 0.0000000000
45558  -59.400  -41.036  17.984 0.0000000000
45566  -58.159  -40.833  17.602 0.0000000000
45568  -59.262  -40.391  17.756 0.0000000000
45581  -48.294  -42.056  13.479 0.0000000000
46437  -52.416  -40.807  25.818 0.0000000000
46516  -39.251  -40.228  18.872 0.0000000000
46526  -55.641  -40.588  17.763 0.0000000000
46529  -60.257  -39.640  17.790 0.0000000000
46536  -51.580  -41.373  16.065 0.0000000000
46543  -59.542  -39.585  17.379 0.0000000000
46544  -60.306  -39.211  17.385 0.0000000000
46551  -58.938  -39.703  16.721 0.0000000000
47406  -53.692  -39.443  28.649 0.0000000000
47420  -52.488  -39.610  27.693 0.0000000000
47527  -61.037  -39.324  17.935 0.0000000000
47534  -54.476  -39.659  17.396 0.0000000000
47549  -58.386  -39.648  16.521 0.0000000000
47551  -60.772  -38.767  17.066 0.0000000000
47562  -60.365  -38.558  16.967 0.0000000000
47575  -50.081  -40.236  14.828 0.0000000000
48359  -51.766  -38.238  28.448 0.0000000000
48473  -61.001  -38.477  17.559 0.0000000000
48481  -60.562  -37.738  17.419 0.0000000000
48495  -60.661  -38.064  17.138 0.0000000000
48496  -60.963  -37.309  17.125 0.0000000000
48514  -60.454  -38.078  16.966 0.0000000000
49405  -47.733  -37.346  19.146 0.0000000000
49421  -60.416  -37.291  17.262 0.0000000000
49428  -61.691  -37.104  17.032 0.0000000000
49434  -46.464  -37.733  16.599 0.0000000000
49440  -60.935  -37.335  17.074 0.0000000000
49471  -46.083  -38.051  14.920 0.0000000000
49499  -48.376  -37.240  13.109 0.0000000000
50235  -47.487  -36.139  28.222 0.0000000000
50246  -47.425  -36.254  27.383 0.0000000000
50353  -60.633  -37.011  17.046 0.0000000000
50364  -59.760  -36.317  16.728 0.0000000000
50366  -60.714  -36.819  16.961 0.0000000000
50385  -59.434  -37.369  16.105 0.0000000000
50386  -60.126  -37.283  16.684 0.0000000000
50406  -58.195  -37.085  14.232 0.0000000000
51085  -48.867  -35.658  31.136 0.0000000000
51209  -61.177  -35.732  18.749 0.0000000000
51218  -60.356  -35.830  18.000 0.0000000000
51220  -60.339  -35.064  17.767 0.0000000000
51226  -59.653  -35.543  16.808 0.0000000000
51228  -60.281  -35.954  17.346 0.0000000000
51245  -53.614  -35.742  14.640 0.0000000000
52130  -61.386  -34.773  20.167 0.0000000000
52150  -61.163  -35.010  18.485 0.0000000000
52167  -60.580  -35.256  18.135 0.0000000000
52223  -48.605  -35.096  12.441 0.0000000000
53127  -58.540  -33.794  16.648 0.0000000000
53129  -59.631  -34.166  17.349 0.0000000000
53162  -59.842  -34.118  12.002 0.0000000000
53171  -51.825  -33.046  11.712 0.0000000000
53174  -54.284  -33.517  11.585 0.0000000000
53176  -56.236  -34.215  11.161 0.0000000000
54064  -60.143  -33.355  18.812 0.0000000000
54079  -59.632  -33.326  18.010 0.0000000000
54110  -55.948  -32.151  13.924 0.0000000000
55013  -59.591  -31.726  18.695 0.0000000000
55014  -60.039  -30.995  19.397 0.0000000000
55043  -58.473  -31.373  16.566 0.0000000000
55950  -59.825  -30.251  17.944 0.0000000000
55980  -57.842  -30.231  15.768 0.0000000000
55993  -55.892  -31.047  14.092 0.0000000000
56029  -56.934  -30.900  12.581 0.0000000000
57020  -56.617  -29.968  14.745 0.0000000000
57022  -58.512  -29.043  15.458 0.0000000000
57079  -58.389  -30.193  12.098 0.0000000000
57093  -56.503  -29.050  12.067 0.0000000000
58089  -60.445  -28.458  16.675 0.0000000000
58119  -57.326  -28.427  14.185 0.0000000000
58137  -56.859  -28.108  13.458 0.0000000000
58149  -56.494  -28.502  12.225 0.0000000000
58181  -56.897  -28.004  10.918 0.0000000000
58182  -57.539  -27.981  10.829 0.0000000000
58183  -58.590  -27.902  10.908 0.0000000000
59170  -61.560  -27.164  16.485 0.0000000000
59233  -56.742  -26.794  11.383 0.0000000000
60280  -59.675  -26.834  14.917 0.0000000000
60327  -56.922  -26.712  10.871 0.0000000000
60328  -57.323  -26.066  10.598 0.0000000000
62191  -57.491  -24.917  11.967 0.0000000000
62207  -57.555  -24.901  11.255 0.0000000000
63027  -62.487  -23.854  15.532 0.0000000000
63045  -60.125  -23.143  13.725 0.0000000000
63054  -58.271  -23.489  12.124 0.0000000000
63066  -58.339  -23.307  11.341 0.0000000000
124182  -45.051  -54.173  24.528 0.0000000000
124296  -49.462  -37.233  24.367 0.0000000000
124361  -49.287  -42.263  14.219 0.0000000000
124525  -46.843  -51.954  24.593 0.0000000000
125673  -59.146  -34.119  16.933 0.0000000000
125926  -59.723  -38.775  16.663 0.0000000000
126086  -51.471  -40.317  21.639 0.0000000000
126584  -58.963  -30.088  16.590 0.0000000000
126693  -47.328  -43.427  24.296 0.0000000000
127140  -61.599  -34.913  19.174 0.0000000000
128068  -43.381  -41.068  20.577 0.0000000000
128136  -47.800  -46.901  24.015 0.0000000000
128497  -59.901  -27.475  15.525 0.0000000000
128791  -42.321  -48.173  22.601 0.0000000000
128809  -50.374  -47.115  27.894 0.0000000000
129861  -42.534  -55.661  28.063 0.0000000000
130121  -42.798  -47.644  22.618 0.0000000000
130487  -50.531  -46.341  28.402 0.0000000000
130702  -54.930  -32.202  10.868 0.0000000000
130920  -51.834  -40.373  22.770 0.0000000000
132662  -54.815  -44.386  19.948 0.0000000000
133153  -61.555  -37.051  16.988 0.0000000000
133447  -57.452  -26.721  10.592 0.0000000000
133483  -60.187  -34.310  17.999 0.0000000000
133491  -49.603  -45.204  26.227 0.0000000000
136415  -60.511  -37.028  17.363 0.0000000000
137354  -56.105  -30.065  13.031 0.0000000000
137454  -61.468  -23.448  14.606 0.0000000000
138751  -40.746  -57.147  26.308 0.0000000000
138917  -55.539  -45.192  20.425 0.0000000000
139855  -48.430  -37.797  19.250 0.0000000000
140029  -59.050  -38.286  15.571 0.0000000000
140448  -43.293  -49.962  23.498 0.0000000000
141191  -46.977  -50.229  24.500 0.0000000000
141617  -49.177  -36.592  26.240 0.0000000000
142029  -37.053  -54.995  26.058 0.0000000000
142486  -53.311  -43.848  21.894 0.0000000000
142609  -59.629  -37.970  16.135 0.0000000000
142643  -60.556  -36.870  19.179 0.0000000000
142799  -61.347  -34.335  18.775 0.0000000000
142906  -60.282  -37.254  18.221 0.0000000000
143101  -35.255  -53.519  26.360 0.0000000000
143508  -52.135  -41.346  21.924 0.0000000000
144112  -50.097  -47.383  24.918 0.0000000000
144445  -51.015  -47.305  26.845 0.0000000000
144538  -59.122  -39.884  17.251 0.0000000000
145463  -46.826  -53.837  26.146 0.0000000000
145812  -50.262  -37.173  26.008 0.0000000000
145961  -54.342  -41.744  27.231 0.0000000000
146083  -59.032  -40.678  17.938 0.0000000000
146288  -59.030  -38.733  15.752 0.0000000000
146423  -60.502  -34.664  18.137 0.0000000000
146681  -51.132  -40.413  15.717 0.0000000000
146731  -51.079  -32.372  10.975 0.0000000000
147178  -54.433  -45.041  23.730 0.0000000000
147296  -35.321  -56.766  29.665 0.0000000000
148172  -37.762  -58.049  27.805 0.0000000000
148300  -51.575  -43.374  17.544 0.0000000000
148477  -28.502  -57.452  31.282 0.0000000000
