#!ascii label  , from subject sub-004 vox2ras=TkReg
684
141988  -46.047  -60.908  -45.142 0.0000000000
21352  -37.129  -63.911  -46.904 0.0000000000
31912  -50.674  -54.574  -46.645 0.0000000000
23751  -43.714  -62.015  -50.592 0.0000000000
30702  -45.500  -55.721  -47.581 0.0000000000
141137  -50.744  -59.011  -39.910 0.0000000000
29407  -44.815  -56.649  -42.013 0.0000000000
29347  -40.134  -56.081  -36.514 0.0000000000
34412  -49.971  -52.552  -44.535 0.0000000000
33232  -48.905  -53.536  -48.894 0.0000000000
35550  -48.820  -51.021  -45.855 0.0000000000
29390  -48.426  -56.877  -40.799 0.0000000000
146784  -45.688  -57.475  -38.333 0.0000000000
33048  -40.072  -53.752  -35.553 0.0000000000
31802  -41.787  -54.459  -37.954 0.0000000000
17853  -42.570  -66.265  -46.479 0.0000000000
22544  -40.036  -61.513  -47.726 0.0000000000
127260  -39.879  -66.136  -49.689 0.0000000000
20263  -37.862  -65.110  -51.767 0.0000000000
27077  -49.029  -58.192  -46.949 0.0000000000
23741  -45.341  -60.347  -49.172 0.0000000000
28340  -44.704  -57.977  -50.912 0.0000000000
25931  -42.289  -59.195  -48.808 0.0000000000
143770  -51.049  -56.269  -43.188 0.0000000000
30635  -49.117  -55.002  -43.915 0.0000000000
31852  -46.155  -54.147  -43.252 0.0000000000
29333  -43.720  -57.157  -35.141 0.0000000000
29364  -42.154  -56.702  -39.066 0.0000000000
31820  -44.080  -54.186  -40.030 0.0000000000
33118  -46.318  -52.735  -40.142 0.0000000000
19075  -41.719  -65.759  -47.726 0.0000000000
25876  -36.485  -59.696  -45.146 0.0000000000
21350  -34.483  -63.739  -47.154 0.0000000000
21399  -31.266  -63.938  -51.216 0.0000000000
34396  -49.211  -52.188  -43.286 0.0000000000
131375  -51.098  -50.969  -45.613 0.0000000000
21362  -45.180  -62.370  -45.848 0.0000000000
126084  -38.538  -62.336  -46.873 0.0000000000
19064  -38.858  -65.759  -47.483 0.0000000000
19070  -37.250  -65.894  -48.414 0.0000000000
20247  -36.347  -65.173  -51.004 0.0000000000
19084  -35.802  -65.369  -49.093 0.0000000000
29514  -50.223  -56.014  -46.913 0.0000000000
30725  -49.132  -55.458  -48.397 0.0000000000
31950  -46.873  -54.674  -48.562 0.0000000000
30743  -46.898  -55.916  -49.394 0.0000000000
29548  -45.070  -56.906  -48.904 0.0000000000
126461  -43.192  -58.482  -50.363 0.0000000000
28291  -43.891  -57.920  -48.285 0.0000000000
27013  -50.082  -58.399  -43.212 0.0000000000
28181  -50.646  -57.400  -41.543 0.0000000000
28180  -46.127  -57.216  -41.342 0.0000000000
29410  -47.803  -56.550  -41.745 0.0000000000
29426  -46.234  -56.516  -43.017 0.0000000000
30633  -47.031  -55.279  -43.936 0.0000000000
30614  -45.515  -55.661  -43.159 0.0000000000
127645  -42.026  -57.007  -35.687 0.0000000000
29360  -42.581  -57.235  -37.410 0.0000000000
128422  -41.579  -56.694  -37.318 0.0000000000
138317  -43.469  -53.473  -37.896 0.0000000000
31810  -42.889  -54.487  -39.033 0.0000000000
33089  -44.308  -53.314  -38.450 0.0000000000
125914  -44.917  -53.678  -40.220 0.0000000000
22578  -45.027  -62.060  -49.699 0.0000000000
21371  -43.326  -62.221  -47.016 0.0000000000
22546  -42.996  -62.002  -47.728 0.0000000000
16643  -39.546  -66.513  -52.528 0.0000000000
25861  -35.864  -59.022  -44.670 0.0000000000
23686  -35.174  -61.601  -46.285 0.0000000000
21379  -31.146  -62.837  -49.362 0.0000000000
137564  -51.008  -53.475  -45.938 0.0000000000
31954  -49.869  -54.208  -48.184 0.0000000000
34459  -50.192  -52.361  -47.538 0.0000000000
34457  -49.156  -52.285  -47.768 0.0000000000
33212  -46.761  -53.354  -47.334 0.0000000000
29375  -50.048  -57.134  -40.091 0.0000000000
140983  -47.068  -57.363  -39.654 0.0000000000
28151  -45.300  -57.631  -39.832 0.0000000000
30544  -39.590  -55.022  -36.087 0.0000000000
31801  -40.839  -54.780  -37.511 0.0000000000
33057  -41.410  -53.561  -36.557 0.0000000000
34289  -43.099  -52.732  -36.264 0.0000000000
34291  -44.638  -52.619  -36.239 0.0000000000
22574  -41.831  -61.232  -49.245 0.0000000000
22525  -41.568  -62.462  -46.784 0.0000000000
20209  -40.434  -64.643  -46.930 0.0000000000
19116  -39.311  -65.691  -50.938 0.0000000000
21428  -38.497  -64.266  -53.225 0.0000000000
21426  -37.234  -63.833  -53.912 0.0000000000
21424  -35.780  -63.690  -53.831 0.0000000000
21422  -33.794  -64.215  -53.410 0.0000000000
25914  -47.229  -58.551  -46.782 0.0000000000
23727  -45.548  -59.785  -47.300 0.0000000000
25953  -46.518  -59.599  -49.407 0.0000000000
24916  -45.790  -59.607  -50.646 0.0000000000
30745  -47.903  -55.813  -48.954 0.0000000000
28327  -46.244  -57.291  -50.913 0.0000000000
24914  -43.724  -60.340  -51.333 0.0000000000
25987  -41.819  -59.958  -51.055 0.0000000000
24894  -40.938  -60.304  -48.872 0.0000000000
23723  -38.953  -61.145  -48.274 0.0000000000
127912  -48.270  -58.020  -45.302 0.0000000000
28246  -50.293  -57.284  -45.120 0.0000000000
29470  -51.232  -56.009  -44.933 0.0000000000
29413  -50.054  -56.800  -41.419 0.0000000000
30619  -50.336  -55.902  -42.835 0.0000000000
31868  -50.280  -54.735  -44.198 0.0000000000
31881  -48.998  -53.939  -44.567 0.0000000000
33158  -47.559  -53.625  -43.938 0.0000000000
34383  -47.018  -52.885  -42.530 0.0000000000
28112  -44.313  -57.316  -36.595 0.0000000000
28135  -43.371  -57.601  -38.589 0.0000000000
29372  -43.222  -57.153  -39.956 0.0000000000
30557  -41.482  -55.682  -38.416 0.0000000000
30566  -42.935  -55.636  -40.148 0.0000000000
30578  -43.969  -55.431  -41.317 0.0000000000
31840  -44.563  -54.766  -41.817 0.0000000000
33132  -46.043  -53.133  -41.230 0.0000000000
21373  -44.136  -61.595  -47.016 0.0000000000
19076  -41.971  -65.888  -47.382 0.0000000000
19089  -40.832  -66.208  -48.833 0.0000000000
128908  -39.353  -67.199  -51.378 0.0000000000
27065  -43.474  -58.240  -47.308 0.0000000000
25910  -40.759  -59.571  -47.508 0.0000000000
22521  -37.596  -62.196  -46.841 0.0000000000
22504  -36.618  -62.356  -46.694 0.0000000000
20204  -35.765  -64.588  -47.532 0.0000000000
147892  -34.587  -64.713  -49.679 0.0000000000
20259  -33.609  -64.268  -51.317 0.0000000000
124276  -48.513  -52.362  -42.743 0.0000000000
35523  -50.170  -51.111  -44.289 0.0000000000
20200  -45.410  -63.000  -45.519 0.0000000000
22528  -45.016  -61.486  -46.078 0.0000000000
21353  -37.881  -63.887  -46.835 0.0000000000
19063  -37.843  -65.599  -47.512 0.0000000000
19062  -36.959  -65.361  -47.622 0.0000000000
19085  -36.622  -65.809  -49.415 0.0000000000
143707  -36.296  -65.101  -47.766 0.0000000000
30681  -50.562  -55.258  -46.548 0.0000000000
29534  -49.656  -55.748  -47.711 0.0000000000
30703  -50.204  -55.123  -47.229 0.0000000000
31949  -46.139  -55.075  -48.158 0.0000000000
30722  -45.948  -55.887  -48.514 0.0000000000
29532  -45.360  -56.400  -48.192 0.0000000000
28292  -44.443  -57.345  -48.358 0.0000000000
29531  -44.814  -56.909  -47.884 0.0000000000
24752  -50.655  -59.588  -40.540 0.0000000000
137342  -50.695  -59.328  -41.110 0.0000000000
25834  -50.854  -58.903  -41.574 0.0000000000
26968  -50.880  -57.852  -40.872 0.0000000000
28179  -45.142  -57.315  -41.377 0.0000000000
29409  -46.681  -56.881  -42.144 0.0000000000
29408  -45.702  -56.920  -42.192 0.0000000000
29440  -45.795  -56.155  -43.205 0.0000000000
29339  -40.317  -56.421  -35.496 0.0000000000
29340  -41.367  -56.853  -35.388 0.0000000000
29348  -41.111  -56.648  -36.347 0.0000000000
29357  -40.736  -56.173  -37.280 0.0000000000
33074  -44.263  -53.052  -37.479 0.0000000000
33090  -45.338  -52.929  -38.753 0.0000000000
34324  -46.014  -52.487  -38.162 0.0000000000
23752  -44.630  -61.741  -50.301 0.0000000000
22561  -44.139  -62.243  -49.287 0.0000000000
22560  -43.364  -62.054  -49.004 0.0000000000
22501  -33.562  -62.206  -46.392 0.0000000000
22541  -31.966  -62.889  -47.975 0.0000000000
22540  -31.375  -62.498  -48.575 0.0000000000
33182  -50.482  -52.767  -45.587 0.0000000000
33197  -50.556  -52.940  -46.409 0.0000000000
35551  -51.042  -51.639  -45.475 0.0000000000
36689  -49.961  -50.773  -45.968 0.0000000000
35577  -49.824  -51.528  -47.415 0.0000000000
34444  -48.783  -51.715  -47.287 0.0000000000
34455  -47.441  -52.707  -47.336 0.0000000000
34443  -47.758  -52.055  -47.013 0.0000000000
28152  -46.217  -57.424  -39.614 0.0000000000
142241  -45.260  -57.527  -38.924 0.0000000000
31786  -39.533  -54.464  -35.479 0.0000000000
31787  -39.803  -54.387  -36.126 0.0000000000
33056  -40.441  -53.968  -36.365 0.0000000000
33049  -41.182  -53.382  -35.752 0.0000000000
34290  -43.935  -52.767  -36.381 0.0000000000
15372  -41.577  -67.041  -47.316 0.0000000000
22558  -40.931  -61.218  -48.582 0.0000000000
22545  -41.197  -61.665  -47.540 0.0000000000
21340  -40.122  -63.006  -46.446 0.0000000000
127799  -38.304  -66.193  -49.500 0.0000000000
19087  -39.040  -66.192  -49.061 0.0000000000
19115  -38.327  -65.717  -51.053 0.0000000000
20283  -38.377  -64.547  -52.489 0.0000000000
21427  -37.662  -64.259  -53.671 0.0000000000
20261  -35.993  -64.786  -51.695 0.0000000000
21410  -36.125  -64.199  -53.230 0.0000000000
21409  -35.252  -64.268  -53.028 0.0000000000
21423  -34.757  -64.103  -53.573 0.0000000000
21408  -34.419  -64.278  -52.792 0.0000000000
25915  -47.841  -57.930  -46.086 0.0000000000
25913  -46.684  -58.943  -47.336 0.0000000000
25972  -46.388  -59.325  -50.200 0.0000000000
27130  -46.626  -58.696  -50.376 0.0000000000
33233  -49.427  -53.629  -48.451 0.0000000000
31953  -49.182  -54.557  -48.599 0.0000000000
31969  -48.060  -54.969  -48.892 0.0000000000
29571  -46.163  -56.692  -50.605 0.0000000000
28341  -45.520  -57.909  -51.065 0.0000000000
133779  -44.898  -58.866  -51.155 0.0000000000
27144  -44.142  -58.763  -51.224 0.0000000000
24913  -42.722  -60.373  -51.501 0.0000000000
27107  -42.689  -58.842  -49.650 0.0000000000
25952  -41.947  -59.495  -49.823 0.0000000000
25951  -41.325  -59.884  -49.303 0.0000000000
24877  -40.243  -60.564  -48.587 0.0000000000
25929  -40.627  -59.997  -48.725 0.0000000000
27035  -50.512  -57.634  -43.482 0.0000000000
28227  -50.390  -57.380  -44.301 0.0000000000
28228  -51.054  -56.858  -43.775 0.0000000000
29469  -50.845  -56.627  -45.438 0.0000000000
29452  -51.139  -56.154  -44.118 0.0000000000
29373  -49.018  -57.197  -40.012 0.0000000000
29392  -49.863  -56.907  -40.692 0.0000000000
29391  -49.417  -56.832  -40.672 0.0000000000
29428  -48.309  -56.168  -42.517 0.0000000000
30596  -49.331  -56.191  -42.262 0.0000000000
30618  -49.802  -55.625  -42.958 0.0000000000
31853  -50.016  -55.093  -43.500 0.0000000000
31867  -49.286  -54.502  -44.416 0.0000000000
31866  -48.504  -54.497  -44.452 0.0000000000
33157  -46.836  -54.254  -43.931 0.0000000000
33144  -46.865  -53.442  -43.368 0.0000000000
29342  -43.966  -57.163  -35.745 0.0000000000
28134  -42.606  -57.296  -38.422 0.0000000000
28123  -43.179  -57.552  -37.871 0.0000000000
28149  -43.640  -57.542  -39.458 0.0000000000
29371  -42.662  -56.820  -39.636 0.0000000000
31808  -41.320  -55.128  -38.125 0.0000000000
31819  -43.175  -54.716  -39.853 0.0000000000
31818  -42.474  -55.340  -39.469 0.0000000000
30577  -43.489  -56.065  -40.750 0.0000000000
31833  -43.561  -55.053  -40.581 0.0000000000
31834  -44.301  -54.435  -40.878 0.0000000000
33117  -45.610  -53.272  -40.433 0.0000000000
34371  -46.879  -52.734  -41.654 0.0000000000
23726  -44.927  -59.993  -47.963 0.0000000000
22550  -44.694  -60.714  -47.211 0.0000000000
22549  -44.193  -61.157  -47.675 0.0000000000
130883  -42.606  -64.504  -46.977 0.0000000000
21359  -43.138  -63.533  -46.733 0.0000000000
17865  -41.457  -66.136  -48.556 0.0000000000
16601  -41.805  -67.181  -49.448 0.0000000000
16618  -41.939  -67.030  -49.899 0.0000000000
20220  -40.969  -65.367  -47.828 0.0000000000
20210  -41.349  -64.513  -47.130 0.0000000000
134377  -39.830  -65.996  -49.890 0.0000000000
16641  -38.387  -66.719  -52.869 0.0000000000
143975  -38.971  -67.142  -51.831 0.0000000000
134621  -43.754  -57.565  -46.619 0.0000000000
28263  -43.140  -58.071  -46.364 0.0000000000
25909  -39.979  -59.842  -47.586 0.0000000000
24838  -38.614  -60.787  -48.100 0.0000000000
24837  -38.067  -60.895  -47.653 0.0000000000
21337  -34.031  -63.010  -46.712 0.0000000000
22503  -35.599  -62.350  -46.556 0.0000000000
21338  -35.016  -63.129  -46.678 0.0000000000
21339  -35.991  -63.137  -46.777 0.0000000000
128045  -34.877  -64.368  -47.633 0.0000000000
132442  -35.192  -64.794  -48.079 0.0000000000
20218  -34.566  -64.626  -48.337 0.0000000000
142165  -32.529  -64.166  -50.203 0.0000000000
20243  -33.014  -64.226  -50.670 0.0000000000
20258  -32.734  -64.222  -51.471 0.0000000000
34398  -50.323  -51.723  -44.505 0.0000000000
36671  -51.009  -50.713  -45.174 0.0000000000
36676  -49.494  -50.588  -45.250 0.0000000000
34261  -41.718  -52.731  -34.352 0.0000000000
20214  -44.642  -63.032  -45.915 0.0000000000
130457  -39.123  -61.807  -47.435 0.0000000000
20208  -39.354  -64.824  -46.867 0.0000000000
20207  -38.341  -64.843  -46.938 0.0000000000
19071  -38.305  -66.171  -48.418 0.0000000000
128598  -37.125  -66.009  -50.104 0.0000000000
20262  -36.892  -64.950  -51.722 0.0000000000
19099  -36.528  -65.586  -50.335 0.0000000000
146032  -36.052  -65.258  -50.526 0.0000000000
20246  -35.465  -64.908  -50.766 0.0000000000
28281  -50.100  -57.128  -46.765 0.0000000000
29513  -49.486  -56.603  -47.470 0.0000000000
145743  -48.527  -56.549  -48.244 0.0000000000
29553  -48.347  -56.034  -48.548 0.0000000000
31951  -47.768  -54.395  -48.880 0.0000000000
30724  -47.263  -55.150  -49.008 0.0000000000
30723  -46.573  -55.414  -48.880 0.0000000000
30742  -46.272  -56.053  -49.350 0.0000000000
28304  -44.896  -57.002  -49.924 0.0000000000
28324  -43.750  -57.867  -50.088 0.0000000000
28303  -44.250  -57.508  -49.368 0.0000000000
27108  -43.433  -58.236  -49.257 0.0000000000
27089  -43.317  -58.432  -48.228 0.0000000000
27014  -50.929  -58.032  -42.814 0.0000000000
29429  -50.700  -56.771  -42.364 0.0000000000
29389  -47.260  -56.998  -41.053 0.0000000000
29427  -47.218  -56.432  -42.871 0.0000000000
30616  -47.666  -55.863  -43.576 0.0000000000
30634  -48.071  -55.183  -44.213 0.0000000000
30632  -46.224  -55.822  -43.456 0.0000000000
31864  -46.173  -54.984  -43.568 0.0000000000
31851  -45.554  -54.842  -43.144 0.0000000000
29331  -42.304  -57.083  -34.827 0.0000000000
29341  -43.025  -57.160  -35.527 0.0000000000
29350  -43.281  -57.267  -36.435 0.0000000000
29349  -42.242  -57.054  -36.445 0.0000000000
29359  -41.961  -56.693  -38.161 0.0000000000
33073  -42.539  -53.631  -37.605 0.0000000000
33087  -42.692  -54.148  -38.293 0.0000000000
33088  -43.420  -53.798  -38.587 0.0000000000
33102  -43.736  -53.916  -39.260 0.0000000000
33103  -44.699  -53.464  -39.390 0.0000000000
33104  -45.632  -53.036  -39.639 0.0000000000
146045  -46.236  -52.692  -39.569 0.0000000000
23740  -45.184  -61.318  -49.369 0.0000000000
22548  -43.876  -61.479  -48.070 0.0000000000
21370  -42.836  -62.790  -46.928 0.0000000000
21358  -42.423  -63.849  -46.946 0.0000000000
19128  -39.547  -65.977  -51.645 0.0000000000
24799  -34.188  -60.549  -45.549 0.0000000000
24800  -35.135  -60.457  -45.539 0.0000000000
24820  -35.655  -60.956  -46.181 0.0000000000
23685  -34.125  -61.467  -45.984 0.0000000000
21349  -33.583  -63.510  -47.337 0.0000000000
126295  -33.738  -64.423  -48.781 0.0000000000
20229  -32.356  -63.921  -49.614 0.0000000000
21389  -31.454  -63.676  -50.456 0.0000000000
31913  -51.068  -54.196  -46.001 0.0000000000
31930  -50.238  -54.206  -47.470 0.0000000000
135250  -50.686  -53.636  -46.676 0.0000000000
33215  -50.253  -53.229  -47.520 0.0000000000
34468  -49.464  -52.856  -48.320 0.0000000000
35567  -51.012  -51.016  -46.243 0.0000000000
34458  -50.051  -52.139  -47.893 0.0000000000
33214  -48.643  -52.976  -48.353 0.0000000000
33213  -47.733  -53.120  -48.032 0.0000000000
31928  -46.390  -54.261  -47.759 0.0000000000
26957  -50.651  -57.974  -39.611 0.0000000000
126476  -48.499  -57.500  -39.298 0.0000000000
141244  -47.657  -57.452  -39.283 0.0000000000
28153  -47.817  -57.289  -40.063 0.0000000000
28170  -46.669  -57.296  -40.389 0.0000000000
28169  -45.642  -57.490  -40.576 0.0000000000
28168  -44.724  -57.592  -40.583 0.0000000000
30538  -39.683  -55.729  -35.887 0.0000000000
30545  -39.826  -55.457  -36.522 0.0000000000
30553  -40.289  -55.495  -37.141 0.0000000000
31792  -40.038  -54.741  -36.776 0.0000000000
31793  -40.780  -54.161  -36.978 0.0000000000
33072  -41.571  -53.903  -37.307 0.0000000000
33050  -42.155  -52.998  -36.003 0.0000000000
33058  -42.353  -53.197  -36.841 0.0000000000
33059  -43.430  -53.063  -37.048 0.0000000000
34309  -44.255  -52.842  -36.797 0.0000000000
34310  -44.856  -52.712  -36.992 0.0000000000
22575  -42.712  -61.979  -49.703 0.0000000000
127283  -42.188  -61.865  -47.608 0.0000000000
21356  -40.805  -63.432  -46.517 0.0000000000
19073  -40.556  -65.884  -48.590 0.0000000000
19102  -39.702  -65.988  -50.242 0.0000000000
20300  -39.229  -64.479  -53.271 0.0000000000
21411  -36.808  -64.268  -53.206 0.0000000000
21425  -36.635  -63.551  -53.902 0.0000000000
21440  -35.948  -63.359  -54.476 0.0000000000
21439  -35.017  -63.724  -54.287 0.0000000000
21438  -34.196  -63.788  -54.874 0.0000000000
24841  -46.598  -59.242  -46.233 0.0000000000
23709  -45.460  -60.490  -45.967 0.0000000000
24840  -46.042  -59.551  -46.726 0.0000000000
24858  -46.126  -59.208  -47.867 0.0000000000
24857  -45.639  -59.596  -48.484 0.0000000000
24879  -46.371  -59.398  -48.762 0.0000000000
24878  -45.997  -60.018  -49.214 0.0000000000
23754  -45.708  -60.761  -49.542 0.0000000000
24896  -45.351  -60.407  -50.222 0.0000000000
23766  -44.135  -61.174  -51.008 0.0000000000
30726  -49.850  -54.920  -48.044 0.0000000000
30744  -47.448  -55.776  -49.244 0.0000000000
29572  -46.787  -56.675  -50.577 0.0000000000
27146  -46.079  -58.770  -51.010 0.0000000000
25990  -44.485  -59.530  -51.245 0.0000000000
23765  -43.173  -61.272  -51.140 0.0000000000
23764  -42.431  -61.002  -51.059 0.0000000000
24911  -42.026  -60.316  -50.465 0.0000000000
131480  -41.708  -60.622  -49.510 0.0000000000
27128  -42.482  -59.093  -50.672 0.0000000000
25970  -41.889  -59.897  -50.173 0.0000000000
22543  -40.108  -61.006  -48.574 0.0000000000
22542  -39.306  -61.245  -48.181 0.0000000000
22522  -38.584  -61.529  -47.668 0.0000000000
126355  -38.090  -62.185  -46.932 0.0000000000
25900  -47.170  -58.920  -45.624 0.0000000000
27066  -48.714  -57.648  -45.870 0.0000000000
25883  -48.986  -58.249  -44.196 0.0000000000
27049  -49.542  -57.685  -44.690 0.0000000000
145352  -50.060  -57.628  -46.318 0.0000000000
144753  -50.321  -57.175  -45.918 0.0000000000
29493  -51.142  -55.775  -45.620 0.0000000000
30659  -51.252  -55.264  -45.185 0.0000000000
26967  -50.546  -57.505  -40.316 0.0000000000
29414  -50.314  -56.980  -41.567 0.0000000000
30598  -50.347  -56.610  -42.251 0.0000000000
29411  -48.889  -56.460  -41.487 0.0000000000
30597  -50.028  -56.444  -42.194 0.0000000000
30620  -50.765  -56.080  -42.836 0.0000000000
126755  -51.059  -55.634  -43.679 0.0000000000
31869  -51.041  -54.985  -44.145 0.0000000000
31895  -51.106  -54.507  -45.605 0.0000000000
31883  -50.570  -54.328  -45.003 0.0000000000
33170  -50.125  -53.268  -45.099 0.0000000000
33169  -49.604  -53.440  -44.659 0.0000000000
31865  -47.698  -54.487  -44.244 0.0000000000
31880  -48.336  -53.822  -44.293 0.0000000000
33168  -49.216  -53.035  -44.204 0.0000000000
33159  -48.473  -52.997  -43.484 0.0000000000
34384  -47.745  -52.833  -42.853 0.0000000000
28111  -43.489  -57.411  -37.188 0.0000000000
28124  -44.112  -57.582  -37.712 0.0000000000
28136  -44.317  -57.647  -38.729 0.0000000000
28150  -44.477  -57.679  -39.717 0.0000000000
28167  -43.929  -57.474  -40.342 0.0000000000
29388  -44.297  -57.227  -41.162 0.0000000000
30554  -40.907  -55.566  -37.805 0.0000000000
29358  -41.288  -56.159  -38.012 0.0000000000
29363  -41.687  -56.204  -38.621 0.0000000000
31809  -41.972  -55.049  -38.708 0.0000000000
30565  -42.452  -56.152  -39.631 0.0000000000
29386  -43.021  -56.474  -40.154 0.0000000000
29387  -43.609  -56.916  -40.691 0.0000000000
29406  -44.077  -56.462  -41.388 0.0000000000
30595  -44.445  -55.813  -42.086 0.0000000000
31850  -44.945  -55.238  -42.672 0.0000000000
31841  -45.480  -54.141  -42.252 0.0000000000
33116  -45.118  -53.857  -41.128 0.0000000000
33143  -46.388  -53.375  -42.371 0.0000000000
132773  -47.470  -52.518  -42.017 0.0000000000
21361  -44.755  -62.279  -46.176 0.0000000000
20213  -43.677  -63.696  -46.265 0.0000000000
21372  -43.742  -61.860  -46.981 0.0000000000
20212  -42.917  -64.588  -46.689 0.0000000000
17861  -42.276  -66.129  -47.064 0.0000000000
15371  -41.322  -67.219  -48.241 0.0000000000
21357  -41.813  -63.610  -46.843 0.0000000000
132080  -41.929  -64.483  -47.233 0.0000000000
123329  -41.429  -65.865  -48.513 0.0000000000
19118  -39.848  -66.518  -50.987 0.0000000000
17905  -39.893  -66.679  -50.651 0.0000000000
16617  -40.427  -67.105  -49.515 0.0000000000
36669  -49.088  -50.368  -44.587 0.0000000000
34442  -46.939  -52.596  -46.661 0.0000000000
33211  -45.814  -53.822  -46.939 0.0000000000
31927  -45.783  -54.837  -47.192 0.0000000000
30701  -44.911  -55.990  -46.917 0.0000000000
28279  -44.201  -57.423  -47.446 0.0000000000
25912  -42.681  -58.839  -47.847 0.0000000000
27064  -42.609  -58.563  -46.836 0.0000000000
25899  -41.957  -59.028  -47.246 0.0000000000
132301  -41.087  -59.665  -48.163 0.0000000000
25928  -39.891  -60.283  -48.305 0.0000000000
23707  -38.414  -61.167  -48.020 0.0000000000
135422  -37.621  -63.029  -46.762 0.0000000000
24821  -36.552  -60.897  -46.466 0.0000000000
133075  -37.468  -60.957  -46.870 0.0000000000
22520  -36.907  -63.095  -46.812 0.0000000000
20205  -36.642  -64.645  -47.228 0.0000000000
19061  -35.741  -65.128  -48.259 0.0000000000
20232  -35.129  -64.978  -49.662 0.0000000000
20245  -34.613  -64.644  -50.257 0.0000000000
20244  -33.843  -64.423  -50.488 0.0000000000
20279  -34.098  -64.272  -52.017 0.0000000000
21407  -33.746  -64.272  -52.621 0.0000000000
14222  -40.850  -67.552  -48.283 0.0000000000
15360  -41.440  -67.672  -47.127 0.0000000000
15385  -40.587  -67.444  -48.889 0.0000000000
15386  -41.566  -66.983  -48.799 0.0000000000
15394  -40.167  -67.405  -49.494 0.0000000000
15395  -41.717  -66.985  -49.332 0.0000000000
15411  -39.003  -67.437  -51.571 0.0000000000
16584  -41.948  -66.520  -46.866 0.0000000000
16591  -41.476  -66.591  -47.914 0.0000000000
16602  -41.341  -66.276  -48.559 0.0000000000
16627  -39.975  -67.148  -50.370 0.0000000000
16634  -39.250  -66.861  -51.729 0.0000000000
16635  -39.646  -67.086  -51.112 0.0000000000
16642  -39.081  -66.576  -52.669 0.0000000000
17866  -41.579  -66.024  -47.684 0.0000000000
17873  -42.017  -66.782  -49.654 0.0000000000
17888  -40.524  -66.933  -49.582 0.0000000000
17889  -41.973  -66.717  -49.977 0.0000000000
17916  -39.365  -66.519  -52.184 0.0000000000
17917  -39.779  -66.759  -51.143 0.0000000000
19065  -39.950  -65.655  -47.695 0.0000000000
19066  -42.403  -65.292  -47.186 0.0000000000
19067  -42.662  -65.597  -46.771 0.0000000000
19069  -36.436  -65.498  -48.419 0.0000000000
19074  -41.066  -65.901  -48.475 0.0000000000
19086  -37.562  -66.121  -49.377 0.0000000000
19088  -40.013  -65.976  -49.393 0.0000000000
19090  -41.751  -66.697  -49.325 0.0000000000
19098  -35.895  -65.402  -49.983 0.0000000000
19100  -37.863  -66.072  -50.243 0.0000000000
19101  -38.757  -66.054  -50.194 0.0000000000
19103  -40.028  -66.538  -50.306 0.0000000000
19104  -40.591  -66.709  -49.305 0.0000000000
19114  -37.266  -65.547  -50.898 0.0000000000
19117  -39.724  -65.962  -51.113 0.0000000000
20197  -43.289  -64.631  -46.088 0.0000000000
20203  -34.033  -64.219  -47.814 0.0000000000
20206  -37.447  -64.787  -47.028 0.0000000000
20211  -42.159  -64.898  -47.380 0.0000000000
20219  -35.137  -64.991  -48.749 0.0000000000
20221  -41.528  -65.407  -47.737 0.0000000000
20231  -34.073  -64.563  -49.673 0.0000000000
20257  -31.826  -64.272  -51.702 0.0000000000
20260  -34.545  -64.455  -51.233 0.0000000000
20278  -33.299  -64.276  -52.077 0.0000000000
20280  -35.655  -64.470  -52.383 0.0000000000
20281  -36.503  -64.524  -52.480 0.0000000000
20314  -38.978  -64.662  -53.752 0.0000000000
21341  -45.327  -62.636  -45.705 0.0000000000
21342  -45.461  -62.870  -45.485 0.0000000000
21351  -35.395  -63.875  -47.053 0.0000000000
21354  -38.723  -63.638  -46.677 0.0000000000
21355  -39.805  -63.701  -46.547 0.0000000000
21360  -44.064  -62.752  -46.558 0.0000000000
21368  -31.963  -63.298  -48.910 0.0000000000
21390  -32.123  -64.096  -50.836 0.0000000000
21413  -38.712  -64.159  -52.926 0.0000000000
21441  -36.543  -63.212  -54.183 0.0000000000
21442  -37.729  -64.179  -53.732 0.0000000000
21443  -38.461  -64.421  -53.410 0.0000000000
22502  -34.582  -62.311  -46.422 0.0000000000
22505  -45.436  -62.505  -45.487 0.0000000000
22517  -31.608  -62.138  -47.791 0.0000000000
22523  -39.438  -62.645  -46.650 0.0000000000
22524  -40.415  -62.302  -46.723 0.0000000000
22526  -42.424  -62.704  -46.965 0.0000000000
22527  -44.539  -61.591  -46.528 0.0000000000
22547  -43.535  -61.782  -48.131 0.0000000000
22559  -41.960  -61.500  -48.590 0.0000000000
22562  -44.719  -61.980  -49.217 0.0000000000
22576  -43.559  -62.348  -50.053 0.0000000000
22577  -44.418  -62.296  -49.863 0.0000000000
22603  -37.197  -63.674  -54.173 0.0000000000
22604  -37.276  -63.688  -54.119 0.0000000000
23687  -36.138  -61.596  -46.513 0.0000000000
23688  -37.103  -61.602  -46.750 0.0000000000
23706  -37.889  -61.423  -47.328 0.0000000000
23708  -45.043  -60.453  -46.830 0.0000000000
23724  -39.647  -60.928  -48.496 0.0000000000
23725  -44.603  -60.655  -48.480 0.0000000000
23738  -40.442  -60.765  -48.689 0.0000000000
23739  -41.042  -60.956  -48.908 0.0000000000
23748  -41.155  -60.487  -49.014 0.0000000000
23749  -42.374  -61.067  -50.033 0.0000000000
23750  -42.916  -62.033  -50.671 0.0000000000
23753  -45.303  -61.413  -49.866 0.0000000000
23767  -44.872  -61.030  -50.558 0.0000000000
24733  -50.439  -60.074  -39.874 0.0000000000
24801  -36.054  -60.378  -45.715 0.0000000000
24819  -34.855  -61.017  -45.914 0.0000000000
24823  -46.092  -59.998  -45.570 0.0000000000
24839  -39.215  -60.282  -47.807 0.0000000000
24856  -39.023  -60.976  -48.387 0.0000000000
24895  -41.570  -60.178  -49.543 0.0000000000
24897  -46.120  -60.094  -49.855 0.0000000000
24912  -42.125  -60.240  -51.255 0.0000000000
24915  -44.681  -60.374  -51.099 0.0000000000
25821  -50.993  -58.737  -40.840 0.0000000000
25882  -48.365  -58.532  -44.401 0.0000000000
25911  -41.856  -59.333  -48.058 0.0000000000
25930  -41.464  -59.641  -48.916 0.0000000000
25949  -40.205  -60.343  -48.533 0.0000000000
25950  -40.744  -60.069  -48.731 0.0000000000
25954  -47.029  -59.173  -49.016 0.0000000000
25969  -41.436  -59.938  -49.401 0.0000000000
25971  -41.984  -59.628  -50.792 0.0000000000
25988  -42.343  -59.737  -51.401 0.0000000000
25989  -43.333  -59.569  -51.493 0.0000000000
25991  -45.351  -59.179  -51.095 0.0000000000
26958  -50.937  -58.193  -40.312 0.0000000000
26980  -50.902  -58.166  -41.504 0.0000000000
26993  -50.804  -58.395  -42.149 0.0000000000
27034  -49.764  -58.048  -43.897 0.0000000000
27048  -48.783  -57.685  -44.964 0.0000000000
27088  -42.907  -58.731  -48.719 0.0000000000
27129  -43.881  -58.275  -50.720 0.0000000000
27145  -45.505  -58.539  -51.105 0.0000000000
28137  -45.186  -57.579  -37.954 0.0000000000
28148  -42.828  -57.306  -39.239 0.0000000000
28155  -49.974  -57.169  -39.346 0.0000000000
28156  -50.281  -57.390  -39.605 0.0000000000
28171  -50.504  -57.335  -40.997 0.0000000000
28192  -50.821  -57.633  -42.233 0.0000000000
28208  -51.016  -57.167  -42.949 0.0000000000
28247  -51.038  -56.712  -44.641 0.0000000000
28264  -49.647  -57.859  -46.563 0.0000000000
28280  -49.354  -57.537  -47.262 0.0000000000
28306  -48.167  -56.844  -48.478 0.0000000000
28325  -44.452  -57.604  -50.279 0.0000000000
29374  -49.709  -57.117  -39.996 0.0000000000
29393  -50.158  -57.063  -40.833 0.0000000000
29412  -49.735  -56.620  -41.343 0.0000000000
29425  -45.433  -56.364  -42.820 0.0000000000
29492  -50.544  -56.384  -46.155 0.0000000000
29510  -44.204  -57.001  -46.740 0.0000000000
29511  -44.585  -56.676  -47.148 0.0000000000
29512  -45.036  -56.369  -47.508 0.0000000000
29533  -49.089  -56.302  -48.195 0.0000000000
29549  -45.696  -56.514  -49.963 0.0000000000
29550  -46.504  -56.355  -50.124 0.0000000000
29551  -47.067  -56.309  -49.919 0.0000000000
29573  -47.350  -56.713  -50.104 0.0000000000
30558  -41.900  -55.885  -39.077 0.0000000000
30613  -44.946  -55.989  -42.661 0.0000000000
30615  -46.862  -56.099  -43.478 0.0000000000
30617  -48.804  -55.614  -43.247 0.0000000000
30636  -50.621  -55.527  -43.442 0.0000000000
30645  -51.186  -55.456  -44.443 0.0000000000
30682  -51.215  -54.987  -45.908 0.0000000000
30746  -48.578  -55.179  -48.799 0.0000000000
30758  -47.467  -56.272  -49.480 0.0000000000
31882  -49.711  -54.058  -44.781 0.0000000000
31929  -47.309  -53.942  -48.188 0.0000000000
31952  -48.558  -54.137  -49.070 0.0000000000
31970  -48.666  -54.477  -49.015 0.0000000000
33171  -50.823  -53.730  -45.594 0.0000000000
33196  -50.429  -52.879  -46.977 0.0000000000
33231  -48.223  -53.664  -48.763 0.0000000000
33234  -50.077  -53.565  -48.025 0.0000000000
33250  -48.896  -53.995  -49.068 0.0000000000
34397  -50.014  -51.968  -43.871 0.0000000000
34413  -50.544  -52.055  -44.989 0.0000000000
34430  -50.850  -52.394  -45.998 0.0000000000
34445  -50.543  -52.199  -46.687 0.0000000000
34456  -48.199  -52.419  -47.676 0.0000000000
34469  -50.078  -52.854  -48.121 0.0000000000
35538  -51.043  -51.147  -44.924 0.0000000000
35564  -48.253  -51.512  -46.475 0.0000000000
35565  -49.394  -51.145  -46.824 0.0000000000
35566  -50.320  -51.119  -46.565 0.0000000000
35578  -50.448  -51.602  -46.998 0.0000000000
36659  -50.560  -50.791  -44.697 0.0000000000
36670  -50.160  -50.503  -44.701 0.0000000000
36677  -50.536  -50.623  -45.340 0.0000000000
36690  -50.989  -50.764  -45.823 0.0000000000
124560  -32.021  -63.924  -50.165 0.0000000000
124597  -46.989  -57.357  -38.922 0.0000000000
124682  -45.708  -56.362  -48.960 0.0000000000
125184  -51.006  -51.445  -46.154 0.0000000000
125703  -38.174  -61.637  -47.413 0.0000000000
126719  -40.390  -59.872  -48.149 0.0000000000
127017  -39.407  -66.094  -49.843 0.0000000000
127554  -31.643  -63.478  -49.742 0.0000000000
127988  -44.951  -58.387  -51.091 0.0000000000
129412  -39.711  -60.702  -48.436 0.0000000000
130419  -51.174  -54.918  -44.805 0.0000000000
131275  -50.745  -55.675  -46.263 0.0000000000
133199  -48.914  -57.224  -48.030 0.0000000000
133317  -45.959  -58.076  -51.099 0.0000000000
133965  -40.513  -66.034  -48.969 0.0000000000
134501  -34.606  -59.820  -45.169 0.0000000000
135129  -42.696  -61.821  -48.544 0.0000000000
135287  -39.213  -64.347  -52.875 0.0000000000
135522  -36.306  -63.903  -46.987 0.0000000000
136588  -45.194  -59.824  -51.091 0.0000000000
137046  -34.258  -64.020  -54.077 0.0000000000
137458  -34.519  -64.756  -49.126 0.0000000000
139906  -41.406  -59.373  -47.552 0.0000000000
140176  -39.621  -65.879  -50.830 0.0000000000
142005  -38.837  -66.683  -52.194 0.0000000000
143177  -49.879  -57.849  -45.790 0.0000000000
143631  -41.810  -59.778  -49.914 0.0000000000
144292  -39.245  -60.660  -48.265 0.0000000000
146099  -50.938  -55.843  -43.197 0.0000000000
146757  -41.108  -67.755  -47.619 0.0000000000
146878  -38.104  -62.978  -46.715 0.0000000000
147487  -42.416  -59.333  -51.169 0.0000000000
147895  -45.734  -57.489  -39.256 0.0000000000
148386  -39.686  -61.999  -47.070 0.0000000000
