#!ascii label  , from subject sub-013 vox2ras=TkReg
2041
35318  -42.073  -53.078  52.091 0.0000000000
39375  -26.562  -48.132  58.713 0.0000000000
46911  -42.156  -39.911  37.058 0.0000000000
116899  -41.426  -50.486  40.429 0.0000000000
40455  -40.217  -47.404  46.664 0.0000000000
39417  -35.680  -47.190  55.660 0.0000000000
37057  -28.734  -50.915  49.112 0.0000000000
35438  -36.084  -54.611  43.268 0.0000000000
39427  -21.174  -48.675  54.358 0.0000000000
55803  -53.157  -30.931  39.524 0.0000000000
33541  -31.043  -55.546  52.173 0.0000000000
34545  -43.381  -54.699  45.805 0.0000000000
37952  -47.144  -50.871  43.488 0.0000000000
36219  -43.558  -52.559  48.952 0.0000000000
41257  -39.245  -45.749  52.062 0.0000000000
39534  -36.155  -47.941  48.036 0.0000000000
35401  -39.502  -54.282  46.270 0.0000000000
36330  -38.810  -53.063  42.366 0.0000000000
58370  -53.459  -27.295  36.864 0.0000000000
36959  -22.495  -50.064  57.840 0.0000000000
120068  -25.297  -52.763  52.222 0.0000000000
32625  -27.217  -54.605  55.613 0.0000000000
44087  -40.614  -43.739  42.037 0.0000000000
41193  -30.339  -45.980  57.125 0.0000000000
37801  -27.711  -50.260  55.176 0.0000000000
113747  -31.419  -47.619  51.046 0.0000000000
121969  -31.634  -48.590  44.335 0.0000000000
38625  -18.516  -49.335  51.771 0.0000000000
43121  -49.624  -44.057  45.759 0.0000000000
46866  -48.323  -40.020  41.800 0.0000000000
51365  -52.468  -35.872  42.361 0.0000000000
51400  -47.723  -35.895  38.103 0.0000000000
54976  -47.547  -31.585  34.037 0.0000000000
38686  -22.851  -49.449  48.457 0.0000000000
110453  -33.081  -53.836  54.206 0.0000000000
32730  -43.545  -55.768  49.012 0.0000000000
35389  -45.554  -53.708  47.161 0.0000000000
35346  -44.281  -53.460  50.579 0.0000000000
38630  -41.086  -49.248  51.643 0.0000000000
102611  -39.783  -50.705  49.754 0.0000000000
35360  -41.344  -53.834  49.715 0.0000000000
33630  -41.437  -55.897  46.673 0.0000000000
45963  -41.493  -41.446  34.410 0.0000000000
48899  -42.847  -38.796  35.318 0.0000000000
37762  -25.131  -49.916  58.499 0.0000000000
35256  -24.803  -53.229  57.058 0.0000000000
36094  -26.628  -51.854  57.893 0.0000000000
38001  -42.934  -50.210  38.565 0.0000000000
109579  -42.849  -50.684  44.782 0.0000000000
107645  -44.303  -49.771  42.067 0.0000000000
38749  -40.734  -48.977  43.350 0.0000000000
41336  -38.742  -46.963  41.402 0.0000000000
42206  -40.032  -45.159  44.671 0.0000000000
40266  -33.605  -46.368  56.679 0.0000000000
102519  -31.032  -46.921  54.710 0.0000000000
40340  -33.071  -47.347  53.746 0.0000000000
38734  -37.123  -50.216  43.996 0.0000000000
39574  -34.599  -48.436  46.161 0.0000000000
37956  -35.046  -50.642  42.232 0.0000000000
37176  -40.207  -51.104  41.699 0.0000000000
44947  -48.352  -42.430  43.533 0.0000000000
119205  -50.264  -35.356  39.802 0.0000000000
53311  -50.480  -33.208  37.926 0.0000000000
53319  -47.695  -33.766  36.260 0.0000000000
54949  -50.610  -31.476  36.527 0.0000000000
58404  -50.643  -27.730  32.751 0.0000000000
116903  -19.633  -48.152  52.879 0.0000000000
38655  -20.713  -49.211  49.960 0.0000000000
38641  -22.371  -49.177  51.428 0.0000000000
118184  -27.351  -54.608  51.785 0.0000000000
35355  -26.736  -53.324  49.244 0.0000000000
34484  -28.997  -54.583  49.328 0.0000000000
37832  -28.265  -50.482  52.009 0.0000000000
36149  -29.969  -52.833  54.409 0.0000000000
36175  -30.898  -52.893  52.108 0.0000000000
36317  -43.021  -52.260  43.272 0.0000000000
37180  -44.631  -51.690  41.439 0.0000000000
36299  -46.119  -52.507  44.570 0.0000000000
101805  -45.131  -52.052  46.045 0.0000000000
37900  -41.579  -50.110  47.965 0.0000000000
102361  -37.120  -47.250  54.452 0.0000000000
40383  -35.212  -47.517  52.016 0.0000000000
40422  -38.256  -47.500  49.490 0.0000000000
37910  -38.577  -50.463  46.676 0.0000000000
35424  -37.312  -54.960  44.706 0.0000000000
34581  -37.511  -55.689  42.062 0.0000000000
33658  -39.027  -56.119  44.665 0.0000000000
35444  -41.058  -53.531  43.892 0.0000000000
56725  -53.343  -29.038  38.077 0.0000000000
59146  -54.890  -26.484  39.404 0.0000000000
37789  -22.057  -50.003  56.243 0.0000000000
37816  -23.545  -50.573  53.615 0.0000000000
36147  -24.189  -51.997  55.140 0.0000000000
34426  -26.075  -54.426  54.071 0.0000000000
33513  -29.561  -55.460  54.403 0.0000000000
37203  -46.087  -51.397  39.393 0.0000000000
43206  -39.088  -44.462  38.929 0.0000000000
45893  -41.839  -41.646  39.872 0.0000000000
41174  -28.177  -46.490  58.473 0.0000000000
38580  -27.121  -49.761  57.207 0.0000000000
40278  -28.142  -47.242  56.398 0.0000000000
39448  -28.417  -47.825  53.136 0.0000000000
106860  -28.692  -48.703  49.684 0.0000000000
40418  -33.480  -47.700  49.621 0.0000000000
39529  -31.552  -48.087  48.479 0.0000000000
108850  -29.062  -49.161  46.839 0.0000000000
40328  -44.472  -46.695  53.299 0.0000000000
41983  -27.257  -45.617  59.177 0.0000000000
41987  -31.366  -44.671  58.696 0.0000000000
118158  -34.523  -45.247  57.574 0.0000000000
39487  -45.209  -46.934  51.547 0.0000000000
40426  -44.948  -46.924  50.644 0.0000000000
42146  -43.675  -45.177  48.713 0.0000000000
44010  -47.949  -43.570  46.262 0.0000000000
104811  -44.461  -44.617  45.919 0.0000000000
44051  -44.251  -44.103  44.270 0.0000000000
121305  -44.978  -41.456  42.296 0.0000000000
47906  -45.121  -39.645  39.975 0.0000000000
109448  -50.681  -38.038  41.311 0.0000000000
49674  -47.817  -37.993  40.030 0.0000000000
48886  -45.172  -38.067  37.986 0.0000000000
51425  -45.655  -35.896  36.020 0.0000000000
56757  -50.594  -29.389  35.342 0.0000000000
37053  -19.597  -51.149  49.517 0.0000000000
37918  -24.256  -50.601  45.349 0.0000000000
37055  -24.784  -51.159  49.792 0.0000000000
36245  -25.684  -52.362  47.263 0.0000000000
36113  -28.568  -52.796  56.035 0.0000000000
33477  -31.236  -54.972  55.422 0.0000000000
101856  -32.793  -55.715  54.609 0.0000000000
33517  -35.104  -55.330  53.626 0.0000000000
32691  -42.915  -56.187  51.022 0.0000000000
32705  -45.239  -56.364  50.120 0.0000000000
34444  -43.617  -53.922  52.141 0.0000000000
37021  -41.663  -51.016  51.728 0.0000000000
36194  -41.032  -51.882  51.129 0.0000000000
34474  -42.114  -53.977  50.537 0.0000000000
33593  -42.470  -55.431  48.968 0.0000000000
45931  -41.057  -40.871  37.132 0.0000000000
46934  -41.168  -40.606  35.750 0.0000000000
47957  -42.116  -39.769  34.477 0.0000000000
104898  -42.652  -39.229  35.988 0.0000000000
38550  -25.552  -49.325  58.513 0.0000000000
36946  -26.038  -51.011  58.729 0.0000000000
37765  -26.259  -50.082  58.307 0.0000000000
37991  -41.306  -49.849  39.310 0.0000000000
37992  -42.619  -50.403  39.500 0.0000000000
38713  -40.822  -49.068  45.825 0.0000000000
38736  -41.422  -49.434  43.746 0.0000000000
39576  -39.752  -47.880  45.107 0.0000000000
40470  -39.191  -47.137  43.863 0.0000000000
41314  -39.962  -45.968  46.059 0.0000000000
39405  -34.572  -47.116  55.819 0.0000000000
40303  -33.588  -47.015  55.125 0.0000000000
39429  -34.298  -47.285  55.194 0.0000000000
36313  -36.787  -52.035  43.735 0.0000000000
38748  -36.147  -50.164  43.185 0.0000000000
36328  -35.309  -52.409  42.628 0.0000000000
36327  -34.552  -52.666  41.954 0.0000000000
37970  -40.902  -50.720  41.119 0.0000000000
37980  -39.653  -50.350  40.645 0.0000000000
37990  -40.622  -49.850  39.633 0.0000000000
54086  -52.248  -33.174  39.513 0.0000000000
54100  -51.851  -32.701  38.794 0.0000000000
54112  -50.764  -32.561  37.585 0.0000000000
54932  -51.587  -31.408  37.799 0.0000000000
119730  -20.658  -48.199  53.919 0.0000000000
39469  -21.157  -48.640  52.401 0.0000000000
120188  -21.844  -48.973  53.007 0.0000000000
33556  -29.595  -55.145  51.832 0.0000000000
112664  -28.187  -54.469  50.791 0.0000000000
33574  -29.966  -55.209  50.822 0.0000000000
112050  -30.860  -56.086  49.757 0.0000000000
33558  -31.328  -55.784  51.217 0.0000000000
37044  -28.621  -50.914  50.484 0.0000000000
107512  -29.500  -52.079  51.942 0.0000000000
36203  -29.879  -52.238  50.153 0.0000000000
35445  -42.976  -52.973  44.016 0.0000000000
36334  -44.144  -52.357  43.023 0.0000000000
35429  -44.744  -53.383  44.645 0.0000000000
109587  -44.981  -53.431  48.090 0.0000000000
36269  -45.936  -52.419  46.513 0.0000000000
118276  -44.132  -52.697  47.212 0.0000000000
37082  -42.599  -51.677  47.160 0.0000000000
37071  -42.496  -51.549  48.116 0.0000000000
41244  -38.306  -46.368  53.772 0.0000000000
40385  -37.441  -46.815  51.496 0.0000000000
41274  -38.915  -46.565  50.742 0.0000000000
36233  -40.196  -51.988  48.661 0.0000000000
37899  -39.161  -50.662  48.112 0.0000000000
37094  -39.484  -51.854  46.841 0.0000000000
37109  -38.698  -51.627  45.538 0.0000000000
35413  -38.945  -54.135  45.597 0.0000000000
34557  -38.061  -55.638  45.116 0.0000000000
34542  -39.022  -55.372  45.884 0.0000000000
33647  -42.044  -55.623  46.221 0.0000000000
34543  -41.162  -55.105  45.302 0.0000000000
34560  -42.055  -54.367  44.935 0.0000000000
107021  -42.028  -52.777  43.669 0.0000000000
37781  -22.431  -50.312  57.097 0.0000000000
36986  -23.081  -50.778  55.994 0.0000000000
36978  -23.555  -51.416  56.164 0.0000000000
33471  -26.501  -54.409  56.034 0.0000000000
34404  -25.937  -54.249  55.613 0.0000000000
33497  -26.977  -54.829  54.926 0.0000000000
33522  -27.974  -55.024  53.810 0.0000000000
33499  -28.208  -54.973  54.970 0.0000000000
37161  -46.527  -51.618  42.263 0.0000000000
37193  -45.823  -51.521  40.246 0.0000000000
37182  -46.983  -51.306  41.540 0.0000000000
38764  -43.615  -49.373  41.494 0.0000000000
38773  -46.215  -49.605  40.427 0.0000000000
38784  -45.298  -49.277  39.764 0.0000000000
43185  -39.412  -44.673  41.836 0.0000000000
42254  -38.820  -45.285  40.423 0.0000000000
44114  -39.544  -43.864  40.566 0.0000000000
45003  -40.397  -42.716  39.803 0.0000000000
44974  -41.589  -42.510  41.139 0.0000000000
41192  -29.174  -46.219  57.591 0.0000000000
40265  -28.221  -46.945  57.698 0.0000000000
41211  -29.544  -46.375  56.766 0.0000000000
40339  -30.277  -47.258  53.247 0.0000000000
40338  -29.528  -47.191  53.726 0.0000000000
40359  -29.517  -47.497  52.151 0.0000000000
39484  -28.562  -48.269  51.494 0.0000000000
40398  -29.640  -47.744  50.667 0.0000000000
40404  -35.599  -47.495  50.160 0.0000000000
108829  -34.836  -47.556  50.946 0.0000000000
39511  -34.841  -47.685  48.940 0.0000000000
39583  -33.320  -48.524  44.564 0.0000000000
102318  -33.068  -48.381  46.828 0.0000000000
39562  -31.410  -48.351  46.329 0.0000000000
39547  -30.042  -48.493  47.528 0.0000000000
35471  -38.267  -53.554  41.820 0.0000000000
42005  -33.061  -45.083  57.935 0.0000000000
41201  -38.666  -45.842  55.932 0.0000000000
39458  -45.077  -47.140  52.027 0.0000000000
121848  -46.473  -44.277  50.847 0.0000000000
43026  -45.983  -44.148  49.878 0.0000000000
106211  -43.896  -46.815  49.506 0.0000000000
44005  -45.491  -43.770  48.495 0.0000000000
108101  -48.700  -44.138  46.040 0.0000000000
121587  -46.058  -44.480  46.229 0.0000000000
43118  -46.962  -44.565  45.544 0.0000000000
43137  -44.783  -44.462  44.897 0.0000000000
44054  -47.055  -44.336  44.631 0.0000000000
45862  -48.644  -41.256  42.597 0.0000000000
44966  -46.825  -42.022  43.101 0.0000000000
46843  -46.718  -40.781  42.051 0.0000000000
46862  -44.869  -40.633  41.032 0.0000000000
46881  -46.178  -39.933  40.891 0.0000000000
50497  -51.870  -36.539  41.438 0.0000000000
51393  -48.764  -35.843  39.072 0.0000000000
50527  -49.120  -36.299  39.683 0.0000000000
50525  -47.723  -36.807  39.104 0.0000000000
49687  -46.563  -37.716  38.942 0.0000000000
49703  -46.647  -37.074  38.148 0.0000000000
50554  -45.696  -36.959  37.031 0.0000000000
51413  -46.755  -35.986  37.048 0.0000000000
54140  -47.759  -32.668  35.224 0.0000000000
53331  -46.615  -33.702  35.181 0.0000000000
54155  -46.547  -32.702  34.051 0.0000000000
57581  -53.241  -28.046  37.159 0.0000000000
56740  -51.741  -29.477  36.495 0.0000000000
57590  -51.458  -28.208  35.511 0.0000000000
109518  -22.179  -49.286  48.951 0.0000000000
38669  -20.871  -49.638  48.926 0.0000000000
38694  -21.909  -49.600  47.489 0.0000000000
38710  -22.757  -49.832  46.101 0.0000000000
38696  -23.788  -49.901  47.052 0.0000000000
37018  -24.581  -51.594  52.496 0.0000000000
37830  -24.223  -50.658  52.143 0.0000000000
37032  -25.173  -51.967  51.110 0.0000000000
36229  -26.284  -52.761  48.705 0.0000000000
32753  -28.083  -55.703  46.811 0.0000000000
37782  -27.283  -50.166  56.647 0.0000000000
36969  -27.487  -51.475  56.652 0.0000000000
36988  -28.175  -51.711  55.541 0.0000000000
36151  -31.313  -53.487  54.588 0.0000000000
36127  -30.873  -53.675  55.350 0.0000000000
35268  -32.550  -54.494  54.933 0.0000000000
32636  -31.755  -55.200  55.118 0.0000000000
33502  -32.896  -55.057  55.165 0.0000000000
32664  -35.048  -56.222  53.492 0.0000000000
32744  -43.677  -55.761  47.794 0.0000000000
34531  -44.627  -54.609  46.618 0.0000000000
33607  -45.818  -55.207  48.273 0.0000000000
34490  -47.106  -54.472  49.155 0.0000000000
36220  -43.910  -53.176  49.364 0.0000000000
40388  -40.475  -47.443  51.206 0.0000000000
39497  -39.645  -48.168  50.073 0.0000000000
38645  -40.365  -50.182  50.828 0.0000000000
119509  -40.426  -52.001  49.573 0.0000000000
35388  -40.460  -54.371  47.552 0.0000000000
34529  -40.050  -55.818  46.364 0.0000000000
33604  -41.262  -55.580  47.593 0.0000000000
33618  -42.717  -55.913  47.557 0.0000000000
49740  -43.444  -37.648  33.920 0.0000000000
36942  -23.690  -50.321  58.249 0.0000000000
36112  -23.968  -52.054  57.047 0.0000000000
106739  -24.783  -51.831  58.345 0.0000000000
112501  -25.851  -52.588  57.883 0.0000000000
34375  -27.296  -53.824  56.665 0.0000000000
37938  -45.099  -50.863  44.342 0.0000000000
37959  -45.655  -50.300  43.023 0.0000000000
38739  -43.993  -50.109  43.237 0.0000000000
38751  -42.444  -49.463  42.678 0.0000000000
39610  -41.144  -48.646  41.671 0.0000000000
39615  -40.578  -48.211  41.136 0.0000000000
39608  -39.522  -48.018  42.613 0.0000000000
42220  -39.277  -45.623  43.395 0.0000000000
108599  -40.538  -44.350  43.249 0.0000000000
41194  -31.510  -46.022  57.146 0.0000000000
41212  -30.352  -46.340  56.380 0.0000000000
40281  -31.935  -46.547  55.848 0.0000000000
104555  -32.190  -47.374  53.805 0.0000000000
119408  -32.448  -47.524  52.152 0.0000000000
38705  -36.742  -48.888  46.082 0.0000000000
39565  -35.308  -48.343  46.754 0.0000000000
38720  -36.377  -48.838  45.188 0.0000000000
113921  -34.719  -48.627  44.193 0.0000000000
39603  -33.606  -48.923  42.838 0.0000000000
38745  -32.052  -49.338  42.199 0.0000000000
37965  -33.713  -50.754  41.663 0.0000000000
37154  -39.033  -52.099  42.110 0.0000000000
37979  -38.262  -50.477  40.764 0.0000000000
44040  -50.612  -43.166  45.847 0.0000000000
44055  -48.419  -43.808  44.567 0.0000000000
44933  -50.864  -42.784  44.920 0.0000000000
108987  -49.945  -41.503  43.185 0.0000000000
46846  -49.951  -40.394  42.229 0.0000000000
102893  -52.485  -34.283  41.588 0.0000000000
51386  -52.158  -35.317  41.139 0.0000000000
52349  -52.188  -34.243  40.157 0.0000000000
52357  -50.578  -34.333  38.886 0.0000000000
106230  -49.274  -34.334  37.951 0.0000000000
110200  -47.659  -34.821  37.224 0.0000000000
53309  -48.865  -33.742  37.162 0.0000000000
102398  -48.976  -32.665  36.002 0.0000000000
54964  -49.552  -31.423  35.440 0.0000000000
59194  -53.359  -26.175  35.696 0.0000000000
58377  -51.663  -27.499  35.210 0.0000000000
59201  -51.952  -26.892  33.890 0.0000000000
39466  -18.463  -48.681  52.392 0.0000000000
38639  -19.564  -48.977  51.047 0.0000000000
39481  -19.823  -48.641  51.552 0.0000000000
38656  -21.504  -49.088  50.205 0.0000000000
38658  -23.055  -49.447  50.249 0.0000000000
35314  -26.204  -53.782  52.033 0.0000000000
35338  -25.885  -53.128  50.629 0.0000000000
35340  -26.934  -53.913  50.609 0.0000000000
34483  -28.159  -54.111  49.042 0.0000000000
34499  -28.700  -54.669  48.392 0.0000000000
32739  -29.018  -56.079  47.714 0.0000000000
33601  -29.594  -55.835  48.456 0.0000000000
37818  -28.169  -50.741  53.753 0.0000000000
36998  -28.402  -51.786  54.952 0.0000000000
37008  -29.306  -52.222  53.470 0.0000000000
104800  -30.822  -53.135  53.409 0.0000000000
105129  -31.608  -53.328  53.169 0.0000000000
37178  -42.562  -51.269  41.649 0.0000000000
37190  -42.940  -51.018  40.985 0.0000000000
37179  -43.497  -51.597  41.698 0.0000000000
36335  -45.174  -52.287  42.924 0.0000000000
36321  -46.813  -51.509  43.675 0.0000000000
35416  -46.037  -53.224  45.695 0.0000000000
37114  -46.504  -51.964  45.369 0.0000000000
37128  -46.064  -51.209  44.728 0.0000000000
37924  -43.444  -51.175  45.171 0.0000000000
113515  -41.741  -50.782  46.212 0.0000000000
121642  -41.014  -48.810  47.430 0.0000000000
39419  -36.643  -47.289  55.033 0.0000000000
39451  -35.971  -47.558  54.706 0.0000000000
40344  -36.715  -47.434  53.609 0.0000000000
40405  -36.484  -47.305  50.318 0.0000000000
40435  -36.994  -47.643  48.821 0.0000000000
38674  -39.061  -49.362  49.324 0.0000000000
38688  -38.271  -49.367  48.089 0.0000000000
38698  -37.683  -49.028  47.516 0.0000000000
38712  -37.899  -49.840  45.661 0.0000000000
37126  -37.644  -51.988  44.259 0.0000000000
122912  -36.814  -54.805  44.184 0.0000000000
33681  -36.693  -55.829  42.661 0.0000000000
33667  -37.503  -56.300  43.869 0.0000000000
34570  -38.524  -56.026  43.408 0.0000000000
35460  -39.198  -53.783  42.931 0.0000000000
33659  -39.554  -55.982  45.359 0.0000000000
34558  -39.794  -55.340  44.205 0.0000000000
36331  -39.537  -52.687  42.758 0.0000000000
36332  -40.383  -52.301  42.901 0.0000000000
37157  -41.578  -51.559  42.428 0.0000000000
55818  -53.237  -30.059  39.199 0.0000000000
57546  -53.874  -28.597  39.590 0.0000000000
57555  -54.294  -27.870  39.248 0.0000000000
58356  -54.535  -27.114  38.053 0.0000000000
59184  -54.403  -26.148  37.013 0.0000000000
60032  -54.695  -25.426  36.699 0.0000000000
110111  -21.521  -49.634  55.876 0.0000000000
38612  -22.438  -49.526  53.560 0.0000000000
108263  -22.793  -50.439  54.895 0.0000000000
37005  -23.974  -51.265  54.033 0.0000000000
36159  -24.855  -52.723  53.727 0.0000000000
36124  -24.378  -52.643  56.066 0.0000000000
35302  -25.056  -53.191  54.311 0.0000000000
35313  -25.893  -53.730  52.794 0.0000000000
34437  -27.093  -54.663  52.613 0.0000000000
33538  -28.369  -55.170  52.951 0.0000000000
33524  -29.880  -55.468  53.507 0.0000000000
121974  -44.224  -51.149  40.078 0.0000000000
37993  -44.813  -50.982  38.724 0.0000000000
37973  -47.255  -50.223  41.015 0.0000000000
45916  -40.632  -41.849  38.541 0.0000000000
46897  -41.998  -40.737  38.505 0.0000000000
117370  -27.204  -47.251  58.864 0.0000000000
38567  -26.864  -49.255  57.988 0.0000000000
39388  -27.456  -47.815  57.905 0.0000000000
39404  -27.368  -48.568  56.911 0.0000000000
39415  -27.417  -48.277  55.447 0.0000000000
40300  -29.073  -46.815  55.262 0.0000000000
40337  -28.078  -47.713  54.094 0.0000000000
38605  -27.486  -49.110  54.086 0.0000000000
38629  -27.852  -49.233  52.360 0.0000000000
38644  -28.258  -49.278  50.948 0.0000000000
38673  -28.547  -49.376  49.267 0.0000000000
40363  -34.879  -47.557  52.781 0.0000000000
40381  -33.501  -47.590  51.820 0.0000000000
40400  -32.203  -47.662  50.700 0.0000000000
39531  -33.841  -48.001  48.204 0.0000000000
39508  -32.359  -47.918  49.073 0.0000000000
40416  -31.136  -47.696  49.787 0.0000000000
103829  -29.921  -48.104  48.864 0.0000000000
39526  -28.947  -48.834  48.259 0.0000000000
33709  -37.047  -55.747  41.369 0.0000000000
38616  -42.210  -49.137  52.372 0.0000000000
38617  -42.814  -48.857  52.318 0.0000000000
40357  -18.900  -48.116  52.965 0.0000000000
39414  -20.368  -48.121  55.534 0.0000000000
38586  -20.933  -49.315  56.521 0.0000000000
38577  -20.524  -49.012  57.790 0.0000000000
38555  -23.682  -49.099  58.213 0.0000000000
39372  -24.691  -48.837  58.254 0.0000000000
39374  -26.485  -47.586  58.849 0.0000000000
41150  -27.071  -46.626  59.515 0.0000000000
41163  -27.769  -46.450  58.933 0.0000000000
41164  -28.398  -46.046  58.636 0.0000000000
41176  -29.736  -45.643  57.771 0.0000000000
41986  -30.455  -44.402  58.621 0.0000000000
42003  -31.345  -45.259  58.272 0.0000000000
41178  -32.081  -45.659  57.683 0.0000000000
41196  -34.036  -46.167  57.140 0.0000000000
40259  -34.727  -46.015  57.110 0.0000000000
40270  -36.501  -46.443  55.846 0.0000000000
40287  -37.605  -46.122  55.738 0.0000000000
119462  -38.609  -46.123  55.611 0.0000000000
40347  -42.219  -46.958  52.880 0.0000000000
37837  -42.679  -50.108  51.488 0.0000000000
37865  -43.201  -49.710  50.962 0.0000000000
37864  -42.925  -50.020  50.391 0.0000000000
113770  -46.326  -43.996  51.379 0.0000000000
39499  -44.960  -47.229  51.004 0.0000000000
110946  -42.876  -49.556  49.861 0.0000000000
39515  -42.745  -48.500  49.354 0.0000000000
40437  -42.416  -47.245  48.719 0.0000000000
120349  -42.016  -45.716  47.983 0.0000000000
43075  -45.906  -43.968  47.071 0.0000000000
43072  -43.703  -44.522  47.431 0.0000000000
42175  -41.432  -45.239  46.661 0.0000000000
43094  -42.458  -44.758  45.650 0.0000000000
43135  -42.567  -44.358  44.505 0.0000000000
44070  -42.760  -43.658  43.478 0.0000000000
44074  -46.664  -43.704  43.996 0.0000000000
44943  -44.715  -42.576  43.146 0.0000000000
44961  -42.666  -42.643  42.320 0.0000000000
45877  -42.849  -41.622  41.136 0.0000000000
46878  -43.359  -40.717  40.199 0.0000000000
46899  -43.508  -39.749  38.694 0.0000000000
119203  -51.273  -39.327  42.057 0.0000000000
48828  -49.287  -38.893  41.259 0.0000000000
50513  -50.965  -36.396  40.761 0.0000000000
49676  -49.550  -37.480  40.489 0.0000000000
117711  -48.075  -39.067  41.022 0.0000000000
117092  -46.345  -38.892  39.795 0.0000000000
48855  -44.975  -38.765  38.856 0.0000000000
47925  -43.876  -39.115  38.080 0.0000000000
48893  -44.187  -38.187  36.888 0.0000000000
49734  -44.026  -37.256  35.598 0.0000000000
50587  -43.988  -36.193  34.014 0.0000000000
52373  -46.572  -34.750  36.223 0.0000000000
51445  -44.864  -35.069  34.594 0.0000000000
51457  -44.141  -35.592  33.380 0.0000000000
55830  -51.805  -30.614  37.498 0.0000000000
55853  -50.407  -30.252  35.579 0.0000000000
54978  -49.093  -30.984  34.702 0.0000000000
57596  -50.511  -28.106  34.156 0.0000000000
56769  -48.840  -29.523  33.326 0.0000000000
54994  -47.754  -30.793  33.519 0.0000000000
38668  -20.280  -49.610  49.627 0.0000000000
38628  -23.571  -49.880  52.185 0.0000000000
37859  -23.766  -49.959  50.693 0.0000000000
37875  -24.294  -50.406  49.308 0.0000000000
36202  -25.682  -52.380  49.956 0.0000000000
37066  -25.319  -51.708  48.516 0.0000000000
37895  -24.282  -50.366  47.440 0.0000000000
37089  -24.762  -51.166  46.093 0.0000000000
113654  -26.801  -50.790  57.819 0.0000000000
36104  -27.444  -52.066  56.971 0.0000000000
34377  -28.508  -53.725  56.185 0.0000000000
108606  -29.622  -52.944  55.221 0.0000000000
35257  -29.966  -53.849  55.843 0.0000000000
32628  -29.915  -54.478  55.602 0.0000000000
32641  -30.126  -55.165  55.149 0.0000000000
33514  -30.817  -55.489  54.303 0.0000000000
33525  -31.619  -55.628  53.621 0.0000000000
36193  -32.307  -53.344  51.902 0.0000000000
35304  -33.202  -53.683  53.396 0.0000000000
35293  -34.037  -54.683  54.123 0.0000000000
117443  -33.681  -55.210  54.563 0.0000000000
32650  -33.524  -55.936  54.014 0.0000000000
33542  -32.078  -55.884  51.936 0.0000000000
34457  -42.709  -54.682  51.284 0.0000000000
34458  -43.386  -54.911  51.977 0.0000000000
34443  -42.894  -54.181  52.075 0.0000000000
102742  -41.791  -51.411  51.968 0.0000000000
36195  -41.413  -52.495  51.407 0.0000000000
34456  -42.338  -53.786  50.909 0.0000000000
33560  -42.534  -54.590  50.756 0.0000000000
46910  -41.710  -40.489  37.585 0.0000000000
46925  -41.446  -40.428  36.656 0.0000000000
47938  -41.897  -39.835  36.038 0.0000000000
47939  -42.537  -39.489  36.624 0.0000000000
38557  -26.104  -49.015  58.607 0.0000000000
111236  -25.852  -49.890  58.476 0.0000000000
38558  -26.144  -49.539  58.468 0.0000000000
38000  -42.069  -49.906  39.020 0.0000000000
113679  -41.797  -50.280  39.737 0.0000000000
39567  -40.395  -48.295  46.315 0.0000000000
39577  -40.269  -48.451  45.461 0.0000000000
40461  -39.929  -47.702  45.897 0.0000000000
40460  -39.638  -47.229  45.498 0.0000000000
40454  -39.879  -46.817  46.138 0.0000000000
104328  -35.081  -47.113  55.963 0.0000000000
39416  -34.761  -47.243  55.669 0.0000000000
122741  -35.345  -47.311  55.589 0.0000000000
36312  -36.435  -53.073  43.738 0.0000000000
36329  -35.966  -52.088  43.272 0.0000000000
37981  -40.537  -50.302  40.396 0.0000000000
123343  -41.142  -50.161  39.901 0.0000000000
38783  -40.763  -49.586  38.993 0.0000000000
54088  -53.295  -31.592  40.143 0.0000000000
54087  -52.449  -32.424  39.423 0.0000000000
54905  -52.745  -31.692  39.448 0.0000000000
54101  -52.130  -31.814  38.646 0.0000000000
115096  -52.606  -31.180  38.903 0.0000000000
39446  -21.055  -48.551  53.311 0.0000000000
38604  -21.826  -49.111  53.946 0.0000000000
33557  -30.447  -55.478  51.514 0.0000000000
33575  -30.745  -55.686  50.555 0.0000000000
107773  -28.818  -51.112  49.820 0.0000000000
37045  -29.273  -51.663  50.358 0.0000000000
37058  -29.534  -51.669  49.461 0.0000000000
35428  -43.082  -53.648  44.661 0.0000000000
114013  -44.002  -53.405  44.569 0.0000000000
35414  -43.881  -53.883  45.168 0.0000000000
36236  -44.416  -53.238  48.446 0.0000000000
36253  -44.960  -52.989  47.369 0.0000000000
36235  -43.794  -52.812  48.025 0.0000000000
37083  -43.235  -52.278  47.606 0.0000000000
37072  -43.086  -52.064  48.537 0.0000000000
41245  -38.969  -45.703  52.978 0.0000000000
41256  -38.414  -46.249  52.494 0.0000000000
41266  -39.242  -46.139  51.361 0.0000000000
35387  -40.123  -53.692  47.031 0.0000000000
36250  -39.990  -52.492  47.463 0.0000000000
36268  -39.704  -52.938  46.472 0.0000000000
36283  -39.332  -53.223  45.803 0.0000000000
34528  -39.528  -55.430  46.258 0.0000000000
105119  -42.622  -55.060  45.844 0.0000000000
34544  -41.996  -55.070  45.590 0.0000000000
34561  -42.834  -54.433  45.335 0.0000000000
36977  -23.012  -50.815  56.626 0.0000000000
36967  -23.037  -50.854  57.328 0.0000000000
105436  -27.108  -54.554  55.977 0.0000000000
106176  -26.933  -54.710  55.457 0.0000000000
32632  -27.378  -54.729  55.320 0.0000000000
33498  -27.383  -54.876  54.773 0.0000000000
32633  -28.040  -54.804  55.085 0.0000000000
37143  -47.218  -51.133  43.355 0.0000000000
37163  -47.307  -50.865  42.911 0.0000000000
39618  -43.337  -48.828  40.606 0.0000000000
38771  -44.136  -49.334  40.847 0.0000000000
43186  -39.919  -44.084  41.754 0.0000000000
44101  -39.483  -44.243  41.160 0.0000000000
44102  -40.144  -43.540  41.162 0.0000000000
44103  -41.061  -43.121  41.578 0.0000000000
116449  -30.474  -47.367  52.376 0.0000000000
121706  -29.854  -47.333  52.688 0.0000000000
40378  -30.349  -47.544  51.422 0.0000000000
40377  -29.377  -47.672  51.386 0.0000000000
40434  -36.223  -47.725  48.686 0.0000000000
105445  -35.530  -47.621  49.262 0.0000000000
39533  -35.349  -47.810  48.063 0.0000000000
39582  -32.411  -48.505  44.390 0.0000000000
39572  -32.200  -48.388  45.920 0.0000000000
103172  -31.906  -48.470  45.029 0.0000000000
123592  -30.724  -48.443  45.966 0.0000000000
105956  -31.072  -48.586  44.767 0.0000000000
36346  -38.404  -52.466  41.727 0.0000000000
43025  -45.508  -44.350  49.459 0.0000000000
43101  -49.834  -43.914  45.774 0.0000000000
43077  -49.698  -43.916  46.168 0.0000000000
43100  -49.231  -44.147  45.781 0.0000000000
43099  -48.139  -44.171  45.628 0.0000000000
43119  -47.712  -44.337  45.473 0.0000000000
43139  -46.617  -44.583  45.130 0.0000000000
118305  -48.004  -44.284  45.312 0.0000000000
46845  -48.074  -40.780  42.204 0.0000000000
46844  -47.289  -41.035  42.321 0.0000000000
46865  -47.355  -40.301  41.821 0.0000000000
46864  -46.464  -40.335  41.562 0.0000000000
47898  -47.765  -39.547  41.402 0.0000000000
114208  -52.337  -35.643  42.468 0.0000000000
50498  -52.533  -36.529  42.355 0.0000000000
51374  -52.478  -35.851  41.950 0.0000000000
51401  -48.386  -35.506  38.434 0.0000000000
50541  -48.089  -36.202  38.726 0.0000000000
50540  -47.385  -36.548  38.449 0.0000000000
50556  -47.078  -36.325  37.730 0.0000000000
50555  -46.401  -36.681  37.360 0.0000000000
51414  -47.382  -35.582  37.457 0.0000000000
54157  -48.123  -32.013  34.769 0.0000000000
54156  -47.310  -32.330  34.454 0.0000000000
54174  -46.824  -31.995  33.632 0.0000000000
57580  -52.655  -28.459  36.875 0.0000000000
58369  -52.638  -27.744  36.429 0.0000000000
37843  -18.743  -49.964  51.311 0.0000000000
38685  -22.059  -49.403  48.202 0.0000000000
102853  -22.661  -49.522  47.649 0.0000000000
38695  -23.213  -49.658  47.167 0.0000000000
113118  -23.578  -49.780  47.851 0.0000000000
36188  -25.029  -52.168  51.934 0.0000000000
36189  -25.465  -52.791  51.432 0.0000000000
34524  -27.373  -54.509  46.508 0.0000000000
37791  -27.515  -50.273  55.918 0.0000000000
37792  -27.607  -50.993  56.048 0.0000000000
37802  -27.914  -51.029  55.415 0.0000000000
36152  -32.240  -53.656  54.417 0.0000000000
36140  -32.016  -53.847  54.881 0.0000000000
35291  -32.781  -54.121  54.690 0.0000000000
34395  -32.842  -54.796  54.898 0.0000000000
35279  -33.091  -54.460  54.672 0.0000000000
32731  -44.013  -55.823  48.714 0.0000000000
33619  -44.602  -55.319  47.785 0.0000000000
32732  -45.311  -56.078  48.960 0.0000000000
34475  -45.679  -54.572  50.314 0.0000000000
33580  -46.480  -54.987  49.886 0.0000000000
35347  -44.873  -54.057  49.802 0.0000000000
36221  -44.718  -53.753  49.292 0.0000000000
36209  -43.764  -53.292  50.097 0.0000000000
108176  -41.048  -48.005  51.842 0.0000000000
39486  -40.751  -48.667  51.495 0.0000000000
38646  -40.782  -49.705  51.304 0.0000000000
35344  -41.089  -53.055  50.183 0.0000000000
36207  -40.843  -52.225  50.534 0.0000000000
35359  -40.920  -53.442  49.436 0.0000000000
36234  -40.574  -52.858  49.063 0.0000000000
35374  -40.701  -53.892  48.527 0.0000000000
34502  -40.902  -54.835  47.989 0.0000000000
34503  -41.419  -55.062  48.445 0.0000000000
32729  -43.145  -55.636  49.315 0.0000000000
32742  -42.639  -55.800  48.276 0.0000000000
32743  -43.216  -55.867  48.204 0.0000000000
46945  -41.014  -41.031  35.005 0.0000000000
48900  -43.222  -38.185  34.794 0.0000000000
37761  -24.186  -49.980  58.317 0.0000000000
36943  -24.408  -50.741  58.346 0.0000000000
36944  -24.956  -50.652  58.481 0.0000000000
36084  -26.206  -51.387  58.526 0.0000000000
35223  -25.772  -52.050  58.393 0.0000000000
35233  -26.287  -52.422  57.827 0.0000000000
34374  -26.894  -53.827  56.772 0.0000000000
35234  -26.856  -52.503  57.416 0.0000000000
38796  -42.244  -49.702  38.264 0.0000000000
37937  -43.871  -50.674  44.436 0.0000000000
104157  -44.534  -50.484  43.833 0.0000000000
37950  -43.514  -50.195  43.794 0.0000000000
38737  -42.214  -49.638  43.405 0.0000000000
38750  -41.537  -49.306  42.943 0.0000000000
38762  -41.790  -49.058  42.171 0.0000000000
39606  -40.869  -48.822  42.505 0.0000000000
39609  -40.111  -48.295  41.996 0.0000000000
39605  -40.066  -48.474  42.949 0.0000000000
42205  -39.472  -45.687  44.301 0.0000000000
121317  -39.183  -46.261  43.875 0.0000000000
42221  -39.777  -45.186  43.945 0.0000000000
43157  -39.853  -44.844  43.294 0.0000000000
43133  -40.533  -44.654  44.008 0.0000000000
41195  -32.552  -46.075  56.866 0.0000000000
41214  -32.012  -46.282  56.491 0.0000000000
40282  -32.949  -46.548  56.098 0.0000000000
40322  -33.714  -47.270  54.512 0.0000000000
40321  -32.885  -47.101  54.482 0.0000000000
40360  -32.490  -47.442  53.094 0.0000000000
102083  -37.207  -49.331  45.414 0.0000000000
38721  -36.856  -49.463  44.479 0.0000000000
37957  -35.720  -50.459  42.761 0.0000000000
38732  -35.797  -49.320  43.462 0.0000000000
38731  -35.262  -49.291  42.993 0.0000000000
39595  -34.583  -48.893  43.310 0.0000000000
120185  -34.502  -49.370  42.525 0.0000000000
120234  -33.781  -49.466  42.118 0.0000000000
37966  -34.442  -50.902  41.890 0.0000000000
37175  -39.303  -51.370  41.700 0.0000000000
37968  -38.769  -50.931  41.254 0.0000000000
37969  -39.493  -50.793  41.245 0.0000000000
44059  -51.297  -42.380  45.323 0.0000000000
44058  -50.729  -42.977  45.476 0.0000000000
46829  -52.138  -40.761  43.685 0.0000000000
45843  -51.844  -41.394  43.985 0.0000000000
46828  -51.494  -40.923  43.210 0.0000000000
45864  -50.473  -40.988  42.828 0.0000000000
46847  -51.112  -40.162  42.481 0.0000000000
54071  -52.965  -32.832  41.119 0.0000000000
54072  -53.021  -32.613  41.937 0.0000000000
53288  -52.721  -33.603  40.959 0.0000000000
52350  -52.560  -34.228  40.943 0.0000000000
53295  -52.500  -33.679  40.227 0.0000000000
53302  -50.965  -33.674  38.558 0.0000000000
53293  -51.505  -34.114  39.317 0.0000000000
52356  -49.836  -34.513  38.571 0.0000000000
53301  -50.160  -33.919  38.225 0.0000000000
53310  -49.713  -33.489  37.596 0.0000000000
54128  -50.354  -32.200  36.840 0.0000000000
54127  -49.607  -32.564  36.468 0.0000000000
54948  -49.963  -31.830  36.121 0.0000000000
54142  -49.311  -32.127  35.726 0.0000000000
59203  -53.165  -25.990  34.703 0.0000000000
59202  -52.575  -26.469  34.271 0.0000000000
39467  -19.324  -48.447  52.279 0.0000000000
38626  -21.877  -48.942  52.020 0.0000000000
39482  -20.776  -48.685  51.469 0.0000000000
38640  -21.598  -49.014  51.047 0.0000000000
38657  -22.332  -49.211  50.666 0.0000000000
34450  -26.732  -54.265  51.916 0.0000000000
34451  -27.044  -54.246  51.210 0.0000000000
120265  -27.597  -54.468  51.201 0.0000000000
116972  -28.825  -54.530  50.239 0.0000000000
34469  -28.199  -54.184  49.990 0.0000000000
119623  -29.291  -55.098  48.589 0.0000000000
34485  -29.743  -55.249  49.173 0.0000000000
32711  -30.722  -56.648  49.237 0.0000000000
37831  -28.015  -50.114  52.829 0.0000000000
121599  -28.339  -50.829  53.159 0.0000000000
119725  -28.505  -51.014  52.676 0.0000000000
103310  -30.223  -52.533  51.844 0.0000000000
36174  -30.138  -52.578  52.771 0.0000000000
123464  -31.006  -53.096  52.757 0.0000000000
36176  -31.612  -53.215  52.376 0.0000000000
37158  -42.578  -51.667  42.390 0.0000000000
111203  -43.543  -51.965  42.531 0.0000000000
36319  -44.813  -52.650  43.591 0.0000000000
36320  -45.927  -52.255  43.774 0.0000000000
36336  -46.212  -51.879  42.982 0.0000000000
34532  -45.378  -54.084  46.965 0.0000000000
34547  -45.235  -53.823  46.141 0.0000000000
35403  -45.923  -53.324  46.428 0.0000000000
37097  -45.990  -51.819  46.159 0.0000000000
122456  -46.228  -52.180  46.163 0.0000000000
37113  -46.360  -51.795  45.478 0.0000000000
37112  -45.610  -51.610  45.573 0.0000000000
37925  -44.784  -51.206  44.968 0.0000000000
37111  -44.272  -51.685  45.698 0.0000000000
37912  -41.993  -51.118  46.846 0.0000000000
37911  -41.550  -50.321  47.083 0.0000000000
38708  -41.234  -49.869  46.256 0.0000000000
38700  -41.225  -49.496  47.162 0.0000000000
39433  -36.778  -47.392  54.713 0.0000000000
39452  -36.483  -47.518  54.308 0.0000000000
40345  -36.982  -47.370  54.113 0.0000000000
40406  -37.507  -46.987  50.359 0.0000000000
40421  -37.203  -47.354  49.515 0.0000000000
119908  -37.688  -47.718  48.991 0.0000000000
115326  -39.634  -49.307  50.010 0.0000000000
38690  -39.464  -50.214  49.586 0.0000000000
37080  -39.144  -50.915  47.215 0.0000000000
118505  -38.692  -50.061  48.194 0.0000000000
37898  -38.656  -50.279  47.514 0.0000000000
111764  -38.309  -49.902  47.088 0.0000000000
38707  -38.110  -49.816  46.476 0.0000000000
118249  -38.323  -50.318  45.953 0.0000000000
36297  -38.147  -52.782  44.760 0.0000000000
37127  -38.303  -51.872  44.841 0.0000000000
36296  -37.514  -53.419  44.541 0.0000000000
109262  -36.999  -52.857  44.144 0.0000000000
34569  -37.001  -55.767  44.243 0.0000000000
33657  -38.355  -56.201  44.773 0.0000000000
33668  -38.271  -56.307  44.101 0.0000000000
34571  -39.071  -55.807  43.823 0.0000000000
35441  -38.958  -55.133  43.077 0.0000000000
121533  -40.569  -55.735  46.577 0.0000000000
119841  -39.926  -56.063  45.925 0.0000000000
33645  -40.380  -55.814  45.699 0.0000000000
35427  -41.191  -54.423  44.558 0.0000000000
35426  -40.509  -54.541  44.235 0.0000000000
35443  -40.172  -54.030  43.750 0.0000000000
36314  -39.794  -53.409  43.257 0.0000000000
36315  -40.402  -53.032  43.414 0.0000000000
123537  -40.022  -52.803  43.104 0.0000000000
37142  -41.905  -52.021  43.074 0.0000000000
115389  -41.968  -51.215  41.947 0.0000000000
58343  -54.688  -27.196  38.900 0.0000000000
58342  -54.210  -27.768  38.353 0.0000000000
59171  -54.737  -26.397  37.779 0.0000000000
60024  -54.971  -25.686  37.523 0.0000000000
60031  -54.073  -25.835  36.146 0.0000000000
37798  -22.247  -50.072  55.452 0.0000000000
36987  -23.646  -51.422  55.540 0.0000000000
37800  -23.265  -50.883  55.261 0.0000000000
36996  -23.784  -51.420  54.853 0.0000000000
37006  -24.494  -51.824  53.439 0.0000000000
36997  -24.352  -51.974  54.353 0.0000000000
35255  -24.429  -52.569  57.367 0.0000000000
35263  -24.353  -52.665  56.726 0.0000000000
35264  -24.837  -53.272  56.404 0.0000000000
34417  -25.971  -54.394  54.891 0.0000000000
35290  -25.483  -53.783  54.520 0.0000000000
35303  -25.516  -53.634  53.650 0.0000000000
34435  -26.107  -54.164  53.356 0.0000000000
34436  -26.482  -54.250  52.760 0.0000000000
34427  -26.538  -54.501  53.487 0.0000000000
33512  -28.512  -55.203  54.226 0.0000000000
33523  -28.922  -55.430  53.690 0.0000000000
33539  -29.250  -55.303  52.786 0.0000000000
37191  -43.893  -51.332  40.785 0.0000000000
37983  -43.348  -50.804  40.068 0.0000000000
37202  -45.046  -51.275  39.591 0.0000000000
37210  -45.626  -51.235  38.852 0.0000000000
38754  -45.276  -50.054  42.189 0.0000000000
37972  -46.909  -50.173  41.839 0.0000000000
38766  -46.020  -49.848  41.468 0.0000000000
38785  -46.627  -49.407  39.415 0.0000000000
40477  -39.253  -47.453  40.984 0.0000000000
41340  -38.892  -46.831  40.661 0.0000000000
43205  -38.909  -44.849  39.693 0.0000000000
44121  -39.332  -43.760  38.890 0.0000000000
120681  -40.904  -42.472  40.069 0.0000000000
104845  -40.158  -42.532  38.938 0.0000000000
45004  -40.984  -42.110  39.520 0.0000000000
45906  -41.511  -41.440  38.967 0.0000000000
40251  -27.647  -46.828  58.632 0.0000000000
108282  -27.440  -47.493  58.271 0.0000000000
40257  -27.900  -46.968  58.131 0.0000000000
106454  -28.318  -47.056  56.998 0.0000000000
40264  -27.723  -47.619  57.035 0.0000000000
112746  -27.451  -48.105  56.332 0.0000000000
40298  -27.755  -47.633  55.946 0.0000000000
40280  -30.874  -46.583  55.640 0.0000000000
41225  -29.772  -46.570  55.875 0.0000000000
101912  -30.018  -46.723  54.979 0.0000000000
104833  -28.770  -47.338  53.822 0.0000000000
39428  -27.575  -48.233  54.467 0.0000000000
39447  -27.792  -48.375  53.595 0.0000000000
38613  -27.700  -49.167  53.177 0.0000000000
39470  -28.033  -48.541  52.744 0.0000000000
39495  -28.560  -48.547  50.654 0.0000000000
115381  -28.292  -48.771  51.332 0.0000000000
38659  -28.432  -49.300  50.136 0.0000000000
40364  -35.560  -47.545  52.994 0.0000000000
40342  -35.265  -47.567  53.515 0.0000000000
116673  -34.281  -47.579  50.390 0.0000000000
40403  -33.998  -47.592  51.054 0.0000000000
113751  -33.372  -47.606  50.938 0.0000000000
40380  -32.782  -47.619  51.201 0.0000000000
40401  -32.944  -47.677  50.325 0.0000000000
104428  -35.003  -47.990  47.492 0.0000000000
39564  -34.451  -48.260  47.032 0.0000000000
104570  -31.934  -48.229  47.632 0.0000000000
39530  -32.541  -48.123  48.291 0.0000000000
115143  -31.620  -47.860  49.260 0.0000000000
39507  -30.768  -47.894  49.049 0.0000000000
39528  -30.452  -48.240  48.298 0.0000000000
103379  -29.669  -48.758  46.766 0.0000000000
39546  -29.256  -48.815  47.517 0.0000000000
38697  -28.749  -49.370  47.490 0.0000000000
38687  -28.636  -49.384  48.410 0.0000000000
117231  -28.746  -49.541  46.876 0.0000000000
33682  -37.370  -56.157  42.973 0.0000000000
33698  -37.039  -55.910  42.205 0.0000000000
120036  -37.486  -55.087  41.258 0.0000000000
39443  -18.110  -48.264  53.197 0.0000000000
39403  -20.333  -48.563  56.566 0.0000000000
38554  -23.047  -49.104  58.332 0.0000000000
41151  -27.233  -46.834  59.190 0.0000000000
117198  -27.286  -46.317  59.395 0.0000000000
42001  -29.159  -45.430  58.219 0.0000000000
41985  -29.556  -44.619  58.346 0.0000000000
42874  -31.557  -44.082  58.864 0.0000000000
42873  -30.664  -44.028  58.830 0.0000000000
118052  -30.914  -44.857  58.515 0.0000000000
42004  -32.215  -45.179  58.282 0.0000000000
107274  -34.005  -44.998  57.704 0.0000000000
104194  -33.893  -45.713  57.423 0.0000000000
42006  -34.500  -45.742  57.348 0.0000000000
41180  -34.505  -46.101  57.081 0.0000000000
41181  -34.791  -45.961  57.082 0.0000000000
41198  -35.910  -46.122  56.363 0.0000000000
41199  -36.944  -45.889  56.032 0.0000000000
40286  -36.676  -46.559  55.672 0.0000000000
40271  -37.447  -46.000  55.842 0.0000000000
41216  -38.998  -46.000  55.920 0.0000000000
41226  -39.231  -46.032  55.744 0.0000000000
41234  -39.145  -45.979  55.093 0.0000000000
40348  -42.531  -47.714  53.209 0.0000000000
39456  -44.109  -48.253  53.120 0.0000000000
37822  -42.743  -49.303  52.001 0.0000000000
121745  -43.451  -48.819  52.118 0.0000000000
38633  -44.852  -47.421  51.895 0.0000000000
38632  -44.348  -48.310  51.656 0.0000000000
38647  -44.564  -47.880  51.237 0.0000000000
37049  -42.966  -51.318  50.587 0.0000000000
37866  -44.051  -48.465  51.079 0.0000000000
42138  -46.011  -45.516  50.883 0.0000000000
42124  -46.043  -45.529  50.865 0.0000000000
104017  -45.400  -46.694  50.958 0.0000000000
38676  -43.913  -48.111  50.434 0.0000000000
39517  -43.961  -47.662  50.120 0.0000000000
117773  -42.703  -49.220  49.509 0.0000000000
39516  -43.452  -47.776  49.725 0.0000000000
42135  -44.363  -45.403  49.325 0.0000000000
41293  -43.098  -46.719  49.175 0.0000000000
102404  -42.916  -45.747  48.760 0.0000000000
41291  -41.763  -46.755  48.187 0.0000000000
44908  -48.477  -42.878  46.700 0.0000000000
44009  -46.572  -43.457  46.923 0.0000000000
43097  -45.845  -44.559  46.007 0.0000000000
117104  -45.416  -44.283  46.675 0.0000000000
43095  -44.069  -44.518  46.627 0.0000000000
43071  -43.163  -44.695  46.990 0.0000000000
42176  -42.371  -44.903  46.569 0.0000000000
122684  -41.735  -44.923  46.090 0.0000000000
102918  -43.490  -44.768  45.951 0.0000000000
44052  -45.216  -44.126  44.389 0.0000000000
43136  -43.947  -44.504  44.730 0.0000000000
43160  -43.255  -44.191  44.219 0.0000000000
43159  -42.262  -43.971  43.946 0.0000000000
44071  -43.659  -43.624  43.647 0.0000000000
44931  -48.867  -43.098  44.186 0.0000000000
44075  -47.562  -43.810  44.242 0.0000000000
44946  -47.329  -42.859  43.589 0.0000000000
45859  -45.559  -41.498  42.508 0.0000000000
44964  -45.432  -42.209  43.090 0.0000000000
109213  -44.861  -41.864  42.669 0.0000000000
44942  -43.948  -42.912  43.133 0.0000000000
45857  -43.759  -41.912  42.124 0.0000000000
44976  -43.093  -41.999  41.897 0.0000000000
45858  -44.422  -41.547  42.079 0.0000000000
46880  -45.390  -40.094  40.608 0.0000000000
46861  -44.006  -40.771  40.772 0.0000000000
112417  -43.923  -40.324  40.089 0.0000000000
46888  -43.471  -40.301  39.513 0.0000000000
46889  -44.287  -39.798  39.538 0.0000000000
102715  -51.521  -37.957  41.681 0.0000000000
48830  -51.931  -38.608  42.117 0.0000000000
47900  -50.813  -38.741  41.642 0.0000000000
48829  -50.006  -38.438  41.237 0.0000000000
51385  -51.059  -35.481  40.457 0.0000000000
51384  -49.990  -36.083  40.207 0.0000000000
50511  -48.751  -36.903  39.817 0.0000000000
50512  -49.373  -36.880  40.171 0.0000000000
49675  -48.777  -37.564  40.180 0.0000000000
104295  -48.494  -38.216  40.450 0.0000000000
108590  -47.957  -38.657  40.530 0.0000000000
48841  -47.226  -38.770  40.166 0.0000000000
48857  -46.911  -38.198  39.633 0.0000000000
49702  -45.918  -37.804  38.167 0.0000000000
48872  -46.005  -38.232  38.799 0.0000000000
48871  -45.402  -38.349  38.546 0.0000000000
48870  -44.610  -38.561  38.216 0.0000000000
48884  -44.070  -38.614  37.486 0.0000000000
48885  -44.663  -38.115  37.511 0.0000000000
50567  -45.323  -36.592  36.348 0.0000000000
50566  -44.579  -36.910  35.972 0.0000000000
50577  -44.184  -36.655  35.040 0.0000000000
50578  -44.916  -36.217  35.608 0.0000000000
52363  -48.035  -34.140  36.894 0.0000000000
52374  -47.319  -34.456  36.558 0.0000000000
52383  -46.956  -34.062  35.898 0.0000000000
53345  -45.653  -33.683  34.074 0.0000000000
52398  -45.912  -34.031  34.729 0.0000000000
52397  -45.163  -34.288  34.151 0.0000000000
51444  -44.429  -35.514  34.120 0.0000000000
56712  -52.981  -29.753  38.382 0.0000000000
55831  -52.422  -30.185  37.939 0.0000000000
56724  -52.717  -29.463  37.659 0.0000000000
56758  -51.302  -29.033  35.773 0.0000000000
56739  -51.118  -29.897  35.974 0.0000000000
55852  -49.712  -30.603  35.173 0.0000000000
56756  -49.888  -29.718  34.907 0.0000000000
58385  -50.989  -27.563  34.089 0.0000000000
57597  -51.123  -27.850  34.765 0.0000000000
57602  -50.152  -28.046  33.232 0.0000000000
56777  -49.509  -28.705  32.993 0.0000000000
55879  -48.121  -29.997  32.795 0.0000000000
114091  -19.902  -49.345  50.316 0.0000000000
37894  -21.252  -49.997  47.383 0.0000000000
38683  -20.951  -49.962  48.118 0.0000000000
37915  -21.647  -50.486  45.794 0.0000000000
37917  -23.440  -50.048  45.555 0.0000000000
37930  -22.819  -50.267  44.739 0.0000000000
37931  -23.622  -50.421  44.591 0.0000000000
37932  -24.333  -50.996  44.466 0.0000000000
37807  -22.896  -50.205  54.014 0.0000000000
37815  -23.140  -49.796  53.065 0.0000000000
37846  -24.293  -50.642  51.129 0.0000000000
37845  -23.866  -50.079  51.490 0.0000000000
37860  -24.280  -50.528  50.214 0.0000000000
37874  -23.698  -49.858  49.769 0.0000000000
35339  -26.550  -53.494  50.197 0.0000000000
36213  -26.216  -52.844  49.653 0.0000000000
36228  -25.717  -52.324  48.151 0.0000000000
37077  -25.274  -51.736  47.612 0.0000000000
37065  -24.835  -51.059  47.976 0.0000000000
37076  -24.828  -51.042  47.035 0.0000000000
37090  -25.231  -51.799  46.721 0.0000000000
32725  -29.401  -56.672  48.260 0.0000000000
38574  -27.011  -49.478  57.623 0.0000000000
37772  -26.845  -50.190  57.590 0.0000000000
36961  -27.777  -52.025  56.493 0.0000000000
36105  -28.133  -52.737  56.466 0.0000000000
35247  -27.921  -53.285  56.632 0.0000000000
35248  -28.471  -53.341  56.235 0.0000000000
36999  -29.127  -52.442  54.627 0.0000000000
36989  -28.873  -52.430  55.109 0.0000000000
36137  -29.757  -52.854  54.869 0.0000000000
35258  -31.045  -53.951  55.525 0.0000000000
36115  -30.374  -53.704  55.590 0.0000000000
34384  -31.042  -54.591  55.534 0.0000000000
34383  -30.560  -54.150  55.867 0.0000000000
109272  -30.778  -54.811  55.466 0.0000000000
32635  -30.002  -54.939  55.277 0.0000000000
122624  -30.900  -54.993  55.443 0.0000000000
32644  -32.243  -55.398  54.862 0.0000000000
32643  -31.895  -55.387  54.975 0.0000000000
32649  -31.970  -55.599  54.732 0.0000000000
122199  -31.709  -55.662  54.334 0.0000000000
35328  -33.027  -53.566  51.387 0.0000000000
35315  -33.157  -53.617  52.413 0.0000000000
34431  -34.900  -54.888  53.410 0.0000000000
34430  -34.371  -54.573  53.621 0.0000000000
34420  -34.469  -54.806  53.907 0.0000000000
33503  -34.010  -55.017  54.435 0.0000000000
32651  -34.397  -55.230  54.029 0.0000000000
32663  -34.329  -56.128  53.646 0.0000000000
32662  -33.433  -56.111  53.263 0.0000000000
33526  -32.404  -55.836  52.964 0.0000000000
32678  -33.142  -56.233  52.255 0.0000000000
32703  -43.613  -56.507  50.580 0.0000000000
32704  -44.322  -56.787  50.096 0.0000000000
32693  -44.293  -56.395  50.740 0.0000000000
120815  -44.687  -55.031  51.404 0.0000000000
35333  -44.211  -53.606  51.630 0.0000000000
108319  -41.040  -49.814  51.412 0.0000000000
37849  -40.829  -50.486  51.151 0.0000000000
36178  -41.186  -51.169  51.409 0.0000000000
35331  -41.280  -52.705  50.788 0.0000000000
113407  -41.901  -54.258  50.019 0.0000000000
34489  -41.671  -54.569  49.254 0.0000000000
33579  -42.861  -55.412  50.501 0.0000000000
45930  -40.490  -41.405  37.030 0.0000000000
45941  -40.293  -41.673  36.162 0.0000000000
46933  -40.690  -41.230  35.676 0.0000000000
46946  -41.707  -40.589  34.493 0.0000000000
47946  -41.630  -40.211  35.111 0.0000000000
47947  -42.225  -39.444  35.181 0.0000000000
37754  -25.048  -49.600  58.452 0.0000000000
36945  -25.619  -50.738  58.624 0.0000000000
37763  -25.575  -50.095  58.500 0.0000000000
121835  -26.095  -50.880  58.705 0.0000000000
36947  -26.218  -50.856  58.539 0.0000000000
38714  -41.203  -49.773  45.329 0.0000000000
38724  -42.115  -49.838  44.101 0.0000000000
38723  -41.337  -49.615  44.529 0.0000000000
38735  -40.685  -49.076  44.178 0.0000000000
39598  -40.038  -48.545  43.802 0.0000000000
39604  -39.475  -47.994  43.395 0.0000000000
39597  -39.561  -47.942  44.277 0.0000000000
41318  -39.323  -46.416  44.596 0.0000000000
42190  -39.688  -45.761  45.161 0.0000000000
40283  -33.975  -46.763  56.076 0.0000000000
102014  -33.561  -46.838  55.578 0.0000000000
116512  -34.169  -47.042  55.632 0.0000000000
37948  -37.144  -51.104  43.760 0.0000000000
37947  -36.595  -50.492  43.495 0.0000000000
37141  -36.457  -51.244  43.392 0.0000000000
37153  -35.967  -51.157  43.035 0.0000000000
37152  -35.484  -51.385  42.670 0.0000000000
37151  -34.859  -51.594  42.138 0.0000000000
35457  -34.868  -53.971  42.060 0.0000000000
120443  -40.156  -50.634  41.051 0.0000000000
37989  -39.831  -49.863  39.938 0.0000000000
107724  -52.735  -32.894  40.261 0.0000000000
54099  -51.192  -32.974  38.298 0.0000000000
54113  -51.394  -32.227  38.067 0.0000000000
54931  -50.958  -31.823  37.304 0.0000000000
39445  -20.222  -48.098  53.330 0.0000000000
39468  -20.264  -48.389  52.407 0.0000000000
34452  -28.064  -54.735  51.546 0.0000000000
34453  -29.021  -54.740  51.083 0.0000000000
34470  -29.552  -54.854  50.061 0.0000000000
33588  -30.275  -55.455  49.847 0.0000000000
33576  -31.450  -56.204  50.369 0.0000000000
37033  -28.471  -50.715  51.263 0.0000000000
107845  -28.772  -51.309  51.969 0.0000000000
37034  -29.025  -51.569  51.180 0.0000000000
36190  -29.816  -52.340  51.010 0.0000000000
36318  -43.859  -52.728  43.719 0.0000000000
35447  -44.439  -53.063  44.151 0.0000000000
36298  -45.317  -52.878  44.230 0.0000000000
106548  -45.056  -53.329  47.781 0.0000000000
36255  -45.632  -53.182  47.033 0.0000000000
36254  -45.557  -52.979  47.036 0.0000000000
36252  -45.166  -52.438  46.551 0.0000000000
37096  -43.795  -52.258  46.564 0.0000000000
37901  -41.894  -50.989  47.672 0.0000000000
40324  -37.618  -46.778  54.497 0.0000000000
40346  -37.551  -46.943  53.625 0.0000000000
40366  -37.573  -46.783  52.483 0.0000000000
40386  -38.167  -46.698  50.810 0.0000000000
40407  -38.573  -46.964  50.151 0.0000000000
36217  -40.106  -51.280  49.700 0.0000000000
37070  -39.642  -51.086  48.876 0.0000000000
37081  -39.625  -51.450  47.863 0.0000000000
37093  -38.963  -51.302  46.336 0.0000000000
37110  -39.236  -52.260  45.949 0.0000000000
36282  -38.793  -52.808  45.271 0.0000000000
35425  -38.205  -54.135  45.071 0.0000000000
34541  -38.506  -55.221  45.517 0.0000000000
33644  -38.797  -56.050  45.374 0.0000000000
33646  -41.234  -55.643  45.990 0.0000000000
36316  -41.135  -52.531  43.352 0.0000000000
110746  -42.079  -53.650  44.239 0.0000000000
108838  -21.922  -49.887  56.857 0.0000000000
110452  -22.541  -50.380  56.004 0.0000000000
37790  -22.497  -50.375  56.486 0.0000000000
36135  -24.052  -52.014  55.778 0.0000000000
34382  -25.907  -53.912  56.515 0.0000000000
35265  -25.365  -53.660  55.938 0.0000000000
34393  -26.456  -54.487  55.732 0.0000000000
34405  -26.458  -54.610  55.130 0.0000000000
34418  -26.598  -54.687  54.684 0.0000000000
34419  -26.778  -54.697  54.112 0.0000000000
33510  -27.142  -54.843  54.696 0.0000000000
33511  -27.793  -54.943  54.648 0.0000000000
37160  -45.468  -51.907  42.175 0.0000000000
37192  -44.860  -51.467  40.553 0.0000000000
37181  -45.849  -51.678  41.264 0.0000000000
109413  -46.542  -51.450  40.745 0.0000000000
37194  -47.120  -51.197  40.619 0.0000000000
38765  -44.702  -49.679  41.443 0.0000000000
38772  -45.042  -49.551  40.635 0.0000000000
42245  -39.000  -45.448  41.800 0.0000000000
42244  -38.759  -45.716  41.097 0.0000000000
42255  -39.016  -44.954  41.133 0.0000000000
43194  -39.126  -44.516  40.448 0.0000000000
108645  -39.302  -43.958  39.737 0.0000000000
44122  -39.717  -43.195  39.341 0.0000000000
44115  -39.913  -43.281  40.238 0.0000000000
44989  -40.777  -42.830  40.620 0.0000000000
44990  -41.395  -42.251  40.317 0.0000000000
40258  -28.492  -46.515  58.065 0.0000000000
121415  -28.664  -46.539  57.731 0.0000000000
108641  -28.797  -46.639  57.245 0.0000000000
40279  -28.821  -46.791  56.301 0.0000000000
102316  -31.229  -47.309  53.909 0.0000000000
103103  -30.218  -47.071  54.158 0.0000000000
112600  -29.269  -47.397  53.022 0.0000000000
40358  -28.859  -47.668  52.458 0.0000000000
39471  -28.493  -48.103  52.266 0.0000000000
40376  -28.884  -47.785  51.768 0.0000000000
40397  -28.914  -47.926  50.984 0.0000000000
39496  -29.041  -48.095  50.107 0.0000000000
109897  -35.781  -47.436  51.166 0.0000000000
103274  -34.837  -47.596  49.897 0.0000000000
40419  -34.179  -47.632  49.690 0.0000000000
39573  -33.775  -48.501  45.523 0.0000000000
102247  -33.790  -48.420  46.540 0.0000000000
102317  -33.056  -48.453  46.090 0.0000000000
102319  -32.224  -48.318  46.811 0.0000000000
39548  -31.432  -48.316  47.029 0.0000000000
103394  -30.997  -48.305  47.628 0.0000000000
39561  -30.592  -48.457  46.744 0.0000000000
113467  -30.013  -48.670  45.986 0.0000000000
34593  -38.028  -54.793  41.872 0.0000000000
42870  -27.718  -44.918  58.580 0.0000000000
41988  -32.381  -44.661  58.655 0.0000000000
107887  -32.863  -44.266  58.668 0.0000000000
41200  -38.015  -45.791  55.950 0.0000000000
104918  -44.993  -45.517  52.965 0.0000000000
40350  -44.817  -47.002  52.593 0.0000000000
105568  -45.606  -45.562  52.480 0.0000000000
41249  -45.880  -45.918  52.256 0.0000000000
42081  -46.265  -45.108  52.200 0.0000000000
43996  -46.414  -43.965  50.340 0.0000000000
104252  -45.753  -45.616  50.648 0.0000000000
41284  -44.544  -46.386  49.897 0.0000000000
42136  -45.551  -44.995  50.020 0.0000000000
43050  -44.901  -44.626  49.215 0.0000000000
44896  -50.053  -42.661  47.483 0.0000000000
44011  -49.317  -43.765  46.347 0.0000000000
101779  -47.250  -44.213  46.132 0.0000000000
43098  -47.143  -44.471  45.703 0.0000000000
103085  -46.501  -44.572  45.847 0.0000000000
43116  -45.235  -44.532  45.608 0.0000000000
43115  -44.230  -44.638  45.347 0.0000000000
43138  -45.730  -44.544  45.018 0.0000000000
45841  -48.313  -41.737  43.036 0.0000000000
45840  -47.639  -41.955  43.139 0.0000000000
122524  -47.222  -41.542  42.745 0.0000000000
45860  -46.525  -41.364  42.535 0.0000000000
45880  -45.116  -41.051  41.830 0.0000000000
46842  -45.997  -40.892  41.988 0.0000000000
46863  -45.662  -40.490  41.316 0.0000000000
49662  -52.116  -37.221  41.819 0.0000000000
49661  -51.081  -37.302  41.119 0.0000000000
51394  -49.515  -35.570  39.464 0.0000000000
50526  -48.435  -36.544  39.332 0.0000000000
49689  -48.144  -37.214  39.648 0.0000000000
49688  -47.339  -37.462  39.421 0.0000000000
49704  -47.074  -37.058  38.877 0.0000000000
119552  -46.037  -37.276  37.593 0.0000000000
49717  -45.306  -37.593  37.438 0.0000000000
50568  -46.055  -36.302  36.697 0.0000000000
53332  -47.382  -33.387  35.568 0.0000000000
53347  -46.985  -33.022  34.845 0.0000000000
53346  -46.269  -33.389  34.422 0.0000000000
53357  -45.830  -33.116  33.647 0.0000000000
57566  -53.020  -28.759  37.419 0.0000000000
56741  -52.361  -29.102  37.011 0.0000000000
57579  -52.024  -28.567  36.289 0.0000000000
58412  -50.738  -28.097  32.131 0.0000000000
57613  -50.109  -28.273  32.462 0.0000000000
37858  -19.377  -50.052  50.371 0.0000000000
38670  -21.481  -49.268  49.388 0.0000000000
106183  -21.591  -49.426  48.705 0.0000000000
38684  -21.438  -49.654  48.132 0.0000000000
38702  -21.788  -49.830  46.881 0.0000000000
37906  -22.026  -49.927  46.241 0.0000000000
38703  -22.505  -49.676  46.838 0.0000000000
37907  -23.385  -49.791  46.491 0.0000000000
37017  -24.159  -51.015  53.123 0.0000000000
37829  -23.765  -50.356  52.847 0.0000000000
37031  -24.666  -51.403  51.580 0.0000000000
37042  -24.732  -51.276  50.674 0.0000000000
36246  -26.232  -52.812  47.783 0.0000000000
36264  -25.670  -52.417  46.393 0.0000000000
34523  -26.870  -54.254  45.910 0.0000000000
33641  -26.900  -55.043  45.882 0.0000000000
33625  -27.481  -55.422  46.441 0.0000000000
32752  -27.476  -56.301  46.756 0.0000000000
37775  -27.096  -50.527  57.188 0.0000000000
37783  -27.350  -50.841  56.593 0.0000000000
36979  -27.868  -51.625  56.130 0.0000000000
36970  -28.200  -52.222  56.150 0.0000000000
36162  -30.713  -53.204  53.928 0.0000000000
104057  -30.777  -53.361  54.877 0.0000000000
36139  -31.236  -53.578  55.037 0.0000000000
35266  -31.682  -53.952  55.244 0.0000000000
34385  -31.586  -54.780  55.380 0.0000000000
33487  -31.206  -55.183  55.690 0.0000000000
34394  -32.230  -54.861  55.169 0.0000000000
33501  -32.360  -55.126  55.035 0.0000000000
32645  -32.977  -55.438  54.844 0.0000000000
32652  -35.136  -55.288  53.552 0.0000000000
34530  -43.769  -55.066  46.411 0.0000000000
34546  -44.318  -54.322  45.857 0.0000000000
33633  -44.153  -55.381  47.096 0.0000000000
34516  -44.890  -54.872  47.437 0.0000000000
34504  -46.985  -54.891  48.237 0.0000000000
32718  -46.091  -56.051  49.491 0.0000000000
34505  -47.131  -54.687  48.716 0.0000000000
35375  -47.038  -54.107  48.681 0.0000000000
36237  -45.647  -53.915  48.339 0.0000000000
103528  -45.052  -53.775  48.743 0.0000000000
41267  -40.242  -46.415  51.210 0.0000000000
40387  -39.735  -46.745  50.777 0.0000000000
39485  -40.049  -47.878  50.765 0.0000000000
107045  -40.144  -49.261  50.781 0.0000000000
38660  -40.002  -50.186  50.494 0.0000000000
37863  -40.661  -51.053  50.920 0.0000000000
37046  -40.381  -50.901  50.568 0.0000000000
36251  -40.401  -53.212  48.042 0.0000000000
35402  -40.065  -54.901  46.730 0.0000000000
34515  -40.597  -55.461  47.064 0.0000000000
33616  -41.010  -55.921  46.899 0.0000000000
33605  -41.875  -55.645  48.209 0.0000000000
33617  -41.842  -55.933  47.378 0.0000000000
33631  -42.272  -55.936  46.889 0.0000000000
33648  -42.863  -55.373  46.356 0.0000000000
46955  -42.290  -40.232  33.982 0.0000000000
121000  -23.350  -50.774  58.008 0.0000000000
36111  -23.634  -51.442  57.472 0.0000000000
36102  -23.882  -51.400  57.917 0.0000000000
36091  -24.317  -51.664  58.101 0.0000000000
35245  -24.933  -52.935  57.601 0.0000000000
117199  -25.369  -51.175  58.587 0.0000000000
108288  -25.479  -52.362  58.159 0.0000000000
34372  -25.633  -53.554  56.996 0.0000000000
34373  -26.342  -53.788  56.795 0.0000000000
33456  -26.853  -54.371  56.270 0.0000000000
33473  -27.164  -54.418  56.135 0.0000000000
103962  -45.844  -50.595  43.891 0.0000000000
37951  -46.639  -50.534  43.357 0.0000000000
122708  -44.897  -50.396  43.322 0.0000000000
38753  -44.572  -50.111  42.703 0.0000000000
37949  -42.769  -49.933  43.767 0.0000000000
38738  -43.079  -49.805  43.237 0.0000000000
38752  -43.520  -49.652  42.484 0.0000000000
38763  -42.728  -49.179  41.909 0.0000000000
39612  -42.829  -48.966  41.210 0.0000000000
39611  -42.085  -48.825  41.414 0.0000000000
39616  -41.502  -48.414  40.944 0.0000000000
40474  -39.791  -47.906  41.287 0.0000000000
102009  -39.229  -47.613  41.897 0.0000000000
40472  -39.151  -47.371  42.859 0.0000000000
104451  -39.048  -46.501  43.133 0.0000000000
42236  -38.905  -45.938  42.494 0.0000000000
43156  -39.352  -45.134  42.565 0.0000000000
43174  -40.053  -44.347  42.520 0.0000000000
43175  -40.967  -43.887  42.845 0.0000000000
41213  -31.177  -46.304  56.465 0.0000000000
40301  -31.751  -46.748  55.150 0.0000000000
40302  -32.711  -46.785  55.218 0.0000000000
40320  -32.003  -47.053  54.501 0.0000000000
103202  -31.514  -47.430  52.935 0.0000000000
108340  -31.407  -47.449  51.873 0.0000000000
38706  -36.957  -48.825  46.939 0.0000000000
39552  -35.978  -48.230  47.334 0.0000000000
39566  -36.142  -48.555  46.504 0.0000000000
39575  -35.574  -48.535  45.781 0.0000000000
39585  -35.517  -48.677  44.643 0.0000000000
38719  -36.122  -49.030  44.102 0.0000000000
39584  -34.714  -48.537  45.174 0.0000000000
115415  -34.084  -48.561  44.669 0.0000000000
39594  -32.935  -48.612  43.638 0.0000000000
39601  -31.722  -49.040  42.814 0.0000000000
38746  -32.949  -49.275  42.063 0.0000000000
38760  -33.348  -49.954  41.705 0.0000000000
37171  -33.222  -51.539  41.477 0.0000000000
37172  -34.127  -51.607  41.725 0.0000000000
37174  -38.596  -51.595  41.532 0.0000000000
37967  -38.114  -51.090  41.105 0.0000000000
110643  -38.995  -50.512  40.859 0.0000000000
38769  -38.077  -49.977  40.128 0.0000000000
43079  -50.227  -43.451  46.239 0.0000000000
43143  -49.949  -43.925  45.855 0.0000000000
43141  -48.864  -44.082  45.235 0.0000000000
44057  -50.192  -43.618  45.465 0.0000000000
44932  -49.908  -42.949  44.448 0.0000000000
112325  -49.195  -42.425  43.833 0.0000000000
44950  -51.455  -42.080  44.450 0.0000000000
45842  -50.843  -41.658  43.604 0.0000000000
108006  -49.103  -41.770  43.212 0.0000000000
45863  -49.506  -41.105  42.643 0.0000000000
110733  -48.980  -40.610  42.102 0.0000000000
52332  -52.436  -35.230  42.069 0.0000000000
51375  -52.449  -35.233  41.777 0.0000000000
52340  -52.410  -34.729  41.060 0.0000000000
52339  -51.777  -34.803  40.388 0.0000000000
52348  -50.912  -34.733  39.734 0.0000000000
53294  -52.090  -33.760  39.596 0.0000000000
52347  -50.012  -34.914  39.194 0.0000000000
51402  -49.158  -35.045  38.721 0.0000000000
109101  -48.630  -34.910  38.105 0.0000000000
52364  -48.396  -34.515  37.541 0.0000000000
53320  -48.359  -33.583  36.546 0.0000000000
54111  -50.063  -32.826  37.243 0.0000000000
53321  -48.956  -33.148  36.486 0.0000000000
53333  -48.259  -33.095  35.932 0.0000000000
54141  -48.587  -32.382  35.456 0.0000000000
54963  -48.880  -31.721  35.075 0.0000000000
59182  -52.939  -26.847  36.138 0.0000000000
58378  -52.247  -27.170  35.666 0.0000000000
59192  -52.011  -26.889  34.825 0.0000000000
58394  -51.342  -27.271  33.609 0.0000000000
117782  -19.057  -49.262  51.325 0.0000000000
39480  -19.111  -48.836  51.707 0.0000000000
39493  -20.230  -48.862  50.763 0.0000000000
39494  -20.900  -48.920  50.625 0.0000000000
38671  -22.243  -49.213  49.778 0.0000000000
38672  -22.965  -49.416  49.329 0.0000000000
36173  -25.664  -53.304  52.119 0.0000000000
35327  -26.417  -53.789  51.142 0.0000000000
34468  -27.521  -54.171  50.627 0.0000000000
35356  -27.345  -53.806  49.796 0.0000000000
35371  -27.394  -53.698  48.715 0.0000000000
33600  -28.972  -55.357  47.952 0.0000000000
33589  -30.282  -55.927  49.134 0.0000000000
37809  -27.763  -50.101  54.379 0.0000000000
37810  -28.115  -50.981  54.695 0.0000000000
37007  -28.644  -51.825  54.147 0.0000000000
110694  -29.407  -52.472  54.111 0.0000000000
37020  -29.128  -51.806  52.706 0.0000000000
36161  -30.087  -52.724  53.738 0.0000000000
36163  -31.516  -53.403  53.934 0.0000000000
36164  -32.370  -53.490  53.718 0.0000000000
37971  -41.913  -50.816  41.239 0.0000000000
37982  -42.335  -50.611  40.338 0.0000000000
37159  -44.407  -51.981  42.286 0.0000000000
36337  -46.991  -51.466  43.027 0.0000000000
108056  -47.016  -51.200  43.988 0.0000000000
35415  -44.989  -53.638  45.359 0.0000000000
35430  -45.727  -53.102  44.913 0.0000000000
35417  -46.417  -52.924  45.974 0.0000000000
35431  -46.411  -52.422  45.352 0.0000000000
36300  -46.503  -51.784  44.536 0.0000000000
37129  -46.455  -51.603  44.568 0.0000000000
37939  -46.820  -50.918  44.078 0.0000000000
37095  -42.749  -51.481  46.111 0.0000000000
37923  -42.297  -50.851  45.431 0.0000000000
37922  -41.590  -50.374  45.602 0.0000000000
38699  -40.869  -48.947  46.701 0.0000000000
39554  -40.651  -48.020  47.203 0.0000000000
39418  -36.256  -47.280  55.276 0.0000000000
39431  -35.926  -47.409  55.237 0.0000000000
39432  -36.478  -47.440  54.781 0.0000000000
110145  -36.031  -47.464  52.235 0.0000000000
40365  -36.806  -47.279  52.572 0.0000000000
40384  -36.639  -47.199  51.366 0.0000000000
40420  -36.313  -47.512  49.439 0.0000000000
104301  -36.920  -48.037  48.224 0.0000000000
40408  -39.348  -47.163  50.283 0.0000000000
40423  -39.042  -47.532  49.801 0.0000000000
39513  -38.379  -48.325  48.965 0.0000000000
37888  -39.279  -50.413  48.919 0.0000000000
38689  -38.825  -49.783  48.784 0.0000000000
39512  -37.660  -48.165  48.526 0.0000000000
39535  -37.656  -48.628  48.026 0.0000000000
39553  -36.899  -48.402  47.628 0.0000000000
104366  -37.457  -49.334  46.309 0.0000000000
113945  -37.611  -49.993  44.771 0.0000000000
111040  -38.217  -50.780  45.151 0.0000000000
120717  -38.042  -51.331  44.574 0.0000000000
37934  -37.740  -50.845  44.317 0.0000000000
35439  -36.380  -54.147  43.783 0.0000000000
34580  -36.462  -55.447  43.193 0.0000000000
34568  -36.579  -55.152  43.753 0.0000000000
33666  -36.864  -56.000  43.532 0.0000000000
34556  -37.660  -56.115  44.598 0.0000000000
33683  -37.984  -56.322  43.413 0.0000000000
34582  -38.209  -55.697  42.690 0.0000000000
35459  -38.654  -54.323  42.438 0.0000000000
120956  -39.629  -55.869  44.808 0.0000000000
34559  -40.302  -55.391  44.891 0.0000000000
35442  -39.551  -54.573  43.462 0.0000000000
37155  -39.821  -51.800  42.294 0.0000000000
37156  -40.696  -51.603  42.349 0.0000000000
37177  -41.196  -51.142  41.806 0.0000000000
56713  -53.429  -29.221  38.941 0.0000000000
57554  -53.785  -28.445  38.647 0.0000000000
57567  -53.640  -28.291  37.838 0.0000000000
58355  -53.918  -27.593  37.578 0.0000000000
59156  -55.120  -25.722  39.004 0.0000000000
59155  -54.904  -26.481  38.558 0.0000000000
59170  -54.197  -26.903  37.285 0.0000000000
59183  -53.745  -26.544  36.542 0.0000000000
60040  -53.771  -25.526  35.186 0.0000000000
60041  -54.428  -25.129  35.738 0.0000000000
60047  -53.752  -25.501  34.179 0.0000000000
38595  -21.675  -49.403  54.921 0.0000000000
119761  -22.317  -49.822  54.467 0.0000000000
37799  -22.800  -50.520  55.564 0.0000000000
37808  -23.377  -50.805  54.488 0.0000000000
36172  -24.914  -52.400  52.778 0.0000000000
36968  -23.527  -51.444  56.809 0.0000000000
36123  -23.976  -52.041  56.408 0.0000000000
36136  -24.469  -52.605  55.397 0.0000000000
35276  -24.827  -53.185  55.692 0.0000000000
35289  -24.931  -53.181  54.978 0.0000000000
36148  -24.612  -52.628  54.671 0.0000000000
36160  -25.333  -53.125  52.870 0.0000000000
34428  -27.130  -54.752  53.481 0.0000000000
34429  -27.648  -54.961  53.015 0.0000000000
34438  -27.826  -54.921  52.316 0.0000000000
34439  -28.698  -54.924  52.120 0.0000000000
33540  -30.140  -55.424  52.498 0.0000000000
111221  -43.357  -50.561  39.240 0.0000000000
37201  -44.095  -50.870  39.398 0.0000000000
38002  -43.890  -50.577  38.619 0.0000000000
101959  -44.648  -50.617  37.944 0.0000000000
37961  -47.032  -50.547  42.764 0.0000000000
116985  -47.383  -50.896  41.138 0.0000000000
37195  -47.399  -50.861  40.378 0.0000000000
38767  -46.855  -49.830  41.065 0.0000000000
37984  -47.383  -50.312  39.975 0.0000000000
37204  -46.924  -51.117  39.289 0.0000000000
41343  -39.169  -46.600  39.851 0.0000000000
45016  -39.923  -42.387  37.946 0.0000000000
110768  -40.342  -41.769  37.679 0.0000000000
45917  -41.032  -41.125  37.978 0.0000000000
39376  -27.068  -47.505  59.006 0.0000000000
113741  -26.512  -48.545  58.542 0.0000000000
39384  -27.195  -48.104  58.296 0.0000000000
106792  -27.189  -48.461  57.977 0.0000000000
38573  -27.219  -48.761  57.584 0.0000000000
39394  -27.750  -47.461  57.670 0.0000000000
39393  -27.404  -48.231  57.580 0.0000000000
38579  -27.230  -49.212  57.063 0.0000000000
38588  -27.313  -49.451  56.487 0.0000000000
110669  -27.346  -48.751  56.185 0.0000000000
38596  -27.388  -49.362  55.576 0.0000000000
40299  -28.315  -47.200  55.568 0.0000000000
40319  -29.310  -47.021  54.418 0.0000000000
40318  -28.498  -47.245  54.662 0.0000000000
40317  -27.849  -47.637  54.984 0.0000000000
110204  -27.380  -48.842  54.848 0.0000000000
112443  -27.515  -49.547  54.826 0.0000000000
37817  -27.763  -49.803  53.620 0.0000000000
37847  -27.960  -49.813  52.018 0.0000000000
39483  -28.166  -48.663  51.961 0.0000000000
38643  -28.064  -49.268  51.651 0.0000000000
37848  -28.147  -49.933  51.392 0.0000000000
37861  -28.318  -50.039  50.634 0.0000000000
37876  -28.475  -50.225  49.735 0.0000000000
37887  -28.493  -50.097  48.777 0.0000000000
39450  -35.288  -47.563  54.262 0.0000000000
116370  -34.698  -47.519  53.561 0.0000000000
40341  -33.914  -47.414  53.646 0.0000000000
40382  -34.410  -47.569  51.889 0.0000000000
40362  -34.135  -47.526  52.734 0.0000000000
40361  -33.279  -47.483  52.854 0.0000000000
40379  -32.084  -47.588  51.383 0.0000000000
39532  -34.561  -47.833  48.213 0.0000000000
39510  -34.024  -47.784  48.927 0.0000000000
39550  -33.673  -48.238  47.435 0.0000000000
39509  -33.206  -47.907  48.836 0.0000000000
115375  -32.849  -47.771  49.563 0.0000000000
40417  -32.143  -47.744  49.884 0.0000000000
117984  -31.559  -47.664  50.391 0.0000000000
40399  -30.697  -47.644  50.502 0.0000000000
40415  -29.971  -47.824  49.694 0.0000000000
113716  -29.197  -48.410  49.114 0.0000000000
39527  -29.554  -48.487  48.263 0.0000000000
39506  -28.775  -48.902  48.942 0.0000000000
37067  -28.704  -50.717  48.395 0.0000000000
37173  -37.968  -51.904  41.203 0.0000000000
37820  -42.054  -49.944  52.332 0.0000000000
109904  -42.167  -51.722  52.292 0.0000000000
37821  -42.137  -49.969  52.283 0.0000000000
39455  -43.270  -48.152  53.008 0.0000000000
122878  -44.294  -46.448  53.909 0.0000000000
39444  -19.472  -47.776  53.549 0.0000000000
39426  -20.562  -48.154  54.693 0.0000000000
38594  -20.939  -48.859  55.475 0.0000000000
38587  -21.504  -49.693  56.587 0.0000000000
104923  -20.523  -49.119  57.254 0.0000000000
38578  -21.154  -49.427  57.224 0.0000000000
37780  -21.839  -49.669  57.466 0.0000000000
117132  -21.825  -49.417  57.983 0.0000000000
37770  -22.163  -49.426  58.274 0.0000000000
38565  -21.837  -49.029  58.541 0.0000000000
37771  -22.903  -49.914  58.260 0.0000000000
37760  -23.299  -49.618  58.296 0.0000000000
104997  -23.668  -49.370  58.242 0.0000000000
38556  -24.329  -49.415  58.295 0.0000000000
38549  -24.803  -49.165  58.361 0.0000000000
39364  -25.313  -48.762  58.440 0.0000000000
39365  -25.779  -48.582  58.708 0.0000000000
41149  -26.773  -46.891  59.263 0.0000000000
40240  -26.858  -47.123  59.170 0.0000000000
105606  -27.963  -46.105  59.069 0.0000000000
41175  -28.834  -46.080  58.182 0.0000000000
42002  -30.308  -45.063  58.171 0.0000000000
41177  -30.933  -45.684  57.794 0.0000000000
107832  -32.962  -45.933  56.938 0.0000000000
41179  -33.098  -45.516  57.555 0.0000000000
101822  -34.399  -46.580  56.552 0.0000000000
40284  -34.829  -46.755  56.323 0.0000000000
39395  -35.297  -46.947  56.053 0.0000000000
42007  -35.008  -45.511  57.419 0.0000000000
41197  -35.036  -46.207  56.706 0.0000000000
40269  -35.634  -46.694  56.113 0.0000000000
39406  -36.173  -46.920  55.825 0.0000000000
39407  -36.458  -47.055  55.385 0.0000000000
40304  -36.937  -46.769  55.322 0.0000000000
40323  -37.111  -47.013  54.951 0.0000000000
41215  -38.375  -45.883  55.935 0.0000000000
40288  -38.581  -46.032  55.855 0.0000000000
122865  -37.920  -46.365  54.959 0.0000000000
40306  -38.373  -46.253  54.831 0.0000000000
106428  -38.951  -45.794  54.211 0.0000000000
42075  -39.508  -45.267  53.463 0.0000000000
42059  -39.653  -45.122  54.914 0.0000000000
112274  -39.835  -44.961  54.000 0.0000000000
42095  -39.690  -45.255  52.344 0.0000000000
42096  -40.512  -45.147  51.970 0.0000000000
41258  -40.952  -45.878  51.543 0.0000000000
39473  -41.753  -47.882  52.395 0.0000000000
38631  -41.431  -49.414  51.951 0.0000000000
37819  -41.904  -49.806  52.071 0.0000000000
121714  -42.731  -51.867  52.066 0.0000000000
36181  -43.104  -52.416  51.755 0.0000000000
36196  -43.624  -52.840  51.158 0.0000000000
37838  -43.430  -49.031  51.681 0.0000000000
37035  -43.032  -50.970  50.973 0.0000000000
108566  -43.099  -52.280  50.787 0.0000000000
112170  -43.372  -52.500  50.218 0.0000000000
36208  -43.268  -52.118  49.785 0.0000000000
37048  -42.966  -51.187  50.002 0.0000000000
42974  -46.231  -44.689  51.616 0.0000000000
104587  -46.306  -45.195  51.835 0.0000000000
110072  -46.444  -44.138  51.091 0.0000000000
42112  -46.293  -45.358  51.572 0.0000000000
39500  -45.067  -47.253  51.133 0.0000000000
38662  -44.294  -48.107  50.815 0.0000000000
38661  -43.384  -48.847  50.416 0.0000000000
37879  -42.773  -50.642  49.659 0.0000000000
37878  -42.565  -50.107  49.295 0.0000000000
38692  -42.414  -49.455  49.067 0.0000000000
38691  -41.876  -49.497  48.557 0.0000000000
40424  -43.568  -47.261  49.518 0.0000000000
39538  -42.394  -48.123  48.794 0.0000000000
39537  -41.775  -48.649  48.446 0.0000000000
39555  -41.205  -48.283  47.904 0.0000000000
40447  -40.994  -47.216  47.710 0.0000000000
41299  -41.222  -46.312  47.647 0.0000000000
123341  -45.777  -43.635  47.545 0.0000000000
43051  -45.208  -43.990  48.225 0.0000000000
108526  -44.941  -44.119  47.820 0.0000000000
43074  -45.678  -44.159  46.875 0.0000000000
43073  -44.477  -44.297  47.343 0.0000000000
43048  -43.798  -44.559  48.093 0.0000000000
42160  -43.014  -44.911  48.052 0.0000000000
42158  -41.185  -45.713  47.244 0.0000000000
41307  -40.488  -46.448  46.963 0.0000000000
42157  -40.672  -45.578  46.497 0.0000000000
105962  -40.436  -45.229  45.581 0.0000000000
43112  -40.748  -44.735  44.859 0.0000000000
43114  -43.219  -44.691  45.003 0.0000000000
109661  -42.288  -44.532  44.994 0.0000000000
43134  -41.618  -44.354  44.477 0.0000000000
43158  -41.327  -44.101  43.617 0.0000000000
44069  -41.869  -43.683  43.184 0.0000000000
44089  -42.297  -43.269  42.738 0.0000000000
114312  -47.882  -44.296  44.905 0.0000000000
44073  -45.697  -43.591  43.931 0.0000000000
44945  -46.184  -42.743  43.461 0.0000000000
44944  -45.324  -42.948  43.489 0.0000000000
44072  -44.677  -43.455  43.723 0.0000000000
44090  -43.109  -43.128  43.012 0.0000000000
44104  -41.886  -42.856  41.970 0.0000000000
44975  -42.359  -42.248  41.535 0.0000000000
44991  -42.117  -41.906  40.713 0.0000000000
45879  -44.416  -41.079  41.440 0.0000000000
45895  -43.300  -41.135  40.782 0.0000000000
45894  -42.668  -41.247  40.255 0.0000000000
122861  -42.911  -40.729  39.673 0.0000000000
103778  -42.794  -40.417  38.972 0.0000000000
46898  -42.574  -39.977  38.035 0.0000000000
114167  -50.392  -39.594  41.895 0.0000000000
46867  -49.334  -39.702  41.728 0.0000000000
47899  -48.551  -39.295  41.389 0.0000000000
50514  -51.706  -35.905  41.121 0.0000000000
106390  -50.182  -36.997  40.568 0.0000000000
48844  -50.138  -37.753  40.864 0.0000000000
48843  -49.280  -38.161  40.738 0.0000000000
48842  -48.617  -38.704  40.902 0.0000000000
47909  -47.468  -39.205  40.777 0.0000000000
47908  -46.698  -39.362  40.483 0.0000000000
47907  -45.892  -39.518  40.227 0.0000000000
118033  -46.306  -38.369  39.271 0.0000000000
48856  -45.661  -38.697  39.210 0.0000000000
47915  -44.988  -39.192  39.375 0.0000000000
47914  -44.374  -39.218  38.794 0.0000000000
47924  -43.258  -39.474  37.896 0.0000000000
47932  -43.489  -39.089  37.370 0.0000000000
48892  -43.648  -38.662  36.809 0.0000000000
110491  -43.732  -38.238  36.243 0.0000000000
122651  -44.672  -37.748  36.988 0.0000000000
49725  -44.241  -37.621  36.317 0.0000000000
49733  -43.676  -37.826  35.600 0.0000000000
50576  -43.671  -37.392  34.877 0.0000000000
50586  -43.743  -36.931  34.250 0.0000000000
51427  -47.011  -35.201  36.824 0.0000000000
51426  -46.323  -35.543  36.447 0.0000000000
51436  -45.833  -35.048  35.851 0.0000000000
52382  -46.217  -34.370  35.510 0.0000000000
52381  -45.474  -34.662  35.088 0.0000000000
51435  -45.188  -35.429  35.367 0.0000000000
51434  -44.597  -35.843  34.803 0.0000000000
54933  -52.213  -30.947  38.239 0.0000000000
54950  -51.215  -31.065  36.996 0.0000000000
56723  -52.098  -29.864  37.211 0.0000000000
55843  -51.487  -30.289  36.715 0.0000000000
55842  -50.876  -30.714  36.233 0.0000000000
54965  -50.216  -31.086  35.825 0.0000000000
54977  -48.338  -31.258  34.383 0.0000000000
58368  -51.972  -27.818  35.846 0.0000000000
57589  -50.824  -28.563  35.055 0.0000000000
56771  -50.163  -28.893  34.594 0.0000000000
57595  -49.918  -28.543  33.812 0.0000000000
56770  -49.499  -29.181  34.058 0.0000000000
55865  -49.208  -30.061  34.400 0.0000000000
55864  -48.512  -30.407  33.924 0.0000000000
37857  -19.295  -49.594  50.838 0.0000000000
37872  -19.685  -50.118  49.819 0.0000000000
37121  -21.528  -51.262  44.511 0.0000000000
37916  -22.423  -50.121  45.536 0.0000000000
37122  -22.276  -50.715  44.112 0.0000000000
111493  -22.456  -49.268  52.782 0.0000000000
38627  -22.837  -49.328  52.154 0.0000000000
38642  -23.153  -49.501  51.268 0.0000000000
37885  -23.662  -49.781  48.844 0.0000000000
115228  -25.492  -52.454  50.676 0.0000000000
37043  -25.242  -51.824  50.279 0.0000000000
36212  -25.784  -52.279  49.068 0.0000000000
37056  -25.310  -51.736  49.417 0.0000000000
108235  -24.850  -51.064  48.894 0.0000000000
37886  -24.284  -50.368  48.380 0.0000000000
118536  -24.208  -50.279  46.395 0.0000000000
37106  -24.830  -51.407  45.200 0.0000000000
37107  -25.236  -51.894  45.865 0.0000000000
33613  -28.534  -55.533  47.309 0.0000000000
38559  -26.483  -49.284  58.340 0.0000000000
36948  -26.617  -50.762  58.070 0.0000000000
36953  -26.622  -51.398  58.054 0.0000000000
36960  -27.155  -51.239  57.189 0.0000000000
36954  -26.949  -51.403  57.588 0.0000000000
36095  -27.113  -52.115  57.383 0.0000000000
35235  -27.306  -52.899  57.017 0.0000000000
34376  -27.886  -53.755  56.480 0.0000000000
33474  -28.161  -54.353  55.809 0.0000000000
36980  -28.563  -52.361  55.573 0.0000000000
36125  -29.046  -52.922  55.611 0.0000000000
36138  -30.508  -53.155  54.920 0.0000000000
36126  -29.872  -53.083  55.157 0.0000000000
36114  -29.606  -53.135  55.376 0.0000000000
35249  -29.298  -53.777  55.883 0.0000000000
33475  -29.048  -54.260  55.759 0.0000000000
32627  -29.048  -54.585  55.489 0.0000000000
32634  -29.031  -55.162  54.980 0.0000000000
33500  -29.246  -55.283  54.920 0.0000000000
32642  -30.148  -55.390  54.885 0.0000000000
101982  -31.342  -55.164  55.315 0.0000000000
107843  -30.843  -55.461  54.909 0.0000000000
118395  -30.819  -55.446  53.159 0.0000000000
123209  -31.572  -55.611  52.761 0.0000000000
36204  -30.573  -52.567  50.385 0.0000000000
36191  -30.768  -52.715  51.270 0.0000000000
36205  -31.428  -52.897  50.625 0.0000000000
36192  -31.553  -53.044  51.541 0.0000000000
36177  -32.372  -53.436  52.831 0.0000000000
35316  -34.027  -54.032  53.025 0.0000000000
35305  -33.771  -54.227  53.877 0.0000000000
35292  -33.624  -54.166  54.178 0.0000000000
34406  -33.562  -54.809  54.584 0.0000000000
33515  -32.526  -55.857  54.155 0.0000000000
32687  -32.132  -56.259  50.946 0.0000000000
32626  -28.148  -54.541  55.560 0.0000000000
32640  -28.918  -55.113  54.944 0.0000000000
32692  -43.478  -56.321  51.145 0.0000000000
32715  -43.267  -55.795  50.197 0.0000000000
32716  -43.752  -56.391  49.859 0.0000000000
32717  -44.290  -56.509  49.487 0.0000000000
32719  -46.703  -55.361  48.772 0.0000000000
33455  -26.454  -54.189  56.391 0.0000000000
33457  -27.074  -54.328  56.317 0.0000000000
33458  -27.627  -54.184  56.256 0.0000000000
33459  -28.456  -54.058  56.077 0.0000000000
33460  -29.527  -53.945  56.039 0.0000000000
33472  -26.891  -54.526  56.035 0.0000000000
33476  -30.570  -54.473  55.596 0.0000000000
33488  -32.073  -54.908  55.449 0.0000000000
33489  -32.359  -55.001  55.167 0.0000000000
33516  -34.510  -55.160  53.889 0.0000000000
33521  -27.341  -54.830  54.189 0.0000000000
33561  -42.682  -55.556  51.042 0.0000000000
33562  -44.066  -55.638  51.495 0.0000000000
33563  -45.241  -55.452  50.679 0.0000000000
33578  -42.598  -54.787  50.413 0.0000000000
33592  -42.422  -54.899  49.654 0.0000000000
33594  -46.152  -55.694  49.923 0.0000000000
33595  -46.885  -55.178  49.303 0.0000000000
33606  -44.600  -55.542  48.351 0.0000000000
33628  -39.424  -56.011  45.883 0.0000000000
33629  -40.601  -55.793  46.313 0.0000000000
33632  -43.208  -55.672  46.998 0.0000000000
34362  -26.301  -53.166  57.297 0.0000000000
34363  -26.859  -53.172  57.107 0.0000000000
34364  -27.369  -53.240  56.867 0.0000000000
34392  -25.407  -53.592  56.623 0.0000000000
34407  -34.125  -54.945  54.263 0.0000000000
34442  -42.415  -53.703  51.500 0.0000000000
34459  -44.251  -54.565  51.804 0.0000000000
34460  -44.968  -54.267  51.078 0.0000000000
34476  -46.227  -54.393  49.580 0.0000000000
34488  -41.140  -54.283  48.886 0.0000000000
34517  -45.813  -54.364  47.906 0.0000000000
34518  -46.551  -54.438  48.221 0.0000000000
34533  -45.722  -53.908  46.778 0.0000000000
35232  -25.075  -52.416  58.125 0.0000000000
35236  -27.719  -52.729  56.751 0.0000000000
35244  -24.589  -52.286  57.935 0.0000000000
35246  -25.618  -53.020  57.575 0.0000000000
35267  -32.174  -54.253  55.069 0.0000000000
35277  -25.411  -53.739  55.284 0.0000000000
35278  -32.426  -54.100  54.893 0.0000000000
35280  -33.720  -54.653  54.392 0.0000000000
35317  -41.620  -52.735  51.827 0.0000000000
35319  -42.946  -53.308  52.115 0.0000000000
35320  -43.624  -53.139  51.916 0.0000000000
35326  -25.871  -53.437  51.443 0.0000000000
35332  -41.795  -53.084  50.979 0.0000000000
35345  -41.545  -53.456  50.385 0.0000000000
35361  -46.261  -54.017  49.054 0.0000000000
35404  -46.088  -53.047  46.654 0.0000000000
35410  -26.430  -53.696  45.638 0.0000000000
35440  -36.870  -53.897  44.202 0.0000000000
35446  -43.710  -53.163  44.242 0.0000000000
36081  -24.931  -51.255  58.473 0.0000000000
36082  -25.747  -51.396  58.655 0.0000000000
36083  -26.055  -51.666  58.511 0.0000000000
36092  -25.315  -51.803  58.498 0.0000000000
36093  -26.414  -51.959  58.099 0.0000000000
36103  -24.117  -51.947  57.653 0.0000000000
36106  -28.928  -53.355  55.855 0.0000000000
36150  -30.711  -53.262  54.510 0.0000000000
36179  -41.838  -52.231  52.278 0.0000000000
36180  -42.507  -52.450  52.178 0.0000000000
36218  -40.712  -52.535  49.905 0.0000000000
36238  -45.685  -53.974  47.895 0.0000000000
36270  -46.171  -52.393  46.319 0.0000000000
36284  -46.443  -52.193  45.843 0.0000000000
36333  -41.133  -51.949  42.860 0.0000000000
36952  -23.929  -51.146  58.063 0.0000000000
37009  -41.899  -50.948  52.157 0.0000000000
37019  -28.655  -51.427  53.333 0.0000000000
37022  -42.343  -51.322  51.985 0.0000000000
37023  -42.689  -51.416  51.617 0.0000000000
37047  -40.646  -51.463  50.670 0.0000000000
37059  -40.187  -50.786  50.348 0.0000000000
37060  -40.458  -51.524  50.242 0.0000000000
37061  -43.037  -51.658  49.350 0.0000000000
37098  -46.383  -52.081  45.942 0.0000000000
37139  -24.387  -51.347  43.731 0.0000000000
37162  -47.217  -51.207  42.583 0.0000000000
37183  -47.340  -50.666  42.036 0.0000000000
37205  -47.352  -50.818  39.606 0.0000000000
37764  -25.927  -50.382  58.562 0.0000000000
37766  -26.600  -49.998  57.952 0.0000000000
37833  -41.052  -50.534  51.272 0.0000000000
37834  -41.718  -50.240  51.796 0.0000000000
37835  -41.880  -50.525  51.859 0.0000000000
37836  -42.268  -50.493  51.837 0.0000000000
37850  -43.087  -49.663  51.288 0.0000000000
37851  -43.763  -48.764  51.305 0.0000000000
37862  -40.305  -50.563  50.628 0.0000000000
37877  -39.964  -50.473  50.261 0.0000000000
37889  -42.162  -50.465  48.598 0.0000000000
37890  -42.653  -51.135  48.958 0.0000000000
37905  -21.412  -50.298  46.561 0.0000000000
37921  -38.566  -50.878  45.918 0.0000000000
37935  -41.979  -50.252  44.830 0.0000000000
37936  -42.844  -50.278  44.251 0.0000000000
37958  -36.181  -50.682  43.163 0.0000000000
37960  -46.384  -50.223  42.490 0.0000000000
38614  -41.701  -48.932  52.255 0.0000000000
38615  -41.837  -49.136  52.263 0.0000000000
38618  -43.617  -48.537  52.574 0.0000000000
38619  -44.321  -48.344  52.624 0.0000000000
38648  -44.962  -47.180  51.125 0.0000000000
38663  -44.699  -47.620  51.011 0.0000000000
38675  -43.244  -48.491  49.925 0.0000000000
38704  -28.881  -49.569  46.379 0.0000000000
38722  -40.697  -49.123  44.989 0.0000000000
38733  -36.375  -49.721  43.626 0.0000000000
38747  -35.765  -49.757  43.027 0.0000000000
38759  -32.406  -49.902  41.729 0.0000000000
38761  -34.360  -50.040  41.920 0.0000000000
39430  -34.942  -47.509  54.893 0.0000000000
39435  -43.715  -47.939  53.724 0.0000000000
39449  -34.529  -47.445  54.442 0.0000000000
39453  -41.960  -48.198  52.497 0.0000000000
39457  -44.611  -47.836  52.632 0.0000000000
39472  -41.428  -48.630  52.120 0.0000000000
39474  -44.646  -47.981  52.119 0.0000000000
39498  -44.536  -47.614  50.683 0.0000000000
39514  -39.090  -48.338  49.490 0.0000000000
39518  -44.763  -47.290  50.711 0.0000000000
39536  -38.328  -48.957  48.571 0.0000000000
39539  -42.928  -47.604  49.281 0.0000000000
39549  -32.810  -48.276  47.537 0.0000000000
39551  -34.321  -48.045  47.681 0.0000000000
39563  -32.649  -48.408  46.412 0.0000000000
39571  -31.296  -48.424  45.542 0.0000000000
39586  -40.123  -48.533  44.636 0.0000000000
39593  -31.867  -48.704  43.563 0.0000000000
39596  -35.379  -48.894  43.724 0.0000000000
39602  -32.509  -48.869  42.783 0.0000000000
39619  -44.258  -49.046  40.125 0.0000000000
40267  -34.619  -46.336  56.788 0.0000000000
40268  -34.931  -46.539  56.492 0.0000000000
40285  -36.241  -46.779  55.753 0.0000000000
40305  -37.707  -46.286  55.448 0.0000000000
40327  -44.063  -47.182  54.067 0.0000000000
40343  -35.825  -47.614  53.917 0.0000000000
40349  -44.372  -47.549  53.298 0.0000000000
40351  -45.527  -46.572  52.142 0.0000000000
40367  -41.005  -46.975  51.535 0.0000000000
40368  -45.705  -46.611  52.146 0.0000000000
40369  -46.081  -46.341  51.902 0.0000000000
40389  -45.702  -46.749  51.982 0.0000000000
40390  -45.779  -46.422  51.569 0.0000000000
40402  -33.706  -47.607  50.342 0.0000000000
40409  -45.448  -46.655  51.140 0.0000000000
40425  -44.155  -47.140  49.889 0.0000000000
40427  -45.143  -47.018  50.929 0.0000000000
40433  -35.595  -47.725  48.566 0.0000000000
40436  -41.781  -47.727  48.284 0.0000000000
40446  -40.527  -47.232  47.183 0.0000000000
40464  -39.419  -47.213  44.811 0.0000000000
41217  -39.390  -45.924  55.523 0.0000000000
41248  -44.958  -46.044  52.709 0.0000000000
41260  -46.134  -46.313  51.992 0.0000000000
41265  -38.295  -46.464  51.516 0.0000000000
41268  -46.219  -45.966  51.673 0.0000000000
41275  -45.714  -46.100  50.965 0.0000000000
41276  -45.915  -45.821  51.112 0.0000000000
41283  -43.762  -46.056  49.252 0.0000000000
41285  -45.392  -46.091  50.529 0.0000000000
41292  -42.414  -46.417  48.622 0.0000000000
41313  -39.573  -46.523  45.419 0.0000000000
41331  -38.728  -46.217  41.688 0.0000000000
41332  -38.807  -46.789  42.259 0.0000000000
41335  -38.694  -46.378  41.058 0.0000000000
41339  -38.754  -46.085  40.462 0.0000000000
42021  -38.155  -45.481  56.183 0.0000000000
42079  -45.297  -44.891  52.862 0.0000000000
42080  -45.930  -45.100  52.258 0.0000000000
42098  -46.195  -45.721  52.097 0.0000000000
42099  -46.328  -45.832  51.976 0.0000000000
42111  -40.006  -45.675  51.547 0.0000000000
42137  -46.085  -44.872  50.475 0.0000000000
42159  -42.443  -45.037  47.408 0.0000000000
42191  -41.088  -45.082  46.090 0.0000000000
42989  -46.306  -44.736  51.409 0.0000000000
43007  -46.381  -44.814  51.052 0.0000000000
43027  -46.368  -44.518  50.681 0.0000000000
43049  -44.330  -44.593  48.519 0.0000000000
43076  -49.339  -44.136  46.189 0.0000000000
43096  -44.964  -44.429  46.290 0.0000000000
43102  -50.028  -43.790  46.018 0.0000000000
43113  -41.439  -44.714  45.418 0.0000000000
43117  -46.219  -44.598  45.598 0.0000000000
43120  -48.658  -44.199  45.582 0.0000000000
43122  -49.935  -43.916  45.880 0.0000000000
43123  -50.168  -43.657  45.971 0.0000000000
43140  -47.389  -44.487  45.238 0.0000000000
43142  -49.872  -43.877  45.455 0.0000000000
43959  -46.194  -43.853  51.708 0.0000000000
43973  -46.582  -43.402  51.224 0.0000000000
43987  -46.559  -43.710  50.802 0.0000000000
44012  -49.920  -43.196  46.848 0.0000000000
44039  -50.194  -43.710  45.915 0.0000000000
44041  -51.054  -42.556  45.795 0.0000000000
44053  -46.169  -44.258  44.472 0.0000000000
44056  -49.378  -43.726  44.929 0.0000000000
44076  -48.099  -43.245  43.945 0.0000000000
44088  -41.438  -43.400  42.412 0.0000000000
44909  -49.567  -43.070  46.941 0.0000000000
44948  -49.910  -42.081  43.752 0.0000000000
44949  -50.634  -42.348  44.228 0.0000000000
44962  -43.438  -42.446  42.547 0.0000000000
44963  -44.186  -42.199  42.624 0.0000000000
44965  -46.093  -41.926  42.968 0.0000000000
45827  -51.905  -41.773  44.469 0.0000000000
45861  -47.861  -41.387  42.660 0.0000000000
45878  -43.683  -41.420  41.474 0.0000000000
46879  -44.601  -40.215  40.329 0.0000000000
46887  -42.299  -41.032  39.383 0.0000000000
46924  -40.776  -41.003  36.375 0.0000000000
47897  -46.963  -39.723  41.217 0.0000000000
47916  -45.604  -39.179  39.719 0.0000000000
47931  -42.850  -39.477  37.296 0.0000000000
47940  -43.102  -39.114  36.702 0.0000000000
48891  -43.259  -38.746  36.116 0.0000000000
49726  -44.964  -37.230  36.709 0.0000000000
51415  -48.015  -35.196  37.827 0.0000000000
53303  -51.656  -33.416  38.978 0.0000000000
55817  -52.762  -30.507  38.682 0.0000000000
58386  -51.485  -27.300  34.417 0.0000000000
58393  -50.744  -27.601  33.437 0.0000000000
59193  -52.648  -26.524  35.256 0.0000000000
101885  -49.470  -33.157  36.967 0.0000000000
102585  -45.072  -45.562  50.038 0.0000000000
102639  -46.440  -44.427  46.180 0.0000000000
102666  -32.789  -48.463  45.260 0.0000000000
102874  -33.880  -48.664  43.862 0.0000000000
104386  -25.882  -54.043  56.200 0.0000000000
104556  -33.233  -48.148  48.079 0.0000000000
104807  -42.106  -48.473  52.446 0.0000000000
105277  -25.882  -50.684  58.638 0.0000000000
106020  -27.036  -54.485  56.124 0.0000000000
106021  -35.184  -49.833  42.441 0.0000000000
106023  -37.133  -47.236  53.309 0.0000000000
107064  -41.921  -55.164  48.891 0.0000000000
107282  -45.450  -46.926  52.208 0.0000000000
107482  -42.886  -52.054  51.219 0.0000000000
107928  -43.039  -55.794  51.461 0.0000000000
108213  -46.666  -51.389  40.021 0.0000000000
108929  -36.233  -47.523  53.344 0.0000000000
109089  -37.807  -49.415  47.017 0.0000000000
110273  -49.960  -39.096  41.513 0.0000000000
111015  -51.125  -27.364  33.004 0.0000000000
111620  -43.501  -49.004  50.782 0.0000000000
112085  -44.065  -48.553  52.179 0.0000000000
113793  -41.325  -49.265  47.950 0.0000000000
113956  -45.046  -56.596  49.655 0.0000000000
114178  -38.274  -49.659  47.575 0.0000000000
114876  -46.338  -45.041  50.913 0.0000000000
115109  -42.901  -55.316  49.730 0.0000000000
116353  -33.809  -55.586  54.340 0.0000000000
116593  -47.176  -51.167  39.958 0.0000000000
116773  -26.789  -54.555  53.091 0.0000000000
117051  -41.823  -45.291  47.237 0.0000000000
117798  -52.455  -34.789  41.605 0.0000000000
118094  -41.468  -51.907  51.875 0.0000000000
118824  -26.776  -54.543  55.894 0.0000000000
119091  -30.216  -53.115  54.850 0.0000000000
119479  -41.991  -53.276  51.437 0.0000000000
119806  -42.273  -48.856  48.883 0.0000000000
120148  -24.524  -51.305  58.322 0.0000000000
120215  -39.395  -47.223  40.323 0.0000000000
120849  -28.880  -53.793  56.000 0.0000000000
121302  -39.641  -50.068  50.002 0.0000000000
121656  -25.361  -53.620  56.360 0.0000000000
121816  -36.224  -48.665  45.907 0.0000000000
121887  -43.364  -38.364  35.620 0.0000000000
122391  -41.756  -48.568  52.380 0.0000000000
122866  -51.627  -34.451  39.870 0.0000000000
123250  -45.403  -46.718  51.338 0.0000000000
123363  -41.399  -49.793  47.541 0.0000000000
123438  -26.883  -54.585  55.689 0.0000000000
