#!ascii label  , from subject sub-002 vox2ras=TkReg
1520
4713  -20.039  -76.260  -19.837 0.5000000000
3172  -21.144  -78.403  -21.250 0.5000000000
127901  -21.743  -77.822  -21.639 0.5000000000
116067  -22.063  -77.654  -22.406 0.5000000000
5283  -22.417  -74.440  -19.650 0.5000000000
4723  -20.996  -75.291  -19.867 0.5000000000
5282  -21.827  -75.003  -18.822 0.5000000000
4715  -21.186  -75.527  -19.012 0.5000000000
4703  -21.580  -75.562  -18.258 0.6000000238
4138  -20.272  -76.759  -19.374 0.5000000000
3199  -22.261  -77.918  -23.971 0.5000000000
3156  -20.244  -78.429  -20.412 0.5000000000
3200  -23.326  -77.843  -23.496 0.5000000000
3639  -21.560  -77.741  -19.822 0.6000000238
115300  -22.719  -77.441  -22.303 0.6000000238
3630  -22.120  -77.324  -19.199 0.6000000238
3653  -22.364  -77.493  -21.625 0.6000000238
3671  -23.503  -77.434  -22.573 0.6999999881
128485  -23.227  -77.205  -20.270 0.6999999881
3654  -23.191  -77.272  -21.722 0.6999999881
3631  -24.032  -76.905  -20.012 0.6999999881
4151  -24.709  -76.857  -21.084 0.6999999881
3655  -24.063  -77.162  -21.826 0.6999999881
5284  -22.942  -74.053  -19.103 0.5000000000
5278  -22.801  -74.323  -18.243 0.6000000238
5908  -23.417  -73.871  -18.404 0.6000000238
5271  -23.301  -74.123  -17.514 0.6000000238
3617  -20.892  -76.831  -18.849 0.5000000000
3687  -24.622  -77.991  -23.822 0.5000000000
4185  -25.424  -76.455  -24.270 0.6999999881
3680  -24.404  -77.447  -23.019 0.6999999881
3681  -25.193  -77.166  -23.533 0.6999999881
3629  -21.222  -77.419  -19.172 0.6000000238
3618  -21.675  -76.850  -18.458 0.6999999881
3672  -25.037  -76.954  -22.790 0.6999999881
124857  -23.042  -77.166  -19.435 0.6999999881
4140  -24.670  -76.643  -19.172 0.6999999881
4172  -26.015  -76.029  -22.270 0.6999999881
114696  -25.174  -76.738  -20.088 0.6999999881
118925  -26.591  -75.669  -21.835 0.6999999881
125916  -25.958  -76.388  -20.049 0.6999999881
4724  -26.997  -75.758  -20.203 0.6999999881
4732  -26.954  -75.633  -21.052 0.6999999881
4725  -27.394  -75.236  -20.409 0.6999999881
5915  -23.709  -73.637  -19.204 0.5000000000
5909  -24.113  -73.441  -18.352 0.6000000238
128858  -24.576  -73.143  -16.856 0.6000000238
5902  -23.967  -73.506  -17.148 0.6000000238
6537  -24.714  -73.016  -16.083 0.6000000238
5270  -22.527  -74.813  -17.413 0.6000000238
5895  -24.149  -73.570  -16.300 0.6000000238
4694  -22.082  -75.441  -17.578 0.6000000238
4108  -21.718  -76.132  -18.023 0.6999999881
4178  -25.489  -76.291  -23.433 0.6999999881
4755  -25.371  -75.491  -25.148 0.6999999881
5368  -25.375  -74.420  -25.043 0.6999999881
124418  -22.876  -76.318  -17.259 0.6999999881
4747  -25.424  -75.173  -24.198 0.6999999881
5979  -26.091  -72.985  -24.556 0.6999999881
4125  -23.197  -76.693  -17.824 0.6999999881
4110  -23.739  -76.218  -17.213 0.6999999881
4739  -25.791  -75.678  -23.184 0.6999999881
5346  -25.414  -74.005  -24.316 0.6999999881
5968  -25.738  -73.260  -24.292 0.6999999881
4126  -24.214  -76.536  -18.154 0.6999999881
4111  -24.789  -76.233  -17.547 0.6999999881
4740  -26.301  -75.245  -22.560 0.6999999881
5347  -25.825  -73.548  -23.641 0.6999999881
4141  -25.661  -76.408  -19.322 0.6999999881
5306  -26.858  -74.916  -21.792 0.6999999881
5322  -26.360  -74.257  -22.723 0.6999999881
4142  -26.566  -76.071  -19.546 0.6999999881
4733  -27.344  -75.013  -21.099 0.6999999881
5323  -26.740  -73.733  -21.957 0.6999999881
4716  -27.279  -75.461  -19.499 0.6999999881
5307  -27.258  -74.382  -21.370 0.6999999881
5296  -28.121  -74.065  -19.975 0.6999999881
5916  -24.561  -73.062  -19.504 0.5000000000
6548  -24.835  -73.063  -17.807 0.6000000238
6549  -25.344  -72.637  -17.128 0.6000000238
7173  -26.001  -71.969  -17.882 0.5000000000
7151  -26.016  -71.836  -15.772 0.6000000238
6562  -25.560  -72.140  -19.489 0.5000000000
6554  -24.974  -72.809  -18.882 0.5000000000
6538  -25.383  -72.444  -15.921 0.6000000238
7153  -26.903  -70.955  -15.410 0.6000000238
6525  -25.840  -72.498  -15.050 0.6000000238
130615  -23.055  -74.733  -16.836 0.6000000238
4681  -22.659  -75.340  -17.024 0.6999999881
5882  -24.017  -74.174  -15.936 0.6999999881
4100  -23.844  -75.722  -16.644 0.6999999881
4670  -24.155  -74.737  -15.944 0.6999999881
6636  -26.634  -73.048  -24.967 0.6999999881
4101  -24.565  -75.870  -16.827 0.6999999881
4683  -24.389  -75.359  -16.235 0.6999999881
6633  -26.450  -72.259  -24.057 0.6999999881
6635  -27.447  -72.781  -24.628 0.6999999881
113649  -25.311  -75.487  -16.413 0.6999999881
126129  -26.241  -72.023  -22.940 0.6999999881
6624  -26.877  -71.587  -23.633 0.6999999881
5981  -28.043  -73.233  -25.292 0.6999999881
4696  -27.022  -75.143  -17.979 0.6000000238
5958  -26.639  -72.382  -22.193 0.6999999881
6625  -27.444  -71.970  -24.054 0.6999999881
5970  -28.084  -72.854  -24.376 0.6999999881
5982  -28.796  -73.413  -24.811 0.6999999881
4704  -26.863  -75.702  -18.728 0.6999999881
7226  -27.372  -70.989  -22.116 0.6000000238
7263  -27.677  -70.953  -23.388 0.6999999881
122340  -28.109  -74.259  -19.151 0.6000000238
5295  -27.682  -74.446  -20.682 0.6999999881
129080  -27.947  -73.689  -20.590 0.6999999881
5941  -27.386  -73.437  -21.321 0.6999999881
6587  -27.319  -72.117  -21.640 0.6000000238
7246  -27.806  -70.544  -22.695 0.6000000238
119476  -28.486  -73.583  -19.404 0.6000000238
5925  -28.335  -73.284  -20.144 0.6000000238
5942  -27.992  -72.884  -20.900 0.6000000238
128957  -28.724  -71.484  -20.910 0.5000000000
7227  -28.132  -70.713  -21.803 0.5000000000
7959  -28.537  -70.225  -22.447 0.5000000000
5926  -28.782  -72.858  -19.637 0.6000000238
7213  -29.254  -72.067  -19.994 0.5000000000
134620  -29.281  -71.191  -20.624 0.5000000000
135206  -26.404  -71.566  -17.444 0.6000000238
7857  -27.346  -70.471  -14.800 0.5000000000
8544  -27.878  -69.789  -15.372 0.6999999881
7182  -26.044  -71.716  -19.049 0.5000000000
123263  -26.511  -71.253  -18.486 0.6000000238
7174  -26.887  -70.999  -17.485 0.6000000238
7195  -25.795  -71.110  -20.082 0.6000000238
7908  -26.664  -70.545  -19.328 0.6000000238
7844  -26.872  -71.118  -14.531 0.5000000000
5870  -25.869  -73.288  -14.721 0.6000000238
5241  -25.157  -74.180  -15.080 0.6999999881
134380  -25.347  -73.787  -14.930 0.6000000238
5252  -26.245  -74.422  -15.253 0.6999999881
4686  -26.819  -74.881  -17.013 0.6000000238
5263  -26.593  -74.774  -16.071 0.6000000238
121386  -27.726  -74.562  -18.434 0.6000000238
118409  -28.472  -70.825  -23.522 0.6000000238
124660  -28.913  -71.424  -23.687 0.6000000238
6610  -29.374  -72.952  -23.232 0.6999999881
5971  -29.063  -73.486  -23.776 0.6999999881
5348  -29.656  -74.094  -23.546 0.6999999881
132709  -28.184  -74.108  -18.543 0.6000000238
7966  -28.465  -70.379  -23.145 0.6000000238
5370  -30.328  -73.998  -24.258 0.6999999881
6563  -29.433  -72.659  -19.097 0.6000000238
7228  -28.901  -70.625  -21.503 0.4000000060
7960  -29.133  -69.973  -22.974 0.4000000060
7264  -29.196  -70.474  -23.398 0.5000000000
7247  -29.648  -71.509  -23.440 0.6000000238
5349  -30.196  -74.270  -23.039 0.6000000238
7196  -29.869  -72.112  -19.390 0.5000000000
7214  -29.907  -71.297  -19.916 0.5000000000
7940  -29.680  -70.474  -21.152 0.5000000000
7265  -30.198  -70.463  -23.430 0.4000000060
7248  -30.552  -71.452  -23.133 0.6000000238
7873  -28.217  -69.751  -16.363 0.6000000238
7872  -27.540  -70.376  -16.102 0.6000000238
8545  -28.213  -69.246  -14.797 0.6000000238
7889  -26.953  -70.683  -18.523 0.6000000238
7890  -27.398  -70.413  -18.043 0.5000000000
8572  -28.504  -69.787  -18.070 0.6000000238
8586  -28.366  -69.381  -18.780 0.6000000238
8531  -27.755  -69.885  -14.393 0.6000000238
7924  -26.224  -70.380  -19.890 0.6999999881
8599  -27.520  -69.435  -19.256 0.6000000238
8587  -28.944  -68.730  -18.863 0.6000000238
7845  -27.292  -70.956  -13.887 0.5000000000
8518  -27.860  -70.274  -13.612 0.6000000238
8597  -26.218  -69.419  -19.491 0.6000000238
8600  -28.001  -68.608  -19.409 0.6999999881
7136  -26.772  -71.685  -14.004 0.5000000000
8598  -27.169  -68.948  -19.405 0.6999999881
7122  -26.949  -72.213  -13.831 0.6000000238
9309  -26.306  -68.027  -18.793 0.6000000238
5242  -25.851  -73.937  -14.784 0.6000000238
5871  -26.526  -73.287  -14.421 0.6000000238
5872  -27.273  -73.312  -14.352 0.6000000238
5884  -27.677  -73.727  -15.162 0.6000000238
5264  -27.316  -74.425  -16.548 0.6000000238
5265  -28.631  -73.610  -16.875 0.6000000238
6558  -30.828  -71.984  -17.917 0.6000000238
5911  -29.099  -73.003  -18.444 0.6000000238
7185  -31.380  -71.535  -18.090 0.6000000238
6564  -30.133  -72.294  -18.823 0.6000000238
6611  -30.234  -72.816  -22.643 0.6000000238
6589  -30.880  -73.609  -21.899 0.6000000238
5308  -30.864  -74.124  -21.964 0.6000000238
7926  -30.710  -71.195  -19.392 0.5000000000
7941  -30.483  -70.424  -20.317 0.5000000000
5327  -32.429  -74.633  -21.774 0.6000000238
7266  -31.168  -70.544  -23.422 0.4000000060
6612  -31.072  -72.611  -22.227 0.6000000238
6590  -31.696  -73.356  -21.499 0.6000000238
129641  -28.764  -69.365  -16.517 0.6000000238
9283  -29.791  -68.352  -16.676 0.5000000000
9271  -29.386  -68.113  -15.593 0.6000000238
9974  -29.806  -67.350  -15.131 0.5000000000
120216  -28.742  -69.701  -17.297 0.6000000238
114407  -28.461  -69.250  -15.720 0.5000000000
9256  -29.095  -67.902  -14.497 0.5000000000
123643  -28.878  -68.274  -13.763 0.5000000000
8573  -29.242  -69.389  -18.080 0.5000000000
8559  -29.353  -69.213  -17.111 0.6000000238
9310  -29.834  -68.620  -18.311 0.5000000000
8532  -28.166  -69.416  -13.885 0.6000000238
9319  -27.243  -67.899  -19.414 0.6999999881
9321  -28.676  -68.103  -19.334 0.6000000238
9320  -28.022  -67.730  -19.682 0.6000000238
133449  -27.874  -71.632  -13.461 0.5000000000
5860  -27.686  -72.759  -13.941 0.5000000000
5873  -28.171  -73.218  -14.601 0.5000000000
5885  -28.678  -73.458  -15.682 0.6000000238
131472  -30.352  -72.343  -16.682 0.6000000238
6539  -29.866  -72.689  -16.739 0.5000000000
6541  -31.143  -71.767  -17.351 0.6000000238
6550  -29.875  -72.671  -17.616 0.6000000238
7199  -31.945  -70.422  -19.070 0.5000000000
131111  -32.198  -71.628  -22.691 0.5000000000
6613  -31.910  -72.372  -21.940 0.5000000000
6574  -33.056  -73.504  -20.707 0.6000000238
5297  -32.987  -74.151  -20.791 0.6000000238
9982  -30.006  -67.657  -16.021 0.6000000238
9284  -30.344  -68.127  -17.396 0.6000000238
122962  -29.274  -67.680  -13.553 0.5000000000
9297  -30.572  -68.212  -18.009 0.6000000238
9999  -30.335  -67.748  -18.653 0.6999999881
9246  -29.179  -68.397  -13.166 0.6000000238
9322  -29.444  -67.972  -18.991 0.6000000238
8505  -29.126  -69.200  -12.971 0.6000000238
113565  -27.201  -67.244  -19.647 0.6000000238
10014  -29.161  -67.580  -19.771 0.6000000238
7831  -27.844  -71.107  -13.472 0.5000000000
6513  -28.435  -72.606  -14.068 0.5000000000
9998  -25.623  -67.442  -18.699 0.5000000000
10012  -26.423  -67.311  -19.244 0.6000000238
5886  -29.462  -72.836  -15.814 0.5000000000
6527  -31.043  -71.773  -15.824 0.6000000238
113480  -30.245  -72.285  -15.966 0.5000000000
116467  -32.908  -70.795  -17.077 0.5000000000
7175  -32.029  -71.265  -17.421 0.5000000000
7229  -33.586  -71.899  -21.997 0.6000000238
6592  -33.313  -72.589  -21.108 0.6000000238
10739  -31.350  -66.924  -16.986 0.6000000238
9975  -30.747  -66.949  -15.937 0.5000000000
9959  -30.430  -66.659  -14.766 0.5000000000
10710  -30.315  -66.538  -13.703 0.5000000000
10000  -30.988  -67.257  -18.269 0.6999999881
9988  -30.944  -67.517  -17.562 0.6000000238
9950  -29.780  -67.029  -13.235 0.5000000000
9934  -29.607  -67.777  -12.807 0.5000000000
123077  -30.101  -68.903  -12.481 0.6000000238
10025  -30.139  -67.066  -20.284 0.6999999881
8506  -29.691  -69.419  -12.667 0.6000000238
10024  -29.313  -67.179  -20.436 0.6000000238
7819  -29.897  -70.164  -12.789 0.6000000238
134427  -26.732  -66.779  -20.324 0.6999999881
10777  -26.767  -66.895  -19.846 0.6999999881
6507  -28.606  -72.067  -13.689 0.5000000000
7833  -29.295  -70.911  -13.069 0.5000000000
10011  -25.920  -67.035  -19.336 0.6000000238
7137  -29.672  -71.937  -14.248 0.5000000000
10776  -26.245  -66.832  -20.151 0.5000000000
7138  -30.355  -71.685  -14.890 0.6000000238
6526  -29.647  -72.325  -15.017 0.5000000000
10023  -25.313  -67.174  -19.843 0.6000000238
7165  -31.569  -71.648  -16.609 0.6000000238
7875  -33.523  -70.505  -16.763 0.5000000000
10740  -31.649  -66.199  -16.390 0.6999999881
10725  -31.267  -66.160  -15.380 0.5000000000
10765  -32.005  -66.041  -18.174 0.8000000119
10754  -31.931  -66.173  -17.329 0.6999999881
123221  -31.038  -66.131  -14.387 0.5000000000
10697  -31.373  -65.984  -13.316 0.5000000000
10778  -31.156  -66.307  -19.402 0.6999999881
10764  -31.494  -66.471  -18.648 0.6999999881
10753  -31.584  -66.760  -17.835 0.8000000119
10016  -30.909  -66.958  -19.121 0.6999999881
10679  -31.584  -66.385  -12.279 0.5000000000
10787  -30.330  -66.512  -20.440 0.6999999881
10026  -30.735  -66.755  -19.900 0.6999999881
9234  -30.245  -68.118  -12.414 0.6000000238
9935  -30.215  -67.219  -12.627 0.5000000000
10798  -29.241  -66.938  -21.975 0.6000000238
125130  -29.798  -66.761  -21.094 0.6000000238
10797  -27.993  -67.056  -21.548 0.6999999881
10786  -28.712  -67.060  -20.928 0.6999999881
7126  -29.951  -71.435  -13.759 0.6000000238
7834  -30.302  -70.800  -13.256 0.6000000238
10035  -26.795  -66.813  -21.053 0.6000000238
7846  -30.766  -71.138  -14.098 0.6000000238
7154  -31.798  -71.307  -15.762 0.6000000238
114183  -24.920  -67.584  -20.913 0.6000000238
7166  -32.364  -71.166  -16.472 0.6000000238
12204  -31.815  -64.750  -17.541 0.6000000238
11474  -32.067  -65.251  -16.820 0.5000000000
10726  -31.897  -65.380  -15.831 0.5000000000
11494  -31.573  -65.831  -18.872 0.8000000119
11431  -32.095  -65.743  -12.386 0.5000000000
12228  -30.930  -65.797  -19.575 0.6999999881
9235  -31.017  -68.225  -12.266 0.6000000238
10053  -23.074  -68.298  -24.682 0.6000000238
11518  -29.900  -66.326  -21.167 0.8000000119
10054  -24.128  -68.244  -24.807 0.6000000238
10812  -29.402  -66.859  -22.877 0.6999999881
10799  -29.627  -66.502  -22.165 0.8000000119
8508  -30.744  -68.865  -12.414 0.6000000238
9345  -23.836  -69.087  -23.728 0.6000000238
10810  -27.311  -67.179  -22.296 0.6000000238
7835  -31.036  -70.657  -13.548 0.6000000238
133410  -32.040  -70.401  -14.073 0.6000000238
10042  -25.770  -68.352  -23.075 0.6000000238
10033  -24.951  -68.334  -22.120 0.6000000238
115264  -26.497  -67.332  -22.090 0.6000000238
7858  -31.904  -70.970  -15.036 0.6000000238
7849  -33.011  -70.251  -14.867 0.6000000238
10034  -25.792  -67.321  -21.237 0.5000000000
114700  -33.731  -70.476  -16.215 0.5000000000
118093  -35.005  -70.344  -16.104 0.5000000000
7862  -35.332  -70.046  -15.712 0.5000000000
12922  -31.455  -63.704  -16.075 0.5000000000
123249  -32.103  -64.455  -16.096 0.5000000000
134581  -31.102  -64.058  -17.327 0.6000000238
12192  -30.614  -63.722  -16.646 0.5000000000
12214  -31.131  -65.277  -18.901 0.8000000119
12203  -30.830  -64.559  -18.140 0.6999999881
12227  -30.246  -65.559  -20.133 0.8000000119
11504  -30.421  -66.021  -20.380 0.8000000119
9936  -30.925  -67.523  -12.244 0.6000000238
10663  -32.259  -66.439  -11.866 0.5000000000
10808  -23.266  -67.042  -23.580 0.6000000238
12244  -29.707  -65.730  -21.125 0.8000000119
9937  -32.375  -67.210  -11.855 0.5000000000
10823  -24.530  -67.361  -24.696 0.6999999881
10822  -23.585  -67.697  -24.531 0.6000000238
10813  -29.471  -66.547  -23.184 0.8000000119
123764  -31.233  -69.564  -12.724 0.6000000238
9247  -31.563  -68.804  -12.488 0.6000000238
9236  -31.785  -67.914  -12.112 0.6000000238
128085  -25.271  -67.859  -24.923 0.6000000238
8533  -32.486  -69.938  -14.019 0.6000000238
8521  -31.640  -70.186  -13.462 0.6000000238
9249  -33.316  -68.527  -13.011 0.6000000238
9353  -25.265  -68.684  -24.207 0.6000000238
117552  -27.625  -67.447  -23.519 0.6000000238
131102  -28.963  -66.821  -23.779 0.5000000000
8534  -33.317  -69.546  -14.379 0.6000000238
10043  -26.772  -67.825  -23.392 0.6000000238
7860  -33.427  -70.427  -15.617 0.6000000238
8546  -33.758  -69.860  -15.144 0.6000000238
8547  -34.600  -69.571  -15.321 0.5000000000
8549  -36.446  -69.341  -15.814 0.5000000000
134235  -36.073  -69.975  -15.735 0.5000000000
114375  -29.907  -63.989  -17.295 0.6000000238
12213  -29.988  -64.829  -18.812 0.6999999881
11529  -23.433  -65.997  -21.555 0.6000000238
11543  -23.815  -66.380  -22.563 0.6000000238
12226  -29.167  -64.982  -20.445 0.8000000119
10664  -33.182  -66.341  -11.702 0.5000000000
131599  -24.579  -65.970  -22.904 0.6000000238
10680  -33.918  -66.754  -11.785 0.5000000000
113178  -24.735  -66.477  -24.140 0.6999999881
12276  -29.243  -65.279  -23.092 0.8000000119
9951  -33.794  -67.924  -12.560 0.6000000238
9939  -34.285  -67.320  -12.223 0.6000000238
10824  -25.427  -66.641  -24.764 0.8000000119
131406  -29.170  -66.428  -23.872 0.6999999881
8522  -32.916  -69.194  -13.501 0.6000000238
9952  -34.622  -67.742  -12.969 0.6000000238
10829  -26.322  -67.270  -25.066 0.6999999881
10062  -27.277  -67.475  -25.069 0.6999999881
10045  -28.507  -66.989  -24.588 0.6000000238
8523  -33.655  -68.816  -13.953 0.6000000238
9953  -35.297  -67.386  -13.391 0.6000000238
10055  -26.122  -68.298  -24.356 0.6000000238
9960  -34.793  -67.897  -13.894 0.5000000000
9273  -35.416  -68.560  -15.078 0.5000000000
12202  -29.156  -64.481  -17.923 0.6000000238
12932  -29.071  -64.022  -16.361 0.5000000000
114948  -22.625  -65.067  -20.316 0.6000000238
133923  -28.247  -64.324  -17.716 0.6999999881
11515  -23.022  -65.635  -20.780 0.6000000238
114318  -29.464  -65.023  -19.556 0.6999999881
12950  -27.955  -63.976  -18.964 0.6000000238
11517  -24.246  -65.567  -21.669 0.6000000238
11516  -23.789  -65.461  -20.678 0.6000000238
123543  -28.467  -64.489  -19.632 0.6000000238
130440  -28.472  -64.340  -20.436 0.6999999881
11553  -25.187  -65.730  -23.805 0.8000000119
12243  -28.844  -64.640  -21.405 0.6999999881
12965  -28.401  -63.677  -20.965 0.6000000238
12294  -28.909  -65.101  -23.826 0.8000000119
12275  -28.822  -64.418  -23.295 0.6999999881
11560  -26.386  -66.161  -24.765 0.6999999881
10830  -27.274  -66.682  -25.051 0.6999999881
10832  -28.598  -66.111  -24.668 0.6000000238
12223  -22.845  -64.625  -19.546 0.6000000238
122577  -23.945  -65.031  -20.059 0.6000000238
12258  -24.709  -65.027  -21.751 0.6999999881
13708  -28.476  -62.728  -20.441 0.6000000238
133589  -24.633  -65.409  -22.180 0.6999999881
12274  -25.011  -65.062  -22.731 0.6999999881
12974  -28.631  -63.622  -22.026 0.6999999881
128516  -28.784  -62.763  -22.475 0.6000000238
12290  -25.589  -64.789  -23.500 0.8000000119
12291  -26.289  -64.631  -23.912 0.6000000238
12292  -27.194  -64.540  -24.267 0.5000000000
12995  -28.490  -63.850  -23.484 0.6999999881
13724  -28.584  -62.593  -22.986 0.6999999881
115377  -28.875  -61.879  -22.421 0.6000000238
11554  -25.892  -65.544  -24.233 0.8000000119
131077  -27.926  -64.210  -24.142 0.6000000238
12293  -28.438  -64.537  -24.068 0.6000000238
12946  -21.722  -63.407  -19.380 0.6000000238
12211  -23.149  -64.172  -18.873 0.6000000238
12225  -24.076  -64.445  -19.795 0.6999999881
12224  -23.569  -64.629  -19.510 0.6000000238
12242  -24.309  -64.946  -20.720 0.6999999881
12973  -24.551  -64.046  -21.467 0.6999999881
12982  -24.916  -63.950  -22.259 0.6999999881
120870  -24.855  -62.889  -22.462 0.6000000238
118058  -28.814  -62.644  -21.588 0.6000000238
12991  -25.298  -63.965  -22.856 0.6000000238
134553  -26.612  -63.867  -23.777 0.6000000238
14501  -28.757  -61.640  -21.111 0.5000000000
14517  -28.527  -61.094  -22.749 0.6000000238
125848  -28.810  -61.100  -22.058 0.5000000000
127763  -28.302  -59.839  -21.144 0.5000000000
128953  -28.180  -61.253  -23.176 0.6000000238
133759  -28.548  -60.613  -22.197 0.5000000000
14453  -22.081  -62.418  -17.674 0.6000000238
12947  -22.729  -63.662  -18.296 0.6000000238
12953  -23.895  -64.078  -18.990 0.6999999881
12948  -23.527  -63.727  -18.278 0.6999999881
12954  -24.256  -63.638  -19.379 0.6999999881
12964  -24.333  -63.959  -20.383 0.6999999881
13716  -24.186  -62.973  -21.387 0.6000000238
117405  -24.447  -62.804  -22.187 0.5000000000
13722  -24.296  -62.162  -22.579 0.6999999881
14515  -24.094  -61.415  -22.573 0.6000000238
13730  -25.084  -62.441  -22.918 0.6000000238
13731  -25.883  -61.904  -23.337 0.6000000238
14523  -25.706  -61.038  -23.184 0.6000000238
118391  -27.853  -61.647  -23.453 0.6000000238
14525  -27.619  -60.998  -23.230 0.5000000000
118471  -27.686  -60.046  -22.710 0.5000000000
16183  -27.707  -59.487  -22.266 0.5000000000
16066  -21.767  -59.415  -17.211 0.6999999881
115011  -22.274  -59.444  -16.418 0.6999999881
16943  -22.209  -58.491  -16.161 0.6999999881
14454  -22.546  -61.784  -16.989 0.6000000238
15251  -22.548  -60.392  -16.396 0.6999999881
127760  -22.742  -59.164  -15.653 0.6999999881
113704  -22.800  -58.398  -15.182 0.6999999881
16916  -23.643  -58.606  -14.667 0.6000000238
12938  -23.154  -63.294  -17.719 0.6999999881
14440  -23.313  -61.511  -16.346 0.6999999881
14430  -23.837  -61.222  -15.980 0.6999999881
16041  -23.433  -59.202  -15.264 0.6999999881
12939  -23.955  -63.234  -17.783 0.6999999881
13663  -23.456  -62.150  -16.811 0.6999999881
15243  -24.189  -60.337  -15.790 0.6999999881
13707  -24.270  -62.819  -20.123 0.6999999881
125385  -23.876  -62.126  -21.317 0.6000000238
112408  -23.888  -62.098  -22.173 0.6000000238
15313  -24.181  -60.583  -22.447 0.6000000238
16179  -24.557  -59.848  -22.317 0.6000000238
13723  -24.804  -61.590  -22.924 0.6000000238
14516  -24.789  -60.752  -22.840 0.6000000238
128138  -24.801  -60.075  -22.772 0.6000000238
15314  -25.759  -60.122  -22.994 0.5000000000
16181  -26.472  -59.291  -22.847 0.6000000238
17846  -26.511  -57.950  -22.197 0.6000000238
15323  -26.741  -60.636  -23.198 0.5000000000
15315  -26.984  -59.934  -22.963 0.5000000000
17019  -26.953  -58.628  -22.505 0.5000000000
17783  -21.602  -57.721  -16.743 0.6999999881
16915  -23.208  -57.991  -14.396 0.6000000238
17745  -23.716  -57.824  -13.723 0.6000000238
17759  -24.900  -58.036  -14.230 0.4000000060
16054  -24.464  -59.591  -15.644 0.6000000238
16042  -24.152  -59.052  -15.086 0.5000000000
16917  -24.291  -58.441  -14.432 0.5000000000
121657  -25.222  -57.757  -14.922 0.4000000060
18570  -25.359  -56.437  -14.280 0.5000000000
12949  -24.196  -63.406  -18.528 0.6999999881
14455  -24.292  -62.138  -17.487 0.8000000119
14431  -24.234  -61.066  -16.059 0.6999999881
127389  -24.876  -58.877  -15.737 0.5000000000
17771  -25.172  -58.096  -15.744 0.4000000060
128077  -25.282  -57.196  -15.774 0.4000000060
17772  -25.390  -56.895  -14.982 0.4000000060
18584  -25.261  -56.319  -15.795 0.4000000060
14470  -24.393  -62.061  -18.343 0.8000000119
123632  -24.558  -61.261  -17.633 0.8000000119
16082  -24.727  -60.371  -17.317 0.8000000119
127372  -24.750  -59.667  -17.070 0.6000000238
118366  -24.933  -58.432  -16.570 0.5000000000
18599  -25.001  -57.381  -16.761 0.4000000060
132644  -25.073  -56.617  -16.457 0.4000000060
13695  -24.460  -62.871  -18.887 0.6999999881
14500  -23.862  -61.631  -20.580 0.8000000119
14487  -23.906  -60.941  -19.926 0.6999999881
15298  -24.027  -60.006  -20.586 0.5000000000
17784  -24.738  -57.897  -17.611 0.5000000000
115312  -24.729  -56.458  -17.212 0.4000000060
19433  -24.801  -55.787  -16.618 0.4000000060
14499  -23.713  -60.815  -20.928 0.6000000238
15307  -23.948  -60.315  -21.688 0.5000000000
16161  -24.340  -59.504  -21.546 0.5000000000
17014  -25.161  -58.405  -21.601 0.6000000238
17015  -25.679  -58.555  -22.252 0.6000000238
122789  -25.721  -57.746  -21.808 0.6000000238
17769  -22.187  -57.619  -15.884 0.6000000238
127680  -22.110  -56.870  -15.703 0.5000000000
17770  -22.537  -57.365  -14.908 0.5000000000
18559  -22.928  -57.360  -13.939 0.4000000060
129168  -23.616  -57.196  -13.148 0.5000000000
112669  -24.265  -57.644  -13.341 0.5000000000
17760  -25.203  -57.321  -14.166 0.5000000000
18561  -25.188  -56.712  -13.279 0.5000000000
19394  -25.385  -55.757  -13.702 0.5000000000
120046  -25.260  -54.781  -14.199 0.5000000000
19419  -25.355  -56.087  -15.110 0.5000000000
126356  -25.131  -53.926  -14.589 0.5000000000
124933  -24.581  -60.382  -18.345 0.6999999881
16098  -24.654  -59.496  -18.055 0.6000000238
16974  -24.508  -58.414  -18.380 0.5000000000
16958  -24.732  -58.864  -17.349 0.5000000000
19418  -25.083  -55.367  -15.692 0.5000000000
116566  -25.013  -53.869  -15.335 0.5000000000
14488  -24.219  -61.929  -19.397 0.8000000119
120278  -24.346  -61.141  -18.824 0.6999999881
15288  -24.195  -60.265  -19.378 0.6000000238
18610  -24.682  -56.976  -17.839 0.4000000060
125391  -24.527  -56.280  -17.973 0.5000000000
125193  -24.645  -54.978  -16.399 0.4000000060
20230  -24.903  -54.335  -15.957 0.5000000000
16139  -24.371  -59.102  -20.720 0.5000000000
121149  -24.446  -58.611  -20.032 0.5000000000
16990  -24.530  -58.064  -19.388 0.6000000238
17804  -24.566  -57.386  -18.739 0.5000000000
18627  -24.563  -56.498  -18.668 0.5000000000
19456  -24.469  -55.745  -18.503 0.5000000000
17004  -24.749  -58.416  -20.879 0.5000000000
113581  -24.811  -57.869  -20.299 0.5000000000
17816  -24.765  -57.280  -19.756 0.5000000000
18645  -24.707  -56.724  -19.351 0.5000000000
17838  -25.152  -57.753  -21.118 0.6000000238
18661  -25.348  -56.427  -20.779 0.6000000238
18582  -21.825  -56.052  -16.135 0.5000000000
18583  -22.276  -56.371  -15.151 0.5000000000
18569  -22.505  -56.743  -14.325 0.5000000000
115756  -22.757  -56.619  -13.598 0.4000000060
118620  -23.218  -56.447  -12.977 0.4000000060
19417  -21.858  -55.342  -15.444 0.5000000000
19405  -22.330  -55.793  -14.260 0.4000000060
18560  -24.593  -57.052  -12.796 0.5000000000
18547  -25.114  -56.420  -12.307 0.5000000000
112730  -25.394  -55.844  -12.722 0.5000000000
121562  -25.427  -54.951  -13.266 0.4000000060
20220  -25.264  -54.078  -13.726 0.4000000060
21902  -25.895  -52.622  -13.400 0.4000000060
20207  -22.394  -54.873  -13.643 0.4000000060
19392  -22.685  -55.829  -13.241 0.4000000060
19393  -23.189  -55.961  -12.596 0.4000000060
124486  -23.908  -56.571  -12.374 0.5000000000
18546  -24.582  -56.534  -12.060 0.5000000000
19382  -24.808  -56.094  -11.652 0.5000000000
19381  -23.435  -55.838  -11.937 0.4000000060
19369  -23.531  -55.469  -11.118 0.4000000060
19370  -24.372  -55.526  -11.161 0.5000000000
19371  -24.926  -55.391  -11.465 0.4000000060
20185  -25.161  -54.659  -11.683 0.4000000060
21028  -25.517  -53.453  -13.153 0.4000000060
21889  -25.949  -52.796  -12.397 0.4000000060
20206  -22.171  -54.242  -13.225 0.4000000060
20193  -22.682  -55.180  -12.481 0.4000000060
20992  -21.216  -54.022  -11.843 0.4000000060
20183  -22.616  -54.943  -11.287 0.4000000060
20178  -23.091  -54.868  -10.367 0.4000000060
19366  -23.970  -54.944  -10.520 0.5000000000
20184  -24.708  -54.726  -11.006 0.5000000000
133807  -24.995  -54.247  -11.295 0.4000000060
21009  -25.460  -53.793  -12.201 0.4000000060
20969  -22.680  -54.254  -9.870 0.4000000060
21871  -23.681  -52.959  -10.216 0.4000000060
21881  -25.156  -52.901  -11.108 0.4000000060
21882  -25.671  -52.850  -11.549 0.4000000060
21007  -20.798  -53.371  -12.412 0.4000000060
20991  -20.454  -53.649  -11.445 0.3000000119
20176  -21.395  -54.277  -10.187 0.3000000119
20177  -22.245  -54.486  -10.362 0.4000000060
20966  -18.533  -53.007  -9.814 0.4000000060
126262  -19.690  -53.748  -10.115 0.3000000119
20169  -20.613  -54.127  -10.021 0.3000000119
133649  -21.143  -54.203  -9.887 0.4000000060
22762  -21.544  -51.651  -9.863 0.5000000000
21870  -22.809  -52.792  -9.842 0.4000000060
21880  -24.409  -52.362  -10.857 0.4000000060
23629  -26.276  -50.690  -11.367 0.3000000119
23620  -22.039  -51.021  -10.672 0.5000000000
22764  -23.306  -52.104  -10.596 0.4000000060
22770  -23.776  -51.415  -11.301 0.4000000060
120460  -24.836  -51.589  -11.171 0.3000000119
21868  -18.849  -53.221  -10.346 0.4000000060
21850  -18.197  -52.236  -9.589 0.4000000060
21851  -18.850  -52.647  -9.419 0.4000000060
21852  -19.764  -52.916  -9.440 0.5000000000
22754  -20.759  -52.339  -9.495 0.5000000000
22746  -18.647  -51.244  -8.753 0.4000000060
22761  -20.643  -51.269  -9.671 0.5000000000
23619  -20.877  -50.323  -10.158 0.5000000000
130898  -21.384  -50.867  -10.208 0.4000000060
23626  -22.291  -50.409  -11.581 0.4000000060
23628  -24.378  -50.616  -11.720 0.3000000119
24458  -20.370  -49.584  -10.015 0.3000000119
24459  -21.045  -49.605  -10.747 0.3000000119
21867  -18.267  -52.419  -10.247 0.4000000060
23609  -18.421  -50.412  -8.707 0.3000000119
25323  -19.239  -48.689  -9.400 0.4000000060
122642  -22.694  -49.947  -12.224 0.3000000119
23604  -17.817  -50.357  -8.843 0.3000000119
25322  -18.432  -48.314  -9.024 0.3000000119
126106  -27.380  -70.588  -17.055 0.5000000000
14526  -28.418  -61.883  -23.215 0.6000000238
13733  -27.980  -62.515  -23.562 0.6000000238
124469  -21.431  -78.335  -22.192 0.5000000000
123527  -22.796  -77.342  -20.886 0.6000000238
4123  -21.023  -76.236  -18.691 0.5000000000
3641  -23.692  -77.120  -20.985 0.6999999881
128343  -24.375  -77.216  -22.453 0.6999999881
4162  -24.841  -76.891  -22.080 0.6999999881
4127  -25.221  -76.363  -18.434 0.6999999881
4164  -26.288  -76.172  -21.375 0.6999999881
4152  -25.705  -76.530  -20.805 0.6999999881
130378  -24.499  -73.663  -15.606 0.5000000000
4748  -25.822  -74.673  -23.477 0.6999999881
4684  -25.870  -75.681  -17.163 0.6999999881
4112  -25.618  -76.015  -17.804 0.6999999881
5957  -26.373  -73.092  -22.892 0.6999999881
4705  -27.338  -75.220  -18.759 0.6999999881
7164  -26.969  -70.953  -16.402 0.6000000238
7245  -26.924  -70.978  -22.960 0.6999999881
5272  -27.490  -74.479  -17.484 0.6000000238
5917  -28.846  -73.138  -19.005 0.6000000238
6573  -28.550  -72.448  -20.457 0.5000000000
7909  -27.212  -70.118  -19.138 0.6999999881
5273  -28.189  -73.935  -17.848 0.6000000238
5325  -30.364  -74.116  -22.485 0.6000000238
6556  -29.748  -72.662  -18.343 0.5000000000
7927  -31.278  -70.447  -19.649 0.5000000000
7249  -31.471  -71.530  -22.872 0.5000000000
7910  -27.820  -69.877  -18.556 0.6000000238
7925  -26.795  -69.863  -19.528 0.6999999881
7832  -28.486  -70.577  -13.192 0.6000000238
5896  -29.228  -73.172  -16.465 0.5000000000
5903  -28.855  -73.332  -17.826 0.5000000000
7184  -30.751  -71.812  -18.630 0.6000000238
6557  -30.339  -72.334  -18.131 0.5000000000
7198  -31.381  -71.126  -18.850 0.5000000000
5309  -32.305  -74.280  -21.259 0.6000000238
6591  -32.484  -72.966  -21.183 0.6000000238
123185  -32.872  -71.286  -23.105 0.5000000000
10015  -30.201  -67.410  -19.481 0.6000000238
119605  -31.604  -67.031  -12.021 0.5000000000
9352  -23.466  -68.719  -24.412 0.6000000238
9338  -24.254  -68.126  -21.282 0.6000000238
7859  -32.564  -70.798  -15.538 0.6000000238
115308  -24.409  -68.838  -24.340 0.6000000238
12260  -29.427  -65.420  -22.187 0.8000000119
129260  -25.539  -68.283  -24.674 0.6000000238
9250  -34.078  -68.224  -13.490 0.6000000238
10056  -27.177  -67.734  -24.570 0.6000000238
8535  -33.992  -69.067  -14.774 0.6000000238
12259  -28.918  -64.486  -22.525 0.8000000119
9940  -35.079  -67.140  -12.535 0.6000000238
11556  -29.031  -66.010  -24.237 0.6000000238
10831  -28.191  -66.880  -24.918 0.6999999881
11561  -27.216  -65.624  -24.674 0.6000000238
122806  -26.152  -62.963  -23.504 0.6000000238
12994  -28.127  -63.543  -23.682 0.6999999881
13732  -27.100  -62.262  -23.544 0.6000000238
15317  -28.130  -60.367  -22.535 0.5000000000
14509  -23.695  -61.275  -21.779 0.5000000000
14524  -26.847  -61.374  -23.401 0.6000000238
17020  -27.364  -58.662  -22.188 0.5000000000
15250  -22.038  -59.996  -16.940 0.6999999881
15267  -22.036  -60.792  -17.114 0.6000000238
16052  -23.188  -59.980  -15.797 0.6999999881
14441  -23.937  -61.652  -16.368 0.8000000119
16067  -24.578  -60.265  -16.289 0.6000000238
16929  -24.797  -58.532  -15.001 0.5000000000
134254  -24.567  -59.033  -15.339 0.5000000000
114822  -24.412  -55.039  -17.148 0.5000000000
20231  -25.090  -54.615  -15.096 0.5000000000
116823  -24.280  -59.680  -18.928 0.6000000238
114996  -24.183  -58.914  -19.079 0.6000000238
18660  -24.966  -56.566  -20.039 0.5000000000
19404  -22.133  -54.636  -14.629 0.5000000000
19383  -25.273  -55.663  -11.970 0.5000000000
18537  -24.146  -56.102  -11.630 0.6000000238
21008  -21.646  -53.712  -12.852 0.4000000060
20192  -22.054  -54.409  -12.172 0.4000000060
20980  -20.963  -54.037  -10.834 0.3000000119
20182  -21.770  -54.349  -11.105 0.4000000060
20981  -23.525  -54.294  -10.072 0.5000000000
20993  -24.821  -53.867  -10.969 0.4000000060
21854  -22.290  -53.590  -9.631 0.4000000060
20970  -23.162  -53.600  -9.836 0.4000000060
116077  -25.888  -52.205  -10.999 0.4000000060
21883  -26.244  -51.974  -11.638 0.4000000060
20967  -19.166  -53.393  -9.771 0.3000000119
21853  -20.804  -53.314  -9.498 0.5000000000
126447  -21.516  -53.638  -9.546 0.4000000060
22763  -22.396  -51.891  -10.238 0.5000000000
22771  -25.591  -52.000  -10.946 0.4000000060
120125  -21.575  -50.303  -10.859 0.5000000000
22769  -22.819  -51.227  -11.152 0.4000000060
23627  -23.193  -50.650  -11.902 0.4000000060
114208  -19.788  -51.327  -9.289 0.5000000000
124667  -19.133  -50.149  -9.010 0.5000000000
23611  -19.949  -50.441  -9.496 0.4000000060
24466  -21.686  -49.636  -11.566 0.4000000060
24452  -19.545  -49.511  -9.406 0.4000000060
24451  -18.551  -49.326  -8.827 0.3000000119
26193  -19.059  -47.819  -9.598 0.3000000119
5397  -33.322  -74.340  -26.902 0.5000000000
5388  -34.452  -74.246  -26.251 0.5000000000
128813  -35.701  -74.760  -26.174 0.5000000000
134439  -35.122  -74.421  -26.115 0.5000000000
5389  -36.609  -74.800  -25.929 0.5000000000
5375  -35.822  -74.439  -25.627 0.5000000000
4756  -37.505  -74.895  -25.567 0.6000000238
5386  -32.742  -73.899  -26.541 0.5000000000
5387  -33.652  -74.039  -26.478 0.5000000000
5374  -34.895  -74.309  -25.487 0.5000000000
125220  -35.297  -74.417  -24.616 0.5000000000
124141  -38.188  -74.745  -24.810 0.6000000238
5354  -36.652  -74.484  -23.943 0.6000000238
5376  -36.689  -74.550  -25.160 0.6000000238
5395  -31.520  -73.767  -26.958 0.4000000060
124539  -27.517  -75.224  -26.759 0.4000000060
5392  -28.159  -74.363  -26.714 0.4000000060
4775  -28.457  -75.264  -26.920 0.5000000000
4776  -29.917  -74.320  -27.072 0.5000000000
5394  -30.563  -73.577  -27.009 0.5000000000
5997  -30.116  -73.259  -26.683 0.5000000000
4777  -30.891  -74.370  -26.984 0.5000000000
5999  -31.865  -73.530  -26.583 0.5000000000
5379  -39.715  -74.853  -24.589 0.6000000238
5358  -41.246  -74.702  -23.515 0.6000000238
5992  -32.124  -73.426  -26.209 0.5000000000
5993  -32.972  -73.778  -25.958 0.5000000000
5372  -32.983  -73.954  -24.555 0.5000000000
5356  -38.970  -74.532  -24.085 0.6000000238
124199  -34.496  -74.376  -24.179 0.5000000000
122954  -36.102  -74.467  -22.821 0.6000000238
5355  -38.041  -74.444  -23.558 0.6000000238
5357  -40.250  -74.600  -23.566 0.6000000238
5332  -37.923  -74.341  -22.337 0.6000000238
5334  -40.044  -74.318  -22.394 0.6000000238
5335  -40.815  -74.350  -22.406 0.6999999881
5315  -39.329  -74.172  -21.792 0.6000000238
5316  -40.267  -74.024  -21.726 0.6999999881
4201  -25.733  -75.690  -26.218 0.6000000238
5390  -25.854  -74.391  -26.064 0.6000000238
5986  -26.114  -73.402  -25.305 0.6000000238
4774  -26.578  -75.202  -26.587 0.5000000000
5391  -27.049  -74.238  -26.421 0.5000000000
5987  -27.207  -73.316  -25.742 0.6000000238
134260  -28.825  -73.782  -26.732 0.5000000000
5995  -27.940  -73.593  -26.319 0.5000000000
5996  -29.077  -73.459  -26.503 0.5000000000
5991  -31.354  -73.131  -26.314 0.5000000000
5990  -30.520  -73.062  -26.333 0.5000000000
5984  -31.529  -73.297  -25.527 0.5000000000
5381  -41.637  -75.441  -24.209 0.6999999881
5359  -42.224  -74.693  -23.510 0.6000000238
5360  -43.207  -74.590  -23.540 0.8000000119
118162  -33.736  -74.198  -24.167 0.5000000000
133452  -34.431  -74.485  -23.012 0.5000000000
5352  -35.191  -74.513  -23.318 0.6000000238
5336  -41.780  -74.210  -22.342 0.6999999881
5337  -42.800  -74.056  -22.610 0.6999999881
5331  -37.150  -74.337  -22.905 0.6000000238
5949  -41.613  -73.544  -21.790 0.6999999881
5313  -37.393  -74.148  -21.427 0.6000000238
5314  -38.328  -74.134  -21.583 0.6000000238
117009  -39.856  -72.994  -21.012 0.6999999881
6600  -41.457  -72.793  -21.593 0.6999999881
5950  -42.384  -72.999  -21.928 0.6000000238
120550  -25.705  -76.749  -26.282 0.5000000000
5384  -25.727  -73.979  -25.586 0.6000000238
5988  -28.142  -73.311  -25.981 0.6000000238
5983  -29.747  -73.427  -25.307 0.6000000238
126263  -30.863  -74.362  -23.177 0.6000000238
5383  -43.665  -75.083  -23.986 0.6999999881
5371  -31.787  -73.962  -24.109 0.5000000000
134524  -32.428  -74.595  -22.403 0.5000000000
5361  -44.198  -74.406  -23.700 0.5000000000
114952  -46.160  -74.158  -24.030 0.6000000238
128895  -33.277  -74.281  -23.515 0.6000000238
5329  -34.644  -74.535  -22.217 0.5000000000
5338  -43.599  -73.918  -22.906 0.6000000238
116188  -35.840  -74.352  -21.514 0.5000000000
5960  -42.364  -73.605  -22.127 0.6999999881
5961  -43.275  -73.294  -22.460 0.6000000238
6627  -43.297  -72.476  -22.710 0.6000000238
5932  -38.044  -73.342  -20.652 0.5000000000
6598  -39.124  -72.750  -20.917 0.6000000238
6615  -41.983  -72.347  -22.268 0.5000000000
124349  -40.495  -71.921  -21.916 0.5000000000
7288  -43.128  -71.043  -25.017 0.5000000000
4766  -25.545  -74.924  -25.829 0.6000000238
118446  -25.421  -76.792  -25.221 0.4000000060
125117  -31.724  -74.502  -22.558 0.5000000000
5972  -45.729  -73.087  -23.875 0.6000000238
5328  -33.267  -74.657  -21.731 0.5000000000
5300  -35.542  -74.109  -20.819 0.5000000000
6617  -44.872  -72.712  -23.581 0.5000000000
6629  -45.436  -71.902  -23.889 0.5000000000
6630  -46.299  -72.043  -23.765 0.5000000000
5930  -36.171  -73.563  -20.615 0.5000000000
6628  -44.485  -72.113  -23.612 0.5000000000
7278  -44.680  -71.136  -24.360 0.5000000000
6579  -37.782  -73.015  -20.439 0.6000000238
7233  -38.077  -72.041  -21.494 0.6000000238
7259  -42.464  -71.950  -23.369 0.5000000000
7277  -43.643  -71.558  -24.252 0.6000000238
7257  -39.594  -71.800  -22.017 0.6000000238
116699  -40.232  -71.575  -22.864 0.5000000000
5298  -33.720  -74.226  -20.780 0.5000000000
7965  -45.852  -70.997  -23.612 0.5000000000
5299  -34.615  -74.195  -20.810 0.5000000000
6577  -35.707  -73.002  -20.440 0.5000000000
7290  -44.640  -70.556  -24.447 0.5000000000
7964  -45.334  -70.195  -23.309 0.5000000000
8628  -44.013  -69.827  -21.802 0.5000000000
8619  -43.437  -69.587  -20.754 0.5000000000
9324  -41.799  -68.062  -19.131 0.5000000000
6595  -36.025  -72.256  -20.904 0.6000000238
122207  -37.153  -71.875  -21.754 0.6000000238
7289  -43.906  -70.818  -24.809 0.5000000000
7256  -38.650  -71.746  -22.290 0.6000000238
8642  -43.177  -69.473  -24.376 0.5000000000
7285  -38.820  -71.465  -24.460 0.5000000000
134811  -39.353  -71.292  -25.096 0.5000000000
7230  -34.470  -71.792  -22.022 0.5000000000
8644  -44.553  -69.829  -23.711 0.5000000000
8636  -44.656  -69.803  -22.725 0.5000000000
10019  -42.274  -68.370  -19.959 0.5000000000
6593  -34.196  -72.392  -21.117 0.5000000000
7231  -35.371  -71.758  -21.984 0.6000000238
8651  -44.371  -70.113  -24.318 0.5000000000
8635  -43.926  -69.505  -22.715 0.5000000000
9332  -42.735  -68.676  -20.918 0.5000000000
10018  -41.795  -67.549  -19.836 0.5000000000
10768  -41.639  -66.498  -18.337 0.5000000000
7255  -37.616  -71.741  -22.775 0.5000000000
8643  -43.883  -69.699  -24.161 0.5000000000
9357  -43.193  -69.185  -23.623 0.5000000000
7251  -33.806  -71.307  -23.088 0.5000000000
115729  -41.873  -67.389  -21.246 0.5000000000
10030  -42.148  -67.840  -20.635 0.5000000000
123062  -41.595  -66.835  -19.780 0.5000000000
12217  -42.909  -65.065  -18.918 0.4000000060
10029  -41.678  -67.078  -20.466 0.4000000060
10821  -22.714  -67.709  -24.265 0.5000000000
11528  -22.525  -65.995  -21.799 0.5000000000
135107  -22.385  -66.404  -22.695 0.5000000000
12240  -21.866  -64.723  -21.033 0.5000000000
12241  -22.382  -65.473  -21.049 0.5000000000
16081  -21.642  -59.970  -17.634 0.5000000000
16957  -21.616  -58.590  -17.154 0.5000000000
6575  -33.869  -73.214  -20.652 0.5000000000
5928  -34.285  -73.815  -20.609 0.5000000000
5377  -37.377  -74.588  -24.404 0.6000000238
5333  -38.677  -74.379  -22.665 0.6000000238
131243  -36.583  -74.328  -21.782 0.6000000238
5947  -39.650  -73.551  -21.270 0.6999999881
5994  -26.950  -73.520  -26.049 0.6000000238
121271  -33.888  -74.618  -22.286 0.5000000000
5945  -37.958  -73.800  -20.963 0.6000000238
6599  -40.575  -72.566  -21.425 0.6000000238
7235  -39.785  -72.354  -21.365 0.6000000238
116864  -45.225  -74.204  -24.011 0.6999999881
5311  -34.016  -74.544  -21.353 0.5000000000
123961  -36.467  -74.088  -20.933 0.5000000000
6597  -38.356  -72.637  -20.811 0.6000000238
7258  -41.287  -71.776  -22.747 0.5000000000
7978  -43.995  -70.386  -24.658 0.5000000000
7279  -45.556  -71.084  -23.947 0.5000000000
6578  -36.782  -72.914  -20.462 0.5000000000
7274  -39.237  -71.531  -23.121 0.5000000000
6594  -35.106  -72.309  -21.031 0.5000000000
7232  -36.259  -71.756  -21.914 0.5000000000
9341  -43.332  -69.206  -21.783 0.5000000000
9349  -43.226  -69.107  -22.726 0.5000000000
9340  -42.778  -68.504  -21.950 0.5000000000
10779  -41.620  -66.310  -19.306 0.5000000000
9348  -42.610  -68.599  -22.821 0.4000000060
11506  -41.849  -65.603  -19.648 0.4000000060
6580  -45.247  -73.062  -20.487 0.5000000000
6581  -45.969  -72.582  -21.227 0.6000000238
127396  -45.725  -71.737  -21.208 0.6000000238
6601  -46.739  -72.602  -22.093 0.6000000238
124754  -46.621  -74.080  -22.603 0.4000000060
7216  -44.928  -71.346  -20.567 0.4000000060
7956  -45.798  -70.851  -22.699 0.4000000060
7237  -46.237  -71.479  -22.178 0.5000000000
7238  -46.877  -72.096  -22.736 0.6000000238
7281  -46.928  -71.945  -23.344 0.5000000000
7280  -46.516  -71.568  -23.618 0.4000000060
5963  -47.112  -73.271  -22.948 0.5000000000
6631  -46.878  -72.319  -23.494 0.5000000000
4750  -46.328  -75.004  -24.065 0.6000000238
4762  -43.679  -75.584  -24.060 0.6000000238
5382  -42.694  -75.451  -24.100 0.6000000238
4760  -40.965  -75.924  -24.647 0.6000000238
5380  -40.657  -75.113  -24.355 0.6000000238
4759  -40.140  -75.590  -24.846 0.6000000238
5378  -38.871  -74.903  -25.094 0.5000000000
4757  -38.243  -75.040  -25.524 0.4000000060
124083  -36.515  -75.086  -26.138 0.5000000000
11497  -42.367  -65.486  -18.466 0.3000000119
4768  -34.779  -74.594  -26.396 0.4000000060
10682  -35.504  -66.521  -12.047 0.4000000060
10683  -36.211  -66.205  -12.368 0.4000000060
10698  -35.761  -66.803  -12.883 0.5000000000
17847  -27.186  -57.925  -22.002 0.5000000000
17839  -26.346  -57.042  -21.807 0.5000000000
17840  -26.911  -57.120  -22.024 0.5000000000
18668  -26.992  -56.183  -21.871 0.4000000060
19497  -25.647  -55.620  -20.899 0.4000000060
115948  -28.696  -54.627  -21.357 0.4000000060
19496  -25.186  -55.946  -20.222 0.4000000060
121735  -25.768  -54.897  -20.671 0.4000000060
19498  -26.238  -55.065  -21.324 0.4000000060
19476  -24.780  -55.945  -19.423 0.4000000060
19477  -25.230  -55.137  -19.956 0.4000000060
21122  -27.493  -53.206  -21.073 0.4000000060
117636  -24.576  -55.024  -19.043 0.4000000060
20279  -24.960  -54.139  -19.355 0.4000000060
21979  -26.837  -52.678  -20.330 0.4000000060
20258  -24.312  -54.309  -17.597 0.4000000060
114049  -24.619  -53.600  -18.725 0.4000000060
20247  -24.530  -54.340  -16.753 0.4000000060
113854  -24.419  -53.611  -17.977 0.4000000060
21040  -25.417  -53.243  -14.069 0.3000000119
21053  -25.044  -53.040  -15.043 0.4000000060
21890  -26.437  -52.020  -12.720 0.3000000119
22789  -26.227  -51.848  -13.623 0.3000000119
21923  -25.067  -51.919  -15.186 0.3000000119
21912  -25.588  -52.362  -14.325 0.3000000119
20310  -28.107  -54.785  -21.817 0.4000000060
20309  -27.487  -54.895  -21.912 0.4000000060
19512  -26.962  -55.308  -21.850 0.4000000060
19513  -27.843  -55.532  -21.855 0.4000000060
21121  -26.830  -53.944  -21.220 0.4000000060
20293  -26.257  -54.372  -20.899 0.4000000060
21980  -28.196  -52.528  -20.592 0.4000000060
21120  -26.312  -53.405  -20.369 0.4000000060
20280  -25.679  -54.266  -20.146 0.4000000060
7868  -46.474  -71.325  -15.550 0.3000000119
7867  -45.624  -70.991  -15.712 0.3000000119
7157  -45.993  -72.005  -16.078 0.4000000060
7156  -45.161  -71.573  -16.178 0.3000000119
7866  -44.705  -70.709  -15.780 0.4000000060
7169  -43.343  -72.206  -16.566 0.3000000119
131790  -44.341  -71.278  -16.150 0.3000000119
7155  -43.716  -71.481  -16.276 0.4000000060
5897  -42.576  -73.678  -16.984 0.3000000119
7168  -42.062  -71.710  -16.570 0.3000000119
6543  -42.303  -72.715  -16.941 0.3000000119
6542  -41.496  -72.564  -17.519 0.3000000119
131011  -41.563  -71.974  -17.069 0.3000000119
5913  -41.943  -73.958  -18.567 0.3000000119
5912  -41.611  -73.198  -18.796 0.3000000119
6559  -41.272  -72.469  -18.246 0.3000000119
118812  -42.057  -73.791  -19.216 0.3000000119
5918  -42.430  -73.394  -19.629 0.3000000119
4711  -45.199  -76.323  -19.010 0.3000000119
5280  -43.160  -75.053  -19.227 0.3000000119
5286  -42.697  -74.233  -19.531 0.3000000119
5287  -43.755  -74.458  -19.649 0.3000000119
5919  -43.355  -73.604  -19.899 0.3000000119
129501  -44.336  -75.321  -19.378 0.4000000060
7865  -43.537  -70.642  -15.776 0.3000000119
6528  -45.048  -72.783  -16.213 0.4000000060
126244  -44.200  -72.712  -16.454 0.3000000119
7879  -41.828  -70.859  -16.248 0.4000000060
5905  -42.087  -74.002  -17.693 0.3000000119
7176  -41.134  -71.631  -17.599 0.4000000060
6565  -41.562  -72.458  -19.000 0.4000000060
5274  -42.380  -74.726  -18.105 0.3000000119
6566  -42.203  -72.563  -19.531 0.4000000060
4134  -44.584  -76.562  -18.238 0.3000000119
116031  -43.634  -76.140  -18.084 0.4000000060
6568  -44.288  -72.808  -20.108 0.4000000060
5934  -45.322  -73.849  -20.458 0.3000000119
4119  -45.177  -77.284  -17.750 0.3000000119
8554  -45.141  -70.058  -15.295 0.3000000119
134549  -45.468  -69.419  -14.822 0.3000000119
118429  -46.111  -69.074  -14.575 0.3000000119
8553  -44.166  -69.836  -15.344 0.3000000119
8536  -43.723  -68.903  -14.932 0.3000000119
5888  -45.296  -73.467  -15.599 0.4000000060
7864  -42.311  -70.323  -15.705 0.3000000119
8551  -41.985  -69.472  -15.401 0.3000000119
6544  -43.412  -73.153  -16.612 0.3000000119
5898  -44.286  -73.254  -16.030 0.4000000060
130088  -41.405  -70.584  -16.556 0.4000000060
7863  -41.599  -70.076  -15.965 0.3000000119
7897  -41.134  -70.778  -17.140 0.4000000060
119859  -41.015  -70.903  -17.860 0.4000000060
5266  -42.380  -74.594  -17.101 0.3000000119
7187  -41.223  -71.666  -18.446 0.4000000060
7188  -41.636  -70.841  -18.672 0.4000000060
4709  -42.935  -75.450  -18.374 0.3000000119
4690  -42.295  -75.244  -16.632 0.3000000119
7202  -44.086  -71.790  -19.932 0.4000000060
7201  -43.305  -71.024  -19.588 0.5000000000
120190  -42.609  -75.467  -17.459 0.3000000119
7217  -45.114  -72.171  -20.474 0.4000000060
131136  -45.701  -78.364  -18.175 0.3000000119
8537  -44.709  -69.125  -14.892 0.3000000119
5887  -44.328  -73.698  -15.452 0.4000000060
125483  -41.360  -69.945  -16.592 0.4000000060
8591  -41.600  -69.384  -17.881 0.4000000060
133930  -43.850  -73.677  -15.826 0.4000000060
126377  -42.453  -70.701  -19.241 0.4000000060
7916  -42.217  -70.150  -19.022 0.5000000000
7944  -44.070  -70.493  -20.409 0.4000000060
124922  -42.547  -74.526  -16.342 0.3000000119
7215  -44.156  -70.958  -20.138 0.4000000060
7945  -44.640  -70.685  -20.870 0.4000000060
7955  -44.935  -70.286  -21.974 0.4000000060
4117  -43.136  -76.155  -17.501 0.3000000119
4118  -44.069  -76.778  -17.568 0.3000000119
3614  -45.414  -78.082  -17.617 0.3000000119
9277  -42.632  -68.693  -15.002 0.3000000119
123808  -41.875  -68.775  -15.378 0.3000000119
8561  -41.416  -69.123  -16.620 0.3000000119
5257  -43.338  -74.057  -15.680 0.4000000060
8592  -42.015  -69.485  -18.754 0.5000000000
8608  -43.270  -69.879  -19.934 0.4000000060
131166  -42.416  -74.551  -15.677 0.4000000060
125781  -43.731  -70.128  -20.329 0.4000000060
129527  -42.929  -77.262  -15.997 0.3000000119
4678  -41.832  -75.660  -15.867 0.3000000119
4104  -42.497  -76.210  -16.615 0.3000000119
3605  -44.085  -77.875  -16.316 0.3000000119
2673  -44.659  -79.497  -17.455 0.3000000119
3606  -44.734  -78.372  -16.954 0.3000000119
9275  -41.710  -68.279  -15.758 0.3000000119
9300  -41.528  -68.592  -17.369 0.4000000060
9312  -41.781  -68.678  -18.439 0.4000000060
3598  -43.493  -78.152  -15.450 0.3000000119
112962  -44.344  -78.895  -16.026 0.3000000119
3119  -44.641  -79.136  -17.025 0.3000000119
3089  -43.764  -78.954  -15.015 0.3000000119
3104  -43.996  -79.410  -15.635 0.3000000119
2643  -44.057  -79.936  -16.062 0.3000000119
2201  -43.819  -80.438  -16.523 0.3000000119
122124  -44.338  -79.592  -16.294 0.3000000119
10742  -41.691  -66.681  -16.655 0.3000000119
10002  -41.573  -67.609  -18.126 0.4000000060
2185  -43.055  -80.306  -15.083 0.3000000119
121142  -41.780  -80.115  -15.545 0.3000000119
11467  -43.131  -65.918  -15.712 0.3000000119
10743  -42.242  -66.143  -16.086 0.3000000119
10756  -41.797  -66.199  -17.494 0.3000000119
11478  -43.703  -65.736  -16.557 0.3000000119
11477  -42.766  -65.710  -16.644 0.3000000119
11486  -42.435  -65.662  -17.574 0.3000000119
17831  -25.530  -57.033  -21.339 0.5000000000
21052  -24.938  -53.467  -15.926 0.5000000000
21068  -24.769  -53.149  -16.651 0.4000000060
18667  -25.982  -56.306  -21.461 0.4000000060
5362  -45.706  -74.857  -24.216 0.6000000238
5974  -46.956  -73.258  -23.338 0.5000000000
8618  -42.774  -69.187  -20.030 0.4000000060
9325  -42.241  -68.926  -19.297 0.4000000060
11485  -41.923  -65.865  -18.115 0.3000000119
17841  -27.492  -57.208  -21.594 0.5000000000
117304  -28.312  -55.895  -21.606 0.4000000060
21140  -28.350  -53.955  -21.537 0.4000000060
7170  -44.541  -72.062  -16.460 0.3000000119
5279  -42.422  -74.588  -18.963 0.3000000119
4710  -43.909  -75.802  -18.746 0.3000000119
121096  -42.965  -71.902  -19.601 0.4000000060
5267  -43.140  -73.789  -16.307 0.3000000119
132342  -41.275  -70.109  -17.426 0.4000000060
4105  -43.513  -77.008  -16.850 0.3000000119
8607  -42.606  -69.670  -19.434 0.4000000060
4106  -44.688  -77.556  -17.085 0.3000000119
9991  -41.519  -67.605  -17.037 0.4000000060
129939  -44.216  -80.140  -16.841 0.3000000119
9978  -41.617  -67.544  -16.154 0.3000000119
2192  -43.358  -80.474  -16.046 0.3000000119
4758  -39.331  -75.391  -25.098 0.5000000000
129563  -39.716  -76.110  -25.044 0.5000000000
4186  -40.388  -76.534  -24.876 0.5000000000
4761  -42.365  -76.165  -24.293 0.5000000000
4749  -45.636  -75.399  -24.174 0.4000000060
7252  -34.650  -71.341  -23.274 0.4000000060
5951  -46.473  -73.135  -21.638 0.5000000000
5936  -46.438  -73.839  -21.660 0.3000000119
4726  -45.731  -75.335  -20.734 0.3000000119
4719  -45.237  -75.573  -19.697 0.3000000119
5288  -44.999  -74.644  -19.997 0.3000000119
5256  -41.943  -74.992  -15.840 0.3000000119
5247  -42.626  -74.205  -14.901 0.3000000119
5875  -43.857  -73.909  -14.829 0.3000000119
135075  -46.318  -72.526  -15.849 0.3000000119
5863  -43.227  -73.777  -14.090 0.3000000119
5876  -44.903  -73.856  -14.653 0.3000000119
5877  -45.769  -73.872  -14.919 0.3000000119
5878  -46.754  -73.538  -14.791 0.3000000119
131640  -46.231  -73.799  -14.655 0.3000000119
121296  -44.152  -73.883  -14.053 0.3000000119
5865  -45.804  -73.840  -14.016 0.3000000119
6530  -46.708  -72.982  -15.518 0.3000000119
7159  -47.304  -72.437  -15.224 0.3000000119
5855  -45.480  -73.600  -12.895 0.3000000119
6515  -47.318  -73.048  -14.842 0.3000000119
115206  -47.322  -73.377  -13.983 0.3000000119
5339  -46.548  -74.722  -23.731 0.5000000000
4189  -44.641  -75.771  -23.975 0.4000000060
116492  -41.729  -76.170  -24.526 0.5000000000
121090  -45.827  -74.433  -20.783 0.3000000119
22860  -28.684  -51.924  -20.197 0.3000000119
22859  -27.397  -52.447  -20.367 0.3000000119
21094  -24.685  -52.992  -18.375 0.3000000119
4771  -37.984  -75.277  -25.897 0.4000000060
3706  -38.752  -76.915  -25.360 0.4000000060
3192  -40.300  -79.416  -22.833 0.4000000060
3210  -40.048  -79.405  -23.792 0.4000000060
3228  -41.010  -78.940  -24.080 0.4000000060
3695  -41.296  -77.910  -24.142 0.4000000060
4179  -42.850  -76.643  -24.072 0.4000000060
3693  -39.837  -78.066  -24.721 0.4000000060
4187  -41.172  -76.830  -24.581 0.4000000060
3696  -41.932  -76.952  -24.137 0.4000000060
3659  -38.626  -78.093  -21.892 0.3000000119
3193  -40.993  -79.542  -22.948 0.4000000060
3212  -41.455  -78.826  -23.179 0.4000000060
3707  -39.676  -77.037  -25.097 0.4000000060
2734  -39.910  -79.464  -23.308 0.4000000060
122589  -40.309  -78.848  -24.294 0.4000000060
3177  -39.759  -78.659  -22.021 0.3000000119
3211  -41.098  -79.449  -23.366 0.4000000060
3694  -40.559  -77.751  -24.619 0.4000000060
3683  -41.649  -78.002  -23.565 0.4000000060
4180  -43.350  -76.831  -23.539 0.4000000060
3661  -40.308  -78.129  -21.347 0.3000000119
3178  -40.707  -78.792  -22.292 0.3000000119
3194  -41.234  -79.222  -23.004 0.3000000119
3179  -41.357  -78.538  -22.446 0.3000000119
3676  -43.881  -76.837  -22.849 0.3000000119
4174  -44.895  -76.372  -22.923 0.3000000119
3675  -42.966  -77.378  -22.852 0.3000000119
4734  -46.080  -75.552  -22.758 0.3000000119
4742  -46.460  -74.794  -23.200 0.3000000119
4173  -44.365  -76.288  -23.501 0.3000000119
4181  -45.567  -75.835  -23.722 0.3000000119
4188  -43.660  -76.233  -23.946 0.3000000119
3525  -39.613  -77.369  -10.626 0.3000000119
3035  -40.639  -78.395  -10.449 0.3000000119
3584  -42.320  -77.447  -14.309 0.3000000119
115267  -42.890  -79.489  -10.674 0.3000000119
125498  -43.662  -79.449  -10.970 0.3000000119
115045  -44.129  -78.932  -11.743 0.3000000119
3536  -44.224  -78.126  -11.866 0.3000000119
4071  -43.855  -77.484  -12.043 0.3000000119
4070  -42.913  -76.724  -12.476 0.3000000119
4069  -41.962  -76.124  -12.908 0.3000000119
4083  -41.488  -76.264  -13.665 0.3000000119
3526  -45.712  -78.234  -10.718 0.3000000119
4041  -45.021  -77.608  -10.644 0.3000000119
4053  -44.460  -77.314  -11.294 0.3000000119
4052  -43.413  -76.548  -11.443 0.3000000119
4651  -42.327  -75.902  -12.031 0.3000000119
128668  -42.029  -77.957  -22.846 0.3000000119
2607  -43.523  -79.329  -12.215 0.3000000119
116569  -41.793  -79.145  -10.765 0.3000000119
2589  -43.215  -79.479  -11.591 0.3000000119
2590  -43.979  -79.202  -11.380 0.3000000119
4040  -44.338  -76.780  -10.730 0.3000000119
2191  -42.727  -80.449  -15.496 0.3000000119
2193  -43.687  -80.270  -16.107 0.3000000119
2202  -44.041  -80.290  -16.530 0.3000000119
2588  -42.263  -79.397  -11.595 0.3000000119
2591  -44.743  -78.823  -10.675 0.3000000119
2636  -43.509  -79.999  -15.477 0.3000000119
2657  -44.320  -79.889  -16.670 0.3000000119
2735  -40.628  -79.665  -23.283 0.4000000060
3053  -44.660  -78.420  -11.006 0.3000000119
3143  -20.150  -78.060  -19.898 0.5000000000
3144  -20.737  -77.943  -19.814 0.5000000000
3157  -20.934  -78.241  -20.426 0.6000000238
3158  -21.824  -77.736  -20.752 0.5000000000
3195  -41.606  -78.384  -22.626 0.3000000119
3229  -41.353  -78.869  -23.666 0.4000000060
3548  -43.417  -77.425  -12.961 0.3000000119
3568  -42.365  -77.011  -13.480 0.3000000119
3619  -22.663  -76.984  -18.506 0.6999999881
3640  -22.472  -77.497  -19.992 0.6000000238
3670  -22.550  -77.638  -23.029 0.6000000238
3684  -42.392  -77.395  -23.502 0.4000000060
4039  -43.324  -76.087  -10.495 0.3000000119
4091  -41.730  -76.835  -14.125 0.3000000119
4099  -23.091  -75.749  -16.826 0.6999999881
4109  -22.426  -75.934  -17.324 0.6999999881
4124  -22.381  -76.528  -17.808 0.6999999881
4128  -26.117  -76.095  -18.629 0.6999999881
4139  -23.648  -76.808  -18.848 0.6999999881
4153  -26.483  -76.147  -20.506 0.6999999881
4163  -25.487  -76.547  -21.720 0.6999999881
4171  -25.428  -76.447  -22.597 0.6999999881
4175  -45.749  -76.025  -22.958 0.3000000119
4191  -25.539  -75.846  -25.872 0.5000000000
4200  -39.042  -76.077  -25.256 0.5000000000
4671  -24.968  -74.834  -15.612 0.6999999881
4672  -25.821  -74.938  -15.797 0.6999999881
4682  -23.650  -75.250  -16.422 0.6999999881
4685  -26.160  -75.272  -16.577 0.6999999881
4695  -26.324  -75.648  -17.961 0.6000000238
4714  -20.552  -75.944  -19.419 0.5000000000
4722  -20.327  -75.678  -20.248 0.5000000000
4741  -46.186  -75.342  -23.664 0.5000000000
4763  -44.736  -75.055  -24.170 0.6000000238
4772  -38.588  -75.367  -25.479 0.4000000060
4773  -25.890  -75.108  -26.309 0.6000000238
5243  -26.741  -73.876  -14.788 0.6000000238
5250  -24.583  -74.242  -15.455 0.6999999881
5251  -25.595  -74.491  -15.238 0.6999999881
5253  -27.105  -74.265  -15.600 0.6000000238
5254  -27.946  -74.010  -16.123 0.6000000238
5262  -23.586  -74.725  -16.369 0.6999999881
5277  -22.038  -74.906  -18.025 0.6000000238
5285  -27.721  -74.757  -19.812 0.6999999881
5310  -33.086  -74.469  -21.169 0.6000000238
5312  -35.001  -74.411  -21.367 0.5000000000
5317  -41.027  -73.984  -21.817 0.6999999881
5324  -29.784  -73.943  -22.975 0.6000000238
5326  -30.862  -74.363  -22.394 0.6000000238
5330  -35.351  -74.471  -22.214 0.5000000000
5340  -46.698  -74.021  -23.352 0.5000000000
5350  -33.106  -74.553  -22.527 0.5000000000
5351  -33.852  -74.399  -23.232 0.5000000000
5353  -35.986  -74.413  -24.312 0.6000000238
5363  -46.605  -74.197  -23.642 0.6000000238
5369  -29.372  -73.958  -24.233 0.6999999881
5373  -33.921  -74.108  -25.408 0.5000000000
5385  -26.265  -73.773  -25.981 0.6000000238
5393  -29.623  -73.645  -26.949 0.5000000000
5398  -34.059  -74.448  -26.680 0.5000000000
5859  -26.998  -72.757  -13.955 0.5000000000
5864  -44.810  -73.812  -13.541 0.3000000119
5866  -46.603  -73.712  -14.014 0.3000000119
5874  -28.966  -72.850  -14.883 0.5000000000
5883  -24.898  -73.876  -15.134 0.6000000238
5889  -46.145  -73.554  -15.330 0.3000000119
5894  -23.597  -74.118  -16.595 0.6000000238
5904  -41.604  -73.260  -18.054 0.3000000119
5910  -28.553  -73.630  -18.616 0.6000000238
5920  -44.545  -73.710  -20.064 0.3000000119
5927  -33.563  -73.909  -20.603 0.6000000238
5929  -35.191  -73.694  -20.633 0.5000000000
5931  -37.261  -73.512  -20.683 0.5000000000
5933  -38.531  -73.099  -20.657 0.6000000238
5935  -45.916  -73.475  -21.023 0.3000000119
5943  -31.567  -74.064  -21.453 0.6000000238
5944  -32.314  -73.850  -20.972 0.6000000238
5946  -38.702  -73.613  -21.040 0.6000000238
5948  -40.628  -73.411  -21.442 0.6999999881
5952  -46.834  -73.238  -22.349 0.6000000238
5959  -30.227  -73.746  -22.442 0.6000000238
5962  -44.424  -73.432  -23.229 0.6000000238
5969  -26.076  -72.489  -23.714 0.6999999881
5973  -46.571  -73.203  -23.712 0.5000000000
5978  -25.656  -73.590  -24.903 0.6999999881
5980  -27.322  -73.098  -25.204 0.6999999881
5985  -32.325  -73.549  -25.405 0.5000000000
5989  -29.251  -73.251  -26.090 0.5000000000
5998  -31.044  -73.250  -26.667 0.5000000000
6505  -27.384  -72.336  -13.721 0.5000000000
6506  -27.957  -72.144  -13.528 0.5000000000
6512  -26.456  -72.512  -14.277 0.6000000238
6514  -29.106  -72.290  -14.210 0.5000000000
6524  -25.170  -73.260  -15.274 0.5000000000
6529  -45.907  -72.851  -15.999 0.3000000119
6540  -30.797  -72.021  -16.644 0.6000000238
6545  -45.413  -72.297  -16.307 0.4000000060
6551  -30.457  -72.271  -17.315 0.6000000238
6552  -41.952  -73.264  -17.409 0.3000000119
6555  -25.541  -72.471  -18.387 0.5000000000
6561  -25.151  -72.533  -19.792 0.5000000000
6567  -43.145  -72.710  -19.858 0.4000000060
6576  -34.750  -73.086  -20.586 0.5000000000
6588  -28.050  -71.792  -21.258 0.6000000238
6596  -37.516  -72.482  -20.846 0.6000000238
6602  -47.094  -72.737  -22.704 0.6000000238
6608  -26.536  -71.549  -22.766 0.6999999881
6609  -26.846  -71.440  -22.334 0.6000000238
6614  -41.178  -72.137  -21.864 0.5000000000
6616  -44.124  -72.824  -22.836 0.5000000000
6618  -47.151  -72.567  -23.119 0.5000000000
6623  -26.437  -71.627  -23.337 0.6999999881
6626  -28.318  -71.949  -23.887 0.6000000238
6634  -26.906  -72.448  -24.401 0.6999999881
7123  -27.394  -71.725  -13.634 0.5000000000
7124  -28.421  -71.443  -13.398 0.5000000000
7125  -29.170  -71.699  -13.652 0.5000000000
7139  -31.213  -71.234  -15.016 0.6000000238
7152  -26.397  -71.667  -14.893 0.6000000238
7162  -25.942  -71.982  -16.779 0.6000000238
7163  -26.475  -71.452  -16.603 0.6000000238
7167  -41.346  -71.257  -16.828 0.4000000060
7183  -26.308  -71.027  -19.491 0.6000000238
7186  -32.003  -70.877  -18.292 0.6000000238
7197  -30.327  -71.837  -19.218 0.6000000238
7200  -42.021  -71.576  -19.279 0.4000000060
7234  -38.963  -72.178  -21.363 0.6000000238
7236  -45.448  -70.984  -21.508 0.5000000000
7250  -32.730  -72.127  -21.926 0.5000000000
7260  -46.567  -71.498  -23.300 0.4000000060
7273  -38.196  -71.611  -23.663 0.5000000000
7818  -29.116  -70.027  -12.833 0.6000000238
7847  -31.580  -70.776  -14.241 0.6000000238
7848  -32.289  -70.552  -14.630 0.6000000238
7861  -34.320  -70.205  -15.769 0.5000000000
7874  -33.095  -70.740  -16.299 0.5000000000
7876  -34.273  -70.338  -16.633 0.5000000000
7877  -35.839  -70.343  -16.181 0.5000000000
7880  -42.721  -71.194  -16.182 0.3000000119
7891  -27.900  -70.030  -17.327 0.5000000000
7915  -41.569  -70.126  -18.243 0.4000000060
7931  -42.977  -70.300  -19.547 0.5000000000
7932  -43.619  -70.470  -19.947 0.4000000060
7954  -44.148  -70.184  -20.968 0.4000000060
7972  -45.118  -70.387  -24.019 0.5000000000
8507  -30.400  -69.536  -12.609 0.6000000238
8519  -28.525  -69.743  -13.236 0.6000000238
8520  -30.777  -70.209  -12.944 0.6000000238
8548  -35.562  -69.338  -15.379 0.5000000000
8550  -41.543  -69.193  -15.916 0.4000000060
8552  -43.011  -69.655  -15.276 0.3000000119
8576  -41.372  -69.433  -17.128 0.3000000119
8650  -43.697  -69.955  -24.595 0.5000000000
9233  -29.621  -68.613  -12.681 0.6000000238
9237  -32.844  -67.973  -12.207 0.6000000238
9245  -28.716  -68.949  -13.521 0.6000000238
9248  -32.428  -68.670  -12.688 0.6000000238
9255  -28.564  -68.694  -14.253 0.6000000238
9257  -34.346  -68.444  -14.332 0.5000000000
9270  -28.750  -68.640  -15.163 0.5000000000
9272  -34.815  -68.854  -14.921 0.5000000000
9282  -29.059  -68.815  -16.126 0.6000000238
9296  -29.946  -68.800  -17.669 0.6000000238
9346  -24.771  -68.919  -23.409 0.6000000238
9358  -24.902  -68.432  -24.658 0.6000000238
9921  -32.748  -66.802  -11.752 0.5000000000
9938  -33.315  -67.237  -11.885 0.5000000000
9958  -29.626  -67.055  -14.101 0.5000000000
9983  -30.539  -67.597  -16.776 0.6000000238
10013  -27.998  -67.166  -20.099 0.6000000238
10022  -24.513  -67.558  -20.241 0.6000000238
10044  -28.188  -67.254  -24.202 0.6000000238
10057  -27.881  -67.264  -24.762 0.6999999881
10061  -26.297  -67.944  -24.903 0.6999999881
10665  -34.140  -66.100  -11.632 0.5000000000
10678  -30.946  -66.757  -12.499 0.5000000000
10681  -34.690  -66.690  -11.873 0.4000000060
10696  -30.385  -66.614  -13.000 0.5000000000
10757  -42.108  -65.988  -16.859 0.3000000119
10785  -27.390  -66.849  -20.526 0.6999999881
10796  -22.976  -66.515  -22.522 0.5000000000
10809  -24.130  -66.856  -23.761 0.6999999881
10811  -28.537  -67.183  -22.903 0.6000000238
10825  -28.794  -66.591  -24.446 0.6000000238
11434  -35.909  -65.870  -11.683 0.4000000060
11468  -43.996  -65.973  -15.896 0.3000000119
11482  -31.778  -65.319  -18.270 0.8000000119
11483  -32.043  -65.543  -17.639 0.8000000119
11487  -43.387  -65.482  -17.383 0.3000000119
11496  -41.829  -65.784  -18.818 0.5000000000
11503  -23.332  -65.165  -20.058 0.6000000238
11507  -42.297  -65.286  -19.194 0.4000000060
11530  -29.701  -66.090  -21.897 0.8000000119
11544  -29.619  -66.092  -22.724 0.8000000119
11555  -26.545  -65.253  -24.396 0.5000000000
11557  -29.373  -66.002  -23.564 0.6999999881
11562  -27.965  -66.126  -24.886 0.6999999881
12181  -32.072  -63.820  -15.462 0.5000000000
12193  -31.715  -64.223  -16.794 0.5000000000
12212  -28.539  -64.549  -18.612 0.6999999881
12303  -28.093  -65.175  -24.568 0.6000000238
12304  -28.676  -65.433  -24.315 0.8000000119
12983  -28.640  -63.488  -22.967 0.6999999881
12992  -25.850  -63.870  -23.454 0.6000000238
12993  -27.395  -63.404  -23.760 0.6000000238
13664  -24.003  -62.254  -16.890 0.6999999881
13671  -22.851  -62.666  -17.327 0.6999999881
13672  -23.615  -62.728  -17.327 0.6999999881
13673  -24.097  -62.684  -17.461 0.6999999881
13680  -21.804  -62.843  -18.215 0.6000000238
13681  -22.371  -63.134  -17.869 0.6000000238
13682  -24.350  -62.799  -18.059 0.8000000119
13734  -28.309  -62.853  -23.316 0.6999999881
14429  -23.273  -60.869  -16.019 0.6999999881
15242  -23.862  -60.641  -15.762 0.6999999881
15268  -24.569  -60.987  -16.666 0.8000000119
15299  -28.569  -60.572  -21.278 0.5000000000
15316  -28.042  -60.706  -22.932 0.5000000000
15324  -27.497  -60.441  -23.029 0.5000000000
16053  -23.923  -59.859  -15.503 0.6999999881
16119  -24.248  -59.418  -19.798 0.5000000000
16162  -24.944  -59.117  -22.056 0.6000000238
16180  -25.404  -59.371  -22.666 0.6000000238
16182  -27.319  -59.312  -22.649 0.5000000000
16902  -23.864  -58.254  -14.137 0.6000000238
17018  -26.204  -58.753  -22.605 0.6000000238
17746  -24.341  -58.042  -13.824 0.6000000238
17747  -24.861  -57.585  -13.523 0.5000000000
17830  -25.080  -57.142  -20.581 0.5000000000
18669  -27.768  -56.392  -21.641 0.5000000000
19406  -25.293  -55.486  -14.704 0.5000000000
19441  -24.468  -55.732  -17.589 0.5000000000
19511  -26.340  -55.688  -21.533 0.4000000060
19514  -28.372  -55.298  -21.682 0.4000000060
20170  -21.715  -54.163  -9.824 0.4000000060
20208  -25.392  -54.891  -12.430 0.4000000060
20266  -24.394  -54.263  -18.523 0.4000000060
20294  -26.835  -54.614  -21.603 0.4000000060
20968  -20.957  -54.029  -9.754 0.4000000060
20982  -24.275  -54.172  -10.459 0.5000000000
20990  -19.698  -53.434  -10.931 0.4000000060
20994  -25.190  -53.710  -11.487 0.4000000060
21139  -27.516  -54.230  -21.649 0.4000000060
21141  -29.099  -53.795  -21.091 0.4000000060
21869  -21.772  -52.741  -9.542 0.4000000060
21872  -24.406  -53.335  -10.597 0.4000000060
21991  -28.676  -53.185  -21.105 0.4000000060
22751  -18.465  -51.748  -9.026 0.4000000060
22752  -19.157  -51.943  -8.919 0.4000000060
22753  -19.993  -51.996  -9.351 0.5000000000
22772  -26.132  -51.562  -11.001 0.4000000060
22773  -26.467  -51.223  -11.606 0.3000000119
22858  -26.821  -51.950  -19.956 0.4000000060
23610  -19.147  -51.005  -8.747 0.5000000000
113636  -24.327  -55.025  -18.089 0.5000000000
115239  -24.528  -53.674  -17.143 0.4000000060
115330  -41.075  -78.801  -10.847 0.3000000119
116477  -41.581  -67.116  -19.079 0.5000000000
117534  -31.550  -74.421  -21.749 0.5000000000
117728  -22.684  -61.109  -16.477 0.6999999881
117805  -22.392  -74.546  -18.748 0.5000000000
118109  -27.640  -74.880  -19.133 0.6999999881
118944  -32.076  -69.427  -13.103 0.6000000238
119467  -29.325  -73.070  -17.230 0.5000000000
122075  -43.794  -69.440  -23.505 0.5000000000
122490  -46.429  -72.045  -21.803 0.6000000238
122985  -42.373  -68.012  -21.377 0.5000000000
123490  -24.799  -59.326  -16.386 0.5000000000
124426  -20.109  -53.722  -9.787 0.3000000119
124654  -43.047  -76.029  -24.216 0.5000000000
124682  -24.304  -61.613  -16.738 0.8000000119
124707  -24.739  -53.768  -16.457 0.5000000000
124877  -30.551  -65.321  -19.448 0.8000000119
125108  -26.594  -73.409  -25.613 0.6000000238
125253  -26.212  -74.482  -26.298 0.6000000238
126482  -39.482  -74.441  -23.040 0.6000000238
126535  -32.566  -74.327  -23.220 0.6000000238
126613  -44.736  -77.946  -11.041 0.3000000119
128101  -41.545  -66.884  -17.524 0.3000000119
128431  -21.988  -63.348  -18.534 0.6000000238
128540  -23.047  -69.092  -23.958 0.6000000238
128582  -22.414  -63.897  -19.053 0.6000000238
128862  -29.383  -72.923  -17.889 0.5000000000
129113  -39.167  -73.185  -20.903 0.6999999881
129167  -27.909  -74.084  -16.990 0.6000000238
129181  -23.873  -78.445  -24.118 0.5000000000
129253  -21.630  -74.996  -19.546 0.5000000000
130011  -36.767  -72.230  -21.053 0.6000000238
130427  -28.466  -63.138  -23.193 0.6999999881
130946  -30.807  -73.113  -25.777 0.5000000000
131021  -29.046  -74.361  -27.003 0.5000000000
131062  -23.848  -53.663  -10.142 0.5000000000
131154  -26.438  -75.337  -17.341 0.6000000238
131173  -41.866  -73.126  -19.300 0.3000000119
131201  -25.534  -53.553  -19.742 0.4000000060
131208  -29.150  -70.131  -22.168 0.4000000060
131413  -34.354  -74.970  -26.646 0.4000000060
132422  -20.285  -53.810  -10.599 0.3000000119
132442  -25.371  -63.226  -23.051 0.6000000238
132570  -21.292  -76.477  -18.495 0.5000000000
132769  -23.050  -55.382  -11.698 0.4000000060
132784  -27.508  -70.370  -14.108 0.4000000060
132845  -22.206  -49.841  -11.983 0.4000000060
133110  -23.170  -75.203  -16.663 0.6999999881
133398  -39.613  -74.574  -23.935 0.6000000238
133830  -40.696  -79.455  -23.739 0.4000000060
134067  -23.205  -73.939  -18.730 0.6000000238
134542  -26.525  -71.336  -15.794 0.6000000238
134588  -45.101  -78.622  -17.451 0.3000000119
134604  -41.828  -78.059  -23.212 0.4000000060
134616  -24.676  -58.889  -21.390 0.6000000238
134943  -46.029  -75.432  -24.016 0.4000000060
135013  -44.410  -77.752  -11.549 0.3000000119
135267  -42.078  -75.862  -24.352 0.6000000238
135304  -30.778  -66.256  -19.960 0.6999999881
135563  -44.188  -79.313  -10.727 0.3000000119
135573  -25.340  -54.208  -12.970 0.4000000060
135581  -25.254  -75.927  -17.106 0.6999999881
