#!ascii label  , from subject sub-002 vox2ras=TkReg
513
20956  -58.546  -53.812  -7.031 0.0000000000
19390  -51.508  -55.242  -12.479 0.0000000000
22692  -52.567  -50.894  -3.164 0.0000000000
127634  -53.984  -55.313  -8.756 0.0000000000
21806  -49.637  -52.662  -6.709 0.0000000000
19258  -56.668  -56.262  0.368 0.0000000000
19254  -50.535  -55.090  0.811 0.0000000000
16668  -50.834  -58.222  7.971 0.0000000000
23540  -49.954  -50.948  -2.188 0.0000000000
22718  -51.109  -51.653  -4.871 0.0000000000
22687  -48.128  -50.881  -3.637 0.0000000000
19256  -52.893  -55.233  0.609 0.0000000000
16712  -52.361  -58.809  3.538 0.0000000000
19159  -52.303  -55.691  7.279 0.0000000000
19197  -49.219  -55.282  5.426 0.0000000000
16875  -55.920  -59.068  -9.262 0.0000000000
129099  -52.292  -55.188  -11.244 0.0000000000
116967  -50.119  -59.261  -10.491 0.0000000000
16889  -47.831  -58.026  -11.121 0.0000000000
21772  -56.268  -52.289  -4.564 0.0000000000
20166  -56.821  -54.296  -8.621 0.0000000000
21846  -52.353  -53.127  -8.928 0.0000000000
21861  -50.603  -53.169  -9.881 0.0000000000
20914  -54.236  -53.000  -1.365 0.0000000000
20900  -51.288  -53.165  -0.664 0.0000000000
20896  -47.900  -53.448  -0.212 0.0000000000
15821  -52.185  -59.957  6.843 0.0000000000
17563  -49.805  -56.989  4.250 0.0000000000
20075  -47.411  -54.621  1.846 0.0000000000
21713  -45.566  -52.267  0.998 0.0000000000
126413  -52.923  -59.588  -9.874 0.0000000000
21035  -46.612  -53.541  -13.150 0.0000000000
19400  -49.900  -55.526  -14.671 0.0000000000
18589  -52.256  -57.105  -15.402 0.0000000000
22664  -48.206  -50.625  -1.981 0.0000000000
23567  -49.362  -50.395  -3.078 0.0000000000
114486  -57.378  -56.658  -8.432 0.0000000000
19377  -51.240  -55.595  -11.397 0.0000000000
18533  -49.450  -56.657  -10.416 0.0000000000
18542  -49.401  -56.397  -11.031 0.0000000000
17751  -47.455  -57.561  -12.778 0.0000000000
17740  -50.048  -56.768  -12.849 0.0000000000
22694  -54.653  -51.599  -3.579 0.0000000000
22720  -53.354  -51.705  -4.685 0.0000000000
21781  -49.905  -52.483  -5.890 0.0000000000
21808  -51.362  -52.537  -6.355 0.0000000000
21831  -51.017  -52.788  -7.209 0.0000000000
21862  -52.048  -53.206  -9.808 0.0000000000
119929  -49.950  -53.032  -8.273 0.0000000000
132559  -56.741  -53.021  -2.664 0.0000000000
20108  -55.828  -54.501  -0.740 0.0000000000
19235  -52.041  -55.619  1.024 0.0000000000
20105  -52.582  -53.886  -0.182 0.0000000000
20091  -50.840  -54.527  0.142 0.0000000000
21729  -50.202  -52.904  -0.778 0.0000000000
20883  -49.365  -54.008  -0.100 0.0000000000
135730  -51.180  -59.187  7.580 0.0000000000
16701  -50.784  -58.728  5.796 0.0000000000
120263  -50.226  -58.170  6.001 0.0000000000
20839  -47.727  -53.924  4.060 0.0000000000
19208  -48.044  -55.077  3.743 0.0000000000
20861  -46.760  -53.530  2.576 0.0000000000
20870  -46.620  -53.513  1.840 0.0000000000
131422  -54.873  -55.012  -8.801 0.0000000000
17709  -54.425  -57.211  -8.522 0.0000000000
17708  -53.239  -57.341  -8.635 0.0000000000
15209  -50.367  -60.630  -11.248 0.0000000000
22793  -46.149  -51.883  -13.553 0.0000000000
20213  -47.912  -54.312  -13.763 0.0000000000
133723  -50.874  -55.577  -16.090 0.0000000000
22675  -51.501  -50.884  -2.405 0.0000000000
124404  -52.311  -51.075  -3.736 0.0000000000
22690  -50.781  -50.775  -3.460 0.0000000000
22703  -49.463  -51.487  -4.486 0.0000000000
126791  -48.763  -51.918  -5.011 0.0000000000
18412  -54.740  -56.071  0.655 0.0000000000
17591  -52.843  -57.109  1.806 0.0000000000
18378  -51.193  -56.821  2.263 0.0000000000
18308  -51.404  -56.790  8.176 0.0000000000
18349  -49.926  -56.571  6.681 0.0000000000
19181  -50.223  -55.765  6.580 0.0000000000
20830  -49.473  -53.889  5.174 0.0000000000
21673  -48.671  -52.743  4.311 0.0000000000
19349  -52.584  -55.453  -9.331 0.0000000000
121224  -51.568  -57.503  -8.864 0.0000000000
17717  -50.226  -57.354  -9.491 0.0000000000
16879  -48.543  -58.586  -10.722 0.0000000000
15206  -47.433  -59.800  -11.935 0.0000000000
16922  -46.384  -58.725  -13.273 0.0000000000
16923  -47.787  -58.356  -14.326 0.0000000000
16935  -49.638  -58.687  -14.929 0.0000000000
21814  -57.804  -53.234  -5.938 0.0000000000
20167  -57.809  -54.502  -8.169 0.0000000000
21835  -55.646  -53.104  -7.592 0.0000000000
20961  -55.005  -53.611  -9.485 0.0000000000
21784  -52.844  -52.156  -5.515 0.0000000000
21833  -53.307  -52.961  -7.574 0.0000000000
20977  -54.134  -53.851  -10.332 0.0000000000
20180  -53.612  -54.001  -10.771 0.0000000000
118980  -52.295  -53.721  -11.266 0.0000000000
21004  -51.904  -54.065  -11.805 0.0000000000
119556  -57.291  -52.566  -3.848 0.0000000000
122348  -55.297  -52.055  -2.757 0.0000000000
21756  -53.808  -51.550  -2.576 0.0000000000
20107  -54.154  -54.469  -0.079 0.0000000000
20902  -52.964  -53.180  -0.734 0.0000000000
21746  -51.778  -51.676  -1.459 0.0000000000
21745  -51.014  -51.887  -1.241 0.0000000000
22651  -49.119  -52.191  -1.249 0.0000000000
112660  -47.327  -51.898  -1.126 0.0000000000
128796  -51.730  -59.190  4.883 0.0000000000
16710  -51.042  -57.882  3.410 0.0000000000
127910  -49.925  -56.455  2.633 0.0000000000
18368  -49.276  -56.459  4.461 0.0000000000
18375  -48.833  -56.113  3.141 0.0000000000
20076  -48.629  -55.129  1.238 0.0000000000
20881  -47.430  -53.821  0.604 0.0000000000
21715  -46.868  -53.300  0.032 0.0000000000
17710  -56.371  -57.510  -8.750 0.0000000000
16004  -54.599  -59.558  -9.618 0.0000000000
16002  -52.150  -59.279  -9.869 0.0000000000
15196  -51.935  -60.464  -10.580 0.0000000000
21860  -49.143  -53.327  -9.411 0.0000000000
20986  -49.598  -53.454  -10.856 0.0000000000
21022  -50.212  -54.077  -12.114 0.0000000000
20201  -49.496  -54.496  -12.871 0.0000000000
19402  -50.908  -55.513  -12.959 0.0000000000
18567  -50.490  -56.721  -13.656 0.0000000000
16924  -50.671  -58.010  -14.297 0.0000000000
22663  -47.406  -50.915  -1.547 0.0000000000
23538  -47.656  -49.830  -1.966 0.0000000000
17713  -57.575  -56.555  -8.253 0.0000000000
19354  -58.219  -55.054  -7.857 0.0000000000
19378  -51.836  -55.281  -12.134 0.0000000000
18543  -50.288  -55.893  -11.287 0.0000000000
18544  -51.045  -55.892  -12.210 0.0000000000
18553  -49.129  -56.661  -11.786 0.0000000000
18555  -50.629  -56.210  -12.734 0.0000000000
22693  -53.891  -51.345  -3.303 0.0000000000
22707  -53.906  -51.426  -4.015 0.0000000000
120469  -53.160  -51.180  -3.607 0.0000000000
21807  -50.469  -52.615  -6.517 0.0000000000
120937  -50.776  -52.957  -8.093 0.0000000000
21829  -49.333  -52.845  -7.518 0.0000000000
19266  -57.220  -55.718  -0.391 0.0000000000
20109  -56.853  -54.857  -0.919 0.0000000000
19265  -55.964  -55.308  -0.260 0.0000000000
19234  -51.114  -55.570  1.311 0.0000000000
19255  -51.431  -55.000  0.707 0.0000000000
20090  -49.913  -54.602  0.275 0.0000000000
16669  -51.309  -58.373  9.011 0.0000000000
16653  -52.277  -58.986  10.090 0.0000000000
117210  -51.596  -59.120  9.288 0.0000000000
16694  -50.547  -58.442  6.621 0.0000000000
16682  -50.505  -58.125  7.219 0.0000000000
21672  -47.795  -53.036  4.079 0.0000000000
20853  -47.083  -53.517  3.454 0.0000000000
20852  -46.737  -52.781  2.946 0.0000000000
22599  -46.883  -51.926  3.111 0.0000000000
18520  -53.661  -56.337  -8.463 0.0000000000
21048  -48.303  -54.013  -15.281 0.0000000000
19427  -50.251  -55.377  -15.878 0.0000000000
135549  -50.417  -54.726  -16.403 0.0000000000
23541  -50.747  -50.956  -2.244 0.0000000000
23569  -50.893  -50.663  -2.816 0.0000000000
23553  -50.283  -50.676  -2.638 0.0000000000
23566  -48.574  -50.107  -3.038 0.0000000000
22688  -49.024  -50.856  -3.630 0.0000000000
22702  -48.504  -51.492  -4.353 0.0000000000
18379  -51.991  -56.924  1.911 0.0000000000
128797  -51.732  -57.214  2.282 0.0000000000
18309  -52.132  -56.737  8.494 0.0000000000
18328  -51.865  -56.214  7.819 0.0000000000
19157  -50.556  -56.240  7.237 0.0000000000
124247  -50.888  -55.566  6.889 0.0000000000
119281  -49.113  -53.301  4.742 0.0000000000
15187  -55.379  -60.352  -9.538 0.0000000000
19359  -51.860  -55.429  -9.785 0.0000000000
18529  -51.175  -56.154  -9.318 0.0000000000
18528  -50.408  -56.365  -9.642 0.0000000000
122730  -48.803  -56.962  -10.695 0.0000000000
17723  -49.418  -57.411  -10.086 0.0000000000
16888  -47.140  -58.356  -11.652 0.0000000000
131335  -46.586  -59.158  -12.085 0.0000000000
17752  -48.509  -57.364  -12.891 0.0000000000
16906  -47.054  -58.077  -13.523 0.0000000000
16907  -48.051  -57.716  -13.619 0.0000000000
16934  -48.538  -58.734  -14.965 0.0000000000
124710  -49.023  -58.164  -14.281 0.0000000000
21788  -57.103  -52.701  -5.265 0.0000000000
21813  -56.895  -52.989  -6.198 0.0000000000
20952  -55.439  -53.382  -8.666 0.0000000000
21834  -54.784  -53.004  -7.894 0.0000000000
126597  -52.013  -51.494  -4.534 0.0000000000
22719  -52.605  -51.742  -4.869 0.0000000000
21783  -51.854  -52.094  -5.427 0.0000000000
131126  -52.590  -52.828  -7.029 0.0000000000
21832  -52.497  -52.950  -7.896 0.0000000000
121307  -53.564  -53.159  -8.992 0.0000000000
21864  -53.843  -53.532  -10.134 0.0000000000
20976  -53.526  -53.729  -10.592 0.0000000000
113152  -51.226  -53.083  -9.635 0.0000000000
21876  -51.557  -53.294  -10.501 0.0000000000
115104  -51.504  -53.553  -11.314 0.0000000000
20915  -55.627  -53.327  -1.554 0.0000000000
20925  -55.880  -52.836  -2.368 0.0000000000
21749  -54.935  -52.630  -1.965 0.0000000000
21757  -54.591  -51.905  -2.472 0.0000000000
21748  -54.046  -52.247  -1.915 0.0000000000
19257  -53.906  -55.232  0.364 0.0000000000
20093  -53.268  -54.502  0.161 0.0000000000
20104  -51.785  -53.687  -0.359 0.0000000000
20901  -52.102  -53.141  -0.721 0.0000000000
21732  -52.501  -52.308  -1.224 0.0000000000
21731  -51.552  -52.469  -1.038 0.0000000000
21730  -50.785  -52.676  -0.914 0.0000000000
20897  -48.928  -53.443  -0.365 0.0000000000
126132  -49.515  -52.881  -0.807 0.0000000000
21728  -48.524  -52.878  -0.812 0.0000000000
22650  -48.183  -52.143  -1.228 0.0000000000
21727  -47.494  -52.771  -0.700 0.0000000000
15829  -52.196  -59.825  5.932 0.0000000000
16700  -50.426  -58.190  5.228 0.0000000000
16707  -50.745  -58.075  4.319 0.0000000000
17564  -50.377  -57.461  3.871 0.0000000000
17570  -50.613  -57.179  3.018 0.0000000000
120169  -50.069  -56.981  3.564 0.0000000000
19180  -49.627  -56.023  5.981 0.0000000000
17548  -49.713  -56.858  5.872 0.0000000000
18362  -49.255  -56.189  5.161 0.0000000000
19215  -47.842  -55.126  3.032 0.0000000000
19212  -48.393  -55.588  3.453 0.0000000000
19216  -48.326  -55.611  2.710 0.0000000000
19217  -48.944  -56.006  2.375 0.0000000000
115040  -47.938  -55.065  1.619 0.0000000000
20088  -47.913  -54.493  1.034 0.0000000000
21705  -46.093  -52.860  1.538 0.0000000000
20880  -46.578  -53.499  0.977 0.0000000000
21714  -46.043  -52.884  0.537 0.0000000000
21725  -45.608  -52.145  0.184 0.0000000000
129477  -57.392  -54.303  -8.354 0.0000000000
18523  -57.347  -55.806  -8.416 0.0000000000
115495  -56.750  -55.910  -8.491 0.0000000000
16873  -53.935  -58.902  -9.397 0.0000000000
16874  -54.931  -58.844  -9.450 0.0000000000
16003  -53.661  -59.581  -9.703 0.0000000000
15186  -54.293  -60.358  -9.759 0.0000000000
16012  -53.363  -60.248  -9.965 0.0000000000
16870  -50.704  -58.235  -9.574 0.0000000000
16871  -51.694  -58.409  -9.381 0.0000000000
16009  -50.843  -59.367  -10.298 0.0000000000
115690  -50.823  -61.363  -11.613 0.0000000000
15210  -51.381  -60.860  -11.148 0.0000000000
21844  -48.994  -53.139  -8.487 0.0000000000
21843  -47.950  -53.014  -8.374 0.0000000000
20985  -48.741  -53.566  -10.975 0.0000000000
117694  -50.226  -53.588  -11.465 0.0000000000
21002  -49.392  -53.716  -11.497 0.0000000000
20226  -49.130  -54.921  -14.611 0.0000000000
20214  -48.807  -54.647  -13.735 0.0000000000
20215  -49.792  -55.015  -13.681 0.0000000000
20216  -50.486  -55.394  -13.378 0.0000000000
19401  -50.505  -56.163  -13.900 0.0000000000
124515  -51.578  -56.621  -15.456 0.0000000000
17763  -50.963  -57.565  -14.346 0.0000000000
18576  -51.585  -57.458  -14.913 0.0000000000
23539  -49.026  -50.667  -2.199 0.0000000000
23552  -49.595  -50.506  -2.705 0.0000000000
117495  -48.296  -50.151  -2.291 0.0000000000
23550  -47.945  -49.803  -2.494 0.0000000000
23565  -47.816  -49.877  -3.121 0.0000000000
124968  -51.760  -55.274  6.581 0.0000000000
20032  -52.377  -54.909  6.094 0.0000000000
125294  -56.947  -57.663  -8.667 0.0000000000
19358  -51.013  -55.627  -10.160 0.0000000000
18534  -50.083  -56.028  -10.454 0.0000000000
17730  -48.133  -57.309  -11.174 0.0000000000
17738  -47.190  -57.639  -12.236 0.0000000000
126537  -48.034  -57.135  -11.949 0.0000000000
17739  -49.013  -56.940  -12.452 0.0000000000
17753  -49.599  -57.339  -13.263 0.0000000000
22709  -55.442  -51.871  -3.968 0.0000000000
22708  -54.661  -51.734  -4.160 0.0000000000
22721  -54.185  -51.937  -4.740 0.0000000000
21785  -53.670  -52.250  -5.519 0.0000000000
21782  -50.804  -52.271  -5.682 0.0000000000
119814  -51.611  -52.911  -7.991 0.0000000000
21845  -51.407  -53.026  -8.922 0.0000000000
117577  -50.629  -53.061  -9.010 0.0000000000
117711  -49.850  -53.234  -9.180 0.0000000000
20120  -56.216  -53.990  -1.171 0.0000000000
20904  -55.331  -53.824  -0.907 0.0000000000
122285  -52.149  -54.927  0.594 0.0000000000
116615  -51.798  -54.358  0.140 0.0000000000
20885  -51.089  -53.855  -0.350 0.0000000000
20899  -50.552  -53.241  -0.599 0.0000000000
20884  -50.246  -53.976  -0.298 0.0000000000
20898  -49.818  -53.354  -0.494 0.0000000000
15791  -51.867  -59.632  9.090 0.0000000000
135234  -51.771  -59.738  7.869 0.0000000000
15820  -51.287  -59.289  6.660 0.0000000000
17560  -50.060  -57.585  4.758 0.0000000000
20057  -48.230  -54.294  4.530 0.0000000000
19209  -48.276  -54.998  4.415 0.0000000000
20056  -47.937  -54.584  4.012 0.0000000000
20065  -47.470  -54.494  3.407 0.0000000000
20862  -47.001  -54.116  2.855 0.0000000000
20067  -46.964  -54.100  2.203 0.0000000000
21695  -45.811  -52.093  1.687 0.0000000000
19351  -55.878  -55.242  -8.594 0.0000000000
18521  -54.835  -56.138  -8.359 0.0000000000
16860  -53.338  -58.289  -9.041 0.0000000000
15195  -50.859  -60.060  -10.679 0.0000000000
21918  -47.122  -52.349  -14.650 0.0000000000
21046  -46.732  -53.142  -13.980 0.0000000000
21036  -47.155  -53.935  -13.858 0.0000000000
20224  -47.784  -54.036  -14.469 0.0000000000
20225  -48.418  -54.489  -14.493 0.0000000000
19412  -50.423  -56.116  -15.031 0.0000000000
19428  -50.878  -56.095  -15.568 0.0000000000
22676  -52.344  -50.948  -2.564 0.0000000000
22691  -51.724  -50.723  -3.141 0.0000000000
22705  -51.401  -51.136  -4.012 0.0000000000
22704  -50.475  -51.257  -4.275 0.0000000000
23568  -50.166  -50.518  -3.078 0.0000000000
22689  -49.926  -50.786  -3.632 0.0000000000
22717  -50.175  -51.912  -5.104 0.0000000000
22716  -49.309  -52.163  -5.393 0.0000000000
21780  -48.511  -52.317  -5.672 0.0000000000
121085  -55.632  -55.865  0.407 0.0000000000
18411  -53.606  -56.026  0.750 0.0000000000
18397  -53.272  -56.608  1.287 0.0000000000
18410  -52.808  -56.027  0.930 0.0000000000
18396  -52.404  -56.427  1.416 0.0000000000
18395  -51.579  -56.220  1.649 0.0000000000
18394  -50.749  -56.105  1.946 0.0000000000
17516  -51.641  -57.419  8.885 0.0000000000
17515  -50.990  -57.516  8.242 0.0000000000
17534  -50.498  -57.588  7.478 0.0000000000
18326  -50.733  -56.892  7.713 0.0000000000
19198  -49.964  -55.210  5.981 0.0000000000
20030  -50.827  -55.146  6.278 0.0000000000
20045  -49.754  -54.543  5.535 0.0000000000
131930  -49.144  -54.485  5.255 0.0000000000
20829  -48.766  -53.998  4.984 0.0000000000
21686  -48.175  -52.191  3.878 0.0000000000
19361  -53.458  -54.625  -9.737 0.0000000000
18519  -52.699  -56.266  -8.655 0.0000000000
19348  -51.872  -56.072  -8.876 0.0000000000
114353  -50.985  -57.723  -9.237 0.0000000000
17724  -49.918  -58.040  -9.706 0.0000000000
16008  -49.309  -59.154  -10.612 0.0000000000
15207  -48.407  -60.043  -11.666 0.0000000000
17750  -46.733  -57.926  -12.685 0.0000000000
16047  -46.721  -58.862  -14.337 0.0000000000
16933  -47.579  -58.860  -14.951 0.0000000000
16060  -49.127  -59.169  -15.575 0.0000000000
20946  -58.267  -53.601  -6.589 0.0000000000
20160  -58.308  -54.293  -7.662 0.0000000000
20955  -58.180  -53.758  -7.405 0.0000000000
20954  -57.366  -53.679  -7.822 0.0000000000
20963  -57.002  -53.948  -8.418 0.0000000000
20953  -56.386  -53.550  -8.264 0.0000000000
20962  -55.933  -53.856  -8.896 0.0000000000
20174  -55.108  -53.835  -9.544 0.0000000000
20173  -54.555  -53.819  -10.020 0.0000000000
22706  -52.828  -51.375  -4.247 0.0000000000
21809  -52.272  -52.507  -6.303 0.0000000000
21810  -53.220  -52.615  -6.458 0.0000000000
118698  -54.062  -53.028  -8.106 0.0000000000
20960  -54.409  -53.527  -9.843 0.0000000000
20172  -54.028  -53.942  -10.480 0.0000000000
20171  -53.390  -54.191  -10.887 0.0000000000
19367  -52.822  -54.535  -11.203 0.0000000000
20988  -53.088  -53.947  -11.063 0.0000000000
19379  -52.519  -54.736  -11.587 0.0000000000
20189  -52.054  -54.794  -12.124 0.0000000000
21815  -58.171  -53.483  -5.689 0.0000000000
21773  -57.219  -52.563  -4.432 0.0000000000
21766  -56.334  -52.188  -3.859 0.0000000000
21758  -56.308  -52.405  -3.226 0.0000000000
22678  -55.420  -51.886  -3.373 0.0000000000
22677  -54.660  -51.579  -2.995 0.0000000000
118979  -52.998  -51.320  -2.390 0.0000000000
19264  -54.866  -55.248  0.105 0.0000000000
120977  -55.051  -54.500  -0.413 0.0000000000
20903  -54.410  -53.755  -0.731 0.0000000000
20106  -53.506  -53.853  -0.357 0.0000000000
129365  -53.687  -53.329  -0.909 0.0000000000
21733  -53.433  -52.649  -1.305 0.0000000000
21747  -53.225  -51.859  -1.813 0.0000000000
22668  -52.469  -51.470  -1.847 0.0000000000
114561  -51.886  -51.162  -1.965 0.0000000000
22667  -51.254  -51.277  -1.779 0.0000000000
22666  -50.466  -51.412  -1.651 0.0000000000
22652  -50.127  -52.219  -1.173 0.0000000000
22665  -49.587  -51.421  -1.645 0.0000000000
126553  -48.706  -51.396  -1.648 0.0000000000
135371  -47.956  -51.441  -1.577 0.0000000000
15828  -51.537  -59.266  5.482 0.0000000000
16711  -51.489  -58.496  3.881 0.0000000000
17565  -51.841  -58.208  3.015 0.0000000000
17571  -51.423  -57.509  2.686 0.0000000000
18377  -50.392  -56.576  2.506 0.0000000000
117212  -50.215  -55.591  1.493 0.0000000000
134974  -50.089  -57.573  6.631 0.0000000000
17559  -49.585  -56.978  5.084 0.0000000000
125266  -48.521  -55.541  4.142 0.0000000000
18371  -48.860  -56.063  3.896 0.0000000000
18372  -49.450  -56.563  3.607 0.0000000000
18376  -49.461  -56.378  2.821 0.0000000000
18393  -49.845  -56.133  2.191 0.0000000000
19253  -49.577  -55.154  0.949 0.0000000000
20089  -48.955  -54.573  0.553 0.0000000000
20882  -48.428  -53.952  0.267 0.0000000000
20871  -47.083  -54.019  1.440 0.0000000000
21726  -46.457  -52.404  -0.417 0.0000000000
22649  -46.567  -51.424  -1.023 0.0000000000
19353  -57.902  -55.190  -8.223 0.0000000000
17711  -56.926  -56.862  -8.680 0.0000000000
16863  -56.385  -58.330  -8.895 0.0000000000
123167  -55.430  -57.122  -8.528 0.0000000000
16862  -55.429  -58.082  -8.997 0.0000000000
126469  -55.378  -59.507  -9.481 0.0000000000
17719  -52.448  -57.941  -8.883 0.0000000000
16011  -52.503  -60.011  -10.181 0.0000000000
24397  -47.345  -49.450  -2.596 0.0000000000
22701  -47.635  -51.498  -4.396 0.0000000000
22715  -48.042  -51.953  -5.086 0.0000000000
21805  -48.233  -52.606  -6.520 0.0000000000
119126  -48.928  -52.704  -6.869 0.0000000000
21828  -48.393  -52.846  -7.492 0.0000000000
21859  -48.334  -53.256  -9.238 0.0000000000
20974  -49.757  -53.333  -10.055 0.0000000000
20987  -50.606  -53.363  -10.858 0.0000000000
21003  -51.046  -53.722  -11.754 0.0000000000
21023  -51.354  -54.401  -12.263 0.0000000000
20203  -51.306  -54.999  -12.676 0.0000000000
21020  -47.410  -54.040  -13.069 0.0000000000
20200  -48.364  -54.278  -12.951 0.0000000000
21021  -48.978  -54.080  -12.141 0.0000000000
20202  -50.563  -54.739  -12.816 0.0000000000
18556  -50.923  -55.784  -12.799 0.0000000000
17754  -50.350  -57.383  -13.796 0.0000000000
16909  -49.853  -57.779  -13.970 0.0000000000
119268  -50.027  -58.248  -14.454 0.0000000000
15790  -51.156  -58.977  8.424 0.0000000000
15808  -50.843  -58.711  7.413 0.0000000000
15839  -51.183  -58.759  4.823 0.0000000000
16001  -51.228  -58.979  -9.925 0.0000000000
16005  -55.978  -59.900  -9.254 0.0000000000
16010  -51.585  -59.709  -10.267 0.0000000000
16019  -46.930  -59.116  -11.786 0.0000000000
16027  -46.351  -59.153  -12.599 0.0000000000
16028  -46.688  -59.633  -12.232 0.0000000000
16059  -48.032  -59.240  -15.535 0.0000000000
16861  -54.210  -58.159  -8.946 0.0000000000
16872  -52.883  -58.869  -9.491 0.0000000000
16880  -49.369  -58.390  -10.205 0.0000000000
16881  -50.373  -58.717  -10.073 0.0000000000
17552  -49.929  -57.594  5.638 0.0000000000
17705  -57.831  -56.785  -7.786 0.0000000000
17712  -57.486  -57.107  -8.319 0.0000000000
17718  -50.868  -56.962  -9.064 0.0000000000
17722  -48.584  -57.710  -10.593 0.0000000000
18327  -51.185  -56.362  7.671 0.0000000000
18361  -48.768  -55.479  4.778 0.0000000000
18373  -49.973  -56.733  3.013 0.0000000000
18417  -57.509  -56.437  -0.217 0.0000000000
18518  -52.147  -56.988  -8.597 0.0000000000
18522  -56.123  -56.510  -8.488 0.0000000000
18524  -57.579  -56.060  -8.273 0.0000000000
18525  -57.882  -55.943  -7.990 0.0000000000
18541  -48.613  -56.834  -11.258 0.0000000000
18554  -50.223  -56.302  -12.006 0.0000000000
19158  -51.402  -55.812  7.314 0.0000000000
19231  -47.801  -55.154  2.277 0.0000000000
19232  -48.413  -55.515  1.943 0.0000000000
19233  -49.263  -55.621  1.669 0.0000000000
19350  -53.184  -55.573  -8.879 0.0000000000
19352  -56.850  -54.979  -8.598 0.0000000000
19360  -52.754  -54.810  -10.416 0.0000000000
19362  -54.450  -54.295  -9.659 0.0000000000
20044  -48.649  -54.761  4.988 0.0000000000
20068  -47.361  -54.626  2.603 0.0000000000
20092  -52.546  -54.558  0.304 0.0000000000
20156  -58.686  -54.039  -6.868 0.0000000000
20164  -55.225  -54.159  -9.406 0.0000000000
20165  -56.003  -54.212  -8.910 0.0000000000
20179  -52.992  -54.270  -11.086 0.0000000000
20190  -52.551  -54.349  -11.466 0.0000000000
20237  -49.830  -54.421  -16.276 0.0000000000
20840  -48.354  -53.520  4.489 0.0000000000
20945  -57.619  -53.424  -6.885 0.0000000000
20964  -57.743  -54.045  -8.007 0.0000000000
20975  -52.655  -53.502  -10.607 0.0000000000
20978  -54.605  -53.749  -9.948 0.0000000000
21789  -57.874  -53.032  -5.075 0.0000000000
21830  -50.175  -52.785  -7.374 0.0000000000
21847  -54.620  -53.227  -8.959 0.0000000000
23551  -48.747  -50.239  -2.677 0.0000000000
115217  -53.137  -51.058  -2.971 0.0000000000
115622  -54.929  -53.258  -1.256 0.0000000000
115924  -46.470  -53.000  2.255 0.0000000000
116591  -57.433  -54.820  -8.427 0.0000000000
123036  -47.435  -57.679  -11.706 0.0000000000
123388  -57.274  -57.216  -8.547 0.0000000000
124260  -48.793  -54.570  -15.245 0.0000000000
124780  -50.175  -56.985  7.246 0.0000000000
126059  -49.083  -52.590  -6.147 0.0000000000
130843  -48.924  -55.948  4.497 0.0000000000
132790  -51.465  -56.752  -8.813 0.0000000000
134967  -53.340  -51.369  -4.115 0.0000000000
