#!ascii label  , from subject sub-032 vox2ras=TkReg
352
16040  45.706  -68.358  -23.160 0.0000000000
12165  32.854  -71.579  -29.163 0.0000000000
11135  41.413  -73.493  -21.802 0.0000000000
15060  37.101  -69.689  -23.201 0.0000000000
8418  35.534  -77.167  -26.173 0.0000000000
9306  38.942  -75.681  -24.321 0.0000000000
6024  36.192  -79.473  -24.300 0.0000000000
14077  34.312  -70.703  -25.263 0.0000000000
18091  34.762  -66.723  -23.533 0.0000000000
14032  43.463  -70.875  -22.580 0.0000000000
13055  40.051  -72.031  -23.563 0.0000000000
11170  37.026  -73.509  -24.916 0.0000000000
10273  33.835  -74.442  -27.970 0.0000000000
7648  34.232  -77.370  -29.855 0.0000000000
128144  43.746  -65.996  -22.937 0.0000000000
15015  44.231  -69.495  -19.132 0.0000000000
13002  42.303  -71.517  -19.438 0.0000000000
130092  38.783  -65.607  -23.662 0.0000000000
7558  37.045  -77.505  -22.767 0.0000000000
13103  33.228  -71.858  -27.453 0.0000000000
15091  33.134  -69.541  -25.491 0.0000000000
12064  42.961  -72.038  -21.671 0.0000000000
11146  41.366  -73.420  -23.016 0.0000000000
8405  37.809  -76.323  -25.311 0.0000000000
10236  38.203  -74.465  -24.863 0.0000000000
9318  36.683  -75.506  -25.968 0.0000000000
127560  35.367  -74.232  -26.556 0.0000000000
9320  35.121  -75.485  -26.856 0.0000000000
9351  34.361  -76.385  -31.177 0.0000000000
15000  42.898  -68.471  -17.919 0.0000000000
13991  43.707  -70.425  -18.591 0.0000000000
13993  41.995  -70.506  -19.313 0.0000000000
126181  39.515  -69.447  -23.255 0.0000000000
124214  37.945  -67.867  -23.221 0.0000000000
19993  34.396  -64.683  -23.720 0.0000000000
126581  36.003  -64.259  -23.638 0.0000000000
10178  39.601  -75.136  -21.124 0.0000000000
10214  40.438  -74.497  -22.896 0.0000000000
8370  38.964  -76.243  -22.437 0.0000000000
7587  37.789  -78.019  -24.117 0.0000000000
6803  36.397  -78.891  -25.510 0.0000000000
14065  35.603  -70.891  -24.308 0.0000000000
123857  36.132  -67.804  -23.186 0.0000000000
16060  33.977  -68.881  -24.328 0.0000000000
17086  33.201  -67.529  -24.317 0.0000000000
128418  34.215  -71.134  -30.612 0.0000000000
15042  45.233  -69.103  -22.795 0.0000000000
145837  40.848  -70.138  -23.509 0.0000000000
128412  38.672  -71.254  -23.336 0.0000000000
11167  39.452  -74.193  -24.231 0.0000000000
12093  37.960  -72.615  -23.973 0.0000000000
13058  37.112  -71.287  -23.628 0.0000000000
12131  35.633  -72.711  -25.522 0.0000000000
12150  34.189  -73.055  -27.094 0.0000000000
122814  33.369  -72.976  -28.351 0.0000000000
8437  34.311  -77.816  -28.072 0.0000000000
9342  33.607  -75.622  -28.980 0.0000000000
10286  33.500  -74.823  -29.677 0.0000000000
127034  33.712  -73.280  -30.764 0.0000000000
19012  45.550  -65.668  -23.794 0.0000000000
123676  45.752  -67.154  -23.078 0.0000000000
122562  43.426  -67.817  -21.692 0.0000000000
16018  45.004  -68.832  -21.696 0.0000000000
14004  44.596  -69.851  -20.389 0.0000000000
12048  43.162  -71.866  -20.009 0.0000000000
12050  41.742  -72.983  -19.774 0.0000000000
13015  40.232  -72.416  -20.263 0.0000000000
143770  40.122  -73.933  -20.447 0.0000000000
18089  36.547  -66.298  -23.464 0.0000000000
17080  45.987  -67.427  -24.279 0.0000000000
17093  45.715  -67.116  -24.836 0.0000000000
17081  45.204  -67.727  -24.553 0.0000000000
13119  32.895  -71.737  -28.331 0.0000000000
13093  32.978  -71.052  -26.991 0.0000000000
138871  41.869  -73.137  -21.320 0.0000000000
12077  41.861  -72.833  -22.486 0.0000000000
8407  36.486  -77.463  -25.620 0.0000000000
8406  37.085  -76.355  -25.664 0.0000000000
8417  36.220  -76.267  -26.048 0.0000000000
9319  35.969  -75.448  -26.402 0.0000000000
130683  35.533  -76.132  -26.505 0.0000000000
8458  36.303  -77.380  -31.415 0.0000000000
15005  42.507  -69.352  -18.490 0.0000000000
126180  38.515  -69.330  -23.079 0.0000000000
16046  38.223  -68.530  -23.094 0.0000000000
16047  37.379  -68.479  -23.038 0.0000000000
21031  34.449  -63.718  -23.738 0.0000000000
9281  39.321  -75.719  -21.843 0.0000000000
8371  38.344  -76.765  -22.090 0.0000000000
6781  36.207  -79.100  -23.908 0.0000000000
7572  37.570  -77.933  -23.351 0.0000000000
6793  36.721  -79.251  -24.338 0.0000000000
6792  37.266  -78.606  -24.535 0.0000000000
6044  36.154  -79.729  -24.856 0.0000000000
13075  35.042  -71.156  -24.915 0.0000000000
15062  34.783  -69.392  -23.944 0.0000000000
14067  34.169  -70.041  -24.882 0.0000000000
139789  33.419  -68.239  -24.535 0.0000000000
17087  32.471  -67.067  -24.728 0.0000000000
18102  33.194  -66.110  -24.002 0.0000000000
15043  44.444  -69.692  -22.896 0.0000000000
15056  43.729  -69.652  -23.500 0.0000000000
14045  43.608  -70.293  -23.047 0.0000000000
14049  40.076  -70.380  -23.375 0.0000000000
127993  39.514  -71.222  -23.379 0.0000000000
9296  39.473  -75.286  -23.832 0.0000000000
125084  40.167  -74.297  -23.796 0.0000000000
10234  39.194  -74.904  -24.349 0.0000000000
11179  37.411  -74.261  -25.214 0.0000000000
11169  37.853  -73.780  -24.694 0.0000000000
12116  37.506  -73.018  -24.416 0.0000000000
12094  37.251  -72.186  -24.036 0.0000000000
12117  36.705  -72.640  -24.609 0.0000000000
12118  35.961  -72.291  -24.901 0.0000000000
12130  36.293  -73.115  -25.227 0.0000000000
10262  34.921  -74.644  -26.938 0.0000000000
11193  34.651  -73.787  -26.853 0.0000000000
11200  33.914  -73.595  -27.641 0.0000000000
12151  33.636  -72.689  -27.600 0.0000000000
11207  33.531  -73.769  -28.585 0.0000000000
6118  34.891  -80.608  -31.420 0.0000000000
6863  35.694  -78.878  -29.983 0.0000000000
6851  35.430  -79.725  -29.284 0.0000000000
7647  34.820  -78.682  -29.231 0.0000000000
7638  34.175  -77.643  -28.937 0.0000000000
8438  33.891  -76.660  -28.595 0.0000000000
8444  33.767  -76.585  -29.488 0.0000000000
9361  34.482  -75.520  -31.315 0.0000000000
9352  33.878  -75.673  -30.766 0.0000000000
10301  33.990  -74.801  -30.944 0.0000000000
128334  33.621  -74.120  -30.391 0.0000000000
12204  34.238  -73.318  -31.231 0.0000000000
19975  44.450  -65.299  -23.359 0.0000000000
19004  45.086  -66.220  -23.221 0.0000000000
18079  44.666  -66.913  -22.712 0.0000000000
15998  43.023  -68.330  -19.362 0.0000000000
17054  42.477  -68.145  -20.863 0.0000000000
16020  43.688  -68.517  -20.833 0.0000000000
17053  44.422  -68.221  -21.566 0.0000000000
15996  44.484  -69.432  -20.406 0.0000000000
15034  44.800  -69.302  -21.408 0.0000000000
15014  44.508  -69.865  -19.245 0.0000000000
13001  43.041  -71.200  -19.243 0.0000000000
141672  43.653  -70.922  -19.004 0.0000000000
12033  43.005  -71.625  -19.479 0.0000000000
12049  42.501  -72.418  -19.826 0.0000000000
12034  42.376  -72.127  -19.580 0.0000000000
127951  37.796  -72.544  -20.472 0.0000000000
12052  39.450  -72.876  -20.401 0.0000000000
135109  40.343  -73.392  -20.295 0.0000000000
17074  35.430  -67.279  -23.418 0.0000000000
17073  36.828  -67.108  -23.258 0.0000000000
18090  35.621  -66.471  -23.451 0.0000000000
19990  37.357  -64.470  -23.655 0.0000000000
13092  33.634  -71.545  -26.627 0.0000000000
14078  33.708  -70.114  -25.339 0.0000000000
13036  43.025  -71.555  -22.581 0.0000000000
14046  42.944  -70.970  -23.149 0.0000000000
13052  42.443  -71.685  -23.213 0.0000000000
12090  40.679  -72.915  -23.655 0.0000000000
8404  38.363  -76.212  -24.834 0.0000000000
10235  38.518  -75.199  -24.819 0.0000000000
9307  38.036  -75.654  -25.213 0.0000000000
10247  37.791  -74.976  -25.285 0.0000000000
10248  36.908  -74.757  -25.728 0.0000000000
10249  36.059  -74.248  -26.166 0.0000000000
10260  36.295  -74.919  -26.222 0.0000000000
10261  35.690  -74.809  -26.579 0.0000000000
9333  34.283  -75.179  -27.525 0.0000000000
8450  34.520  -77.209  -30.790 0.0000000000
8459  35.115  -76.991  -31.416 0.0000000000
145344  34.918  -76.225  -31.521 0.0000000000
15988  43.634  -68.849  -18.544 0.0000000000
15003  44.170  -69.604  -18.511 0.0000000000
15004  43.403  -69.569  -18.325 0.0000000000
13992  42.926  -70.506  -18.842 0.0000000000
146157  39.054  -67.492  -23.556 0.0000000000
18087  38.717  -66.450  -23.624 0.0000000000
19018  34.446  -65.398  -23.687 0.0000000000
19016  35.889  -65.587  -23.522 0.0000000000
19992  35.211  -64.386  -23.646 0.0000000000
21030  35.508  -63.627  -23.699 0.0000000000
10196  40.268  -74.452  -21.706 0.0000000000
11136  40.898  -73.992  -22.351 0.0000000000
10197  39.826  -75.006  -22.304 0.0000000000
9289  39.502  -75.548  -22.908 0.0000000000
8382  39.085  -76.026  -23.490 0.0000000000
7571  38.158  -77.346  -23.630 0.0000000000
8392  38.623  -76.535  -24.063 0.0000000000
7600  37.729  -77.708  -24.840 0.0000000000
7601  37.130  -78.243  -25.145 0.0000000000
130709  36.377  -69.820  -23.381 0.0000000000
126178  36.775  -69.090  -23.149 0.0000000000
15061  35.730  -68.908  -23.392 0.0000000000
16049  34.719  -68.474  -23.755 0.0000000000
17075  34.668  -67.586  -23.645 0.0000000000
15077  33.767  -69.481  -24.940 0.0000000000
17085  33.936  -67.986  -23.977 0.0000000000
138247  33.799  -66.988  -23.803 0.0000000000
18092  34.125  -66.057  -23.723 0.0000000000
19019  33.591  -65.204  -23.951 0.0000000000
13157  33.500  -71.456  -30.379 0.0000000000
15054  45.349  -68.741  -23.339 0.0000000000
139296  44.795  -68.736  -23.877 0.0000000000
15055  44.608  -69.201  -23.490 0.0000000000
14050  38.840  -70.354  -23.216 0.0000000000
15059  37.815  -69.967  -23.168 0.0000000000
12091  39.674  -72.753  -23.809 0.0000000000
143215  38.825  -74.541  -24.544 0.0000000000
12114  39.175  -73.445  -24.043 0.0000000000
13056  39.109  -71.973  -23.496 0.0000000000
13057  38.087  -71.837  -23.606 0.0000000000
14051  37.895  -70.862  -23.303 0.0000000000
14052  37.066  -70.398  -23.355 0.0000000000
14053  36.307  -70.692  -23.729 0.0000000000
13074  35.649  -71.572  -24.729 0.0000000000
13083  34.670  -71.544  -25.568 0.0000000000
11181  35.895  -73.461  -25.835 0.0000000000
12132  35.012  -72.326  -25.861 0.0000000000
13091  34.356  -71.946  -26.251 0.0000000000
12142  33.947  -72.330  -26.909 0.0000000000
132201  33.154  -72.342  -28.102 0.0000000000
12164  32.999  -72.330  -28.865 0.0000000000
6816  35.772  -79.515  -26.059 0.0000000000
6105  35.302  -80.434  -30.573 0.0000000000
126747  34.593  -77.751  -27.365 0.0000000000
8429  34.225  -76.616  -27.772 0.0000000000
145271  34.171  -75.844  -27.697 0.0000000000
134069  33.736  -75.125  -28.233 0.0000000000
8451  33.896  -76.521  -30.411 0.0000000000
9347  33.573  -75.719  -29.972 0.0000000000
10279  33.572  -74.605  -28.797 0.0000000000
11214  33.416  -73.923  -29.513 0.0000000000
123240  33.326  -73.163  -30.112 0.0000000000
12180  33.085  -72.190  -29.803 0.0000000000
13156  34.310  -71.827  -30.862 0.0000000000
19986  45.025  -64.815  -23.898 0.0000000000
19003  45.992  -66.444  -23.710 0.0000000000
18084  46.169  -67.051  -23.642 0.0000000000
143869  45.953  -67.492  -23.184 0.0000000000
18996  43.509  -66.951  -22.352 0.0000000000
18074  44.510  -67.590  -22.108 0.0000000000
17052  45.226  -68.242  -21.976 0.0000000000
16031  45.678  -68.319  -22.738 0.0000000000
15033  45.348  -68.804  -22.279 0.0000000000
14030  44.929  -69.426  -22.088 0.0000000000
14023  44.289  -70.495  -20.875 0.0000000000
14005  44.277  -70.509  -19.558 0.0000000000
13035  43.608  -71.237  -21.617 0.0000000000
139547  43.348  -71.888  -20.842 0.0000000000
11125  42.165  -72.980  -20.384 0.0000000000
139674  41.470  -73.407  -20.554 0.0000000000
12051  41.103  -73.013  -19.808 0.0000000000
11113  40.851  -73.548  -20.263 0.0000000000
10161  40.164  -74.246  -20.724 0.0000000000
124213  37.099  -67.821  -23.122 0.0000000000
17072  37.650  -67.214  -23.302 0.0000000000
129664  38.037  -66.055  -23.561 0.0000000000
129674  36.679  -65.555  -23.546 0.0000000000
19015  37.160  -65.177  -23.562 0.0000000000
6033  35.737  -79.852  -24.684 0.0000000000
6766  37.084  -78.295  -23.316 0.0000000000
6767  36.578  -78.460  -23.488 0.0000000000
6779  37.224  -78.715  -23.790 0.0000000000
6780  36.685  -79.044  -23.781 0.0000000000
6802  36.681  -79.203  -25.010 0.0000000000
6850  35.594  -79.986  -29.795 0.0000000000
7586  38.172  -77.142  -24.510 0.0000000000
7599  37.991  -76.932  -25.029 0.0000000000
7656  34.876  -77.978  -30.109 0.0000000000
8383  38.521  -76.713  -23.060 0.0000000000
8419  34.809  -76.745  -26.921 0.0000000000
9308  37.416  -75.570  -25.557 0.0000000000
9334  33.865  -75.823  -28.118 0.0000000000
9360  35.809  -76.485  -31.482 0.0000000000
10215  39.911  -74.882  -23.370 0.0000000000
10272  34.322  -74.340  -27.351 0.0000000000
10291  33.680  -75.015  -30.359 0.0000000000
11126  40.836  -73.893  -21.113 0.0000000000
11148  40.056  -73.573  -23.961 0.0000000000
11168  38.676  -73.964  -24.468 0.0000000000
11180  36.630  -73.907  -25.586 0.0000000000
11192  35.380  -73.597  -26.352 0.0000000000
11237  34.037  -73.958  -31.121 0.0000000000
12035  41.706  -72.446  -19.630 0.0000000000
12053  38.593  -73.140  -20.442 0.0000000000
12065  42.789  -72.412  -20.612 0.0000000000
12076  42.467  -72.193  -22.576 0.0000000000
12092  38.728  -72.680  -23.788 0.0000000000
12115  38.318  -73.289  -24.218 0.0000000000
12140  35.373  -72.981  -26.073 0.0000000000
12141  34.725  -72.845  -26.505 0.0000000000
12196  33.572  -72.437  -30.553 0.0000000000
13027  43.726  -71.212  -20.379 0.0000000000
13059  36.353  -71.644  -24.267 0.0000000000
13082  35.314  -71.938  -25.237 0.0000000000
13084  34.027  -71.191  -25.955 0.0000000000
13104  32.797  -71.121  -27.822 0.0000000000
13135  32.956  -71.223  -29.769 0.0000000000
13990  44.248  -70.309  -18.653 0.0000000000
14022  44.680  -69.799  -21.333 0.0000000000
14031  44.183  -70.268  -22.096 0.0000000000
14048  40.840  -70.711  -23.518 0.0000000000
14066  34.802  -70.269  -24.489 0.0000000000
14999  43.606  -69.036  -18.261 0.0000000000
15076  34.287  -69.612  -24.504 0.0000000000
15982  43.172  -68.125  -17.919 0.0000000000
15997  43.973  -69.113  -19.844 0.0000000000
16017  45.445  -68.398  -22.336 0.0000000000
16019  44.585  -68.854  -21.132 0.0000000000
16045  39.098  -68.587  -23.277 0.0000000000
16048  36.606  -68.435  -23.100 0.0000000000
16058  44.533  -68.309  -24.291 0.0000000000
16061  33.169  -68.783  -25.034 0.0000000000
16062  32.752  -67.934  -25.016 0.0000000000
17060  45.773  -67.892  -22.698 0.0000000000
17067  45.928  -67.692  -23.393 0.0000000000
17071  38.512  -67.236  -23.468 0.0000000000
18073  45.357  -67.606  -22.500 0.0000000000
18086  39.511  -66.066  -23.831 0.0000000000
18088  37.405  -66.532  -23.431 0.0000000000
19011  46.329  -65.977  -24.234 0.0000000000
19014  37.953  -65.174  -23.585 0.0000000000
19017  35.118  -65.137  -23.587 0.0000000000
19976  43.369  -64.941  -23.091 0.0000000000
19991  36.505  -64.868  -23.545 0.0000000000
121055  32.946  -66.794  -24.171 0.0000000000
122218  37.501  -77.187  -25.299 0.0000000000
123253  33.142  -73.075  -29.287 0.0000000000
124215  38.731  -67.918  -23.385 0.0000000000
125648  45.512  -68.235  -23.879 0.0000000000
125732  34.853  -71.207  -30.684 0.0000000000
125939  34.483  -75.918  -27.354 0.0000000000
126177  35.747  -64.851  -23.555 0.0000000000
126179  37.618  -69.171  -23.021 0.0000000000
129675  37.293  -65.808  -23.556 0.0000000000
131244  35.542  -70.024  -23.778 0.0000000000
132245  34.989  -65.899  -23.533 0.0000000000
133858  35.325  -75.564  -31.530 0.0000000000
135226  42.340  -72.620  -21.521 0.0000000000
138392  36.109  -66.995  -23.337 0.0000000000
138683  38.069  -66.699  -23.450 0.0000000000
138839  43.589  -71.133  -19.486 0.0000000000
139470  35.328  -68.021  -23.490 0.0000000000
139873  38.727  -76.242  -21.563 0.0000000000
140361  36.673  -64.175  -23.645 0.0000000000
140852  44.055  -69.825  -18.246 0.0000000000
142601  39.701  -74.686  -24.003 0.0000000000
142734  34.653  -73.734  -31.365 0.0000000000
143155  33.723  -70.622  -25.728 0.0000000000
145804  44.061  -70.782  -19.005 0.0000000000
146860  45.562  -68.640  -22.837 0.0000000000
