#!ascii label  , from subject sub-037 vox2ras=TkReg
1489
28905  -22.652  -53.879  24.698 0.0000000000
110925  -39.828  -43.833  14.274 0.0000000000
46640  -36.872  -37.991  16.361 0.0000000000
39227  -32.110  -42.997  18.036 0.0000000000
57191  -43.815  -26.620  7.306 0.0000000000
52725  -38.649  -29.675  9.551 0.0000000000
130074  -40.983  -45.430  21.138 0.0000000000
38223  -36.537  -44.369  16.380 0.0000000000
126758  -48.148  -21.422  13.269 0.0000000000
129154  -48.385  -14.936  14.964 0.0000000000
69290  -49.576  -11.725  11.239 0.0000000000
50109  -39.407  -33.316  18.583 0.0000000000
50946  -36.093  -32.872  13.701 0.0000000000
52660  -41.595  -29.792  14.913 0.0000000000
52698  -45.291  -30.573  11.664 0.0000000000
44012  -26.154  -39.936  18.338 0.0000000000
119311  -22.765  -56.400  29.065 0.0000000000
44042  -40.651  -41.271  15.882 0.0000000000
46575  -38.452  -37.383  21.592 0.0000000000
43121  -27.846  -40.712  12.437 0.0000000000
43187  -33.163  -41.477  9.408 0.0000000000
65248  -49.509  -16.023  2.908 0.0000000000
133343  -53.500  -13.553  9.634 0.0000000000
111984  -42.563  -30.579  6.234 0.0000000000
56291  -47.595  -26.670  10.833 0.0000000000
31973  -22.411  -51.657  21.009 0.0000000000
24713  -15.851  -57.702  28.443 0.0000000000
63414  -48.154  -18.086  15.490 0.0000000000
51787  -40.605  -31.131  16.876 0.0000000000
39262  -24.766  -44.909  14.814 0.0000000000
27875  -23.093  -54.621  26.647 0.0000000000
42179  -40.384  -42.208  12.438 0.0000000000
42152  -40.858  -42.543  15.351 0.0000000000
42149  -29.897  -41.299  14.904 0.0000000000
109886  -29.978  -40.534  11.403 0.0000000000
132173  -32.523  -42.096  14.415 0.0000000000
38253  -38.399  -44.333  14.713 0.0000000000
119651  -36.784  -42.976  12.430 0.0000000000
40303  -38.580  -43.007  12.232 0.0000000000
40206  -31.673  -43.009  20.512 0.0000000000
113563  -29.781  -40.803  17.852 0.0000000000
124398  -43.203  -17.709  8.648 0.0000000000
110546  -47.393  -15.938  5.484 0.0000000000
69306  -51.834  -12.163  9.693 0.0000000000
51837  -36.986  -30.801  11.472 0.0000000000
51903  -41.132  -30.439  7.147 0.0000000000
53619  -46.476  -29.191  10.155 0.0000000000
39215  -24.631  -45.888  19.918 0.0000000000
122079  -24.666  -46.906  21.128 0.0000000000
120788  -24.733  -47.841  22.754 0.0000000000
33038  -22.688  -50.705  19.125 0.0000000000
25757  -17.123  -57.407  26.995 0.0000000000
38203  -40.296  -44.792  18.033 0.0000000000
41169  -41.539  -43.100  18.022 0.0000000000
111764  -42.261  -43.626  21.322 0.0000000000
38146  -34.256  -44.442  21.817 0.0000000000
39243  -34.062  -43.545  17.715 0.0000000000
132041  -36.492  -44.512  19.933 0.0000000000
132971  -38.518  -45.323  18.956 0.0000000000
58925  -46.095  -24.040  10.104 0.0000000000
61577  -45.247  -20.914  11.686 0.0000000000
118200  -45.318  -17.332  12.882 0.0000000000
66032  -47.038  -15.880  11.508 0.0000000000
65186  -48.737  -16.372  9.695 0.0000000000
68440  -48.834  -12.727  13.062 0.0000000000
48397  -36.911  -35.491  17.889 0.0000000000
48417  -35.909  -35.467  15.126 0.0000000000
50121  -38.005  -32.494  16.382 0.0000000000
51810  -38.622  -30.476  14.551 0.0000000000
53596  -39.915  -29.502  12.025 0.0000000000
52710  -41.456  -29.658  10.251 0.0000000000
52674  -43.532  -29.815  13.400 0.0000000000
42997  -25.024  -40.903  20.287 0.0000000000
132003  -24.749  -45.254  17.232 0.0000000000
66094  -52.729  -15.244  2.506 0.0000000000
26780  -21.479  -56.857  30.639 0.0000000000
44057  -39.906  -41.138  13.847 0.0000000000
44922  -39.046  -39.659  16.299 0.0000000000
44014  -40.881  -41.314  18.704 0.0000000000
45756  -39.287  -40.119  18.919 0.0000000000
123079  -37.267  -38.021  18.378 0.0000000000
48393  -38.900  -35.258  20.349 0.0000000000
41217  -34.535  -42.492  13.481 0.0000000000
43991  -28.523  -40.238  20.248 0.0000000000
44040  -27.080  -40.433  15.009 0.0000000000
65201  -49.739  -15.969  8.177 0.0000000000
66061  -51.519  -15.412  6.609 0.0000000000
66089  -52.561  -15.515  3.504 0.0000000000
66856  -54.633  -14.569  6.678 0.0000000000
28915  -20.672  -54.213  22.969 0.0000000000
27887  -19.869  -55.452  24.452 0.0000000000
53674  -43.753  -29.194  6.487 0.0000000000
51858  -43.459  -30.363  8.987 0.0000000000
127522  -45.254  -29.114  8.581 0.0000000000
56311  -46.184  -27.150  9.000 0.0000000000
58910  -48.027  -23.879  11.460 0.0000000000
30934  -22.563  -52.851  23.071 0.0000000000
26813  -20.300  -56.493  26.826 0.0000000000
25738  -19.232  -56.693  28.849 0.0000000000
26790  -18.357  -56.511  29.828 0.0000000000
28902  -23.476  -54.247  25.875 0.0000000000
40290  -39.912  -43.412  13.339 0.0000000000
41208  -40.189  -43.182  13.540 0.0000000000
40267  -40.636  -43.190  15.011 0.0000000000
40250  -30.873  -42.384  16.588 0.0000000000
128675  -30.870  -41.558  14.027 0.0000000000
40252  -32.060  -42.776  16.349 0.0000000000
39283  -39.318  -44.255  14.714 0.0000000000
131822  -38.187  -43.893  13.329 0.0000000000
40288  -38.935  -43.685  12.964 0.0000000000
40304  -39.276  -43.129  12.432 0.0000000000
39206  -32.501  -43.575  20.595 0.0000000000
40196  -32.273  -43.386  21.841 0.0000000000
122939  -31.818  -43.140  19.122 0.0000000000
41168  -30.680  -41.977  17.106 0.0000000000
65219  -46.304  -15.978  5.604 0.0000000000
45785  -37.728  -38.937  14.750 0.0000000000
45784  -36.933  -38.383  14.396 0.0000000000
114412  -37.721  -29.979  10.013 0.0000000000
52742  -37.163  -30.692  8.460 0.0000000000
52744  -40.003  -29.831  8.508 0.0000000000
117138  -23.946  -47.475  18.062 0.0000000000
38158  -24.599  -46.517  20.548 0.0000000000
117729  -23.784  -48.544  19.045 0.0000000000
35157  -24.227  -48.443  20.024 0.0000000000
119272  -22.663  -50.508  18.502 0.0000000000
38176  -40.597  -44.895  19.650 0.0000000000
39233  -41.408  -43.987  19.299 0.0000000000
39209  -41.723  -44.708  20.799 0.0000000000
111238  -35.610  -44.660  22.849 0.0000000000
38161  -35.371  -44.324  20.729 0.0000000000
38148  -36.682  -44.620  21.609 0.0000000000
37111  -40.058  -45.445  21.523 0.0000000000
37120  -38.723  -45.246  20.718 0.0000000000
126609  -39.954  -45.397  19.704 0.0000000000
37145  -39.912  -45.186  18.651 0.0000000000
114458  -47.011  -22.609  11.622 0.0000000000
59815  -45.761  -22.282  10.824 0.0000000000
60688  -46.711  -21.317  12.567 0.0000000000
132859  -48.252  -16.145  15.494 0.0000000000
112767  -46.468  -17.957  14.470 0.0000000000
65161  -46.576  -16.365  14.035 0.0000000000
65168  -46.197  -16.204  13.071 0.0000000000
66825  -47.659  -14.651  13.430 0.0000000000
128312  -47.842  -14.327  12.662 0.0000000000
113791  -48.639  -13.588  13.987 0.0000000000
126296  -38.198  -34.049  18.482 0.0000000000
49265  -36.893  -33.878  16.806 0.0000000000
50113  -38.477  -32.972  17.672 0.0000000000
52635  -41.036  -30.756  16.470 0.0000000000
51801  -39.500  -30.901  15.881 0.0000000000
131363  -39.921  -30.038  14.718 0.0000000000
52671  -38.651  -29.898  13.684 0.0000000000
53581  -41.213  -29.524  14.054 0.0000000000
53598  -41.546  -29.502  12.361 0.0000000000
53582  -42.124  -29.589  14.151 0.0000000000
44893  -26.890  -39.665  20.354 0.0000000000
44878  -26.312  -39.729  21.644 0.0000000000
44011  -25.482  -40.342  18.813 0.0000000000
123912  -24.830  -44.784  16.643 0.0000000000
66875  -53.698  -14.185  3.425 0.0000000000
67664  -54.017  -13.405  3.210 0.0000000000
26791  -22.511  -56.882  30.062 0.0000000000
44058  -40.341  -41.522  14.744 0.0000000000
44064  -40.167  -41.435  13.538 0.0000000000
44049  -40.253  -41.263  15.034 0.0000000000
112852  -39.382  -40.299  15.263 0.0000000000
115656  -39.715  -40.119  15.950 0.0000000000
43000  -42.052  -42.215  20.387 0.0000000000
43032  -41.476  -42.033  18.423 0.0000000000
116162  -40.727  -41.250  20.018 0.0000000000
45729  -38.721  -38.416  21.655 0.0000000000
44894  -39.459  -40.027  20.306 0.0000000000
45740  -38.832  -39.503  20.213 0.0000000000
45747  -37.911  -38.622  19.088 0.0000000000
46592  -37.729  -37.506  20.069 0.0000000000
47481  -37.731  -36.345  19.799 0.0000000000
47478  -38.343  -36.356  20.748 0.0000000000
43146  -31.587  -40.835  11.227 0.0000000000
39256  -35.414  -44.020  16.948 0.0000000000
40263  -34.213  -42.962  15.451 0.0000000000
40276  -35.148  -43.178  14.765 0.0000000000
41229  -36.041  -42.919  11.323 0.0000000000
42976  -30.135  -41.321  22.143 0.0000000000
43066  -29.096  -40.509  15.499 0.0000000000
43046  -28.680  -40.300  16.400 0.0000000000
43102  -27.551  -40.621  13.322 0.0000000000
42173  -25.988  -41.878  12.233 0.0000000000
67617  -49.066  -13.990  10.680 0.0000000000
65187  -49.335  -16.215  9.337 0.0000000000
66832  -50.283  -14.677  9.895 0.0000000000
67628  -52.853  -13.626  9.562 0.0000000000
114317  -51.902  -15.406  8.945 0.0000000000
66055  -52.367  -15.514  7.856 0.0000000000
124751  -51.606  -15.304  5.322 0.0000000000
116899  -53.026  -15.293  6.313 0.0000000000
112552  -53.661  -15.102  6.059 0.0000000000
66057  -53.858  -14.997  8.382 0.0000000000
49278  -35.611  -34.345  13.987 0.0000000000
48427  -35.643  -35.152  13.585 0.0000000000
130827  -43.092  -29.589  4.866 0.0000000000
130464  -43.480  -29.943  6.448 0.0000000000
115896  -43.763  -30.065  10.971 0.0000000000
52729  -42.475  -30.225  9.340 0.0000000000
51845  -44.002  -30.185  9.817 0.0000000000
54490  -47.172  -28.290  10.651 0.0000000000
114731  -45.802  -29.119  9.083 0.0000000000
54511  -46.503  -28.351  9.584 0.0000000000
55397  -45.536  -28.287  8.376 0.0000000000
56312  -46.549  -27.709  9.542 0.0000000000
58038  -47.247  -25.513  10.308 0.0000000000
58028  -48.118  -25.454  11.123 0.0000000000
33001  -23.831  -50.047  21.489 0.0000000000
32985  -24.062  -50.427  22.189 0.0000000000
31944  -24.059  -51.380  23.588 0.0000000000
31958  -22.620  -51.983  21.870 0.0000000000
29977  -21.549  -53.116  21.510 0.0000000000
30965  -21.121  -52.852  20.635 0.0000000000
26828  -18.179  -56.138  24.806 0.0000000000
26830  -19.769  -56.032  25.611 0.0000000000
25765  -18.720  -56.640  26.357 0.0000000000
24719  -16.596  -57.775  28.042 0.0000000000
25751  -17.758  -57.040  27.688 0.0000000000
25737  -18.278  -56.647  28.643 0.0000000000
111367  -18.649  -56.624  29.141 0.0000000000
25736  -17.058  -57.003  28.839 0.0000000000
38119  -37.898  -45.384  22.946 0.0000000000
62518  -49.302  -19.873  14.955 0.0000000000
62517  -48.371  -19.618  14.771 0.0000000000
63415  -49.769  -18.175  16.075 0.0000000000
110000  -39.770  -32.022  17.608 0.0000000000
42148  -25.347  -42.378  14.579 0.0000000000
42127  -25.332  -42.381  16.208 0.0000000000
125762  -24.708  -54.117  28.318 0.0000000000
27866  -23.107  -55.519  28.096 0.0000000000
42193  -40.321  -42.285  11.731 0.0000000000
42165  -40.514  -42.452  14.493 0.0000000000
43067  -41.022  -41.801  15.938 0.0000000000
47476  -38.899  -36.129  21.690 0.0000000000
43103  -29.387  -40.940  14.072 0.0000000000
43144  -28.765  -40.747  11.468 0.0000000000
42174  -30.197  -41.007  12.898 0.0000000000
126962  -31.351  -41.002  12.203 0.0000000000
43124  -32.130  -41.228  12.093 0.0000000000
128759  -36.979  -44.411  15.657 0.0000000000
114658  -36.402  -43.529  14.206 0.0000000000
39310  -37.711  -43.896  13.785 0.0000000000
40301  -37.410  -42.968  11.912 0.0000000000
41244  -38.642  -42.575  9.888 0.0000000000
41120  -31.231  -42.419  21.589 0.0000000000
42081  -30.479  -41.688  20.423 0.0000000000
113602  -30.682  -41.495  18.700 0.0000000000
41176  -30.249  -41.583  16.757 0.0000000000
122405  -42.850  -19.158  8.652 0.0000000000
65234  -48.210  -15.844  3.918 0.0000000000
70957  -50.710  -9.701  12.168 0.0000000000
126073  -50.717  -11.956  9.993 0.0000000000
50953  -36.445  -31.622  12.915 0.0000000000
51927  -41.326  -30.743  6.137 0.0000000000
112560  -41.892  -30.597  7.026 0.0000000000
51840  -46.385  -30.361  11.638 0.0000000000
51848  -46.017  -30.114  10.874 0.0000000000
53608  -47.271  -29.151  11.235 0.0000000000
41119  -24.499  -43.649  21.019 0.0000000000
115849  -24.542  -44.488  21.470 0.0000000000
39174  -24.605  -45.832  23.449 0.0000000000
123144  -24.723  -47.724  21.788 0.0000000000
34081  -23.564  -49.805  20.767 0.0000000000
33021  -22.809  -50.870  19.940 0.0000000000
30983  -21.226  -52.390  19.556 0.0000000000
113822  -21.730  -51.688  19.059 0.0000000000
38243  -40.073  -44.154  15.665 0.0000000000
115719  -41.040  -43.705  16.666 0.0000000000
40232  -41.324  -43.718  17.968 0.0000000000
110700  -42.052  -43.305  19.825 0.0000000000
39218  -32.983  -43.641  19.717 0.0000000000
115279  -32.980  -43.311  18.200 0.0000000000
39220  -34.541  -43.787  19.444 0.0000000000
38185  -35.326  -44.062  19.133 0.0000000000
38201  -36.218  -44.201  17.992 0.0000000000
37099  -38.052  -45.013  21.706 0.0000000000
38175  -37.677  -45.115  19.752 0.0000000000
38202  -37.550  -44.721  17.401 0.0000000000
37171  -38.318  -44.964  16.775 0.0000000000
37189  -39.552  -44.841  16.785 0.0000000000
38145  -33.585  -44.336  22.308 0.0000000000
57180  -44.658  -26.132  7.927 0.0000000000
57179  -43.545  -25.587  7.413 0.0000000000
58933  -44.720  -23.880  8.942 0.0000000000
59823  -44.686  -22.318  9.861 0.0000000000
61585  -44.164  -20.778  10.520 0.0000000000
62515  -46.584  -19.272  14.263 0.0000000000
62524  -44.885  -19.003  12.963 0.0000000000
62533  -43.738  -19.117  11.171 0.0000000000
64303  -44.266  -17.473  10.710 0.0000000000
64304  -44.989  -16.943  10.214 0.0000000000
65190  -46.002  -16.600  8.855 0.0000000000
65192  -47.525  -16.574  8.413 0.0000000000
66035  -47.987  -15.831  11.047 0.0000000000
66828  -48.333  -14.699  11.635 0.0000000000
69287  -49.489  -11.593  12.091 0.0000000000
68437  -50.610  -12.494  14.767 0.0000000000
70160  -50.675  -10.360  13.641 0.0000000000
47507  -36.427  -36.958  16.680 0.0000000000
47519  -36.314  -36.445  15.366 0.0000000000
48403  -36.529  -34.908  16.524 0.0000000000
50119  -36.437  -33.701  15.663 0.0000000000
50125  -36.771  -32.834  15.429 0.0000000000
110863  -38.680  -32.070  16.406 0.0000000000
50941  -37.782  -31.544  15.304 0.0000000000
51809  -37.360  -31.306  14.454 0.0000000000
52683  -37.506  -30.571  13.014 0.0000000000
52693  -38.419  -29.923  11.950 0.0000000000
53603  -39.244  -29.588  10.882 0.0000000000
52709  -40.216  -29.579  9.809 0.0000000000
53605  -40.508  -29.491  11.479 0.0000000000
53607  -42.197  -29.536  11.616 0.0000000000
109936  -44.104  -30.128  11.811 0.0000000000
111336  -45.091  -30.377  12.960 0.0000000000
52688  -45.452  -30.613  12.405 0.0000000000
42985  -24.904  -40.817  21.195 0.0000000000
115340  -25.088  -42.009  18.214 0.0000000000
42099  -25.030  -42.816  18.780 0.0000000000
42080  -24.570  -42.659  20.484 0.0000000000
39240  -24.723  -45.726  18.092 0.0000000000
44938  -38.434  -39.430  15.108 0.0000000000
46641  -37.513  -38.647  16.154 0.0000000000
42129  -41.240  -42.649  16.653 0.0000000000
112073  -41.214  -41.768  17.432 0.0000000000
44024  -40.731  -41.174  17.858 0.0000000000
132158  -39.774  -40.513  19.085 0.0000000000
111197  -39.653  -40.342  17.623 0.0000000000
45771  -39.086  -39.966  17.170 0.0000000000
45762  -38.002  -39.005  17.067 0.0000000000
46627  -36.821  -37.677  17.094 0.0000000000
47487  -36.973  -36.378  18.277 0.0000000000
126558  -38.219  -34.729  18.963 0.0000000000
50102  -39.572  -33.805  19.282 0.0000000000
48389  -39.981  -34.824  21.328 0.0000000000
49257  -39.986  -33.988  20.027 0.0000000000
40253  -32.859  -42.889  16.258 0.0000000000
41204  -33.276  -42.281  14.306 0.0000000000
42191  -33.822  -41.822  11.761 0.0000000000
41207  -35.337  -42.847  13.496 0.0000000000
126937  -34.818  -42.457  10.966 0.0000000000
43968  -28.596  -40.040  22.227 0.0000000000
117383  -27.563  -39.769  18.965 0.0000000000
43019  -29.291  -40.600  18.705 0.0000000000
44013  -28.182  -39.958  17.603 0.0000000000
119404  -26.614  -40.255  16.682 0.0000000000
43100  -25.708  -41.658  14.037 0.0000000000
110394  -47.933  -16.371  7.272 0.0000000000
65210  -48.335  -15.985  6.350 0.0000000000
65221  -49.027  -15.531  5.542 0.0000000000
66834  -51.032  -14.888  9.662 0.0000000000
66060  -50.650  -15.427  7.015 0.0000000000
66080  -49.766  -15.369  4.520 0.0000000000
65236  -51.273  -15.796  3.447 0.0000000000
65262  -51.874  -16.502  1.699 0.0000000000
65263  -52.033  -16.390  1.472 0.0000000000
66090  -52.850  -15.362  2.951 0.0000000000
66867  -53.609  -14.725  4.058 0.0000000000
28916  -21.625  -54.103  23.523 0.0000000000
27889  -21.149  -54.962  24.465 0.0000000000
127118  -19.732  -55.099  23.605 0.0000000000
47533  -36.204  -36.777  14.499 0.0000000000
55403  -43.554  -28.060  6.475 0.0000000000
52728  -41.288  -29.942  8.855 0.0000000000
51875  -42.052  -30.624  7.719 0.0000000000
130448  -42.841  -30.722  7.471 0.0000000000
124727  -44.764  -29.770  9.277 0.0000000000
51907  -44.408  -29.911  8.145 0.0000000000
51930  -43.664  -30.289  7.080 0.0000000000
53664  -44.371  -29.153  7.322 0.0000000000
55405  -44.811  -28.273  7.772 0.0000000000
56321  -44.842  -27.028  7.790 0.0000000000
58049  -45.909  -25.351  9.322 0.0000000000
58918  -47.358  -23.769  11.055 0.0000000000
59810  -48.377  -22.712  12.437 0.0000000000
31934  -24.560  -51.979  25.107 0.0000000000
31940  -24.269  -51.711  24.384 0.0000000000
29940  -22.433  -53.368  23.568 0.0000000000
29953  -21.137  -53.750  22.615 0.0000000000
29952  -19.885  -54.019  21.495 0.0000000000
118160  -21.571  -55.176  26.003 0.0000000000
26822  -21.243  -55.800  26.672 0.0000000000
26808  -21.312  -56.690  27.628 0.0000000000
25759  -18.966  -56.875  27.071 0.0000000000
25753  -20.082  -56.824  27.844 0.0000000000
25747  -20.824  -57.093  28.778 0.0000000000
25739  -20.326  -56.803  29.237 0.0000000000
25721  -19.724  -56.559  29.622 0.0000000000
25735  -15.703  -57.499  28.774 0.0000000000
25725  -16.201  -56.784  29.239 0.0000000000
30929  -24.282  -52.687  25.369 0.0000000000
29934  -23.189  -53.720  25.137 0.0000000000
39302  -39.908  -43.552  13.793 0.0000000000
40279  -40.104  -43.288  13.635 0.0000000000
40266  -40.232  -43.423  14.425 0.0000000000
40230  -31.666  -42.610  17.561 0.0000000000
40251  -31.390  -42.608  16.462 0.0000000000
40231  -32.011  -42.823  17.450 0.0000000000
39284  -39.715  -44.035  14.495 0.0000000000
39312  -39.234  -43.992  13.567 0.0000000000
39301  -39.720  -43.782  13.799 0.0000000000
40289  -39.557  -43.579  13.182 0.0000000000
39217  -32.449  -43.505  19.725 0.0000000000
132632  -32.105  -43.383  19.413 0.0000000000
40223  -31.765  -42.812  18.317 0.0000000000
65208  -46.229  -16.176  6.528 0.0000000000
45776  -37.029  -38.380  15.494 0.0000000000
52724  -37.024  -30.406  9.413 0.0000000000
124960  -37.759  -29.905  8.981 0.0000000000
52759  -38.352  -30.321  7.668 0.0000000000
52760  -39.427  -30.074  7.726 0.0000000000
52743  -38.824  -29.838  8.531 0.0000000000
125149  -23.584  -49.072  17.601 0.0000000000
35183  -23.771  -48.265  18.191 0.0000000000
35169  -23.644  -48.984  18.352 0.0000000000
34130  -23.269  -49.557  18.137 0.0000000000
118163  -40.757  -45.080  20.198 0.0000000000
39208  -41.295  -44.731  20.329 0.0000000000
122007  -41.525  -45.120  20.869 0.0000000000
38118  -36.313  -44.874  23.392 0.0000000000
38133  -35.857  -44.427  22.006 0.0000000000
38134  -36.508  -44.794  22.431 0.0000000000
37123  -40.569  -45.415  21.303 0.0000000000
113110  -39.725  -45.353  21.110 0.0000000000
125105  -40.719  -45.316  20.668 0.0000000000
37133  -40.443  -45.213  20.027 0.0000000000
116812  -35.282  -44.760  23.708 0.0000000000
60689  -47.322  -21.784  12.405 0.0000000000
60697  -46.694  -21.949  11.908 0.0000000000
60682  -47.410  -21.359  12.995 0.0000000000
66011  -48.631  -15.508  15.386 0.0000000000
117539  -47.216  -16.211  14.636 0.0000000000
66021  -47.771  -15.590  14.822 0.0000000000
66027  -47.381  -15.196  13.828 0.0000000000
66821  -47.985  -14.760  14.270 0.0000000000
125597  -48.146  -14.125  13.701 0.0000000000
66822  -48.681  -14.191  14.651 0.0000000000
50108  -38.641  -33.453  18.289 0.0000000000
50114  -39.108  -32.917  18.100 0.0000000000
52648  -41.074  -30.314  15.707 0.0000000000
125999  -40.103  -30.345  15.459 0.0000000000
52659  -40.664  -29.829  14.839 0.0000000000
52672  -40.209  -29.567  13.922 0.0000000000
52661  -42.455  -29.838  14.915 0.0000000000
44902  -26.760  -39.717  19.512 0.0000000000
44892  -26.081  -39.837  20.031 0.0000000000
44020  -25.673  -40.561  17.960 0.0000000000
67657  -54.633  -13.945  4.366 0.0000000000
122609  -53.494  -14.120  3.019 0.0000000000
67661  -54.381  -13.708  3.753 0.0000000000
27862  -23.682  -55.414  29.233 0.0000000000
26799  -23.350  -56.155  29.559 0.0000000000
26792  -23.119  -56.665  30.171 0.0000000000
26798  -22.840  -56.622  29.658 0.0000000000
44041  -39.972  -40.792  15.382 0.0000000000
44931  -40.276  -40.804  16.338 0.0000000000
43009  -41.620  -41.995  19.730 0.0000000000
43993  -41.379  -41.689  20.431 0.0000000000
46582  -38.529  -38.498  20.940 0.0000000000
45739  -38.263  -38.647  20.085 0.0000000000
46581  -38.178  -37.681  20.764 0.0000000000
42188  -26.971  -41.583  10.883 0.0000000000
43143  -27.801  -41.021  11.534 0.0000000000
39266  -35.957  -44.111  16.350 0.0000000000
39279  -35.419  -43.567  15.631 0.0000000000
118129  -35.833  -43.926  15.887 0.0000000000
126343  -28.491  -40.638  14.070 0.0000000000
43082  -28.325  -40.403  14.852 0.0000000000
43142  -26.803  -41.269  11.778 0.0000000000
65261  -49.974  -16.643  2.279 0.0000000000
68450  -49.333  -12.465  10.797 0.0000000000
122862  -49.650  -14.097  10.258 0.0000000000
69293  -49.838  -11.922  10.519 0.0000000000
113031  -53.285  -14.153  9.476 0.0000000000
128568  -52.528  -15.222  8.999 0.0000000000
66049  -53.122  -15.118  8.745 0.0000000000
66062  -52.611  -15.443  7.068 0.0000000000
66056  -53.095  -15.334  7.906 0.0000000000
66063  -53.387  -15.229  6.955 0.0000000000
66843  -53.846  -14.663  9.210 0.0000000000
113570  -35.963  -33.562  14.294 0.0000000000
49277  -35.562  -34.412  13.066 0.0000000000
50130  -35.664  -33.645  13.407 0.0000000000
51942  -42.493  -30.592  5.354 0.0000000000
51943  -42.906  -30.339  5.910 0.0000000000
52780  -43.121  -29.994  5.507 0.0000000000
51944  -43.376  -30.198  6.524 0.0000000000
128765  -43.759  -30.155  10.175 0.0000000000
52713  -44.414  -30.284  10.610 0.0000000000
55363  -47.453  -27.505  10.852 0.0000000000
54501  -46.638  -28.582  9.921 0.0000000000
55375  -46.887  -27.879  10.134 0.0000000000
56302  -47.049  -27.155  10.318 0.0000000000
57162  -47.224  -26.351  10.323 0.0000000000
33000  -23.561  -50.539  21.494 0.0000000000
31974  -23.025  -51.161  21.454 0.0000000000
32984  -23.642  -50.935  22.055 0.0000000000
30967  -22.239  -52.424  21.408 0.0000000000
31972  -22.128  -52.090  20.614 0.0000000000
26818  -18.551  -56.413  25.562 0.0000000000
25744  -17.396  -57.155  28.217 0.0000000000
24714  -16.681  -57.443  28.415 0.0000000000
113473  -17.607  -56.822  28.705 0.0000000000
50924  -41.304  -31.930  18.075 0.0000000000
41191  -25.273  -43.319  14.336 0.0000000000
28898  -23.694  -54.417  26.900 0.0000000000
29928  -24.805  -53.809  27.794 0.0000000000
28895  -23.887  -54.650  27.682 0.0000000000
27868  -23.964  -54.700  28.271 0.0000000000
109877  -22.978  -55.297  27.608 0.0000000000
41234  -40.055  -42.734  12.401 0.0000000000
114328  -40.693  -42.811  14.907 0.0000000000
41209  -40.361  -42.840  14.004 0.0000000000
43083  -40.780  -41.976  15.331 0.0000000000
126899  -41.027  -42.158  15.738 0.0000000000
42161  -29.610  -40.914  13.245 0.0000000000
113101  -29.956  -41.179  14.070 0.0000000000
41203  -31.682  -41.702  14.021 0.0000000000
42163  -30.896  -41.300  13.321 0.0000000000
42176  -31.702  -41.387  12.972 0.0000000000
42164  -32.590  -41.828  13.655 0.0000000000
38239  -37.944  -44.467  15.269 0.0000000000
39282  -37.323  -44.244  15.233 0.0000000000
39298  -37.788  -44.193  14.584 0.0000000000
40287  -38.337  -43.577  12.865 0.0000000000
40302  -37.967  -42.951  12.081 0.0000000000
41230  -37.622  -42.783  10.969 0.0000000000
41231  -38.253  -42.655  11.107 0.0000000000
41245  -39.289  -42.343  9.885 0.0000000000
40184  -32.372  -43.410  22.626 0.0000000000
130749  -32.068  -43.055  22.228 0.0000000000
41105  -31.618  -42.613  22.393 0.0000000000
113459  -31.368  -42.634  20.916 0.0000000000
121415  -30.913  -42.150  20.825 0.0000000000
41134  -31.241  -42.472  20.178 0.0000000000
41177  -30.535  -42.007  16.641 0.0000000000
41192  -30.008  -41.412  15.713 0.0000000000
117984  -29.382  -40.825  15.003 0.0000000000
63452  -42.945  -18.456  9.105 0.0000000000
51826  -36.384  -31.535  11.875 0.0000000000
50958  -35.870  -32.234  11.322 0.0000000000
51836  -36.326  -31.418  10.732 0.0000000000
51902  -39.919  -30.327  6.951 0.0000000000
51830  -47.740  -30.363  12.334 0.0000000000
52699  -47.132  -29.849  11.525 0.0000000000
55364  -47.954  -27.634  11.446 0.0000000000
40205  -24.579  -45.316  20.255 0.0000000000
41104  -24.376  -43.579  21.836 0.0000000000
133429  -24.618  -45.050  21.178 0.0000000000
38144  -24.637  -46.628  21.108 0.0000000000
39194  -24.627  -46.019  21.388 0.0000000000
125947  -24.580  -46.133  22.199 0.0000000000
124717  -24.607  -46.854  22.875 0.0000000000
125145  -24.697  -47.250  21.427 0.0000000000
33039  -23.062  -50.304  19.432 0.0000000000
34098  -23.880  -49.128  20.408 0.0000000000
34097  -23.419  -49.721  19.871 0.0000000000
33022  -23.209  -50.304  20.288 0.0000000000
32000  -22.356  -51.287  19.479 0.0000000000
38212  -40.357  -44.577  17.357 0.0000000000
118882  -40.778  -44.138  16.834 0.0000000000
38213  -40.710  -44.358  17.896 0.0000000000
40207  -41.917  -43.895  20.417 0.0000000000
117409  -41.702  -43.727  19.577 0.0000000000
120115  -42.270  -43.306  20.509 0.0000000000
38160  -33.968  -44.351  21.055 0.0000000000
39219  -33.705  -43.716  19.656 0.0000000000
38171  -34.402  -44.108  20.378 0.0000000000
112780  -36.258  -44.404  20.423 0.0000000000
129635  -35.789  -44.193  20.287 0.0000000000
38173  -36.014  -44.266  19.753 0.0000000000
38186  -36.042  -44.371  18.835 0.0000000000
115960  -36.595  -44.572  19.406 0.0000000000
38136  -38.418  -45.350  22.635 0.0000000000
38135  -37.921  -45.202  22.338 0.0000000000
37131  -38.773  -45.387  20.050 0.0000000000
37119  -38.190  -45.206  20.263 0.0000000000
37130  -38.329  -45.306  19.566 0.0000000000
37141  -37.481  -44.877  18.286 0.0000000000
129862  -37.941  -45.213  18.325 0.0000000000
123423  -38.030  -44.982  17.195 0.0000000000
113951  -38.470  -45.208  17.449 0.0000000000
37160  -40.036  -45.073  18.040 0.0000000000
37173  -39.434  -45.089  17.182 0.0000000000
130075  -40.087  -44.889  17.637 0.0000000000
38225  -39.801  -44.513  16.256 0.0000000000
38117  -34.760  -44.689  23.206 0.0000000000
38159  -33.483  -44.219  21.457 0.0000000000
58048  -45.062  -24.857  8.860 0.0000000000
58059  -44.414  -25.270  8.243 0.0000000000
58924  -45.370  -23.518  9.523 0.0000000000
60696  -45.715  -21.740  11.340 0.0000000000
60705  -45.125  -21.970  10.552 0.0000000000
60695  -44.854  -21.275  10.938 0.0000000000
60704  -44.426  -21.609  10.208 0.0000000000
61576  -44.538  -20.460  11.290 0.0000000000
62501  -47.842  -18.804  15.049 0.0000000000
62516  -47.426  -19.453  14.585 0.0000000000
63426  -46.954  -18.551  14.725 0.0000000000
64285  -45.989  -17.828  13.983 0.0000000000
63424  -45.754  -18.385  13.791 0.0000000000
63433  -44.932  -18.353  13.009 0.0000000000
62529  -44.582  -19.308  12.309 0.0000000000
64297  -44.820  -17.810  12.654 0.0000000000
128025  -43.804  -17.961  10.994 0.0000000000
64300  -44.299  -17.830  11.710 0.0000000000
65171  -46.228  -16.196  12.074 0.0000000000
65173  -45.604  -16.665  11.645 0.0000000000
65174  -46.427  -16.316  11.091 0.0000000000
65183  -45.881  -16.659  9.731 0.0000000000
65178  -46.642  -16.504  10.183 0.0000000000
115469  -47.508  -16.523  9.777 0.0000000000
65175  -47.338  -16.213  10.599 0.0000000000
67609  -48.385  -13.423  13.095 0.0000000000
67612  -48.316  -13.716  12.102 0.0000000000
68444  -48.672  -12.923  12.378 0.0000000000
68447  -48.657  -13.215  11.666 0.0000000000
68445  -49.127  -12.225  12.609 0.0000000000
69285  -50.291  -11.029  13.327 0.0000000000
124989  -36.462  -35.714  17.049 0.0000000000
50117  -37.688  -33.220  17.079 0.0000000000
50120  -37.051  -33.115  16.280 0.0000000000
50930  -40.116  -31.540  17.296 0.0000000000
50929  -39.233  -31.777  17.000 0.0000000000
51786  -39.770  -31.240  16.605 0.0000000000
51800  -38.679  -31.155  15.396 0.0000000000
130598  -37.993  -30.899  14.821 0.0000000000
51818  -37.094  -31.117  13.483 0.0000000000
51819  -37.879  -30.588  13.869 0.0000000000
52685  -39.112  -29.677  12.664 0.0000000000
52684  -38.163  -30.116  12.911 0.0000000000
127777  -38.600  -29.738  11.243 0.0000000000
52694  -39.198  -29.625  11.664 0.0000000000
53604  -39.908  -29.495  11.191 0.0000000000
53599  -42.460  -29.486  12.542 0.0000000000
53600  -43.195  -29.581  12.748 0.0000000000
52696  -43.250  -29.599  11.848 0.0000000000
52686  -43.902  -29.912  12.539 0.0000000000
52676  -45.730  -30.639  13.276 0.0000000000
51829  -46.603  -30.967  12.500 0.0000000000
43989  -25.506  -40.182  20.709 0.0000000000
43978  -25.280  -40.223  21.607 0.0000000000
43966  -25.044  -40.017  22.335 0.0000000000
113327  -25.325  -43.010  15.843 0.0000000000
42113  -25.106  -42.651  16.992 0.0000000000
41175  -25.160  -43.285  16.464 0.0000000000
40228  -24.767  -44.628  17.401 0.0000000000
116021  -24.747  -43.941  17.879 0.0000000000
41155  -24.840  -43.743  18.555 0.0000000000
42090  -24.843  -42.620  19.576 0.0000000000
40220  -24.766  -44.586  18.329 0.0000000000
113452  -24.763  -44.362  19.025 0.0000000000
40221  -24.776  -45.329  18.019 0.0000000000
26772  -21.277  -56.434  30.809 0.0000000000
43125  -40.369  -41.400  12.155 0.0000000000
44056  -39.731  -40.633  13.031 0.0000000000
44930  -39.040  -39.751  15.544 0.0000000000
44939  -38.945  -40.019  14.574 0.0000000000
45778  -38.607  -39.329  15.823 0.0000000000
45777  -37.931  -39.019  15.656 0.0000000000
45770  -38.178  -39.132  16.319 0.0000000000
40233  -41.411  -43.501  17.767 0.0000000000
113524  -41.088  -43.447  16.527 0.0000000000
42130  -41.402  -42.632  17.508 0.0000000000
43020  -41.425  -41.887  18.959 0.0000000000
44025  -41.156  -41.606  18.019 0.0000000000
44034  -40.892  -41.532  16.984 0.0000000000
45749  -39.379  -40.096  19.542 0.0000000000
44903  -39.846  -40.355  19.673 0.0000000000
44910  -39.666  -40.386  19.230 0.0000000000
125079  -39.725  -40.403  18.573 0.0000000000
45764  -39.235  -39.976  18.099 0.0000000000
45754  -37.872  -38.935  18.000 0.0000000000
46615  -37.305  -38.297  17.478 0.0000000000
46614  -36.840  -37.388  17.907 0.0000000000
46604  -37.130  -37.081  18.555 0.0000000000
48392  -38.233  -35.646  20.034 0.0000000000
114652  -37.933  -35.563  19.357 0.0000000000
49255  -38.602  -35.041  19.647 0.0000000000
129108  -38.961  -34.404  19.322 0.0000000000
49256  -39.350  -34.576  19.851 0.0000000000
48385  -39.564  -35.384  21.756 0.0000000000
126775  -29.326  -40.627  11.122 0.0000000000
43163  -28.718  -40.928  10.426 0.0000000000
43164  -29.644  -40.623  10.209 0.0000000000
39242  -33.232  -43.266  17.703 0.0000000000
39253  -32.834  -43.053  17.183 0.0000000000
39263  -33.227  -43.094  16.664 0.0000000000
40275  -34.562  -42.901  14.830 0.0000000000
41197  -33.793  -42.620  14.962 0.0000000000
41205  -34.140  -42.548  14.223 0.0000000000
125692  -33.490  -41.757  12.558 0.0000000000
42178  -34.190  -42.099  12.644 0.0000000000
125356  -36.175  -43.138  13.480 0.0000000000
43980  -28.669  -40.055  21.181 0.0000000000
43990  -27.770  -39.796  20.734 0.0000000000
42100  -30.148  -41.063  18.655 0.0000000000
42999  -29.880  -41.254  20.115 0.0000000000
43065  -28.211  -40.163  15.704 0.0000000000
44023  -28.583  -40.272  17.021 0.0000000000
44032  -27.723  -40.058  16.434 0.0000000000
44022  -27.435  -39.961  17.157 0.0000000000
44039  -26.816  -40.317  15.852 0.0000000000
43064  -26.009  -40.838  15.330 0.0000000000
43081  -26.233  -40.933  14.458 0.0000000000
133260  -48.086  -16.685  8.890 0.0000000000
65199  -47.507  -16.494  7.788 0.0000000000
65200  -48.254  -16.508  8.279 0.0000000000
65194  -49.856  -16.028  8.864 0.0000000000
110593  -48.924  -16.115  7.531 0.0000000000
65211  -49.304  -15.585  6.529 0.0000000000
68461  -50.626  -13.043  9.689 0.0000000000
68462  -51.468  -13.008  9.557 0.0000000000
66053  -51.230  -15.564  7.646 0.0000000000
65196  -50.932  -15.677  8.440 0.0000000000
66070  -50.746  -15.099  6.038 0.0000000000
66069  -49.910  -15.155  5.702 0.0000000000
113391  -50.700  -15.201  4.944 0.0000000000
65235  -50.698  -15.560  3.923 0.0000000000
66082  -52.150  -15.506  4.321 0.0000000000
65237  -51.857  -15.753  3.421 0.0000000000
65251  -52.132  -15.887  2.485 0.0000000000
66093  -52.261  -15.783  2.251 0.0000000000
66064  -54.086  -14.941  6.775 0.0000000000
66084  -53.482  -15.010  4.560 0.0000000000
66864  -54.373  -14.708  5.776 0.0000000000
66868  -54.144  -14.581  4.683 0.0000000000
66857  -55.158  -14.277  7.134 0.0000000000
128608  -21.279  -54.015  23.197 0.0000000000
28908  -21.127  -54.539  23.654 0.0000000000
28914  -19.827  -54.617  22.947 0.0000000000
131410  -36.028  -36.191  14.845 0.0000000000
52781  -43.320  -29.485  5.725 0.0000000000
53673  -43.329  -29.137  5.182 0.0000000000
54541  -43.549  -28.902  6.057 0.0000000000
110024  -40.993  -29.694  9.619 0.0000000000
52727  -40.528  -29.743  9.077 0.0000000000
109970  -41.741  -29.952  9.391 0.0000000000
51857  -42.726  -30.547  8.760 0.0000000000
51856  -42.025  -30.432  8.602 0.0000000000
125155  -42.446  -30.686  8.149 0.0000000000
50974  -42.588  -30.720  7.663 0.0000000000
50975  -42.971  -30.799  7.864 0.0000000000
52714  -46.108  -29.632  10.274 0.0000000000
51847  -45.421  -30.079  10.409 0.0000000000
51859  -45.403  -29.617  9.573 0.0000000000
51860  -45.373  -29.338  9.045 0.0000000000
51908  -44.941  -29.394  8.516 0.0000000000
110797  -43.920  -30.276  7.496 0.0000000000
52761  -44.646  -29.503  8.023 0.0000000000
52771  -44.284  -29.592  7.440 0.0000000000
52772  -44.798  -29.200  7.944 0.0000000000
115320  -46.110  -27.881  8.804 0.0000000000
125304  -45.552  -27.502  8.377 0.0000000000
55396  -44.893  -27.807  7.822 0.0000000000
56322  -45.497  -26.631  8.467 0.0000000000
57171  -46.095  -26.269  9.197 0.0000000000
58016  -47.864  -24.595  11.029 0.0000000000
58027  -47.088  -24.520  10.517 0.0000000000
59817  -47.509  -23.163  11.571 0.0000000000
58911  -48.093  -23.277  11.977 0.0000000000
31943  -23.604  -51.702  23.222 0.0000000000
30935  -23.151  -52.296  23.208 0.0000000000
29941  -22.947  -52.782  23.773 0.0000000000
29939  -21.578  -53.676  23.024 0.0000000000
29955  -22.057  -53.344  22.779 0.0000000000
126954  -20.771  -53.542  21.513 0.0000000000
27880  -21.652  -54.793  24.962 0.0000000000
27879  -21.045  -55.323  25.304 0.0000000000
26820  -20.029  -56.215  26.178 0.0000000000
26821  -20.652  -56.026  26.427 0.0000000000
26814  -21.002  -56.326  27.066 0.0000000000
26815  -21.762  -56.063  27.311 0.0000000000
26807  -20.559  -56.731  27.451 0.0000000000
25758  -17.979  -56.923  26.714 0.0000000000
126031  -19.256  -56.620  28.401 0.0000000000
25752  -18.829  -56.684  27.696 0.0000000000
25745  -19.840  -56.854  28.747 0.0000000000
25746  -20.255  -56.980  28.493 0.0000000000
120393  -20.338  -57.018  28.986 0.0000000000
25740  -20.928  -56.832  29.366 0.0000000000
131745  -19.929  -56.864  29.027 0.0000000000
119817  -17.749  -56.603  29.283 0.0000000000
25720  -19.093  -56.644  29.451 0.0000000000
26777  -18.933  -56.565  30.075 0.0000000000
25734  -14.895  -57.911  28.861 0.0000000000
28901  -22.849  -54.543  25.919 0.0000000000
40291  -40.101  -43.231  13.182 0.0000000000
40280  -40.318  -43.196  14.212 0.0000000000
111546  -40.899  -42.779  15.482 0.0000000000
41185  -30.395  -41.937  16.199 0.0000000000
42150  -30.449  -41.585  14.623 0.0000000000
41186  -30.749  -42.319  16.065 0.0000000000
40260  -31.450  -42.500  15.716 0.0000000000
41195  -32.023  -42.300  14.973 0.0000000000
38254  -38.870  -44.343  14.904 0.0000000000
39299  -38.288  -44.177  13.934 0.0000000000
39300  -38.908  -44.280  14.124 0.0000000000
39311  -38.649  -44.008  13.432 0.0000000000
40305  -39.883  -43.168  12.812 0.0000000000
39188  -33.092  -44.127  22.704 0.0000000000
39196  -32.576  -43.673  21.452 0.0000000000
39195  -32.139  -43.376  20.979 0.0000000000
40214  -31.555  -42.812  19.605 0.0000000000
40222  -31.463  -42.491  18.700 0.0000000000
40239  -31.038  -42.397  17.073 0.0000000000
64309  -43.956  -16.992  8.710 0.0000000000
44944  -38.383  -39.394  14.083 0.0000000000
52706  -36.974  -30.553  10.432 0.0000000000
51855  -36.630  -31.009  9.015 0.0000000000
51873  -40.495  -30.084  7.833 0.0000000000
37156  -24.518  -46.419  18.561 0.0000000000
38170  -24.586  -46.288  19.757 0.0000000000
37140  -24.492  -46.711  19.624 0.0000000000
36173  -24.423  -47.372  19.816 0.0000000000
36161  -24.460  -48.067  20.156 0.0000000000
36151  -24.791  -47.767  20.923 0.0000000000
34117  -23.692  -49.047  19.426 0.0000000000
34116  -23.349  -49.642  18.962 0.0000000000
34115  -22.982  -50.171  18.700 0.0000000000
33037  -22.176  -51.037  18.585 0.0000000000
38189  -40.514  -44.773  19.012 0.0000000000
38190  -40.796  -44.428  18.679 0.0000000000
39221  -41.129  -44.361  19.682 0.0000000000
39222  -41.463  -44.198  20.024 0.0000000000
130504  -41.980  -44.313  21.189 0.0000000000
38132  -34.973  -44.541  22.363 0.0000000000
38147  -35.175  -44.442  21.530 0.0000000000
38162  -36.035  -44.428  21.174 0.0000000000
38163  -36.824  -44.630  20.805 0.0000000000
129901  -38.782  -45.153  21.487 0.0000000000
37121  -39.257  -45.293  21.015 0.0000000000
112630  -39.149  -45.387  20.446 0.0000000000
37132  -39.341  -45.439  19.855 0.0000000000
37143  -38.985  -45.357  18.597 0.0000000000
37146  -40.264  -45.060  19.273 0.0000000000
58917  -46.560  -23.543  10.624 0.0000000000
58916  -45.756  -23.220  10.174 0.0000000000
59816  -46.362  -22.420  11.298 0.0000000000
61573  -46.131  -20.790  12.710 0.0000000000
64279  -48.500  -17.097  15.787 0.0000000000
63413  -47.461  -18.092  15.108 0.0000000000
65153  -47.634  -16.504  15.239 0.0000000000
65162  -47.021  -16.859  14.768 0.0000000000
64294  -45.866  -17.047  13.517 0.0000000000
65170  -45.645  -16.744  12.601 0.0000000000
66026  -46.804  -15.661  13.422 0.0000000000
66030  -47.274  -15.078  12.824 0.0000000000
118784  -47.429  -15.476  11.925 0.0000000000
67610  -49.008  -12.997  13.748 0.0000000000
48398  -37.556  -34.604  18.254 0.0000000000
49261  -37.073  -34.445  17.396 0.0000000000
49262  -37.870  -33.706  17.910 0.0000000000
50928  -38.509  -32.410  17.023 0.0000000000
52647  -40.304  -30.717  16.242 0.0000000000
51811  -39.366  -30.546  15.039 0.0000000000
117978  -39.307  -29.896  14.288 0.0000000000
126774  -39.442  -29.619  13.503 0.0000000000
53589  -40.033  -29.408  12.923 0.0000000000
53597  -40.710  -29.501  12.207 0.0000000000
53590  -40.906  -29.352  13.143 0.0000000000
53591  -41.812  -29.463  13.285 0.0000000000
53592  -42.683  -29.584  13.408 0.0000000000
115427  -26.989  -39.694  22.008 0.0000000000
44879  -27.008  -39.618  21.196 0.0000000000
44891  -26.231  -39.759  20.870 0.0000000000
44000  -25.441  -40.246  19.702 0.0000000000
118602  -24.877  -44.829  15.822 0.0000000000
38198  -24.596  -45.990  17.026 0.0000000000
66874  -53.256  -14.772  2.984 0.0000000000
66877  -52.625  -14.778  2.071 0.0000000000
66878  -53.154  -14.467  2.593 0.0000000000
67668  -52.879  -13.764  2.180 0.0000000000
68505  -52.421  -12.955  1.803 0.0000000000
111809  -22.022  -57.062  30.502 0.0000000000
43104  -40.392  -41.863  14.385 0.0000000000
43126  -40.363  -42.002  13.419 0.0000000000
44048  -39.761  -40.894  14.253 0.0000000000
42102  -41.725  -42.398  19.105 0.0000000000
42116  -41.564  -42.499  18.335 0.0000000000
43010  -41.787  -42.258  19.497 0.0000000000
44005  -41.054  -41.565  19.505 0.0000000000
44880  -39.021  -39.325  21.074 0.0000000000
45748  -38.753  -39.522  19.367 0.0000000000
45755  -38.680  -39.515  18.498 0.0000000000
116223  -37.426  -37.285  19.184 0.0000000000
49241  -40.751  -34.318  21.695 0.0000000000
43165  -30.624  -40.635  10.716 0.0000000000
39255  -34.542  -43.676  17.018 0.0000000000
39264  -34.145  -43.355  16.496 0.0000000000
39278  -34.644  -43.295  15.854 0.0000000000
40264  -34.965  -43.229  15.268 0.0000000000
41206  -34.903  -42.899  14.215 0.0000000000
114410  -36.861  -43.002  11.012 0.0000000000
42998  -29.376  -40.672  20.652 0.0000000000
114215  -29.274  -40.591  16.128 0.0000000000
43031  -29.389  -40.671  17.264 0.0000000000
127720  -27.313  -40.522  14.160 0.0000000000
43101  -26.464  -41.014  13.603 0.0000000000
43120  -26.653  -41.106  12.709 0.0000000000
42187  -26.236  -42.110  11.320 0.0000000000
66037  -49.204  -15.519  10.276 0.0000000000
65181  -49.164  -16.047  9.887 0.0000000000
66831  -49.493  -14.802  10.328 0.0000000000
66038  -49.853  -15.287  9.953 0.0000000000
65188  -50.093  -15.801  9.279 0.0000000000
67627  -52.058  -13.799  9.533 0.0000000000
66836  -52.504  -14.322  9.437 0.0000000000
66054  -51.724  -15.565  8.282 0.0000000000
125893  -51.941  -15.551  7.403 0.0000000000
130707  -52.115  -15.501  6.808 0.0000000000
66071  -52.350  -15.387  6.093 0.0000000000
125466  -52.421  -15.368  5.103 0.0000000000
116924  -52.859  -15.346  4.421 0.0000000000
66072  -53.113  -15.252  5.385 0.0000000000
66848  -54.517  -14.717  7.655 0.0000000000
28913  -19.023  -54.701  22.202 0.0000000000
120082  -35.627  -35.045  14.407 0.0000000000
48436  -35.668  -35.205  12.639 0.0000000000
52711  -42.218  -29.840  10.063 0.0000000000
52712  -43.071  -29.970  10.097 0.0000000000
52730  -43.239  -30.266  9.481 0.0000000000
53633  -46.775  -28.822  10.325 0.0000000000
52731  -45.986  -29.345  9.531 0.0000000000
53632  -46.275  -29.004  9.561 0.0000000000
54510  -46.220  -28.698  9.275 0.0000000000
53641  -45.836  -28.870  8.912 0.0000000000
53653  -45.283  -28.790  8.365 0.0000000000
55386  -46.174  -28.385  8.999 0.0000000000
57172  -46.671  -26.780  9.768 0.0000000000
57161  -46.686  -25.879  9.793 0.0000000000
123146  -47.684  -25.235  10.718 0.0000000000
34069  -24.573  -49.193  22.317 0.0000000000
34057  -24.600  -49.532  23.137 0.0000000000
32971  -24.259  -50.659  23.140 0.0000000000
31959  -23.255  -51.632  22.474 0.0000000000
30948  -22.419  -52.802  22.235 0.0000000000
30947  -22.076  -53.099  21.828 0.0000000000
30964  -20.290  -53.429  20.414 0.0000000000
27877  -19.130  -55.833  24.714 0.0000000000
27878  -19.838  -55.797  25.141 0.0000000000
26829  -19.182  -56.148  25.307 0.0000000000
26819  -19.323  -56.331  25.938 0.0000000000
26812  -19.539  -56.595  26.627 0.0000000000
25750  -16.801  -57.723  27.723 0.0000000000
128927  -18.440  -56.659  28.274 0.0000000000
116811  -37.269  -45.275  23.492 0.0000000000
37101  -39.937  -45.515  22.243 0.0000000000
61568  -48.486  -20.925  13.818 0.0000000000
61557  -47.962  -20.227  14.241 0.0000000000
62502  -48.840  -18.967  15.377 0.0000000000
120143  -48.966  -18.154  15.942 0.0000000000
66012  -49.482  -15.527  15.675 0.0000000000
66811  -49.077  -14.813  15.315 0.0000000000
67595  -49.714  -14.078  15.204 0.0000000000
50110  -40.119  -33.109  18.825 0.0000000000
50115  -39.840  -32.589  18.169 0.0000000000
50913  -40.670  -32.469  18.457 0.0000000000
50923  -40.516  -32.072  17.827 0.0000000000
51770  -40.983  -31.567  17.435 0.0000000000
51788  -41.393  -31.003  17.029 0.0000000000
52636  -41.736  -30.549  16.387 0.0000000000
43063  -25.535  -41.548  15.799 0.0000000000
43044  -25.433  -41.621  16.779 0.0000000000
42141  -25.334  -42.281  15.402 0.0000000000
41183  -25.236  -43.160  15.186 0.0000000000
115456  -23.557  -55.125  28.519 0.0000000000
26804  -23.199  -55.773  28.777 0.0000000000
41220  -40.235  -42.911  12.976 0.0000000000
41221  -40.351  -42.559  13.473 0.0000000000
44050  -40.768  -41.603  15.667 0.0000000000
44043  -40.927  -41.582  16.196 0.0000000000
110988  -28.702  -40.640  13.268 0.0000000000
110662  -28.590  -40.687  12.098 0.0000000000
43122  -28.909  -40.641  12.682 0.0000000000
43123  -29.444  -40.674  12.386 0.0000000000
42189  -30.114  -40.726  12.232 0.0000000000
42162  -30.330  -41.247  13.624 0.0000000000
42175  -30.795  -40.989  12.626 0.0000000000
43145  -30.700  -40.748  11.818 0.0000000000
43147  -32.521  -41.081  11.277 0.0000000000
39267  -36.421  -44.271  15.854 0.0000000000
39280  -36.049  -43.819  15.464 0.0000000000
39281  -36.671  -44.031  15.326 0.0000000000
39297  -37.039  -43.825  14.571 0.0000000000
40278  -37.026  -43.436  13.596 0.0000000000
40286  -37.703  -43.392  12.886 0.0000000000
41232  -38.911  -42.657  11.271 0.0000000000
42070  -30.674  -41.877  21.640 0.0000000000
42092  -30.419  -41.541  19.505 0.0000000000
41156  -31.043  -41.811  18.272 0.0000000000
42101  -30.481  -41.271  17.865 0.0000000000
42114  -29.943  -41.128  17.114 0.0000000000
42142  -29.702  -41.062  15.882 0.0000000000
62547  -42.984  -19.487  9.548 0.0000000000
66087  -49.145  -15.634  3.699 0.0000000000
70163  -50.350  -10.361  11.883 0.0000000000
69294  -50.178  -11.253  10.784 0.0000000000
70165  -50.519  -10.512  11.129 0.0000000000
70170  -50.898  -10.854  10.457 0.0000000000
67620  -54.045  -13.141  9.788 0.0000000000
113505  -36.112  -32.293  13.167 0.0000000000
50135  -35.760  -32.982  12.812 0.0000000000
50952  -35.925  -32.258  12.320 0.0000000000
51928  -42.117  -30.648  6.618 0.0000000000
51839  -45.646  -30.434  11.259 0.0000000000
51838  -45.047  -30.511  10.913 0.0000000000
128919  -46.474  -29.811  11.005 0.0000000000
52715  -46.705  -29.347  10.821 0.0000000000
53620  -47.219  -28.721  10.987 0.0000000000
54491  -47.605  -28.287  11.286 0.0000000000
132264  -47.542  -27.955  11.075 0.0000000000
56292  -48.035  -26.910  11.276 0.0000000000
57152  -48.112  -26.200  11.205 0.0000000000
40194  -24.610  -45.400  21.021 0.0000000000
40183  -24.495  -44.470  22.416 0.0000000000
35158  -24.714  -48.075  20.737 0.0000000000
35147  -24.728  -48.150  21.261 0.0000000000
35135  -24.502  -48.827  21.639 0.0000000000
34082  -24.071  -49.331  21.251 0.0000000000
31989  -23.109  -50.665  20.776 0.0000000000
31988  -22.410  -51.512  20.190 0.0000000000
31987  -21.981  -51.844  19.912 0.0000000000
24718  -16.140  -57.976  27.845 0.0000000000
113678  -39.947  -44.013  14.939 0.0000000000
39286  -40.522  -43.506  15.401 0.0000000000
39268  -40.333  -44.071  16.054 0.0000000000
40243  -41.269  -43.669  17.230 0.0000000000
40224  -41.542  -43.436  18.471 0.0000000000
39246  -41.381  -43.826  18.655 0.0000000000
131914  -41.576  -43.656  19.000 0.0000000000
41157  -41.697  -42.910  18.780 0.0000000000
42093  -41.998  -42.439  19.745 0.0000000000
40197  -41.954  -44.099  22.011 0.0000000000
112642  -32.606  -43.513  19.128 0.0000000000
39241  -32.532  -43.064  17.715 0.0000000000
39229  -33.146  -43.531  18.904 0.0000000000
111011  -33.614  -43.470  18.317 0.0000000000
39231  -34.554  -43.723  18.490 0.0000000000
38200  -35.485  -44.009  18.266 0.0000000000
120071  -35.686  -44.040  17.566 0.0000000000
38208  -36.261  -44.201  17.067 0.0000000000
111012  -37.190  -45.243  22.741 0.0000000000
109865  -37.320  -44.902  22.017 0.0000000000
38149  -37.439  -44.805  21.256 0.0000000000
37109  -38.146  -45.006  20.976 0.0000000000
38164  -37.532  -44.941  20.490 0.0000000000
38174  -36.932  -44.809  20.006 0.0000000000
38187  -37.245  -44.849  19.186 0.0000000000
117253  -36.916  -44.407  17.687 0.0000000000
38209  -37.032  -44.435  16.851 0.0000000000
116587  -37.116  -44.619  16.137 0.0000000000
37186  -37.895  -44.817  16.196 0.0000000000
37187  -38.575  -44.858  16.268 0.0000000000
114818  -39.337  -45.246  17.566 0.0000000000
37172  -38.929  -45.169  17.043 0.0000000000
128945  -38.952  -44.738  15.985 0.0000000000
38241  -39.123  -44.469  15.439 0.0000000000
38242  -39.651  -44.288  15.362 0.0000000000
38130  -33.584  -44.453  23.126 0.0000000000
39197  -33.031  -44.011  21.891 0.0000000000
129209  -32.823  -43.708  20.335 0.0000000000
57190  -42.964  -26.183  6.738 0.0000000000
132597  -44.288  -24.524  8.510 0.0000000000
59831  -45.079  -22.809  9.562 0.0000000000
58923  -44.826  -23.045  9.077 0.0000000000
58932  -44.064  -23.148  8.681 0.0000000000
62527  -47.022  -20.109  14.061 0.0000000000
61566  -46.669  -20.669  13.298 0.0000000000
61565  -45.851  -20.166  13.042 0.0000000000
63425  -46.241  -18.516  14.232 0.0000000000
62525  -45.533  -19.406  13.302 0.0000000000
62530  -45.191  -19.737  12.680 0.0000000000
62534  -44.281  -19.633  11.597 0.0000000000
62540  -43.856  -19.944  10.890 0.0000000000
62539  -43.298  -19.326  10.481 0.0000000000
63442  -43.455  -18.522  10.758 0.0000000000
64305  -43.637  -17.853  10.309 0.0000000000
64308  -43.364  -17.678  9.467 0.0000000000
64301  -44.938  -17.114  11.182 0.0000000000
64307  -45.011  -16.731  9.253 0.0000000000
64310  -45.198  -16.649  8.235 0.0000000000
65198  -45.864  -16.572  7.616 0.0000000000
112618  -46.302  -16.419  7.214 0.0000000000
65191  -46.828  -16.571  8.587 0.0000000000
126219  -47.555  -16.637  9.062 0.0000000000
65179  -48.152  -16.317  10.144 0.0000000000
66033  -47.946  -15.207  11.853 0.0000000000
66036  -48.518  -15.422  10.953 0.0000000000
67614  -48.615  -13.917  11.294 0.0000000000
68448  -49.010  -12.424  11.661 0.0000000000
67606  -49.267  -13.421  14.511 0.0000000000
68436  -49.755  -12.687  14.269 0.0000000000
69284  -49.699  -11.605  12.992 0.0000000000
69288  -50.038  -10.974  12.429 0.0000000000
70954  -50.817  -9.689  13.101 0.0000000000
47520  -36.554  -37.279  15.856 0.0000000000
117196  -36.463  -36.140  16.185 0.0000000000
48409  -36.367  -35.540  15.822 0.0000000000
49267  -36.297  -34.667  15.756 0.0000000000
49271  -35.891  -34.311  14.960 0.0000000000
50124  -36.333  -33.436  14.988 0.0000000000
50939  -36.494  -32.778  14.563 0.0000000000
50922  -39.145  -32.392  17.604 0.0000000000
50935  -39.083  -31.607  16.136 0.0000000000
50934  -38.378  -31.945  15.862 0.0000000000
50933  -37.503  -32.295  15.753 0.0000000000
50940  -36.982  -32.010  15.021 0.0000000000
50947  -36.612  -31.951  13.944 0.0000000000
51827  -36.974  -30.962  12.511 0.0000000000
52692  -37.665  -30.434  12.150 0.0000000000
110098  -37.768  -30.058  11.127 0.0000000000
52707  -38.529  -29.704  10.507 0.0000000000
52726  -39.650  -29.658  9.244 0.0000000000
53617  -39.893  -29.504  10.497 0.0000000000
53618  -40.619  -29.503  10.577 0.0000000000
53606  -41.281  -29.511  11.315 0.0000000000
52695  -41.962  -29.596  10.791 0.0000000000
109918  -42.774  -29.649  10.870 0.0000000000
52697  -44.678  -30.448  11.442 0.0000000000
52662  -43.281  -29.881  15.001 0.0000000000
52673  -43.002  -29.791  14.190 0.0000000000
52664  -45.836  -30.462  14.424 0.0000000000
112781  -45.034  -30.181  13.773 0.0000000000
52675  -44.396  -30.112  13.171 0.0000000000
52687  -44.702  -30.367  12.296 0.0000000000
131267  -45.048  -30.575  11.932 0.0000000000
51828  -45.907  -30.657  12.081 0.0000000000
51841  -47.041  -30.605  12.148 0.0000000000
43030  -25.371  -41.347  17.665 0.0000000000
43018  -25.261  -41.170  18.490 0.0000000000
43007  -25.098  -41.095  19.375 0.0000000000
41166  -24.802  -43.641  17.203 0.0000000000
112171  -24.905  -42.954  17.881 0.0000000000
126661  -25.027  -41.838  19.491 0.0000000000
114344  -24.857  -41.782  20.000 0.0000000000
123962  -24.665  -41.701  20.843 0.0000000000
41133  -24.411  -43.679  20.148 0.0000000000
40211  -24.510  -44.521  19.779 0.0000000000
39226  -24.668  -45.765  18.898 0.0000000000
38199  -24.667  -46.054  17.792 0.0000000000
37155  -24.326  -46.702  17.896 0.0000000000
68497  -54.848  -12.975  3.515 0.0000000000
68500  -53.862  -12.713  2.659 0.0000000000
40255  -40.831  -43.326  15.877 0.0000000000
41187  -41.010  -43.104  15.993 0.0000000000
42143  -41.073  -42.656  15.881 0.0000000000
132601  -41.416  -42.121  17.795 0.0000000000
42115  -41.283  -42.098  16.984 0.0000000000
111374  -41.173  -42.110  16.154 0.0000000000
43048  -41.081  -41.726  16.505 0.0000000000
44033  -40.454  -41.146  17.055 0.0000000000
44004  -40.473  -40.964  19.354 0.0000000000
44904  -39.997  -40.553  19.349 0.0000000000
44911  -40.254  -40.768  18.717 0.0000000000
44917  -40.211  -40.695  17.841 0.0000000000
44924  -40.012  -40.721  17.110 0.0000000000
44923  -39.610  -40.300  16.742 0.0000000000
124904  -38.600  -39.501  16.841 0.0000000000
45763  -38.603  -39.521  17.587 0.0000000000
46628  -37.439  -38.503  16.703 0.0000000000
47497  -36.564  -36.603  17.508 0.0000000000
47488  -37.458  -36.316  18.971 0.0000000000
48395  -37.448  -35.477  18.677 0.0000000000
49259  -38.863  -33.951  18.824 0.0000000000
48388  -39.253  -35.424  21.045 0.0000000000
49250  -39.680  -34.744  20.526 0.0000000000
40242  -32.475  -42.901  16.756 0.0000000000
40261  -32.453  -42.665  15.737 0.0000000000
40254  -33.720  -43.101  16.061 0.0000000000
42177  -32.743  -41.602  12.810 0.0000000000
42190  -33.025  -41.430  11.907 0.0000000000
43168  -33.353  -41.439  10.738 0.0000000000
40277  -35.656  -43.307  14.335 0.0000000000
41218  -34.952  -42.525  12.627 0.0000000000
41219  -35.797  -42.773  12.548 0.0000000000
41228  -35.261  -42.658  11.628 0.0000000000
42192  -34.551  -42.290  11.753 0.0000000000
110895  -34.193  -42.088  10.848 0.0000000000
132480  -28.070  -40.059  22.707 0.0000000000
43979  -27.822  -39.755  21.621 0.0000000000
132426  -26.692  -39.740  18.777 0.0000000000
42987  -30.188  -41.246  21.091 0.0000000000
43008  -29.181  -40.758  19.734 0.0000000000
123774  -28.994  -40.384  17.762 0.0000000000
44003  -28.474  -40.166  19.318 0.0000000000
114237  -27.249  -39.698  18.032 0.0000000000
44021  -26.395  -40.102  17.498 0.0000000000
43045  -25.896  -40.792  16.226 0.0000000000
43080  -25.570  -41.554  14.910 0.0000000000
42160  -25.853  -41.777  13.167 0.0000000000
110395  -47.032  -16.355  7.089 0.0000000000
110592  -46.917  -16.086  6.296 0.0000000000
65209  -47.527  -16.168  6.534 0.0000000000
65220  -48.304  -15.811  5.369 0.0000000000
66079  -48.751  -15.621  4.622 0.0000000000
68451  -49.926  -12.669  10.097 0.0000000000
65195  -50.545  -15.805  8.938 0.0000000000
114227  -51.327  -15.275  9.350 0.0000000000
65212  -49.829  -15.630  7.312 0.0000000000
66059  -50.070  -15.269  6.545 0.0000000000
66088  -50.076  -15.738  3.472 0.0000000000
65249  -50.862  -16.037  3.082 0.0000000000
125165  -51.033  -16.448  2.096 0.0000000000
66081  -51.390  -15.515  4.220 0.0000000000
65250  -51.523  -16.063  2.663 0.0000000000
66098  -52.234  -15.869  1.857 0.0000000000
66083  -53.172  -15.153  3.786 0.0000000000
66871  -53.401  -14.751  3.493 0.0000000000
66872  -53.971  -14.322  3.933 0.0000000000
66869  -54.843  -14.153  5.175 0.0000000000
67653  -55.422  -13.651  5.635 0.0000000000
29937  -22.380  -53.853  24.051 0.0000000000
28904  -22.204  -54.283  24.614 0.0000000000
27890  -21.680  -54.498  24.133 0.0000000000
27888  -20.564  -55.058  24.065 0.0000000000
132990  -19.047  -54.968  22.905 0.0000000000
126126  -19.169  -55.473  24.061 0.0000000000
46654  -36.555  -37.504  14.958 0.0000000000
46670  -36.448  -37.616  13.963 0.0000000000
50134  -35.495  -33.743  12.517 0.0000000000
128113  -40.787  -29.902  8.502 0.0000000000
51874  -41.357  -30.249  8.119 0.0000000000
51904  -42.294  -30.639  7.283 0.0000000000
51905  -42.689  -30.627  7.095 0.0000000000
51846  -44.716  -30.150  10.212 0.0000000000
123222  -44.938  -29.886  9.804 0.0000000000
124518  -44.285  -30.053  9.324 0.0000000000
51879  -44.739  -29.683  9.034 0.0000000000
51877  -43.637  -30.450  8.455 0.0000000000
51906  -43.843  -30.487  7.956 0.0000000000
129038  -43.316  -30.623  7.342 0.0000000000
51929  -43.134  -30.496  6.732 0.0000000000
52770  -43.824  -29.941  6.988 0.0000000000
52782  -43.846  -29.580  6.837 0.0000000000
53675  -44.295  -28.929  7.155 0.0000000000
54535  -45.188  -28.660  8.189 0.0000000000
54542  -44.730  -28.740  7.694 0.0000000000
55412  -44.080  -28.623  6.931 0.0000000000
56329  -44.044  -27.526  7.243 0.0000000000
57170  -45.352  -25.728  8.599 0.0000000000
58037  -46.514  -24.940  9.872 0.0000000000
59826  -46.837  -23.041  11.164 0.0000000000
59809  -47.591  -22.481  12.081 0.0000000000
60690  -48.049  -21.924  12.655 0.0000000000
57142  -48.585  -25.725  11.570 0.0000000000
30928  -23.482  -52.958  24.997 0.0000000000
30931  -23.338  -52.690  24.362 0.0000000000
29938  -22.875  -53.322  24.373 0.0000000000
115743  -21.962  -53.765  23.451 0.0000000000
29954  -21.613  -53.489  22.222 0.0000000000
119146  -20.515  -53.873  22.245 0.0000000000
28925  -19.875  -54.223  22.262 0.0000000000
30984  -21.771  -52.336  20.368 0.0000000000
27881  -22.258  -54.623  25.495 0.0000000000
27874  -22.384  -54.936  26.499 0.0000000000
27873  -20.386  -55.757  25.656 0.0000000000
117150  -20.928  -55.609  26.039 0.0000000000
27870  -21.852  -55.485  26.782 0.0000000000
27871  -22.397  -55.468  27.224 0.0000000000
26816  -22.476  -55.814  27.710 0.0000000000
26803  -22.145  -56.667  28.655 0.0000000000
25764  -17.767  -56.703  25.896 0.0000000000
131279  -18.166  -56.930  27.212 0.0000000000
114465  -19.463  -56.729  27.552 0.0000000000
25760  -19.792  -56.755  27.262 0.0000000000
25754  -20.746  -57.004  28.080 0.0000000000
26802  -21.455  -56.927  28.326 0.0000000000
26797  -22.304  -56.794  29.374 0.0000000000
25741  -21.746  -56.829  29.779 0.0000000000
25729  -21.377  -56.659  30.071 0.0000000000
113338  -20.853  -56.583  29.749 0.0000000000
25727  -19.667  -56.753  29.190 0.0000000000
25728  -20.314  -56.670  29.433 0.0000000000
26779  -20.623  -56.397  30.028 0.0000000000
26778  -19.631  -56.435  30.243 0.0000000000
24717  -15.088  -58.467  27.806 0.0000000000
24712  -15.186  -57.898  28.525 0.0000000000
112741  -16.410  -57.278  28.771 0.0000000000
25726  -16.978  -56.689  29.330 0.0000000000
25748  -21.553  -56.957  29.056 0.0000000000
26782  -23.397  -56.501  30.774 0.0000000000
26793  -23.612  -56.255  30.179 0.0000000000
26809  -21.983  -56.413  27.919 0.0000000000
26810  -22.622  -56.084  28.335 0.0000000000
27859  -24.019  -55.840  29.861 0.0000000000
27863  -23.940  -54.724  28.910 0.0000000000
27867  -23.515  -55.040  27.938 0.0000000000
27872  -23.327  -54.836  27.408 0.0000000000
28896  -24.428  -54.448  27.984 0.0000000000
28899  -24.292  -54.186  27.306 0.0000000000
28907  -20.460  -54.717  23.455 0.0000000000
30932  -23.910  -52.333  24.717 0.0000000000
30949  -22.789  -52.359  22.597 0.0000000000
30966  -21.832  -52.616  21.093 0.0000000000
31939  -23.605  -52.133  23.916 0.0000000000
32964  -24.544  -50.968  24.102 0.0000000000
32970  -23.863  -51.097  22.774 0.0000000000
34056  -24.423  -49.965  22.691 0.0000000000
34068  -24.329  -49.671  21.925 0.0000000000
35125  -24.688  -48.791  22.695 0.0000000000
35136  -24.647  -48.442  21.890 0.0000000000
35146  -24.400  -48.579  20.936 0.0000000000
36138  -24.707  -48.165  22.234 0.0000000000
36145  -24.769  -47.952  21.429 0.0000000000
36172  -24.058  -47.876  19.213 0.0000000000
37108  -24.672  -47.342  22.306 0.0000000000
37118  -24.775  -47.611  21.125 0.0000000000
37122  -40.176  -45.361  20.704 0.0000000000
37129  -24.619  -47.378  20.530 0.0000000000
37139  -24.286  -47.065  18.863 0.0000000000
37142  -38.401  -45.329  18.261 0.0000000000
37144  -39.473  -45.320  19.049 0.0000000000
37157  -37.971  -45.156  17.800 0.0000000000
37158  -38.962  -45.353  17.814 0.0000000000
37159  -39.719  -45.186  17.821 0.0000000000
37161  -40.211  -44.927  18.596 0.0000000000
37174  -39.797  -44.992  17.443 0.0000000000
37188  -39.136  -44.930  16.560 0.0000000000
38152  -41.594  -45.027  21.302 0.0000000000
38165  -41.139  -45.219  20.634 0.0000000000
38166  -40.884  -44.742  20.010 0.0000000000
38172  -35.301  -43.973  20.006 0.0000000000
38177  -40.829  -44.563  19.338 0.0000000000
38184  -24.642  -46.054  18.757 0.0000000000
38188  -37.929  -45.201  18.928 0.0000000000
38210  -37.687  -44.742  16.717 0.0000000000
38211  -39.957  -44.715  17.037 0.0000000000
38224  -39.356  -44.656  16.085 0.0000000000
38226  -40.259  -44.354  16.528 0.0000000000
38238  -37.540  -44.596  15.715 0.0000000000
38240  -38.563  -44.570  15.495 0.0000000000
39186  -24.573  -46.252  22.976 0.0000000000
39204  -24.637  -45.977  20.738 0.0000000000
39205  -32.033  -43.323  19.981 0.0000000000
39207  -33.410  -44.009  20.529 0.0000000000
39216  -32.158  -43.325  18.870 0.0000000000
39228  -32.555  -43.310  18.459 0.0000000000
39230  -33.903  -43.552  18.966 0.0000000000
39232  -41.145  -44.205  18.982 0.0000000000
39239  -24.700  -45.617  17.443 0.0000000000
39244  -34.963  -43.834  17.656 0.0000000000
39245  -41.105  -44.047  18.277 0.0000000000
39254  -33.626  -43.323  17.130 0.0000000000
39257  -41.134  -43.967  17.455 0.0000000000
39265  -35.178  -43.688  16.291 0.0000000000
39269  -40.655  -43.769  16.119 0.0000000000
39285  -40.025  -43.946  14.994 0.0000000000
39296  -36.246  -43.630  14.896 0.0000000000
40193  -24.641  -45.312  21.681 0.0000000000
40195  -31.765  -42.959  21.499 0.0000000000
40204  -24.535  -44.662  20.743 0.0000000000
40212  -24.681  -45.170  19.170 0.0000000000
40213  -31.060  -42.087  19.272 0.0000000000
40215  -41.781  -43.305  19.150 0.0000000000
40229  -31.284  -42.214  17.750 0.0000000000
40238  -25.114  -43.919  15.948 0.0000000000
40240  -31.568  -42.639  16.990 0.0000000000
40241  -32.195  -42.864  17.129 0.0000000000
40262  -33.355  -42.762  15.644 0.0000000000
40265  -35.602  -43.449  15.089 0.0000000000
41145  -24.754  -43.640  19.288 0.0000000000
41146  -41.989  -42.809  19.458 0.0000000000
41167  -30.413  -41.547  17.213 0.0000000000
41178  -41.158  -43.012  16.441 0.0000000000
41179  -41.304  -43.277  17.156 0.0000000000
41184  -30.139  -41.562  16.287 0.0000000000
41193  -30.307  -41.787  15.580 0.0000000000
41194  -30.742  -42.132  15.391 0.0000000000
41196  -32.955  -42.398  15.084 0.0000000000
41216  -33.593  -42.051  13.419 0.0000000000
42091  -29.803  -41.055  19.362 0.0000000000
42128  -29.829  -41.153  16.479 0.0000000000
42151  -31.137  -42.069  14.762 0.0000000000
43047  -29.347  -40.693  16.738 0.0000000000
44001  -25.979  -39.825  19.165 0.0000000000
44002  -27.671  -39.848  19.858 0.0000000000
44031  -25.814  -40.740  17.111 0.0000000000
44867  -26.943  -39.562  22.801 0.0000000000
44877  -25.775  -39.931  21.360 0.0000000000
44940  -39.477  -40.543  14.679 0.0000000000
49268  -36.565  -34.015  16.280 0.0000000000
51876  -42.948  -30.728  8.254 0.0000000000
51878  -44.241  -30.046  8.765 0.0000000000
51931  -44.126  -29.909  7.406 0.0000000000
52708  -39.390  -29.559  10.068 0.0000000000
53665  -44.979  -28.926  8.034 0.0000000000
55404  -44.195  -28.066  7.221 0.0000000000
57151  -47.725  -25.946  10.749 0.0000000000
58036  -45.612  -24.415  9.445 0.0000000000
59824  -45.403  -22.585  10.294 0.0000000000
59825  -46.139  -22.819  10.718 0.0000000000
59838  -44.281  -22.539  9.129 0.0000000000
60687  -45.982  -21.249  12.128 0.0000000000
61558  -48.887  -20.386  14.380 0.0000000000
61567  -47.605  -20.832  13.652 0.0000000000
61571  -44.893  -20.090  12.001 0.0000000000
61572  -45.547  -20.487  12.384 0.0000000000
62514  -45.902  -19.036  13.847 0.0000000000
62526  -46.247  -19.784  13.655 0.0000000000
62551  -42.789  -20.003  8.723 0.0000000000
63434  -45.351  -18.673  13.418 0.0000000000
63436  -44.531  -18.493  12.456 0.0000000000
63439  -43.844  -18.416  11.291 0.0000000000
63440  -44.117  -18.793  11.810 0.0000000000
63446  -43.150  -18.536  9.989 0.0000000000
64278  -47.554  -17.352  15.281 0.0000000000
64286  -46.437  -17.250  14.306 0.0000000000
64287  -46.959  -17.671  14.804 0.0000000000
64293  -45.366  -17.886  13.366 0.0000000000
64298  -45.022  -17.211  12.159 0.0000000000
64306  -44.156  -17.197  9.802 0.0000000000
65177  -45.731  -16.669  10.656 0.0000000000
65180  -48.679  -15.980  10.329 0.0000000000
65184  -46.765  -16.561  9.343 0.0000000000
65185  -48.177  -16.600  9.425 0.0000000000
65193  -48.644  -16.596  9.089 0.0000000000
65202  -50.464  -15.685  7.902 0.0000000000
66020  -47.136  -15.784  14.170 0.0000000000
66029  -46.746  -15.688  12.492 0.0000000000
66040  -49.683  -15.734  9.709 0.0000000000
66041  -50.448  -15.365  9.594 0.0000000000
66042  -52.166  -14.993  9.281 0.0000000000
66043  -52.905  -14.749  9.191 0.0000000000
66046  -50.734  -15.621  9.232 0.0000000000
66047  -51.209  -15.633  8.925 0.0000000000
66048  -52.451  -15.404  8.486 0.0000000000
66073  -53.806  -14.970  5.250 0.0000000000
66830  -48.841  -14.805  10.834 0.0000000000
66835  -51.716  -14.606  9.504 0.0000000000
67615  -48.864  -13.163  11.014 0.0000000000
67618  -49.437  -13.315  10.440 0.0000000000
67619  -50.152  -13.658  9.907 0.0000000000
67626  -51.073  -14.014  9.597 0.0000000000
67663  -53.456  -13.563  2.670 0.0000000000
68441  -49.425  -12.329  13.449 0.0000000000
68464  -53.223  -12.872  9.625 0.0000000000
68506  -53.163  -12.806  2.214 0.0000000000
69291  -50.005  -11.044  11.586 0.0000000000
69295  -51.436  -11.309  9.938 0.0000000000
70960  -50.746  -9.891  11.459 0.0000000000
110089  -35.811  -35.944  14.191 0.0000000000
110237  -32.922  -43.927  21.057 0.0000000000
110507  -36.770  -44.511  18.583 0.0000000000
110547  -46.764  -16.550  7.813 0.0000000000
110807  -24.846  -44.112  16.698 0.0000000000
111016  -46.163  -16.623  8.158 0.0000000000
112322  -49.126  -16.353  8.619 0.0000000000
112594  -53.801  -15.092  7.565 0.0000000000
112629  -39.619  -45.407  20.490 0.0000000000
112660  -24.526  -45.300  24.046 0.0000000000
112894  -39.458  -45.327  18.209 0.0000000000
113109  -38.916  -45.374  19.353 0.0000000000
114108  -30.805  -42.024  20.034 0.0000000000
114498  -34.619  -44.407  21.107 0.0000000000
114643  -25.119  -41.908  18.991 0.0000000000
114859  -20.513  -55.413  24.855 0.0000000000
115017  -54.065  -13.920  9.612 0.0000000000
116079  -39.427  -44.125  14.087 0.0000000000
116249  -19.660  -56.708  28.144 0.0000000000
117495  -50.345  -16.220  2.773 0.0000000000
118471  -49.534  -18.706  15.743 0.0000000000
118717  -38.094  -44.725  15.794 0.0000000000
121083  -30.810  -41.746  17.595 0.0000000000
121525  -40.474  -44.664  18.471 0.0000000000
121921  -24.569  -46.958  20.510 0.0000000000
124249  -28.378  -39.987  18.356 0.0000000000
124448  -45.722  -28.650  8.654 0.0000000000
124645  -50.423  -10.322  12.746 0.0000000000
126165  -29.546  -40.601  11.804 0.0000000000
127101  -22.701  -51.138  20.599 0.0000000000
127457  -30.606  -41.742  20.993 0.0000000000
127839  -37.885  -30.206  8.244 0.0000000000
127959  -46.861  -29.073  10.757 0.0000000000
128716  -23.411  -50.250  21.020 0.0000000000
128837  -22.799  -54.223  25.260 0.0000000000
129020  -40.696  -41.329  16.431 0.0000000000
129039  -24.438  -46.406  17.250 0.0000000000
129055  -22.839  -54.997  27.177 0.0000000000
129601  -24.717  -47.450  20.865 0.0000000000
130015  -50.310  -15.818  8.533 0.0000000000
130347  -41.633  -42.194  19.023 0.0000000000
131040  -31.915  -42.763  16.764 0.0000000000
131324  -22.011  -54.151  23.878 0.0000000000
132893  -25.158  -42.093  17.504 0.0000000000
