#!ascii label  , from subject sub-037 vox2ras=TkReg
1724
10477  -9.688  -74.634  -72.946 0.5000000000
8501  -6.478  -76.515  -71.154 0.5000000000
8481  -5.930  -76.901  -69.784 0.5000000000
7553  -5.547  -77.384  -69.132 0.5000000000
123682  -11.446  -73.235  -73.509 0.5000000000
11532  -10.775  -73.699  -73.811 0.5000000000
10479  -11.262  -73.660  -72.697 0.5000000000
10465  -10.106  -74.477  -71.797 0.5000000000
10466  -10.919  -73.926  -71.636 0.6000000238
10464  -9.273  -74.910  -71.795 0.5000000000
6654  -4.986  -78.264  -69.291 0.5000000000
9460  -7.508  -75.701  -71.110 0.5000000000
6640  -4.820  -78.715  -68.346 0.5000000000
9441  -6.818  -75.841  -69.895 0.6000000238
7542  -5.394  -77.971  -68.410 0.6000000238
9442  -7.378  -75.623  -69.624 0.6000000238
7554  -6.075  -76.801  -69.065 0.6000000238
6624  -5.365  -78.555  -67.674 0.6999999881
8470  -7.486  -76.085  -68.364 0.6999999881
7543  -6.096  -77.229  -68.318 0.6999999881
8460  -7.722  -76.528  -67.536 0.6999999881
7531  -6.554  -77.615  -67.456 0.6999999881
6625  -6.173  -78.480  -67.211 0.6999999881
11533  -11.972  -73.038  -72.681 0.5000000000
11520  -11.608  -73.479  -71.879 0.6000000238
112758  -12.663  -72.518  -72.213 0.6000000238
11509  -12.381  -73.049  -70.692 0.6000000238
10451  -8.905  -75.009  -70.872 0.5000000000
5721  -4.829  -79.323  -67.579 0.5000000000
5720  -4.557  -80.272  -67.793 0.5000000000
4110  -5.884  -82.184  -66.416 0.6999999881
4897  -5.111  -80.145  -66.928 0.6999999881
4882  -5.655  -81.215  -66.399 0.6999999881
9454  -8.139  -75.336  -70.601 0.6000000238
10442  -8.694  -74.963  -70.025 0.6999999881
5706  -5.984  -80.150  -66.389 0.6999999881
9444  -8.649  -75.072  -69.099 0.6999999881
8471  -8.288  -75.533  -68.367 0.6999999881
5708  -7.485  -79.476  -66.136 0.6999999881
8461  -8.447  -76.290  -67.272 0.6999999881
7532  -7.403  -77.309  -67.172 0.6999999881
6611  -7.186  -78.376  -66.764 0.6999999881
6612  -8.100  -78.788  -66.069 0.6999999881
7533  -8.180  -77.013  -66.973 0.6999999881
126406  -8.589  -77.405  -66.423 0.6999999881
7520  -8.705  -78.157  -65.989 0.6999999881
7510  -9.341  -78.408  -65.523 0.6999999881
12603  -13.025  -71.912  -72.681 0.5000000000
12586  -13.206  -72.066  -71.800 0.6000000238
13615  -13.562  -71.614  -71.415 0.6000000238
12585  -12.824  -72.549  -71.280 0.6000000238
12571  -13.858  -72.373  -70.291 0.6000000238
11508  -11.599  -73.513  -70.926 0.6000000238
11510  -12.687  -73.071  -69.931 0.6000000238
10453  -10.333  -74.217  -70.879 0.6000000238
3404  -7.134  -82.490  -66.528 0.6999999881
129485  -9.283  -74.702  -70.309 0.6999999881
4883  -6.587  -81.034  -66.027 0.6999999881
3412  -7.487  -82.716  -67.025 0.6999999881
4120  -7.824  -82.076  -67.248 0.6999999881
10444  -10.178  -74.276  -69.329 0.6999999881
124250  -7.381  -81.634  -66.158 0.6999999881
4132  -7.909  -81.467  -67.967 0.6999999881
10443  -9.354  -74.648  -69.602 0.6999999881
10435  -9.526  -74.652  -68.777 0.6999999881
5707  -6.940  -80.208  -66.080 0.6999999881
4884  -7.357  -80.934  -65.935 0.6999999881
4121  -8.259  -81.534  -67.001 0.6999999881
4898  -8.587  -80.840  -67.459 0.6999999881
9433  -9.066  -75.107  -68.214 0.6999999881
10422  -9.849  -74.723  -67.996 0.6999999881
5698  -7.796  -80.409  -65.817 0.6999999881
4113  -8.798  -80.974  -66.623 0.6999999881
8462  -9.173  -76.021  -67.044 0.6999999881
120739  -9.029  -80.074  -65.369 0.6999999881
4877  -8.588  -80.625  -65.764 0.6999999881
124036  -9.613  -76.549  -66.350 0.6999999881
6600  -8.984  -79.200  -65.415 0.6999999881
4878  -9.490  -80.436  -65.697 0.6999999881
7521  -9.300  -77.499  -65.977 0.6999999881
5700  -9.691  -79.806  -65.297 0.6999999881
7511  -9.954  -78.176  -65.287 0.6999999881
13630  -13.166  -71.179  -72.624 0.5000000000
14637  -13.523  -70.995  -71.948 0.6000000238
13616  -13.861  -71.012  -71.175 0.6000000238
14638  -13.801  -70.195  -71.801 0.5000000000
14607  -14.539  -70.383  -69.867 0.6000000238
15716  -13.652  -68.785  -73.065 0.5000000000
14652  -13.312  -70.267  -72.633 0.5000000000
12559  -14.410  -71.978  -69.991 0.6000000238
13584  -15.034  -70.806  -69.185 0.6000000238
12558  -14.059  -72.716  -69.446 0.6000000238
127815  -15.114  -71.500  -69.089 0.6000000238
112041  -11.912  -73.358  -70.024 0.6000000238
113231  -11.217  -73.719  -70.084 0.6999999881
11496  -12.253  -73.344  -69.269 0.6999999881
11484  -10.907  -73.974  -68.708 0.6999999881
11495  -11.472  -73.630  -69.343 0.6999999881
4912  -7.657  -80.568  -68.906 0.6999999881
10437  -10.594  -74.301  -67.904 0.6999999881
11485  -11.352  -73.861  -67.882 0.6999999881
4913  -8.195  -80.377  -68.283 0.6999999881
5747  -7.520  -79.884  -69.661 0.6999999881
10423  -11.099  -74.294  -67.243 0.6999999881
4914  -8.890  -80.114  -67.895 0.6999999881
5734  -8.412  -79.625  -68.660 0.6999999881
118258  -7.146  -79.971  -70.486 0.6999999881
9414  -10.754  -75.481  -66.476 0.6000000238
4899  -9.273  -80.543  -67.110 0.6999999881
5735  -9.223  -79.432  -68.340 0.6999999881
6655  -8.206  -78.626  -70.043 0.6999999881
5761  -7.614  -79.205  -70.460 0.6999999881
133086  -7.677  -79.034  -71.071 0.6999999881
4887  -10.148  -80.356  -66.180 0.6999999881
5724  -10.488  -79.930  -66.991 0.6000000238
6641  -9.503  -78.694  -68.785 0.6999999881
5749  -8.664  -78.922  -69.123 0.6999999881
7512  -10.829  -78.069  -65.056 0.6000000238
6601  -9.814  -79.035  -65.139 0.6999999881
5701  -10.566  -79.524  -65.306 0.6999999881
4879  -10.200  -80.109  -65.648 0.6999999881
132993  -11.015  -79.621  -66.737 0.6000000238
5736  -10.060  -79.239  -67.934 0.6000000238
6592  -11.690  -78.282  -64.879 0.6000000238
6602  -11.173  -78.889  -65.134 0.6000000238
5725  -11.486  -79.177  -66.444 0.6000000238
6626  -10.966  -79.090  -67.443 0.5000000000
6643  -11.101  -78.222  -68.006 0.5000000000
6603  -11.895  -78.667  -65.206 0.6000000238
6613  -12.076  -78.759  -65.780 0.5000000000
6628  -12.176  -78.440  -66.581 0.5000000000
15668  -14.362  -69.431  -70.418 0.6000000238
15683  -14.152  -69.208  -71.554 0.6000000238
14591  -15.150  -70.242  -68.573 0.5000000000
15614  -15.492  -69.127  -67.530 0.6999999881
16700  -14.022  -68.530  -72.429 0.5000000000
16684  -14.268  -68.163  -71.692 0.6000000238
16669  -14.983  -67.836  -70.475 0.6000000238
17689  -13.820  -67.658  -72.762 0.6000000238
16699  -14.063  -68.017  -73.024 0.6000000238
121775  -15.548  -70.812  -68.086 0.4000000060
17676  -14.341  -67.343  -71.679 0.6000000238
13569  -15.346  -71.172  -68.615 0.5000000000
13556  -15.186  -72.017  -68.593 0.6000000238
11487  -13.665  -73.227  -68.524 0.6000000238
110746  -11.767  -73.565  -68.575 0.6999999881
11486  -12.646  -73.351  -68.547 0.6000000238
11473  -11.789  -73.824  -67.179 0.6999999881
10410  -11.045  -74.787  -66.729 0.6000000238
10411  -11.599  -74.328  -66.619 0.6000000238
8452  -10.460  -76.370  -66.128 0.6000000238
6657  -9.733  -78.147  -69.280 0.6000000238
6656  -8.988  -78.293  -69.631 0.6000000238
6669  -8.601  -78.044  -70.613 0.6999999881
6668  -7.994  -78.590  -70.954 0.6999999881
5782  -7.973  -78.976  -71.470 0.6999999881
8445  -10.973  -77.087  -65.377 0.6000000238
6642  -10.388  -78.383  -68.510 0.6000000238
5800  -8.276  -79.223  -71.775 0.6999999881
6593  -12.407  -78.264  -64.776 0.6000000238
6627  -11.600  -78.417  -67.330 0.4000000060
7544  -11.035  -77.727  -68.805 0.4000000060
7555  -10.322  -77.761  -69.470 0.5000000000
7563  -10.169  -77.369  -70.469 0.6000000238
114126  -9.145  -77.502  -71.068 0.6000000238
6687  -8.621  -78.582  -72.163 0.6000000238
6604  -12.641  -78.387  -65.259 0.5000000000
7524  -13.491  -77.840  -66.302 0.5000000000
7523  -12.767  -77.840  -66.776 0.5000000000
7534  -12.147  -77.763  -67.383 0.5000000000
7556  -11.030  -77.264  -69.781 0.4000000060
16636  -15.284  -68.377  -68.152 0.6000000238
16635  -14.923  -68.590  -68.907 0.6000000238
15615  -15.999  -68.976  -66.933 0.6000000238
16685  -14.714  -67.562  -71.291 0.6000000238
17648  -15.241  -67.222  -69.895 0.5000000000
18683  -15.764  -66.681  -69.251 0.6000000238
18699  -16.030  -65.873  -69.822 0.6000000238
112458  -15.457  -70.054  -67.775 0.6000000238
18722  -13.768  -66.608  -71.638 0.6999999881
19711  -15.288  -65.825  -70.610 0.6000000238
20726  -16.074  -64.874  -69.393 0.6000000238
13557  -15.498  -71.607  -67.945 0.5000000000
14568  -15.861  -70.943  -67.316 0.6000000238
19720  -13.117  -65.993  -71.064 0.6000000238
20737  -14.887  -65.048  -70.232 0.6999999881
12536  -15.021  -72.572  -67.743 0.5000000000
20736  -13.782  -64.840  -70.114 0.6999999881
12535  -14.221  -73.201  -67.873 0.6000000238
20723  -13.118  -64.224  -69.406 0.6000000238
117228  -13.014  -73.368  -67.852 0.6000000238
125821  -13.641  -73.321  -67.879 0.6000000238
11474  -13.543  -73.332  -67.219 0.6000000238
113580  -12.595  -73.541  -67.141 0.6000000238
10396  -12.142  -74.499  -66.044 0.6000000238
113659  -12.221  -75.213  -65.461 0.6000000238
7505  -14.469  -77.279  -64.630 0.6000000238
8446  -11.733  -76.829  -64.853 0.6000000238
7506  -14.887  -77.129  -65.022 0.6000000238
7514  -13.486  -78.044  -65.379 0.6000000238
7571  -9.894  -77.161  -71.506 0.6000000238
7570  -9.115  -77.554  -71.948 0.6000000238
6688  -8.959  -77.947  -72.653 0.6000000238
7525  -14.153  -77.627  -65.885 0.5000000000
7535  -13.191  -77.107  -67.074 0.5000000000
116600  -12.606  -77.229  -67.442 0.5000000000
6697  -9.486  -78.908  -72.778 0.6000000238
7564  -11.078  -76.898  -70.930 0.4000000060
110603  -9.607  -77.257  -72.460 0.6000000238
131630  -9.565  -77.542  -73.138 0.6000000238
17621  -16.100  -67.241  -67.670 0.6000000238
18666  -16.579  -66.527  -67.517 0.5000000000
17605  -16.242  -67.411  -66.934 0.6000000238
119698  -16.404  -67.595  -66.122 0.5000000000
125013  -15.183  -67.680  -68.933 0.6000000238
19681  -17.092  -65.691  -67.873 0.6000000238
17620  -15.823  -68.128  -67.388 0.5000000000
16603  -16.165  -68.344  -66.520 0.5000000000
15597  -16.259  -69.428  -66.185 0.5000000000
18684  -16.459  -65.941  -69.051 0.5000000000
17634  -16.237  -66.656  -68.355 0.6000000238
19691  -16.828  -64.920  -68.690 0.5000000000
14569  -15.915  -69.844  -67.029 0.6000000238
20724  -14.240  -64.421  -69.630 0.6999999881
21756  -15.680  -64.205  -69.019 0.6000000238
21743  -15.094  -63.538  -68.564 0.6000000238
12517  -15.076  -72.647  -66.767 0.5000000000
126177  -13.059  -63.841  -68.602 0.5000000000
21754  -13.717  -63.958  -69.049 0.6999999881
11475  -14.413  -73.074  -67.080 0.5000000000
11456  -13.033  -73.561  -66.329 0.5000000000
11440  -12.578  -73.982  -65.930 0.6000000238
8417  -14.172  -76.192  -63.653 0.6000000238
9386  -12.850  -75.241  -64.746 0.5000000000
7497  -14.313  -77.030  -64.102 0.6000000238
133180  -13.700  -76.568  -63.980 0.6000000238
8454  -14.616  -76.962  -66.250 0.5000000000
8504  -11.653  -76.440  -71.821 0.5000000000
8512  -11.194  -76.531  -72.825 0.5000000000
7583  -10.104  -77.495  -73.785 0.6000000238
6701  -10.182  -78.289  -73.911 0.6000000238
18667  -17.134  -65.946  -66.989 0.6000000238
18651  -16.627  -66.698  -66.541 0.6000000238
115066  -17.481  -65.204  -67.331 0.6000000238
16587  -16.413  -68.550  -65.740 0.5000000000
117385  -17.239  -64.880  -68.088 0.6000000238
116238  -17.369  -64.299  -67.684 0.6999999881
109973  -16.566  -70.290  -65.563 0.6000000238
21744  -16.103  -63.673  -68.494 0.6000000238
21758  -16.762  -64.266  -68.349 0.6000000238
14550  -16.189  -70.529  -66.368 0.6000000238
21736  -14.473  -63.098  -67.945 0.6000000238
22731  -15.627  -63.129  -67.934 0.6000000238
12537  -15.622  -71.986  -67.115 0.5000000000
11457  -13.871  -73.264  -66.395 0.5000000000
20708  -13.148  -63.751  -67.948 0.5000000000
21735  -13.683  -63.266  -67.811 0.6000000238
126754  -13.053  -74.365  -64.929 0.5000000000
9371  -13.899  -75.185  -63.614 0.6000000238
10376  -13.406  -74.731  -64.326 0.5000000000
8434  -15.950  -76.177  -64.417 0.5000000000
8433  -15.139  -76.770  -64.352 0.5000000000
130883  -11.224  -76.459  -73.407 0.6000000238
8530  -10.730  -77.046  -74.304 0.6000000238
19657  -17.609  -65.553  -65.747 0.6000000238
18637  -17.138  -66.181  -65.312 0.5000000000
17585  -16.765  -66.939  -64.882 0.5000000000
19669  -17.888  -64.873  -66.171 0.6999999881
17565  -16.734  -67.762  -64.484 0.5000000000
20710  -17.751  -63.633  -67.158 0.6999999881
20709  -17.601  -64.462  -67.399 0.6000000238
16576  -16.976  -68.574  -64.070 0.5000000000
21746  -17.066  -63.990  -67.891 0.6000000238
15587  -16.626  -69.434  -65.300 0.5000000000
14540  -16.696  -70.912  -65.014 0.6000000238
23731  -16.728  -62.441  -67.117 0.6999999881
120164  -16.414  -71.117  -65.703 0.6000000238
22720  -15.748  -62.629  -67.248 0.6000000238
13530  -16.161  -71.878  -65.631 0.6000000238
22706  -14.171  -62.785  -66.728 0.6999999881
22718  -14.219  -62.915  -67.304 0.6999999881
12505  -15.060  -72.863  -65.921 0.5000000000
12518  -15.686  -72.313  -66.218 0.5000000000
130210  -13.924  -63.012  -67.291 0.6000000238
11425  -14.218  -73.411  -64.606 0.5000000000
21716  -14.019  -63.206  -66.280 0.5000000000
116316  -13.638  -73.458  -65.180 0.5000000000
110643  -13.883  -63.940  -66.524 0.6000000238
10377  -13.988  -74.243  -63.987 0.5000000000
124238  -14.978  -76.409  -63.704 0.6000000238
9388  -16.592  -75.757  -64.531 0.5000000000
20689  -18.102  -64.464  -65.527 0.6999999881
19648  -17.647  -65.648  -64.951 0.5000000000
18624  -17.211  -66.312  -64.476 0.5000000000
22696  -18.866  -62.623  -65.809 0.8000000119
20678  -18.260  -63.939  -64.818 0.6999999881
17566  -16.907  -67.022  -64.075 0.5000000000
116080  -16.962  -67.756  -63.674 0.5000000000
22709  -18.563  -62.216  -66.627 0.6999999881
110451  -18.573  -62.666  -66.472 0.6999999881
21728  -18.173  -63.422  -66.646 0.8000000119
22722  -17.679  -63.086  -67.086 0.6999999881
16566  -17.128  -68.461  -63.165 0.5000000000
23722  -17.123  -61.722  -66.616 0.6999999881
23732  -17.586  -62.434  -66.910 0.6999999881
14541  -16.864  -70.184  -64.722 0.6000000238
15582  -16.898  -69.366  -64.478 0.5000000000
23711  -16.109  -61.305  -66.086 0.6000000238
23721  -15.944  -62.011  -66.684 0.6000000238
12507  -16.230  -71.923  -64.786 0.6000000238
22695  -14.602  -62.231  -66.072 0.6999999881
22707  -14.909  -62.449  -66.770 0.6999999881
11443  -14.852  -73.003  -65.155 0.6000000238
12506  -15.562  -72.477  -65.206 0.6000000238
22694  -14.232  -62.662  -65.975 0.6000000238
11426  -15.095  -73.047  -64.368 0.6000000238
10364  -14.448  -74.662  -63.226 0.6000000238
20688  -14.075  -64.161  -65.574 0.6000000238
9373  -15.393  -75.751  -63.293 0.6000000238
8418  -15.688  -76.145  -63.852 0.5000000000
21704  -18.513  -63.293  -64.216 0.6000000238
20669  -18.286  -64.213  -63.717 0.5000000000
18602  -17.278  -66.681  -62.656 0.5000000000
23700  -19.311  -61.838  -65.658 0.8000000119
112907  -17.080  -67.623  -62.834 0.5000000000
24695  -18.692  -61.101  -66.309 0.6999999881
14534  -17.141  -70.349  -63.913 0.6000000238
110711  -14.565  -63.365  -59.829 0.6000000238
24693  -17.054  -61.165  -66.140 0.8000000119
113403  -14.611  -63.062  -60.535 0.6000000238
115533  -15.452  -61.310  -65.627 0.6999999881
24684  -16.519  -60.776  -65.579 0.8000000119
13523  -16.702  -71.416  -64.421 0.6000000238
20656  -14.177  -64.484  -61.873 0.6000000238
23710  -14.931  -61.609  -65.504 0.6000000238
12494  -15.789  -72.501  -64.178 0.6000000238
11412  -15.787  -73.410  -62.795 0.6000000238
21690  -13.994  -63.482  -63.625 0.6000000238
21703  -14.091  -63.849  -64.555 0.6000000238
23709  -14.301  -62.136  -65.256 0.6000000238
10365  -15.036  -74.297  -62.913 0.6000000238
11398  -15.573  -74.049  -62.536 0.6000000238
118206  -13.968  -63.021  -65.392 0.5000000000
118657  -16.043  -75.679  -63.386 0.5000000000
9374  -16.538  -75.775  -63.814 0.5000000000
9375  -17.404  -75.479  -63.474 0.5000000000
22665  -18.806  -62.541  -62.831 0.5000000000
132101  -18.508  -64.099  -62.749 0.5000000000
23683  -19.302  -61.790  -64.640 0.6000000238
113792  -19.163  -61.770  -63.507 0.5000000000
23712  -19.324  -61.171  -66.116 0.8000000119
23701  -19.809  -60.995  -65.543 0.6999999881
132633  -19.248  -60.589  -66.125 0.8000000119
24694  -17.911  -61.152  -66.353 0.8000000119
119781  -17.245  -69.459  -63.564 0.6000000238
16561  -17.342  -68.284  -62.275 0.5000000000
22611  -15.093  -62.104  -58.413 0.6000000238
24685  -17.531  -60.716  -65.786 0.8000000119
128717  -17.634  -69.751  -62.709 0.5000000000
23621  -14.678  -61.599  -60.097 0.6999999881
22634  -14.845  -62.474  -59.823 0.6000000238
24674  -16.004  -60.205  -64.998 0.8000000119
127229  -16.833  -71.652  -63.656 0.6000000238
13524  -17.032  -71.088  -63.814 0.6000000238
126676  -17.268  -70.690  -63.292 0.6000000238
23645  -14.198  -61.899  -61.270 0.6000000238
12481  -16.078  -72.703  -63.322 0.6000000238
12495  -16.479  -72.054  -63.918 0.6000000238
13512  -17.122  -71.382  -62.869 0.6000000238
22676  -13.963  -63.130  -62.794 0.6000000238
23699  -14.755  -61.356  -64.717 0.6000000238
24682  -15.261  -61.060  -64.994 0.5000000000
11399  -16.201  -73.730  -62.006 0.6000000238
23698  -14.214  -61.801  -64.308 0.6000000238
9360  -16.622  -75.364  -62.913 0.6000000238
121143  -16.883  -74.888  -62.231 0.6000000238
9361  -17.472  -75.188  -62.683 0.5000000000
9390  -18.197  -75.216  -64.079 0.5000000000
10399  -18.709  -74.795  -64.917 0.5000000000
23684  -19.875  -61.071  -64.450 0.6000000238
24687  -19.828  -60.354  -65.973 0.6999999881
24582  -15.506  -60.979  -56.614 0.6000000238
23597  -15.321  -61.614  -57.188 0.6000000238
25706  -19.412  -60.025  -66.012 0.8000000119
15539  -17.853  -69.053  -61.685 0.5000000000
24605  -15.178  -60.914  -58.458 0.6000000238
25696  -18.687  -59.526  -65.202 0.8000000119
15549  -18.226  -69.919  -61.136 0.5000000000
24616  -14.690  -60.938  -59.386 0.6999999881
118777  -16.458  -59.678  -64.561 0.8000000119
13492  -17.519  -71.364  -61.786 0.6000000238
14513  -17.579  -70.529  -62.498 0.6000000238
24638  -14.163  -61.434  -60.853 0.8000000119
25694  -15.663  -59.887  -64.161 0.6999999881
12472  -16.677  -72.272  -62.931 0.6000000238
115141  -17.727  -72.173  -61.263 0.6000000238
23644  -13.702  -61.146  -61.783 0.6999999881
124047  -13.765  -61.290  -62.718 0.6999999881
24672  -15.032  -60.762  -64.165 0.6000000238
12457  -16.716  -72.956  -61.961 0.6000000238
12459  -18.169  -72.885  -61.086 0.6000000238
22663  -13.877  -62.202  -62.761 0.6000000238
11381  -17.831  -73.541  -61.355 0.5000000000
10354  -17.604  -74.683  -61.945 0.5000000000
24663  -20.433  -60.523  -64.204 0.6000000238
132640  -20.078  -60.927  -62.628 0.5000000000
25590  -14.541  -59.941  -54.045 0.6000000238
24676  -20.749  -59.586  -64.818 0.6999999881
24571  -14.943  -60.641  -55.149 0.6000000238
25707  -20.149  -59.844  -65.817 0.6999999881
25699  -20.680  -59.096  -64.683 0.6000000238
25621  -15.308  -60.264  -57.100 0.6000000238
25608  -15.305  -60.287  -56.199 0.6000000238
25697  -19.813  -59.474  -65.452 0.6000000238
26755  -19.042  -58.950  -64.534 0.6999999881
25645  -14.126  -60.122  -59.207 0.8000000119
25687  -17.979  -59.101  -64.544 0.6999999881
26744  -17.832  -58.706  -63.744 0.6000000238
24628  -14.047  -60.897  -60.282 0.8000000119
25685  -16.059  -59.277  -63.775 0.8000000119
26743  -16.613  -58.721  -63.385 0.6999999881
24637  -13.519  -60.199  -61.934 0.6999999881
24648  -13.642  -60.374  -62.639 0.6999999881
25684  -14.462  -59.578  -63.242 0.6000000238
26742  -15.598  -58.684  -63.150 0.8000000119
26631  -14.242  -59.657  -53.423 0.6000000238
26654  -14.435  -59.228  -55.248 0.6000000238
118570  -14.834  -59.651  -56.642 0.6999999881
26745  -18.891  -58.423  -63.643 0.6000000238
25633  -14.337  -59.866  -58.451 0.6999999881
25644  -13.588  -59.346  -59.071 0.6999999881
26729  -18.201  -58.341  -63.041 0.6999999881
26728  -17.260  -58.371  -62.874 0.6000000238
117881  -13.528  -59.597  -59.863 0.8000000119
25656  -13.278  -59.023  -60.623 0.6000000238
25665  -13.444  -59.490  -61.488 0.5000000000
26727  -16.100  -58.165  -62.791 0.6999999881
27807  -16.774  -57.939  -62.167 0.6999999881
120035  -18.109  -58.097  -62.153 0.6000000238
114277  -13.545  -60.027  -60.550 0.8000000119
26725  -14.439  -58.501  -62.343 0.6000000238
26741  -14.758  -58.914  -62.889 0.6000000238
26618  -13.943  -59.279  -52.576 0.6000000238
26630  -13.932  -58.900  -53.598 0.6000000238
121349  -13.974  -58.707  -54.943 0.6999999881
26643  -14.329  -59.305  -54.330 0.6000000238
26665  -14.265  -59.154  -56.132 0.6999999881
26675  -13.774  -59.123  -57.179 0.6999999881
25619  -13.723  -59.195  -58.206 0.6999999881
26687  -12.946  -58.552  -58.899 0.6000000238
112148  -13.082  -58.576  -59.797 0.6000000238
26714  -13.529  -58.455  -61.289 0.6000000238
27785  -19.165  -57.467  -62.172 0.5000000000
27784  -17.518  -57.877  -61.221 0.6000000238
114321  -18.439  -57.710  -61.111 0.5000000000
28841  -18.928  -57.118  -61.002 0.5000000000
27766  -16.905  -57.462  -60.582 0.6000000238
27767  -17.839  -57.762  -60.244 0.5000000000
27672  -13.097  -57.656  -51.640 0.6000000238
27673  -13.578  -58.435  -52.053 0.6000000238
26642  -13.734  -58.520  -54.401 0.6999999881
119983  -12.877  -57.779  -53.601 0.6999999881
26641  -13.130  -58.153  -55.135 0.6999999881
26664  -13.332  -58.721  -56.515 0.6999999881
26663  -12.576  -58.306  -56.887 0.6000000238
26674  -12.965  -58.550  -58.001 0.5000000000
26700  -12.672  -57.879  -59.344 0.6999999881
28809  -12.744  -56.765  -59.069 0.6000000238
124919  -12.915  -57.830  -59.937 0.6000000238
28819  -13.922  -56.941  -60.287 0.6000000238
28811  -14.022  -56.398  -59.675 0.6000000238
27765  -15.693  -56.966  -60.915 0.6000000238
28822  -16.265  -56.917  -60.215 0.5000000000
27744  -16.848  -57.123  -58.531 0.5000000000
27745  -17.544  -57.233  -58.891 0.5000000000
29729  -10.531  -55.311  -50.135 0.6999999881
30699  -9.964  -54.307  -50.628 0.6999999881
30698  -9.812  -53.570  -50.110 0.6999999881
28738  -12.126  -56.946  -52.221 0.6000000238
29749  -10.725  -55.632  -51.482 0.6999999881
30713  -9.689  -53.586  -51.044 0.6999999881
32779  -9.868  -52.462  -50.982 0.6999999881
32763  -10.802  -51.694  -50.824 0.6000000238
27688  -12.769  -57.564  -52.782 0.6999999881
28718  -11.424  -56.327  -51.800 0.6999999881
29765  -9.574  -55.075  -52.214 0.6999999881
30739  -9.712  -53.660  -51.672 0.6999999881
27687  -11.984  -57.288  -53.727 0.6999999881
28751  -11.748  -56.948  -53.066 0.6999999881
30740  -9.587  -54.356  -52.256 0.6999999881
26652  -12.786  -58.268  -56.124 0.6999999881
27734  -11.956  -57.203  -57.520 0.6000000238
133488  -12.263  -57.426  -58.181 0.6000000238
28795  -12.967  -56.283  -58.580 0.6000000238
29839  -13.580  -55.686  -58.532 0.6000000238
28810  -13.202  -56.840  -59.734 0.6000000238
29851  -13.346  -56.334  -59.139 0.6000000238
29852  -14.308  -55.995  -59.078 0.6000000238
28812  -15.154  -56.146  -59.515 0.5000000000
29841  -15.458  -55.456  -58.357 0.6000000238
29825  -16.426  -56.048  -57.015 0.6000000238
28813  -16.202  -56.609  -59.506 0.5000000000
28796  -16.014  -56.130  -58.659 0.5000000000
116466  -16.710  -56.629  -57.588 0.5000000000
30688  -10.056  -54.529  -49.716 0.6999999881
31714  -9.710  -52.890  -50.577 0.6999999881
32762  -10.126  -51.828  -50.603 0.6000000238
33872  -11.113  -51.479  -50.238 0.6000000238
126431  -11.607  -51.674  -50.850 0.6000000238
31741  -13.156  -53.269  -51.580 0.4000000060
31764  -9.861  -53.538  -52.231 0.6000000238
32796  -10.570  -52.748  -52.081 0.5000000000
131099  -11.414  -51.993  -51.694 0.5000000000
131963  -13.348  -54.225  -52.228 0.4000000060
31742  -13.999  -54.349  -51.679 0.5000000000
27702  -12.514  -57.728  -54.497 0.6999999881
28750  -10.709  -56.709  -53.727 0.8000000119
117906  -9.137  -55.645  -52.913 0.6999999881
126830  -10.280  -53.904  -53.399 0.5000000000
130799  -12.230  -53.847  -52.920 0.4000000060
30742  -13.026  -54.346  -52.809 0.4000000060
30715  -13.884  -54.689  -52.573 0.4000000060
30768  -14.738  -54.456  -53.376 0.4000000060
27701  -11.249  -57.104  -54.594 0.8000000119
28760  -10.224  -56.410  -54.686 0.8000000119
28749  -9.712  -56.199  -54.002 0.8000000119
29784  -9.274  -55.526  -53.814 0.8000000119
30764  -10.669  -54.035  -54.239 0.6000000238
30765  -11.902  -53.964  -54.069 0.5000000000
30741  -12.505  -54.150  -53.397 0.4000000060
30766  -13.454  -54.511  -53.380 0.4000000060
113752  -11.680  -57.426  -55.327 0.6999999881
27714  -11.350  -57.167  -56.213 0.8000000119
28776  -10.845  -56.370  -56.469 0.6999999881
29822  -11.746  -55.687  -56.842 0.5000000000
30783  -12.399  -53.996  -54.519 0.5000000000
30784  -13.122  -54.143  -54.186 0.4000000060
30767  -13.939  -54.373  -53.765 0.4000000060
28785  -11.919  -56.384  -57.240 0.6000000238
29823  -12.468  -55.817  -57.474 0.5000000000
113062  -13.186  -55.174  -57.681 0.5000000000
30829  -14.094  -54.839  -58.092 0.6000000238
30830  -15.027  -54.713  -58.159 0.6000000238
30818  -15.411  -54.551  -57.277 0.6000000238
31696  -9.720  -52.776  -49.542 0.6000000238
32740  -9.950  -52.256  -49.311 0.5000000000
33858  -10.618  -51.665  -49.667 0.5000000000
33859  -11.414  -51.847  -49.555 0.4000000060
32764  -12.161  -51.850  -50.230 0.5000000000
132495  -12.730  -52.258  -50.496 0.5000000000
112733  -13.844  -53.602  -50.876 0.5000000000
31716  -14.732  -54.449  -50.578 0.5000000000
30717  -15.735  -54.993  -51.741 0.5000000000
30718  -16.668  -54.763  -51.271 0.5000000000
30744  -15.229  -54.796  -52.661 0.5000000000
31767  -16.666  -53.609  -52.360 0.5000000000
29795  -9.629  -55.385  -54.818 0.6999999881
116845  -9.848  -54.739  -54.591 0.6000000238
30781  -10.786  -54.459  -55.147 0.5000000000
30782  -11.779  -54.022  -54.916 0.5000000000
127637  -15.434  -54.363  -53.050 0.5000000000
31766  -15.830  -53.716  -52.970 0.5000000000
115222  -10.712  -56.629  -55.588 0.8000000119
29802  -10.344  -55.954  -56.092 0.6999999881
29810  -10.908  -55.635  -56.375 0.6000000238
31793  -12.899  -53.790  -54.980 0.4000000060
31794  -13.406  -53.599  -54.506 0.5000000000
31785  -14.923  -53.750  -53.482 0.4000000060
32799  -14.827  -52.564  -52.786 0.5000000000
29811  -12.429  -55.120  -56.978 0.5000000000
30805  -13.444  -54.330  -56.519 0.5000000000
31816  -12.995  -54.227  -55.701 0.6000000238
31803  -13.497  -53.678  -55.138 0.5000000000
32819  -13.924  -52.863  -54.734 0.5000000000
32820  -13.815  -51.885  -54.391 0.5000000000
121672  -13.745  -54.499  -57.344 0.5000000000
31828  -14.262  -54.067  -56.777 0.5000000000
117349  -13.958  -53.823  -55.934 0.5000000000
31804  -14.286  -52.971  -55.593 0.5000000000
31829  -14.978  -53.836  -57.016 0.6000000238
31818  -15.420  -53.365  -56.429 0.6000000238
33841  -9.943  -52.348  -48.668 0.5000000000
118132  -10.197  -52.022  -48.018 0.5000000000
33843  -10.949  -52.001  -48.874 0.5000000000
32741  -11.682  -52.320  -48.749 0.4000000060
32742  -12.301  -52.503  -49.169 0.4000000060
33822  -10.190  -52.071  -47.290 0.5000000000
32720  -11.508  -52.311  -47.935 0.4000000060
32743  -13.100  -52.756  -49.736 0.5000000000
31715  -13.934  -53.545  -49.991 0.6000000238
31698  -14.542  -54.393  -49.181 0.5000000000
30700  -15.474  -54.884  -50.259 0.5000000000
30702  -16.722  -54.882  -50.321 0.4000000060
30719  -17.383  -54.345  -51.087 0.4000000060
31745  -18.249  -53.164  -51.148 0.4000000060
32706  -11.169  -52.275  -47.094 0.4000000060
32707  -12.298  -53.122  -46.835 0.4000000060
32721  -12.456  -52.989  -47.958 0.4000000060
32722  -13.143  -53.364  -48.474 0.5000000000
31697  -13.848  -53.882  -48.815 0.5000000000
30675  -15.011  -54.738  -48.554 0.5000000000
31682  -13.238  -53.819  -47.515 0.4000000060
116431  -14.649  -54.244  -47.183 0.4000000060
30666  -15.226  -54.605  -47.922 0.5000000000
30676  -15.628  -54.831  -48.618 0.4000000060
30691  -16.662  -54.834  -49.567 0.4000000060
31717  -17.802  -54.131  -50.440 0.4000000060
31700  -18.318  -53.529  -50.064 0.4000000060
32691  -11.849  -52.810  -46.092 0.4000000060
31669  -12.992  -53.713  -47.041 0.4000000060
32645  -13.334  -52.469  -44.500 0.4000000060
32693  -13.662  -53.222  -45.688 0.4000000060
31670  -13.696  -54.056  -46.929 0.4000000060
31654  -14.065  -53.799  -46.365 0.4000000060
31671  -15.490  -54.277  -47.592 0.5000000000
31685  -15.953  -54.530  -48.070 0.5000000000
31686  -16.698  -54.140  -48.433 0.4000000060
31699  -17.789  -54.001  -49.618 0.4000000060
32708  -15.505  -53.471  -47.352 0.4000000060
129295  -16.254  -52.994  -47.894 0.4000000060
112947  -17.510  -52.712  -48.635 0.4000000060
31687  -17.557  -53.560  -48.907 0.4000000060
32744  -18.171  -53.355  -49.520 0.4000000060
32644  -12.522  -52.276  -44.085 0.4000000060
33759  -13.344  -51.881  -44.048 0.3000000119
32671  -14.162  -52.514  -45.506 0.3000000119
31655  -14.771  -53.405  -46.599 0.4000000060
34860  -13.002  -50.200  -44.888 0.4000000060
34839  -13.534  -51.219  -44.488 0.3000000119
33806  -14.291  -51.568  -45.729 0.3000000119
33823  -14.664  -52.276  -46.385 0.4000000060
34892  -15.398  -51.108  -47.996 0.5000000000
32723  -15.955  -52.189  -47.823 0.4000000060
33844  -16.855  -52.162  -48.257 0.4000000060
33845  -17.841  -51.941  -48.706 0.4000000060
33847  -19.764  -51.678  -49.163 0.3000000119
34902  -15.072  -50.160  -48.322 0.5000000000
115918  -15.604  -50.332  -48.482 0.5000000000
34903  -16.175  -51.177  -48.435 0.4000000060
34904  -17.145  -51.141  -48.480 0.4000000060
34905  -18.208  -51.097  -48.563 0.3000000119
34838  -12.883  -51.043  -44.077 0.4000000060
124494  -12.566  -49.317  -45.678 0.4000000060
35883  -13.275  -49.785  -45.896 0.4000000060
34875  -14.005  -50.347  -46.313 0.5000000000
34891  -14.764  -50.463  -47.754 0.5000000000
35897  -12.601  -48.904  -46.467 0.4000000060
34890  -14.238  -49.839  -47.310 0.5000000000
35910  -14.595  -49.361  -48.165 0.5000000000
35918  -15.049  -49.556  -48.504 0.4000000060
116766  -16.839  -49.517  -48.323 0.4000000060
118012  -17.494  -50.293  -48.371 0.3000000119
35917  -14.101  -48.300  -48.437 0.3000000119
119147  -14.465  -48.738  -48.526 0.3000000119
36854  -15.196  -48.724  -48.509 0.3000000119
35842  -12.166  -50.085  -44.230 0.4000000060
36823  -11.861  -48.601  -45.997 0.3000000119
36833  -12.175  -48.226  -46.818 0.4000000060
36855  -17.241  -48.659  -48.019 0.3000000119
36822  -11.266  -47.956  -45.667 0.3000000119
37810  -11.914  -47.327  -46.499 0.3000000119
16653  -14.670  -68.759  -69.827 0.6000000238
16654  -14.988  -68.025  -69.588 0.5000000000
27783  -16.259  -57.487  -61.488 0.6000000238
129179  -14.557  -57.518  -61.403 0.6000000238
7561  -5.924  -77.144  -70.782 0.5000000000
8483  -7.024  -75.900  -69.175 0.6000000238
120354  -9.628  -74.608  -70.953 0.5000000000
8469  -6.618  -76.450  -68.690 0.6999999881
5722  -5.605  -79.277  -67.014 0.6999999881
6610  -6.547  -79.299  -66.589 0.6999999881
9423  -8.723  -75.628  -67.662 0.6999999881
7519  -8.012  -77.801  -66.568 0.6999999881
11497  -13.120  -73.103  -69.267 0.5000000000
4112  -8.222  -81.274  -66.292 0.6999999881
9425  -10.372  -74.906  -67.213 0.6999999881
9413  -9.935  -75.703  -66.750 0.6999999881
4885  -8.971  -80.850  -66.068 0.6999999881
7522  -10.182  -77.281  -65.699 0.6999999881
14590  -14.838  -70.101  -69.233 0.6000000238
5723  -9.693  -79.993  -67.555 0.6999999881
9402  -11.562  -75.183  -66.128 0.6000000238
7513  -11.466  -77.641  -64.868 0.6000000238
5710  -11.333  -79.228  -65.628 0.5000000000
18724  -15.002  -66.305  -71.127 0.6999999881
126731  -8.523  -78.175  -71.687 0.6000000238
7504  -12.868  -77.785  -64.486 0.5000000000
7536  -13.967  -77.107  -66.681 0.5000000000
8503  -10.572  -76.799  -72.095 0.5000000000
18698  -15.549  -66.361  -70.284 0.6000000238
19722  -14.846  -66.085  -71.170 0.6999999881
13540  -16.061  -71.519  -66.428 0.6000000238
10397  -12.616  -74.468  -65.423 0.5000000000
9403  -12.338  -76.079  -64.789 0.5000000000
123668  -13.707  -77.665  -64.657 0.6000000238
8432  -13.386  -77.185  -64.226 0.5000000000
7515  -14.242  -77.586  -65.137 0.5000000000
7577  -9.544  -78.160  -73.244 0.6000000238
7578  -10.185  -76.947  -73.019 0.6000000238
8522  -11.713  -76.216  -73.403 0.5000000000
116165  -17.187  -62.975  -67.347 0.6000000238
115522  -17.525  -69.069  -62.623 0.5000000000
21644  -14.397  -63.945  -60.483 0.6000000238
20668  -14.047  -64.568  -63.511 0.6000000238
10352  -15.487  -74.597  -62.706 0.6000000238
22650  -14.358  -62.628  -61.252 0.6000000238
25695  -16.987  -60.248  -65.176 0.8000000119
23663  -13.988  -62.020  -61.948 0.6000000238
114958  -17.116  -72.153  -61.988 0.6000000238
23682  -13.991  -61.496  -63.515 0.6000000238
129710  -17.435  -74.082  -61.544 0.6000000238
25686  -17.038  -59.169  -64.137 0.8000000119
13493  -18.071  -71.470  -60.925 0.6000000238
25693  -15.063  -60.130  -63.742 0.6000000238
24661  -13.977  -60.579  -63.393 0.6999999881
25671  -13.706  -59.537  -62.436 0.6000000238
26708  -13.218  -58.114  -60.501 0.6000000238
27806  -15.664  -57.780  -62.144 0.6999999881
27763  -13.852  -57.547  -60.960 0.6000000238
27758  -17.161  -57.406  -59.551 0.5000000000
28794  -12.504  -56.659  -58.081 0.5000000000
27764  -14.701  -56.836  -60.908 0.6000000238
28797  -17.248  -56.992  -57.922 0.5000000000
123425  -10.933  -55.719  -50.708 0.6999999881
28705  -11.784  -56.363  -50.732 0.6000000238
30714  -9.695  -54.288  -51.575 0.6999999881
28736  -9.609  -56.234  -53.232 0.8000000119
30763  -9.656  -54.542  -53.634 0.6000000238
33870  -9.979  -51.709  -50.014 0.6000000238
31740  -12.629  -53.632  -52.396 0.5000000000
32797  -11.543  -53.100  -52.462 0.5000000000
32812  -13.950  -52.394  -53.572 0.5000000000
33857  -10.149  -51.875  -49.584 0.5000000000
30745  -16.179  -54.540  -52.402 0.5000000000
30792  -10.822  -54.931  -55.869 0.6000000238
30803  -11.669  -55.002  -56.368 0.6000000238
32840  -14.900  -52.512  -56.266 0.5000000000
30689  -15.222  -54.742  -49.411 0.5000000000
31684  -14.526  -54.506  -48.112 0.6000000238
32669  -12.546  -52.692  -44.762 0.4000000060
128559  -12.433  -52.934  -45.395 0.4000000060
31653  -13.281  -53.658  -46.396 0.4000000060
33787  -14.014  -51.963  -44.688 0.3000000119
128714  -16.850  -53.233  -48.291 0.4000000060
33824  -15.207  -52.363  -47.227 0.4000000060
32724  -18.374  -52.732  -49.089 0.4000000060
33860  -19.297  -52.324  -49.513 0.4000000060
34861  -13.863  -50.881  -45.195 0.3000000119
34876  -14.469  -50.984  -46.867 0.5000000000
112034  -14.904  -51.424  -47.277 0.4000000060
33846  -18.923  -51.927  -48.835 0.4000000060
35919  -15.837  -49.590  -48.469 0.5000000000
117470  -16.440  -50.360  -48.507 0.4000000060
35898  -13.532  -49.258  -46.775 0.5000000000
35908  -13.082  -48.342  -47.133 0.5000000000
35909  -13.931  -48.730  -47.598 0.4000000060
126480  -16.279  -48.752  -48.285 0.4000000060
36842  -13.465  -47.944  -48.018 0.4000000060
36832  -11.645  -47.880  -46.365 0.3000000119
127301  -12.116  -47.779  -46.899 0.3000000119
36841  -12.801  -47.742  -47.491 0.3000000119
4210  -12.110  -81.602  -74.051 0.5000000000
4192  -11.950  -81.690  -71.702 0.5000000000
4182  -14.016  -81.472  -70.640 0.5000000000
112544  -12.667  -81.680  -71.277 0.5000000000
4170  -14.457  -81.550  -69.554 0.5000000000
4181  -13.016  -81.584  -70.427 0.5000000000
4150  -15.033  -81.410  -68.927 0.6000000238
4209  -11.299  -81.462  -73.998 0.5000000000
4202  -11.480  -81.452  -73.000 0.5000000000
4179  -11.474  -81.433  -70.701 0.5000000000
4180  -12.226  -81.532  -70.533 0.5000000000
4133  -15.093  -81.024  -68.495 0.6000000238
4147  -12.674  -81.026  -69.600 0.6000000238
4169  -13.494  -81.450  -69.556 0.6000000238
4208  -10.396  -81.479  -73.989 0.4000000060
3440  -6.508  -83.213  -71.170 0.4000000060
3443  -6.504  -82.348  -71.771 0.4000000060
3446  -7.227  -83.089  -72.644 0.5000000000
3450  -7.471  -82.269  -73.222 0.5000000000
2795  -9.134  -82.843  -73.698 0.5000000000
4200  -8.193  -81.736  -73.742 0.5000000000
4199  -7.500  -81.557  -73.213 0.5000000000
125756  -9.554  -82.087  -74.080 0.5000000000
4207  -9.613  -81.609  -74.039 0.5000000000
4916  -15.486  -80.492  -68.218 0.6000000238
5738  -16.325  -79.565  -67.727 0.6000000238
4977  -9.585  -81.253  -72.348 0.5000000000
4201  -10.427  -81.448  -71.890 0.5000000000
4973  -9.926  -80.782  -71.415 0.5000000000
4915  -14.633  -80.734  -68.556 0.6000000238
128421  -10.697  -81.398  -71.139 0.5000000000
4945  -12.261  -80.823  -69.939 0.6000000238
4931  -13.719  -80.866  -68.807 0.6000000238
112465  -15.774  -79.961  -67.919 0.6000000238
5750  -13.583  -80.358  -69.184 0.6000000238
6658  -15.324  -79.306  -68.929 0.6000000238
6659  -16.078  -78.793  -68.983 0.6999999881
5763  -14.152  -79.547  -69.914 0.6000000238
5764  -15.002  -79.094  -69.770 0.6999999881
2762  -7.101  -83.408  -68.911 0.6000000238
4145  -6.775  -82.369  -69.663 0.6000000238
123332  -7.394  -81.335  -68.899 0.6000000238
4177  -6.530  -81.638  -71.435 0.5000000000
130435  -6.883  -80.510  -70.489 0.6000000238
3449  -6.963  -81.617  -73.060 0.5000000000
4957  -6.721  -80.901  -71.695 0.5000000000
4964  -6.907  -80.880  -72.354 0.5000000000
4975  -8.470  -81.400  -73.600 0.5000000000
4966  -7.927  -80.425  -72.008 0.5000000000
4976  -8.966  -81.276  -73.381 0.5000000000
6629  -17.743  -79.173  -67.292 0.6999999881
5739  -16.968  -79.231  -67.577 0.6000000238
112215  -18.164  -78.711  -67.428 0.8000000119
4967  -10.583  -81.143  -71.052 0.5000000000
5783  -10.909  -80.838  -70.728 0.5000000000
4959  -11.621  -80.543  -70.605 0.6000000238
6644  -16.623  -78.863  -68.148 0.6999999881
128378  -17.366  -78.585  -68.473 0.6999999881
4930  -13.027  -80.820  -69.293 0.6000000238
6670  -16.475  -78.569  -70.019 0.6999999881
5762  -13.149  -80.050  -70.041 0.6000000238
5785  -14.164  -79.295  -71.112 0.6000000238
118023  -14.998  -78.880  -71.899 0.6999999881
5787  -15.964  -78.796  -71.749 0.6999999881
122288  -16.897  -78.721  -71.150 0.6000000238
2741  -7.274  -83.256  -67.768 0.5000000000
3433  -7.357  -82.367  -68.521 0.6000000238
4929  -7.110  -80.689  -69.757 0.6000000238
4958  -7.054  -80.361  -71.828 0.6000000238
5781  -7.639  -79.989  -71.644 0.6000000238
112612  -8.504  -80.301  -71.841 0.5000000000
5816  -8.882  -79.729  -71.822 0.6000000238
6630  -18.704  -78.899  -66.952 0.6999999881
4972  -9.026  -80.658  -71.834 0.5000000000
5817  -9.377  -79.925  -71.702 0.5000000000
6646  -18.899  -78.476  -67.501 0.5000000000
6648  -20.664  -78.310  -68.013 0.6000000238
113867  -11.269  -80.136  -71.341 0.5000000000
113083  -18.198  -78.465  -68.236 0.6000000238
5802  -12.235  -79.807  -71.568 0.5000000000
120180  -16.931  -78.521  -69.194 0.6999999881
6660  -17.841  -78.540  -69.321 0.6000000238
5803  -13.332  -79.498  -71.583 0.5000000000
6671  -17.426  -78.586  -70.242 0.6000000238
5788  -17.579  -79.013  -71.824 0.6000000238
119481  -13.971  -79.188  -72.773 0.5000000000
129796  -14.495  -79.177  -73.547 0.6000000238
5805  -16.356  -79.072  -72.792 0.5000000000
5833  -15.817  -79.166  -74.396 0.5000000000
5821  -17.818  -79.368  -73.368 0.5000000000
3411  -7.028  -83.130  -66.994 0.6000000238
3423  -7.639  -82.462  -67.653 0.6000000238
3402  -5.856  -82.714  -66.885 0.4000000060
6696  -9.018  -78.672  -72.520 0.5000000000
124701  -19.968  -78.320  -68.501 0.6000000238
110968  -10.141  -79.858  -71.727 0.5000000000
6662  -19.664  -78.461  -69.329 0.5000000000
5818  -11.851  -79.514  -72.657 0.5000000000
6672  -18.374  -78.622  -70.291 0.5000000000
6673  -19.303  -78.619  -70.271 0.5000000000
6663  -20.487  -78.475  -69.170 0.5000000000
113183  -12.058  -79.230  -74.012 0.5000000000
5789  -18.437  -79.160  -72.088 0.5000000000
5830  -12.989  -79.142  -74.424 0.6000000238
5842  -13.566  -78.998  -75.107 0.6000000238
120078  -16.946  -79.080  -72.145 0.5000000000
5807  -18.366  -79.458  -72.957 0.6000000238
5843  -14.514  -79.047  -75.113 0.6000000238
5844  -15.433  -79.068  -75.069 0.5000000000
126787  -4.994  -80.948  -67.059 0.4000000060
5828  -10.026  -79.095  -72.993 0.5000000000
5767  -20.764  -78.976  -71.022 0.5000000000
5829  -10.980  -79.243  -73.208 0.5000000000
6703  -11.730  -78.991  -74.649 0.5000000000
5790  -19.463  -79.275  -72.033 0.5000000000
5792  -21.358  -79.214  -71.838 0.5000000000
5810  -21.779  -79.116  -72.389 0.5000000000
5826  -22.817  -78.907  -72.900 0.5000000000
110019  -24.220  -77.783  -73.920 0.5000000000
6710  -12.222  -78.387  -75.278 0.6000000238
6711  -13.202  -78.348  -75.523 0.6000000238
115601  -19.131  -79.606  -72.868 0.5000000000
6712  -14.180  -78.557  -75.585 0.6000000238
5848  -19.238  -78.874  -74.021 0.5000000000
6723  -14.729  -78.099  -76.097 0.5000000000
7602  -16.005  -77.402  -76.195 0.5000000000
8531  -11.419  -76.594  -74.704 0.5000000000
5809  -20.895  -79.181  -72.547 0.5000000000
4969  -21.305  -79.017  -72.924 0.5000000000
5825  -22.041  -78.946  -72.933 0.5000000000
109992  -23.628  -78.263  -73.865 0.5000000000
7587  -10.876  -77.383  -74.969 0.5000000000
9504  -11.979  -75.959  -75.316 0.6000000238
5808  -20.023  -79.422  -72.692 0.5000000000
5824  -20.997  -78.979  -73.247 0.5000000000
6706  -22.899  -78.280  -74.068 0.5000000000
7598  -23.813  -77.179  -74.611 0.5000000000
8532  -24.834  -76.293  -74.219 0.5000000000
126769  -13.682  -77.190  -76.192 0.5000000000
5823  -19.704  -79.371  -73.313 0.5000000000
5849  -19.952  -78.742  -73.762 0.5000000000
7596  -22.232  -77.395  -75.070 0.5000000000
6720  -22.578  -77.793  -74.756 0.5000000000
7597  -22.973  -77.279  -75.095 0.5000000000
9511  -24.261  -75.077  -75.183 0.4000000060
133269  -22.607  -76.851  -75.157 0.4000000060
14667  -12.959  -69.942  -73.436 0.4000000060
22610  -14.791  -62.639  -58.454 0.5000000000
23573  -14.969  -61.217  -55.528 0.5000000000
22591  -14.976  -62.124  -56.912 0.5000000000
24553  -14.263  -60.199  -53.446 0.5000000000
23559  -14.558  -60.991  -54.829 0.5000000000
22602  -14.962  -62.267  -57.729 0.5000000000
29730  -11.233  -56.290  -50.007 0.5000000000
29711  -10.199  -55.437  -49.363 0.5000000000
30673  -9.232  -53.134  -48.673 0.5000000000
130344  -10.477  -77.732  -74.479 0.5000000000
6702  -10.782  -78.631  -74.241 0.5000000000
4149  -14.127  -81.258  -68.808 0.6000000238
4166  -11.431  -81.057  -70.429 0.6000000238
5751  -14.391  -79.998  -68.847 0.6000000238
5784  -12.454  -80.138  -70.650 0.6000000238
5786  -15.019  -78.949  -70.894 0.6999999881
4146  -6.934  -81.574  -69.436 0.6000000238
5801  -10.569  -80.488  -71.221 0.5000000000
5804  -14.310  -79.110  -72.096 0.6000000238
118564  -15.570  -78.972  -72.454 0.6000000238
123706  -14.908  -79.056  -72.786 0.6000000238
6647  -19.772  -78.318  -67.690 0.6999999881
132225  -10.884  -79.786  -71.896 0.5000000000
118524  -12.990  -79.386  -72.697 0.5000000000
130309  -14.245  -79.192  -74.024 0.6000000238
5832  -14.827  -79.186  -74.356 0.6000000238
129815  -15.654  -79.108  -73.051 0.5000000000
5822  -18.695  -79.420  -73.587 0.5000000000
6681  -18.897  -78.851  -71.169 0.5000000000
5766  -19.838  -78.924  -71.107 0.5000000000
5841  -12.636  -79.013  -75.025 0.5000000000
6713  -15.065  -78.627  -75.558 0.5000000000
6709  -11.327  -78.304  -75.056 0.5000000000
7600  -12.857  -77.076  -76.159 0.5000000000
7592  -11.831  -77.578  -75.468 0.5000000000
5839  -22.260  -78.703  -73.577 0.5000000000
5837  -20.582  -78.973  -73.494 0.5000000000
6705  -21.708  -78.545  -73.782 0.5000000000
8540  -24.196  -76.500  -74.762 0.5000000000
6704  -20.834  -78.772  -73.450 0.4000000060
111111  -23.757  -75.894  -75.094 0.4000000060
111838  -25.521  -79.983  -69.205 0.5000000000
4947  -24.062  -79.720  -69.669 0.6000000238
5770  -23.323  -79.557  -70.259 0.6000000238
5755  -23.545  -79.692  -69.329 0.6000000238
5742  -23.693  -79.730  -68.021 0.4000000060
119788  -23.309  -79.069  -71.142 0.4000000060
5768  -21.700  -79.160  -70.910 0.4000000060
5769  -22.619  -79.460  -70.713 0.5000000000
5754  -22.727  -79.414  -69.644 0.6000000238
5753  -21.894  -79.068  -69.863 0.5000000000
6675  -21.059  -78.753  -70.036 0.4000000060
5741  -22.176  -79.042  -67.749 0.5000000000
6664  -21.284  -78.590  -68.947 0.5000000000
6634  -21.677  -78.816  -67.194 0.6000000238
6615  -19.362  -78.946  -66.746 0.6000000238
5712  -19.238  -79.308  -66.839 0.6000000238
4902  -18.646  -79.799  -67.372 0.6000000238
4901  -17.695  -79.707  -67.473 0.6000000238
4919  -17.948  -80.294  -67.963 0.6000000238
4918  -16.786  -80.411  -67.795 0.5000000000
4151  -16.318  -80.977  -68.431 0.5000000000
123201  -15.938  -81.265  -69.316 0.4000000060
127737  -15.314  -81.446  -69.756 0.5000000000
9512  -25.120  -75.275  -74.934 0.3000000119
4193  -13.087  -81.539  -72.660 0.4000000060
14490  -18.395  -70.744  -60.594 0.4000000060
123895  -18.820  -71.513  -60.302 0.4000000060
12441  -18.457  -72.240  -60.724 0.5000000000
29814  -17.185  -56.040  -56.614 0.5000000000
30807  -16.694  -54.981  -55.874 0.5000000000
30808  -17.574  -54.639  -55.853 0.5000000000
30794  -17.099  -54.506  -55.477 0.4000000060
32841  -16.021  -52.825  -56.047 0.4000000060
32854  -18.889  -51.947  -57.364 0.4000000060
32829  -15.369  -51.853  -55.983 0.4000000060
33922  -15.921  -51.501  -55.292 0.4000000060
32830  -16.692  -52.426  -55.339 0.4000000060
32828  -14.378  -52.154  -55.392 0.4000000060
33921  -14.734  -51.527  -55.005 0.4000000060
33923  -19.110  -51.860  -54.995 0.4000000060
33908  -14.370  -51.178  -54.093 0.4000000060
33909  -15.319  -50.976  -54.647 0.4000000060
34970  -18.198  -50.599  -54.404 0.4000000060
33904  -14.038  -51.542  -53.591 0.4000000060
34967  -14.982  -50.585  -53.863 0.4000000060
32798  -14.362  -51.632  -52.847 0.4000000060
34946  -14.868  -50.947  -52.516 0.4000000060
31768  -17.429  -53.258  -51.747 0.3000000119
131668  -16.843  -52.944  -52.177 0.4000000060
32746  -19.378  -52.519  -50.029 0.3000000119
32783  -18.763  -52.418  -51.176 0.3000000119
33886  -17.791  -51.768  -51.606 0.3000000119
32782  -17.896  -52.598  -51.514 0.3000000119
32842  -18.563  -52.762  -55.987 0.4000000060
31807  -18.175  -53.209  -55.347 0.4000000060
31805  -17.023  -53.613  -55.174 0.4000000060
31806  -17.598  -53.820  -55.379 0.4000000060
32831  -17.792  -52.923  -54.958 0.4000000060
32821  -17.239  -51.901  -54.936 0.4000000060
33936  -19.442  -51.070  -56.083 0.4000000060
126133  -18.301  -52.029  -54.660 0.4000000060
33911  -17.533  -51.422  -54.653 0.4000000060
33910  -16.500  -51.104  -54.813 0.4000000060
11491  -26.685  -73.778  -68.272 0.3000000119
110747  -27.275  -73.552  -68.862 0.3000000119
9429  -25.455  -75.421  -67.314 0.4000000060
9437  -25.757  -75.064  -67.973 0.3000000119
10440  -26.254  -74.673  -68.662 0.4000000060
8467  -25.817  -76.599  -67.620 0.3000000119
9438  -26.114  -75.468  -68.663 0.3000000119
8488  -26.642  -75.905  -69.353 0.4000000060
7529  -26.754  -78.097  -66.772 0.3000000119
8477  -26.254  -76.253  -68.468 0.3000000119
8478  -27.013  -76.754  -69.026 0.3000000119
7539  -27.286  -77.721  -67.690 0.3000000119
7549  -27.630  -77.455  -68.546 0.3000000119
8479  -27.694  -77.279  -69.246 0.3000000119
7540  -28.280  -77.956  -68.024 0.3000000119
7550  -28.250  -77.896  -68.742 0.3000000119
7558  -28.097  -78.066  -69.323 0.3000000119
6637  -28.565  -78.786  -67.577 0.3000000119
6650  -28.430  -78.540  -68.248 0.3000000119
5775  -27.967  -78.642  -69.467 0.3000000119
4894  -29.505  -80.401  -66.110 0.3000000119
6622  -28.685  -79.254  -66.980 0.3000000119
4925  -28.298  -79.671  -68.049 0.3000000119
4940  -27.886  -79.776  -68.544 0.3000000119
118563  -27.184  -79.903  -69.390 0.3000000119
4909  -28.486  -80.205  -67.364 0.4000000060
10449  -26.887  -74.749  -70.058 0.3000000119
8466  -25.320  -76.102  -67.081 0.4000000060
9450  -27.038  -75.521  -70.231 0.4000000060
7537  -25.490  -76.865  -66.730 0.3000000119
8490  -27.664  -77.167  -69.906 0.4000000060
6635  -27.876  -78.337  -67.160 0.3000000119
8491  -27.968  -77.836  -69.581 0.4000000060
6678  -27.991  -78.158  -69.435 0.4000000060
6620  -28.438  -78.830  -66.371 0.3000000119
5774  -27.768  -78.899  -69.764 0.4000000060
5704  -29.712  -80.196  -65.663 0.3000000119
5717  -29.305  -79.745  -65.990 0.4000000060
4951  -27.003  -79.720  -69.711 0.4000000060
4939  -26.774  -80.075  -69.323 0.3000000119
5696  -30.218  -80.416  -64.832 0.3000000119
11503  -26.858  -74.244  -69.341 0.3000000119
129808  -27.280  -74.189  -70.085 0.3000000119
11505  -28.215  -72.958  -69.876 0.3000000119
10461  -27.395  -74.693  -70.638 0.3000000119
9457  -27.506  -75.469  -70.998 0.3000000119
110783  -25.300  -75.939  -64.852 0.4000000060
8497  -27.368  -76.279  -70.470 0.3000000119
9467  -27.436  -75.737  -71.445 0.3000000119
6618  -26.542  -78.320  -65.736 0.3000000119
7527  -25.343  -76.974  -65.880 0.4000000060
8498  -27.583  -77.343  -70.090 0.4000000060
122690  -27.262  -76.636  -70.963 0.3000000119
7565  -27.379  -77.415  -70.278 0.4000000060
6683  -27.079  -77.406  -70.600 0.4000000060
6619  -27.465  -78.462  -66.288 0.3000000119
113747  -26.988  -79.063  -64.322 0.3000000119
6676  -27.305  -78.375  -70.139 0.4000000060
5796  -26.689  -78.545  -70.182 0.4000000060
6607  -28.445  -79.220  -65.418 0.3000000119
5693  -27.943  -79.506  -63.513 0.3000000119
5795  -26.047  -78.612  -70.014 0.4000000060
5794  -25.078  -78.356  -70.175 0.5000000000
6598  -27.885  -79.398  -64.375 0.3000000119
116369  -25.871  -79.789  -69.323 0.4000000060
4949  -25.015  -79.436  -69.328 0.4000000060
4961  -24.003  -79.018  -70.073 0.5000000000
4875  -30.542  -80.938  -64.549 0.3000000119
10462  -27.768  -74.451  -71.214 0.3000000119
11517  -28.642  -73.009  -70.800 0.3000000119
7507  -25.643  -77.463  -64.273 0.4000000060
7572  -27.072  -76.732  -71.299 0.4000000060
6691  -26.085  -77.148  -71.313 0.4000000060
6595  -25.905  -78.138  -64.362 0.4000000060
127778  -25.697  -77.816  -70.590 0.4000000060
5814  -24.590  -78.120  -71.234 0.5000000000
5813  -23.791  -78.653  -71.830 0.4000000060
6597  -27.286  -79.183  -63.684 0.3000000119
5793  -24.179  -78.660  -70.705 0.4000000060
5687  -28.542  -79.690  -63.046 0.3000000119
111380  -22.811  -79.252  -71.668 0.4000000060
131849  -22.400  -79.324  -71.665 0.4000000060
5695  -29.694  -79.957  -64.437 0.3000000119
5689  -30.202  -80.387  -63.913 0.3000000119
4094  -30.876  -81.207  -62.969 0.3000000119
124338  -27.617  -74.932  -71.562 0.3000000119
8507  -27.320  -75.994  -71.833 0.3000000119
7580  -26.894  -76.648  -71.661 0.3000000119
6587  -26.355  -78.197  -63.681 0.4000000060
6700  -25.643  -76.839  -72.137 0.5000000000
6689  -24.324  -78.115  -72.462 0.4000000060
5679  -27.927  -78.904  -62.770 0.4000000060
5812  -23.098  -79.004  -72.133 0.4000000060
6583  -30.100  -79.050  -61.474 0.3000000119
5680  -28.718  -79.314  -62.616 0.3000000119
5681  -29.446  -79.906  -62.632 0.3000000119
4864  -30.828  -80.947  -62.231 0.3000000119
4086  -31.130  -81.440  -62.643 0.3000000119
4865  -30.951  -81.221  -62.406 0.3000000119
8515  -27.081  -76.235  -72.124 0.3000000119
7586  -26.219  -76.421  -72.491 0.4000000060
6699  -24.861  -77.330  -72.500 0.4000000060
5676  -30.466  -79.694  -61.132 0.3000000119
5664  -30.455  -79.438  -60.614 0.3000000119
5682  -30.237  -80.196  -61.916 0.3000000119
5665  -30.671  -80.289  -60.902 0.3000000119
117497  -30.795  -80.929  -61.515 0.3000000119
5653  -30.035  -79.592  -59.730 0.3000000119
126909  -30.426  -80.214  -59.846 0.3000000119
4835  -30.595  -80.125  -60.442 0.3000000119
4054  -30.750  -80.983  -60.346 0.3000000119
4836  -30.727  -80.660  -60.682 0.3000000119
8533  -26.166  -75.581  -73.257 0.3000000119
8523  -25.755  -76.247  -72.968 0.4000000060
4818  -29.103  -80.765  -59.301 0.3000000119
4051  -29.167  -81.500  -58.994 0.3000000119
9502  -27.286  -74.356  -73.172 0.3000000119
9501  -26.758  -74.918  -73.187 0.3000000119
115155  -25.430  -75.988  -73.721 0.3000000119
10510  -26.881  -74.036  -73.748 0.3000000119
9500  -26.269  -74.801  -73.950 0.3000000119
9513  -25.659  -74.687  -74.730 0.3000000119
30806  -15.875  -54.344  -56.419 0.5000000000
33897  -15.885  -51.621  -51.926 0.5000000000
33896  -14.998  -51.673  -52.125 0.4000000060
31819  -16.443  -54.066  -55.664 0.4000000060
6617  -20.807  -78.694  -66.860 0.6000000238
5740  -22.059  -78.950  -68.767 0.5000000000
6698  -24.008  -78.326  -73.345 0.4000000060
7584  -24.565  -77.688  -73.190 0.4000000060
7590  -25.058  -76.643  -73.541 0.4000000060
133451  -25.147  -75.765  -74.382 0.3000000119
30819  -17.576  -55.404  -56.585 0.5000000000
31820  -18.149  -53.690  -56.103 0.4000000060
33935  -18.929  -51.901  -56.037 0.4000000060
8476  -25.680  -75.853  -67.892 0.3000000119
6636  -28.566  -78.623  -67.452 0.3000000119
5718  -29.110  -79.765  -66.296 0.3000000119
8457  -25.164  -76.262  -66.169 0.4000000060
5772  -26.606  -79.245  -69.853 0.4000000060
7516  -25.432  -77.498  -65.048 0.4000000060
7517  -25.807  -78.162  -65.164 0.3000000119
6606  -27.471  -78.820  -65.314 0.3000000119
6692  -26.762  -77.043  -71.234 0.4000000060
5688  -29.427  -80.113  -63.301 0.3000000119
6690  -25.069  -77.416  -71.635 0.4000000060
4863  -30.309  -80.575  -62.872 0.3000000119
6582  -29.631  -78.643  -62.075 0.3000000119
4076  -30.839  -81.116  -62.185 0.3000000119
8524  -26.562  -76.137  -72.635 0.3000000119
110216  -30.428  -80.900  -59.631 0.3000000119
4932  -17.329  -80.695  -68.655 0.5000000000
4933  -18.465  -80.674  -69.102 0.5000000000
4920  -19.177  -80.401  -68.317 0.5000000000
4888  -19.986  -79.585  -66.890 0.5000000000
5728  -21.480  -79.024  -66.748 0.4000000060
9482  -11.942  -75.862  -74.299 0.4000000060
4936  -24.229  -80.022  -68.932 0.5000000000
130854  -25.636  -80.255  -69.072 0.3000000119
4139  -26.958  -80.771  -68.055 0.3000000119
4938  -26.190  -80.107  -69.209 0.4000000060
4142  -28.190  -80.460  -67.664 0.3000000119
4141  -27.698  -80.333  -68.190 0.3000000119
7490  -28.789  -78.364  -62.559 0.3000000119
7489  -27.791  -78.157  -62.928 0.3000000119
7499  -26.870  -77.878  -63.309 0.3000000119
9418  -25.248  -75.358  -66.408 0.3000000119
7500  -28.812  -77.249  -62.821 0.3000000119
8420  -27.637  -77.356  -63.347 0.3000000119
129561  -26.300  -77.602  -63.658 0.3000000119
114534  -25.675  -75.858  -64.476 0.3000000119
9391  -25.560  -75.252  -64.981 0.3000000119
9392  -26.173  -75.487  -64.568 0.3000000119
8421  -28.371  -76.558  -63.507 0.3000000119
8437  -27.388  -76.614  -63.878 0.3000000119
8436  -26.228  -76.332  -64.034 0.3000000119
9393  -27.211  -75.991  -64.510 0.3000000119
115153  -25.347  -75.024  -65.650 0.3000000119
11479  -25.788  -73.899  -66.402 0.3000000119
11446  -25.861  -73.875  -65.770 0.3000000119
125693  -26.122  -74.658  -65.026 0.3000000119
116029  -15.269  -81.159  -71.101 0.3000000119
5729  -22.298  -79.371  -66.856 0.5000000000
5714  -20.897  -79.115  -66.641 0.4000000060
4903  -19.590  -79.972  -67.363 0.5000000000
4159  -26.561  -80.423  -68.821 0.3000000119
128974  -19.762  -50.335  -55.521 0.3000000119
33924  -19.280  -51.100  -55.086 0.3000000119
125788  -15.047  -50.348  -53.095 0.3000000119
4152  -16.887  -80.924  -69.526 0.4000000060
4153  -19.008  -81.123  -70.192 0.4000000060
2162  -23.684  -84.304  -67.296 0.4000000060
117883  -23.044  -82.657  -68.909 0.4000000060
4137  -22.566  -82.110  -67.715 0.4000000060
4136  -21.603  -81.442  -67.707 0.4000000060
4905  -21.415  -80.454  -66.857 0.4000000060
4135  -20.970  -81.351  -68.874 0.4000000060
4921  -20.249  -80.523  -68.140 0.4000000060
4904  -20.485  -80.130  -67.232 0.4000000060
2142  -24.585  -84.754  -65.929 0.3000000119
2163  -24.736  -83.955  -67.176 0.4000000060
3413  -23.995  -82.445  -67.011 0.4000000060
4935  -20.072  -80.850  -69.228 0.4000000060
2757  -23.579  -83.093  -68.109 0.4000000060
4157  -21.966  -82.313  -68.986 0.4000000060
2151  -24.149  -84.635  -66.645 0.3000000119
3425  -23.764  -83.052  -67.990 0.4000000060
3424  -23.370  -82.661  -67.869 0.4000000060
4122  -22.255  -81.244  -66.585 0.4000000060
2143  -25.291  -84.380  -65.779 0.3000000119
2152  -25.030  -84.334  -66.559 0.3000000119
3426  -24.284  -83.083  -67.586 0.3000000119
125869  -24.782  -83.435  -67.304 0.3000000119
4116  -24.453  -81.520  -66.367 0.3000000119
4892  -23.507  -80.438  -66.218 0.3000000119
4123  -23.157  -81.751  -66.550 0.3000000119
4907  -24.963  -80.799  -66.758 0.3000000119
4923  -24.515  -80.093  -68.207 0.3000000119
5730  -23.246  -79.814  -66.832 0.3000000119
4114  -22.814  -81.003  -66.006 0.3000000119
5716  -22.807  -79.970  -66.359 0.3000000119
119320  -21.571  -79.694  -66.562 0.3000000119
4815  -20.875  -80.420  -60.247 0.3000000119
4828  -20.738  -79.727  -60.370 0.3000000119
111185  -28.981  -78.045  -59.482 0.3000000119
117972  -22.489  -78.278  -61.277 0.3000000119
125092  -23.149  -78.170  -61.575 0.3000000119
6566  -24.616  -77.806  -61.251 0.3000000119
6567  -25.600  -78.244  -60.739 0.3000000119
6568  -26.593  -78.096  -59.985 0.3000000119
110022  -27.424  -77.990  -59.492 0.3000000119
7453  -27.681  -77.290  -59.203 0.3000000119
7454  -28.509  -77.217  -59.368 0.3000000119
7479  -23.788  -77.604  -61.221 0.3000000119
7466  -24.444  -77.045  -60.815 0.3000000119
130073  -25.153  -77.323  -60.776 0.3000000119
7467  -25.961  -77.376  -60.061 0.3000000119
7452  -26.870  -77.338  -59.461 0.3000000119
3414  -24.938  -82.423  -66.888 0.3000000119
4829  -21.239  -80.067  -60.966 0.3000000119
6577  -24.830  -78.811  -61.425 0.3000000119
5674  -23.180  -78.939  -61.960 0.3000000119
4849  -21.789  -79.525  -61.428 0.3000000119
5675  -24.124  -79.326  -61.731 0.3000000119
6576  -23.924  -78.380  -61.650 0.3000000119
8389  -24.330  -76.366  -60.153 0.3000000119
2178  -24.210  -83.395  -67.568 0.4000000060
2794  -8.311  -82.588  -73.527 0.5000000000
3360  -30.974  -81.505  -62.268 0.3000000119
3403  -6.486  -82.672  -66.591 0.6999999881
3436  -23.275  -82.939  -68.949 0.4000000060
3445  -6.759  -82.309  -72.612 0.5000000000
3451  -8.806  -82.136  -74.052 0.5000000000
3459  -8.923  -81.670  -74.049 0.5000000000
4052  -29.810  -81.232  -59.224 0.3000000119
4103  -30.688  -81.197  -63.966 0.3000000119
4106  -7.925  -81.066  -65.925 0.6999999881
4111  -6.489  -81.994  -66.169 0.6999999881
4115  -23.562  -81.067  -65.950 0.3000000119
4129  -29.409  -80.838  -66.370 0.3000000119
4134  -15.880  -80.785  -68.107 0.6000000238
4148  -13.241  -81.107  -69.194 0.6000000238
4154  -19.783  -81.276  -70.131 0.4000000060
4158  -26.001  -80.412  -68.978 0.3000000119
4160  -27.159  -80.305  -68.736 0.3000000119
4165  -6.677  -81.247  -70.538 0.6000000238
4167  -12.084  -81.156  -70.119 0.5000000000
4168  -12.747  -81.341  -69.820 0.6000000238
4178  -10.904  -81.250  -70.852 0.5000000000
4189  -6.707  -81.492  -72.366 0.5000000000
4190  -7.091  -81.172  -72.899 0.5000000000
4191  -10.959  -81.519  -71.306 0.5000000000
4203  -12.549  -81.533  -73.537 0.5000000000
4819  -29.888  -80.378  -59.485 0.3000000119
4820  -30.648  -80.536  -60.120 0.3000000119
4854  -30.747  -80.715  -61.585 0.3000000119
4886  -9.479  -80.625  -66.332 0.6999999881
4889  -20.740  -79.613  -66.726 0.5000000000
4890  -22.239  -80.425  -66.294 0.3000000119
4891  -22.872  -80.497  -66.114 0.3000000119
4893  -24.294  -80.824  -66.218 0.3000000119
4900  -9.864  -80.337  -66.835 0.6999999881
4906  -24.253  -80.251  -66.958 0.3000000119
4910  -28.885  -80.295  -66.775 0.4000000060
4917  -16.164  -80.216  -67.785 0.6000000238
4922  -20.940  -80.771  -67.755 0.4000000060
4926  -28.552  -79.593  -67.439 0.3000000119
4934  -19.324  -80.814  -69.417 0.4000000060
4937  -24.989  -80.132  -69.070 0.5000000000
4944  -6.857  -80.332  -71.118 0.6000000238
4948  -24.447  -79.591  -69.400 0.6000000238
4950  -26.471  -79.775  -69.529 0.4000000060
4952  -27.438  -79.470  -69.583 0.3000000119
4960  -23.553  -79.285  -70.226 0.5000000000
4962  -24.705  -78.787  -69.797 0.5000000000
4965  -7.220  -80.768  -72.388 0.5000000000
4968  -20.549  -79.226  -73.011 0.5000000000
4970  -7.768  -81.204  -73.075 0.5000000000
4971  -8.399  -80.887  -72.620 0.5000000000
4974  -20.357  -79.159  -73.370 0.5000000000
5654  -30.448  -79.728  -60.185 0.3000000119
5673  -22.380  -78.908  -61.691 0.3000000119
5686  -27.832  -79.274  -63.073 0.3000000119
5694  -28.719  -79.736  -63.872 0.3000000119
5699  -8.341  -79.833  -65.621 0.6999999881
5709  -10.830  -79.868  -66.076 0.6999999881
5711  -18.923  -79.042  -66.751 0.6000000238
5713  -20.023  -79.134  -66.654 0.6000000238
5715  -22.145  -79.752  -66.443 0.3000000119
5726  -16.897  -79.757  -67.525 0.6000000238
5727  -18.502  -79.217  -67.033 0.6999999881
5731  -28.804  -79.711  -66.791 0.3000000119
5737  -15.221  -80.021  -68.375 0.6000000238
5743  -28.520  -79.009  -68.238 0.3000000119
5744  -28.643  -79.056  -67.601 0.3000000119
5748  -7.949  -79.276  -69.448 0.6999999881
5752  -15.828  -79.374  -68.228 0.6000000238
5756  -27.810  -79.237  -69.327 0.3000000119
5760  -7.367  -79.633  -71.215 0.6999999881
5765  -15.846  -78.698  -70.600 0.6999999881
5771  -25.742  -79.139  -69.603 0.4000000060
5773  -27.234  -79.154  -69.943 0.4000000060
5791  -20.392  -79.257  -71.946 0.5000000000
5806  -17.709  -79.233  -72.545 0.6000000238
5811  -22.506  -79.102  -72.247 0.5000000000
5815  -8.501  -79.323  -71.827 0.6000000238
5819  -12.723  -79.267  -73.563 0.5000000000
5820  -13.649  -79.200  -73.674 0.6000000238
5827  -23.589  -78.704  -72.759 0.4000000060
5831  -13.971  -79.144  -74.499 0.6000000238
5836  -19.851  -79.087  -73.700 0.5000000000
5838  -21.415  -78.827  -73.442 0.5000000000
5840  -23.230  -78.591  -73.452 0.5000000000
6586  -25.936  -77.726  -63.893 0.4000000060
6588  -27.161  -78.689  -63.297 0.4000000060
6594  -13.056  -78.146  -64.836 0.6000000238
6596  -26.577  -78.752  -63.971 0.4000000060
6605  -26.427  -78.587  -64.759 0.3000000119
6608  -29.083  -79.443  -65.888 0.4000000060
6614  -12.839  -78.336  -65.980 0.5000000000
6616  -20.141  -78.781  -66.792 0.6000000238
6621  -28.784  -79.250  -66.679 0.3000000119
6631  -19.528  -78.585  -67.044 0.6999999881
6632  -20.350  -78.468  -67.171 0.6999999881
6633  -21.094  -78.525  -67.199 0.6000000238
6645  -17.448  -78.773  -67.730 0.8000000119
6649  -21.496  -78.571  -67.904 0.5000000000
6661  -18.760  -78.486  -69.330 0.5000000000
6665  -28.127  -78.400  -68.955 0.3000000119
6674  -20.198  -78.670  -70.175 0.5000000000
6677  -27.783  -78.164  -69.794 0.4000000060
6680  -17.942  -78.799  -71.150 0.6000000238
6682  -26.681  -77.717  -70.623 0.4000000060
6707  -23.375  -77.772  -74.372 0.5000000000
6708  -10.709  -78.040  -74.791 0.5000000000
6718  -20.802  -77.952  -73.279 0.4000000060
6719  -22.047  -77.856  -74.249 0.5000000000
6721  -12.542  -77.650  -75.821 0.5000000000
6722  -13.907  -77.973  -76.087 0.5000000000
6724  -15.572  -78.142  -76.013 0.5000000000
7498  -25.950  -77.092  -63.849 0.3000000119
7526  -14.616  -77.265  -65.581 0.5000000000
7528  -25.837  -77.677  -66.109 0.4000000060
7538  -26.186  -77.388  -67.227 0.3000000119
7541  -28.438  -78.322  -68.200 0.3000000119
7548  -26.625  -77.042  -68.147 0.3000000119
7551  -28.230  -78.121  -68.805 0.3000000119
7557  -28.109  -77.845  -69.286 0.3000000119
7562  -9.457  -77.779  -70.080 0.6000000238
7566  -27.936  -78.005  -69.698 0.4000000060
7579  -26.536  -76.644  -71.964 0.3000000119
7585  -25.186  -76.857  -72.878 0.4000000060
7588  -11.609  -76.848  -75.436 0.5000000000
7589  -24.513  -76.980  -74.075 0.5000000000
7591  -11.209  -77.645  -75.147 0.5000000000
7599  -12.084  -76.879  -76.083 0.5000000000
8419  -26.627  -77.167  -63.671 0.3000000119
8430  -12.097  -77.695  -64.551 0.6000000238
8431  -12.523  -77.048  -64.321 0.5000000000
8435  -25.479  -76.630  -64.426 0.3000000119
8448  -25.243  -76.498  -65.300 0.4000000060
8451  -8.856  -76.753  -66.653 0.6999999881
8453  -11.239  -76.154  -65.796 0.6000000238
8459  -6.931  -76.806  -67.877 0.6999999881
8482  -6.411  -76.302  -69.468 0.6000000238
8489  -27.304  -76.502  -69.848 0.4000000060
8493  -6.338  -76.365  -70.274 0.5000000000
8494  -6.889  -75.982  -70.657 0.5000000000
8520  -10.750  -76.770  -73.550 0.6000000238
8521  -11.225  -76.421  -73.953 0.5000000000
8539  -23.372  -76.648  -75.095 0.5000000000
8541  -24.609  -75.849  -74.888 0.3000000119
9358  -15.066  -75.032  -62.917 0.6000000238
9359  -15.761  -75.185  -62.863 0.6000000238
9362  -18.124  -75.017  -62.541 0.5000000000
9372  -14.627  -75.596  -63.266 0.6000000238
9376  -18.142  -75.231  -63.178 0.5000000000
9387  -13.478  -75.714  -64.053 0.6000000238
9389  -17.267  -75.508  -64.313 0.5000000000
9407  -25.181  -75.704  -65.513 0.3000000119
9424  -9.483  -75.278  -67.449 0.6999999881
9432  -7.776  -75.553  -69.059 0.6999999881
9443  -7.998  -75.348  -69.767 0.6000000238
9449  -26.516  -75.085  -69.476 0.3000000119
9453  -7.414  -75.594  -70.256 0.6000000238
9499  -25.659  -75.367  -74.185 0.3000000119
10340  -16.788  -74.267  -61.792 0.6000000238
10353  -16.104  -74.602  -62.309 0.6000000238
10355  -18.557  -74.656  -62.147 0.5000000000
10401  -25.661  -74.491  -65.424 0.3000000119
10402  -26.652  -74.125  -65.296 0.3000000119
10414  -25.463  -74.448  -66.082 0.3000000119
10427  -25.611  -74.559  -67.049 0.4000000060
10428  -26.086  -74.341  -67.851 0.3000000119
10436  -10.206  -74.376  -68.533 0.6999999881
10452  -9.876  -74.389  -70.181 0.6999999881
10478  -10.568  -74.202  -72.759 0.5000000000
10520  -24.263  -74.297  -75.355 0.4000000060
11380  -17.059  -73.620  -61.633 0.6000000238
11410  -14.693  -73.717  -63.570 0.6000000238
11411  -15.439  -73.184  -63.537 0.6000000238
11424  -13.482  -73.889  -64.699 0.5000000000
11441  -13.085  -73.805  -65.438 0.5000000000
11442  -14.220  -73.173  -65.617 0.5000000000
11455  -12.243  -73.872  -66.519 0.6000000238
11461  -26.326  -73.417  -66.195 0.3000000119
11494  -10.859  -73.920  -69.499 0.6999999881
11504  -27.560  -73.591  -69.600 0.3000000119
11507  -10.552  -74.042  -70.101 0.6000000238
11516  -27.846  -73.754  -70.544 0.3000000119
11521  -12.181  -73.044  -71.593 0.6000000238
12458  -17.432  -72.889  -61.520 0.6000000238
12547  -14.566  -72.732  -68.605 0.6000000238
12570  -13.100  -72.632  -70.499 0.6000000238
12602  -12.441  -72.315  -73.132 0.5000000000
13568  -14.788  -72.106  -69.265 0.6000000238
13583  -14.786  -71.344  -69.645 0.6000000238
13600  -14.308  -71.149  -70.363 0.6000000238
13644  -12.860  -70.734  -73.216 0.5000000000
14503  -17.949  -70.626  -61.469 0.4000000060
14523  -17.440  -70.162  -63.227 0.6000000238
14533  -16.906  -70.828  -64.405 0.6000000238
14622  -14.101  -70.226  -70.855 0.6000000238
15561  -17.893  -69.873  -61.989 0.5000000000
15634  -14.852  -69.447  -69.035 0.6000000238
15635  -15.100  -69.315  -68.267 0.6999999881
15653  -14.603  -69.620  -69.630 0.6000000238
15699  -13.308  -69.467  -73.065 0.5000000000
15700  -13.726  -69.384  -72.456 0.5000000000
16575  -16.626  -68.588  -64.903 0.5000000000
16668  -14.571  -68.484  -70.929 0.6000000238
17553  -17.028  -67.095  -63.364 0.5000000000
17584  -16.523  -67.711  -65.312 0.5000000000
17633  -15.697  -67.460  -68.260 0.6000000238
17662  -15.129  -66.945  -70.768 0.6000000238
17677  -14.888  -66.786  -71.268 0.6999999881
17690  -13.981  -67.685  -72.304 0.6000000238
18611  -17.270  -66.438  -63.628 0.5000000000
18636  -16.688  -66.839  -65.707 0.6000000238
18652  -17.145  -66.067  -66.128 0.6000000238
18711  -15.251  -66.308  -70.807 0.6000000238
18712  -15.631  -65.968  -70.357 0.6000000238
18723  -14.555  -66.619  -71.434 0.6999999881
18735  -13.982  -67.262  -71.963 0.6000000238
19637  -17.660  -65.727  -64.058 0.5000000000
19649  -18.010  -64.943  -64.578 0.5000000000
19658  -17.881  -65.152  -65.406 0.6000000238
19667  -13.689  -64.775  -66.245 0.6000000238
19668  -17.561  -65.413  -66.531 0.6000000238
19680  -16.739  -66.065  -68.348 0.5000000000
19690  -16.873  -65.422  -68.654 0.5000000000
19700  -16.401  -65.288  -69.229 0.5000000000
19701  -16.581  -64.687  -68.784 0.6000000238
19709  -13.441  -65.417  -70.564 0.6999999881
19710  -14.497  -65.558  -70.710 0.6999999881
19712  -15.847  -65.567  -69.910 0.6000000238
19721  -14.174  -66.003  -71.241 0.6000000238
20698  -17.741  -64.852  -66.871 0.6000000238
20699  -17.901  -64.219  -66.794 0.6000000238
20716  -16.947  -64.466  -68.282 0.6999999881
20725  -15.279  -64.636  -69.639 0.6000000238
20735  -12.695  -64.754  -69.845 0.6000000238
20738  -15.569  -65.229  -70.015 0.6999999881
21622  -14.396  -63.186  -58.522 0.5000000000
21662  -14.400  -63.671  -61.291 0.6000000238
21678  -14.124  -63.668  -62.117 0.6000000238
21691  -18.599  -63.354  -63.239 0.5000000000
21717  -18.437  -63.493  -65.869 0.8000000119
21727  -13.811  -63.321  -67.217 0.6000000238
21737  -17.406  -63.660  -67.452 0.6000000238
21742  -14.019  -63.532  -68.500 0.6999999881
21745  -16.750  -63.797  -68.098 0.6000000238
21755  -14.686  -64.037  -69.081 0.6000000238
21757  -16.401  -64.286  -68.712 0.6000000238
22622  -14.703  -62.968  -59.121 0.5000000000
22623  -15.020  -62.272  -59.029 0.6000000238
22664  -14.050  -62.893  -61.988 0.6000000238
22675  -13.913  -62.442  -63.605 0.6000000238
22677  -18.777  -62.513  -63.826 0.6000000238
22685  -13.934  -62.733  -64.496 0.6000000238
22686  -18.864  -62.546  -64.848 0.6000000238
22708  -18.183  -61.794  -66.614 0.6999999881
22719  -14.919  -62.803  -67.444 0.6000000238
22721  -16.497  -62.981  -67.595 0.6000000238
22723  -18.158  -62.848  -66.786 0.6999999881
22732  -16.449  -63.393  -68.002 0.6000000238
22733  -16.800  -63.279  -67.685 0.6000000238
22734  -17.184  -63.500  -67.541 0.6000000238
23574  -15.260  -61.302  -56.096 0.6000000238
23585  -14.785  -61.798  -56.166 0.5000000000
23586  -15.250  -61.597  -56.562 0.5000000000
23608  -15.256  -61.595  -58.025 0.6000000238
23622  -15.143  -61.592  -58.820 0.6000000238
23665  -19.765  -61.119  -63.177 0.5000000000
23720  -15.278  -61.781  -66.131 0.6999999881
23723  -18.813  -61.624  -66.449 0.6999999881
24564  -14.557  -60.419  -54.377 0.6000000238
24572  -15.280  -60.808  -55.821 0.6000000238
24592  -15.096  -60.291  -58.011 0.6000000238
24593  -15.480  -60.937  -57.569 0.6000000238
24604  -14.739  -60.411  -58.708 0.8000000119
24627  -13.603  -60.581  -61.142 0.8000000119
24649  -20.533  -60.414  -63.245 0.5000000000
24662  -14.488  -60.236  -63.567 0.6999999881
24664  -20.886  -59.954  -64.340 0.6999999881
24671  -14.509  -61.003  -63.954 0.6000000238
24673  -15.467  -60.493  -64.550 0.6999999881
24675  -20.424  -60.157  -65.258 0.6999999881
24683  -15.746  -60.835  -65.342 0.6999999881
24686  -18.585  -60.631  -66.072 0.8000000119
25572  -14.164  -59.891  -52.807 0.6000000238
25598  -14.818  -59.952  -54.877 0.6000000238
25599  -15.117  -60.288  -55.539 0.6000000238
25607  -14.937  -59.722  -55.737 0.6000000238
25620  -14.607  -59.692  -57.605 0.6999999881
25657  -13.940  -60.370  -59.842 0.8000000119
25672  -14.095  -59.123  -62.779 0.6000000238
25683  -13.947  -59.764  -63.164 0.6999999881
25698  -20.417  -59.493  -65.272 0.6000000238
25705  -18.128  -60.125  -65.550 0.8000000119
26653  -13.712  -58.679  -55.659 0.6999999881
26673  -12.276  -58.000  -57.663 0.6000000238
26686  -12.445  -57.925  -58.571 0.6999999881
26715  -14.135  -58.082  -61.711 0.6000000238
26724  -13.794  -58.784  -62.105 0.5000000000
26726  -15.205  -58.255  -62.574 0.6999999881
27689  -13.520  -58.331  -53.064 0.6000000238
27703  -13.386  -58.177  -53.935 0.6999999881
27715  -12.148  -57.815  -55.816 0.6999999881
27724  -11.442  -56.808  -56.918 0.6000000238
27725  -11.935  -57.718  -56.793 0.6000000238
27743  -12.484  -57.315  -58.865 0.6000000238
27756  -12.812  -57.335  -59.583 0.6000000238
27757  -13.261  -57.432  -60.189 0.6000000238
27759  -17.897  -57.503  -59.597 0.5000000000
27768  -18.363  -57.484  -60.194 0.5000000000
27782  -15.232  -57.352  -61.494 0.6000000238
27805  -14.841  -57.882  -61.974 0.6000000238
27808  -18.957  -58.046  -62.908 0.6000000238
28737  -10.961  -56.471  -52.765 0.6999999881
28759  -9.577  -55.853  -54.603 0.6999999881
28770  -9.859  -55.805  -55.443 0.6999999881
28777  -16.888  -56.285  -56.889 0.5000000000
28784  -11.246  -56.146  -56.850 0.6999999881
28786  -17.135  -56.551  -57.208 0.5000000000
28820  -14.626  -56.460  -60.216 0.6000000238
28821  -15.367  -56.520  -60.320 0.6000000238
29712  -16.322  -54.976  -50.014 0.4000000060
29748  -10.233  -54.973  -51.108 0.6999999881
29766  -10.047  -55.851  -52.466 0.6999999881
29803  -17.124  -55.282  -55.994 0.5000000000
29812  -16.213  -55.259  -56.619 0.5000000000
29813  -16.825  -55.748  -56.382 0.5000000000
29824  -15.785  -55.333  -57.555 0.6000000238
29838  -12.961  -55.956  -58.055 0.5000000000
29840  -14.616  -55.300  -58.664 0.6000000238
29842  -16.043  -56.084  -57.733 0.6000000238
29853  -15.214  -55.706  -58.943 0.6000000238
30677  -16.369  -54.723  -48.795 0.4000000060
30678  -17.134  -54.407  -49.114 0.4000000060
30690  -15.950  -55.010  -49.568 0.5000000000
30692  -17.305  -54.578  -49.897 0.4000000060
30701  -16.038  -55.085  -50.643 0.4000000060
30703  -17.213  -54.583  -50.598 0.4000000060
30716  -14.844  -54.905  -52.029 0.5000000000
30743  -14.409  -54.805  -53.029 0.4000000060
30780  -9.986  -55.033  -55.440 0.6000000238
30793  -11.823  -54.344  -55.670 0.5000000000
30804  -12.557  -54.585  -56.381 0.5000000000
30817  -14.552  -54.306  -57.563 0.6000000238
30820  -17.968  -54.487  -56.909 0.5000000000
31672  -16.135  -53.874  -47.849 0.5000000000
31683  -13.847  -54.185  -47.709 0.6000000238
31718  -18.236  -53.546  -50.656 0.4000000060
31738  -9.731  -53.106  -51.221 0.6999999881
31739  -9.909  -52.907  -51.630 0.6999999881
31743  -17.123  -54.154  -51.766 0.4000000060
31744  -17.770  -53.821  -51.165 0.4000000060
31765  -10.517  -53.503  -52.733 0.6000000238
31782  -9.713  -54.169  -52.844 0.6000000238
31783  -11.308  -53.696  -53.368 0.4000000060
31784  -14.082  -53.734  -53.950 0.4000000060
31802  -12.570  -54.068  -55.180 0.5000000000
31817  -14.628  -53.341  -56.400 0.5000000000
32668  -11.702  -52.534  -45.389 0.4000000060
32670  -13.736  -52.644  -45.009 0.4000000060
32692  -12.765  -53.284  -45.846 0.4000000060
32694  -14.263  -53.138  -46.051 0.4000000060
32745  -18.783  -52.919  -49.788 0.4000000060
32761  -9.805  -52.183  -50.213 0.6000000238
32765  -13.232  -52.784  -50.657 0.5000000000
32766  -18.794  -52.934  -50.457 0.3000000119
32780  -10.400  -52.153  -51.361 0.6000000238
32781  -12.269  -52.590  -51.928 0.4000000060
32800  -16.074  -52.662  -52.423 0.5000000000
32801  -16.978  -52.242  -51.924 0.4000000060
32832  -18.535  -52.557  -55.141 0.4000000060
33842  -10.331  -52.133  -48.901 0.5000000000
33871  -10.384  -51.568  -50.152 0.5000000000
33912  -18.740  -51.337  -54.649 0.4000000060
34956  -14.505  -51.010  -53.289 0.4000000060
34968  -15.906  -50.429  -54.389 0.4000000060
34969  -17.139  -50.630  -54.481 0.4000000060
34971  -19.063  -50.519  -54.687 0.3000000119
35996  -20.146  -49.549  -55.527 0.3000000119
37811  -12.478  -47.276  -47.236 0.3000000119
109885  -15.427  -54.967  -51.106 0.5000000000
109990  -7.699  -82.026  -66.687 0.6999999881
110728  -12.598  -71.756  -73.303 0.5000000000
110997  -13.065  -54.700  -57.019 0.5000000000
111201  -14.565  -62.183  -60.640 0.6000000238
111584  -13.533  -73.426  -65.766 0.5000000000
111608  -13.500  -72.151  -70.996 0.6000000238
111614  -9.194  -54.987  -52.923 0.6999999881
111649  -12.152  -73.524  -67.837 0.6999999881
111940  -13.313  -71.576  -72.092 0.6000000238
111962  -12.446  -52.085  -51.160 0.6000000238
112263  -30.710  -80.935  -63.757 0.3000000119
112543  -13.585  -81.492  -71.731 0.5000000000
112547  -27.360  -76.466  -70.687 0.4000000060
112655  -13.395  -72.786  -69.886 0.5000000000
113651  -23.018  -79.452  -71.093 0.4000000060
114101  -19.281  -51.320  -57.043 0.4000000060
114208  -15.214  -59.437  -63.455 0.8000000119
114371  -22.012  -80.391  -61.339 0.3000000119
115163  -17.502  -59.579  -64.875 0.6999999881
115476  -6.505  -82.332  -70.770 0.5000000000
115935  -19.071  -61.992  -66.370 0.8000000119
116317  -18.548  -63.180  -65.104 0.6999999881
116674  -13.999  -67.854  -72.131 0.6000000238
116834  -30.625  -81.246  -59.867 0.3000000119
116884  -16.452  -71.435  -65.131 0.6000000238
117994  -18.068  -51.290  -54.490 0.4000000060
118385  -13.591  -52.644  -54.320 0.5000000000
119179  -31.024  -81.004  -62.751 0.3000000119
119186  -13.031  -76.334  -64.240 0.6000000238
120065  -10.629  -51.944  -48.050 0.5000000000
120291  -15.205  -77.389  -76.396 0.5000000000
120294  -27.699  -73.974  -72.968 0.3000000119
120887  -16.157  -79.180  -73.655 0.5000000000
120888  -15.309  -79.170  -73.631 0.6000000238
121021  -22.825  -79.399  -68.526 0.5000000000
121522  -16.268  -72.997  -62.575 0.6000000238
122106  -28.784  -80.862  -66.903 0.4000000060
123067  -28.144  -79.089  -68.823 0.3000000119
123781  -14.040  -71.788  -70.734 0.6000000238
123914  -19.228  -79.219  -73.789 0.5000000000
124365  -12.924  -58.594  -57.247 0.6000000238
124680  -13.137  -52.974  -45.108 0.4000000060
124825  -14.447  -77.311  -76.326 0.5000000000
124975  -10.458  -78.768  -65.102 0.6999999881
125332  -19.198  -78.330  -68.390 0.5000000000
125542  -8.386  -78.676  -71.864 0.6999999881
125602  -15.706  -78.803  -69.667 0.6999999881
125877  -8.144  -76.017  -67.856 0.6999999881
125952  -15.601  -81.160  -68.546 0.6000000238
126042  -27.536  -79.844  -69.022 0.3000000119
126077  -7.841  -79.860  -68.935 0.6999999881
126204  -18.109  -62.491  -66.752 0.6999999881
126517  -11.820  -75.885  -65.444 0.6000000238
127941  -5.879  -77.930  -67.787 0.6999999881
128030  -14.978  -61.764  -59.459 0.6000000238
128306  -22.316  -78.229  -74.132 0.5000000000
128812  -12.845  -71.390  -73.115 0.5000000000
129105  -14.541  -73.047  -66.370 0.5000000000
129227  -26.089  -74.058  -65.362 0.3000000119
129367  -14.521  -62.539  -57.335 0.5000000000
129456  -18.746  -74.974  -63.520 0.5000000000
129457  -26.764  -75.653  -72.787 0.3000000119
129585  -6.445  -83.144  -67.072 0.4000000060
129730  -15.288  -73.750  -63.030 0.6000000238
129879  -10.321  -55.460  -55.864 0.6000000238
129954  -22.774  -78.536  -61.714 0.3000000119
130025  -18.143  -64.115  -66.241 0.6999999881
130473  -23.772  -81.678  -66.338 0.3000000119
131142  -12.330  -79.114  -74.621 0.5000000000
131352  -17.058  -69.858  -64.191 0.6000000238
131368  -21.561  -79.346  -66.634 0.4000000060
131401  -30.686  -81.041  -63.981 0.3000000119
131412  -30.324  -79.191  -60.329 0.3000000119
131423  -13.229  -77.697  -76.036 0.5000000000
131519  -12.387  -57.799  -55.183 0.6999999881
131818  -12.734  -54.213  -53.893 0.4000000060
131830  -14.294  -67.661  -71.685 0.6000000238
132051  -29.675  -79.507  -62.138 0.3000000119
132717  -25.460  -83.880  -66.895 0.3000000119
133028  -24.656  -77.248  -73.492 0.4000000060
133092  -13.241  -58.112  -54.492 0.6999999881
133198  -21.866  -79.113  -73.317 0.5000000000
133455  -17.763  -69.435  -62.262 0.5000000000
133469  -22.828  -79.459  -67.549 0.4000000060
133473  -10.925  -73.885  -70.710 0.6000000238
