#!ascii label  , from subject sub-037 vox2ras=TkReg
1352
5835  -18.581  -79.048  -74.052 0.5000000000
128178  -17.781  -79.196  -74.148 0.6000000238
10521  -25.472  -73.875  -75.131 0.3000000119
120886  -17.023  -79.214  -73.586 0.5000000000
9510  -23.274  -75.121  -75.144 0.4000000060
126727  -23.663  -74.450  -75.300 0.4000000060
11575  -24.233  -72.920  -75.501 0.4000000060
115058  -24.620  -73.693  -75.409 0.3000000119
128850  -23.031  -74.273  -75.206 0.4000000060
8544  -17.633  -76.372  -76.266 0.5000000000
7604  -17.799  -77.177  -76.072 0.5000000000
5847  -17.878  -78.700  -74.340 0.5000000000
7608  -16.397  -76.907  -76.495 0.6000000238
7603  -16.880  -77.397  -76.108 0.5000000000
5846  -17.193  -78.877  -74.723 0.6000000238
10523  -26.781  -73.376  -74.345 0.3000000119
5845  -16.371  -79.035  -74.986 0.5000000000
9509  -21.848  -76.554  -73.751 0.5000000000
8538  -21.768  -76.899  -74.923 0.5000000000
119935  -25.994  -73.202  -74.762 0.3000000119
6714  -15.959  -78.554  -75.434 0.6000000238
5834  -16.765  -79.132  -74.368 0.5000000000
9498  -22.191  -75.705  -74.011 0.5000000000
109869  -22.621  -75.321  -74.753 0.4000000060
11574  -23.369  -73.378  -75.278 0.4000000060
128120  -24.931  -72.406  -75.323 0.3000000119
9486  -21.788  -75.942  -72.933 0.4000000060
11562  -22.789  -73.854  -74.588 0.4000000060
11563  -23.070  -73.244  -74.896 0.4000000060
11549  -22.724  -74.292  -73.951 0.4000000060
11587  -17.723  -73.035  -75.922 0.6999999881
10527  -18.073  -73.841  -75.808 0.6999999881
10533  -17.792  -74.856  -76.168 0.6999999881
123253  -18.551  -78.564  -74.193 0.5000000000
12655  -17.001  -72.775  -75.931 0.6999999881
11586  -17.236  -73.348  -76.021 0.6999999881
9522  -17.364  -75.374  -76.820 0.8000000119
8550  -17.234  -76.040  -77.049 0.5000000000
8549  -16.400  -76.201  -77.026 0.6999999881
128907  -19.238  -78.460  -74.050 0.5000000000
110981  -15.873  -74.655  -76.455 0.6999999881
111986  -19.868  -77.801  -73.463 0.4000000060
8537  -21.112  -77.198  -73.147 0.5000000000
11564  -27.292  -73.254  -74.052 0.3000000119
8548  -15.410  -76.064  -77.074 0.6000000238
8536  -19.943  -77.125  -72.868 0.5000000000
11577  -27.568  -72.999  -74.754 0.3000000119
7607  -15.644  -76.754  -76.980 0.5000000000
9497  -21.152  -76.444  -72.690 0.5000000000
9476  -21.572  -75.959  -72.146 0.4000000060
11550  -23.004  -73.489  -74.056 0.4000000060
12636  -24.217  -72.236  -74.764 0.4000000060
12642  -24.504  -72.272  -75.208 0.4000000060
10484  -22.192  -75.415  -71.870 0.3000000119
10496  -22.371  -75.155  -73.010 0.4000000060
14682  -17.359  -70.186  -74.706 0.5000000000
14691  -17.245  -70.436  -75.449 0.6000000238
14693  -18.722  -70.670  -75.770 0.6000000238
13678  -17.970  -71.631  -76.252 0.6000000238
12657  -17.828  -72.137  -76.049 0.6000000238
118516  -18.227  -70.130  -72.701 0.5000000000
14669  -17.536  -70.444  -73.317 0.5000000000
14668  -16.883  -70.574  -73.860 0.6000000238
14702  -17.387  -70.908  -76.252 0.6000000238
12650  -17.330  -71.807  -76.162 0.6999999881
8545  -18.291  -76.369  -75.822 0.6000000238
114491  -29.266  -72.822  -72.259 0.3000000119
13618  -17.420  -71.577  -71.729 0.6999999881
13631  -17.175  -71.204  -72.504 0.6000000238
13645  -16.573  -71.543  -73.114 0.6000000238
13658  -16.237  -71.125  -74.919 0.6000000238
123811  -16.101  -71.575  -75.229 0.6999999881
12649  -16.603  -72.412  -75.770 0.6999999881
9518  -18.636  -76.028  -75.045 0.6000000238
8546  -18.575  -76.855  -74.801 0.6000000238
6716  -19.194  -77.955  -74.077 0.5000000000
14623  -17.907  -70.953  -71.220 0.6999999881
13617  -16.919  -72.036  -72.312 0.6000000238
12604  -16.369  -72.507  -72.861 0.6000000238
128721  -16.053  -72.034  -73.745 0.6000000238
12633  -15.694  -72.363  -75.097 0.6999999881
11581  -15.177  -73.533  -75.536 0.6999999881
127547  -19.639  -77.273  -73.239 0.5000000000
10512  -28.142  -73.035  -73.531 0.3000000119
13585  -17.677  -71.880  -69.906 0.6999999881
13601  -17.495  -71.936  -70.791 0.6000000238
12587  -17.109  -72.436  -71.486 0.6999999881
11547  -15.823  -72.924  -73.427 0.6000000238
11546  -15.188  -73.264  -73.996 0.6000000238
9520  -15.163  -75.329  -76.642 0.6999999881
9506  -18.942  -75.705  -74.216 0.5000000000
9496  -20.076  -76.227  -72.541 0.5000000000
118333  -16.732  -72.952  -72.070 0.6000000238
11534  -15.528  -73.679  -73.077 0.6000000238
11569  -14.436  -73.690  -75.224 0.6000000238
9516  -13.955  -75.003  -76.032 0.6000000238
8543  -13.944  -75.853  -75.993 0.6000000238
9495  -19.287  -75.397  -73.659 0.5000000000
117164  -26.775  -72.702  -74.751 0.3000000119
11512  -17.083  -73.398  -70.501 0.6999999881
11511  -16.794  -73.970  -70.991 0.6000000238
11535  -16.162  -73.376  -72.561 0.6000000238
10494  -14.821  -73.911  -73.571 0.6000000238
11559  -14.522  -73.676  -74.477 0.5000000000
10507  -13.757  -74.183  -74.792 0.5000000000
9515  -13.385  -75.369  -75.816 0.5000000000
7601  -14.154  -76.564  -76.403 0.5000000000
113948  -19.925  -75.708  -72.455 0.5000000000
10460  -22.720  -74.707  -70.377 0.3000000119
10473  -22.730  -74.815  -71.266 0.3000000119
11526  -23.457  -74.088  -71.826 0.3000000119
127045  -24.270  -72.761  -72.970 0.4000000060
12623  -24.189  -72.408  -73.833 0.4000000060
111772  -13.314  -76.487  -76.154 0.5000000000
10459  -22.045  -74.982  -70.374 0.3000000119
10472  -22.012  -75.318  -71.072 0.3000000119
11537  -23.345  -73.828  -72.913 0.4000000060
16701  -18.676  -69.547  -72.846 0.5000000000
15718  -18.122  -70.116  -73.365 0.5000000000
16726  -19.244  -68.983  -74.213 0.5000000000
15731  -18.706  -69.587  -74.345 0.5000000000
16670  -19.183  -69.016  -71.306 0.5000000000
15685  -18.748  -69.493  -71.675 0.5000000000
15701  -18.376  -69.978  -72.053 0.5000000000
15730  -18.064  -70.050  -74.096 0.5000000000
15742  -18.673  -70.046  -75.318 0.5000000000
14705  -19.520  -71.137  -75.483 0.6000000238
12652  -18.809  -72.140  -75.485 0.6000000238
15684  -18.320  -70.146  -71.340 0.5000000000
116207  -18.717  -72.701  -75.539 0.6000000238
129316  -18.436  -74.101  -75.323 0.8000000119
12579  -30.289  -72.208  -70.841 0.3000000119
14608  -18.568  -70.493  -69.594 0.6000000238
14624  -18.301  -70.458  -70.458 0.6000000238
14639  -18.063  -70.493  -71.859 0.6000000238
11572  -19.491  -72.969  -74.915 0.4000000060
12594  -30.250  -72.236  -71.588 0.3000000119
13586  -18.152  -71.185  -69.782 0.6999999881
10518  -19.202  -74.093  -74.404 0.5000000000
10528  -18.467  -75.066  -75.180 0.6000000238
11551  -28.944  -72.683  -73.155 0.3000000119
11566  -28.661  -72.416  -73.791 0.3000000119
12561  -18.006  -71.808  -69.175 0.6999999881
11561  -19.749  -73.681  -74.191 0.4000000060
121284  -28.114  -72.612  -74.433 0.3000000119
12560  -17.613  -72.550  -69.313 0.6000000238
12572  -17.359  -72.653  -70.139 0.6999999881
10508  -19.576  -75.082  -73.351 0.4000000060
12643  -25.816  -72.269  -74.973 0.3000000119
11488  -17.627  -73.197  -68.745 0.6000000238
11498  -17.272  -73.437  -69.570 0.6999999881
11522  -16.490  -73.739  -71.766 0.6000000238
10481  -15.139  -74.261  -72.806 0.5000000000
10493  -14.419  -74.460  -73.257 0.5000000000
10524  -13.571  -74.793  -75.668 0.6000000238
11536  -20.037  -74.385  -72.082 0.4000000060
10495  -20.038  -75.487  -72.072 0.4000000060
11499  -21.809  -73.696  -69.632 0.3000000119
10448  -22.506  -74.542  -69.861 0.3000000119
11501  -23.256  -74.271  -69.685 0.3000000119
11515  -24.102  -73.814  -70.127 0.3000000119
11538  -23.959  -73.351  -72.429 0.4000000060
13672  -25.321  -71.747  -75.044 0.3000000119
10469  -16.227  -74.307  -71.369 0.6000000238
10467  -14.848  -74.856  -71.849 0.5000000000
10480  -14.650  -74.685  -72.528 0.5000000000
10492  -13.587  -74.685  -73.842 0.5000000000
9493  -12.549  -75.256  -74.927 0.5000000000
9505  -12.765  -75.443  -75.593 0.6000000238
8534  -12.126  -76.181  -75.961 0.5000000000
10470  -20.594  -75.016  -71.077 0.3000000119
11513  -21.311  -74.172  -70.178 0.3000000119
10468  -15.549  -74.597  -71.624 0.5000000000
9484  -13.975  -74.964  -72.925 0.5000000000
9494  -12.733  -75.202  -74.079 0.5000000000
9483  -12.500  -75.808  -73.354 0.5000000000
16671  -19.687  -68.477  -70.803 0.5000000000
16687  -19.574  -68.309  -71.672 0.5000000000
16714  -19.080  -69.075  -73.427 0.5000000000
16715  -19.443  -68.403  -73.793 0.5000000000
16727  -19.823  -68.685  -74.633 0.5000000000
15732  -19.477  -69.450  -75.087 0.5000000000
15654  -18.808  -69.885  -69.963 0.5000000000
16686  -19.123  -68.854  -72.003 0.5000000000
123009  -20.516  -70.524  -75.570 0.4000000060
15669  -18.717  -69.686  -70.881 0.5000000000
13670  -21.072  -70.855  -75.422 0.4000000060
12567  -30.191  -72.159  -70.086 0.3000000119
13606  -30.843  -71.867  -70.199 0.3000000119
126614  -18.918  -69.993  -69.302 0.6000000238
13669  -20.240  -71.240  -75.327 0.4000000060
12641  -19.844  -72.039  -75.126 0.4000000060
13571  -18.885  -71.263  -68.466 0.6000000238
13570  -18.484  -71.180  -69.096 0.6000000238
12608  -30.382  -72.095  -72.096 0.3000000119
11552  -29.757  -72.306  -73.029 0.3000000119
121724  -18.416  -71.725  -68.632 0.6000000238
12634  -20.314  -72.934  -73.906 0.4000000060
12538  -18.507  -72.736  -67.759 0.6000000238
12605  -20.829  -72.563  -72.282 0.4000000060
12620  -20.264  -73.316  -72.750 0.4000000060
11578  -28.069  -72.645  -74.732 0.3000000119
12548  -18.083  -72.424  -68.508 0.6999999881
11524  -20.411  -74.220  -71.277 0.3000000119
12573  -21.272  -73.250  -70.315 0.3000000119
16703  -19.569  -68.278  -72.411 0.5000000000
17704  -19.941  -68.035  -73.246 0.5000000000
17714  -20.872  -68.085  -74.522 0.4000000060
15670  -19.273  -69.254  -70.362 0.5000000000
120175  -21.017  -69.023  -75.444 0.4000000060
15744  -20.894  -69.726  -75.638 0.4000000060
16655  -19.753  -68.714  -69.801 0.6000000238
14683  -21.678  -70.415  -75.106 0.4000000060
13660  -21.380  -71.200  -74.826 0.4000000060
12595  -30.991  -71.775  -71.705 0.3000000119
12580  -30.939  -71.841  -71.056 0.3000000119
12549  -18.692  -71.956  -68.014 0.6000000238
128393  -20.866  -71.938  -74.307 0.4000000060
132361  -20.454  -72.242  -74.547 0.4000000060
12621  -20.836  -72.297  -73.311 0.4000000060
12590  -20.893  -73.015  -71.261 0.3000000119
13619  -21.510  -72.244  -70.700 0.3000000119
11477  -18.231  -73.469  -67.586 0.6000000238
17678  -20.169  -67.689  -71.174 0.5000000000
17691  -20.163  -67.680  -72.436 0.5000000000
110193  -20.536  -67.560  -73.070 0.4000000060
17705  -20.672  -67.750  -73.835 0.4000000060
17663  -20.191  -67.935  -70.240 0.5000000000
16730  -22.137  -68.501  -74.497 0.4000000060
15655  -19.281  -69.407  -69.326 0.6000000238
16656  -20.171  -68.109  -69.284 0.6000000238
17649  -20.505  -67.308  -69.712 0.6000000238
15734  -22.079  -69.145  -75.025 0.4000000060
14609  -19.231  -69.887  -68.711 0.6000000238
15636  -19.502  -69.310  -68.576 0.6000000238
14671  -22.474  -70.197  -73.482 0.4000000060
13647  -21.970  -71.073  -73.367 0.4000000060
14593  -19.367  -70.602  -68.260 0.6000000238
13646  -21.450  -71.499  -73.825 0.4000000060
13634  -22.135  -71.011  -72.424 0.4000000060
13633  -21.471  -71.826  -71.723 0.4000000060
128473  -21.987  -71.248  -71.667 0.4000000060
11567  -29.343  -72.283  -73.487 0.3000000119
12639  -30.384  -71.732  -73.212 0.3000000119
13558  -19.365  -71.442  -67.799 0.6000000238
13620  -21.957  -71.390  -71.052 0.4000000060
12646  -28.357  -71.780  -74.837 0.3000000119
12637  -29.181  -71.996  -74.039 0.3000000119
12539  -19.330  -72.374  -67.361 0.6000000238
11478  -18.942  -73.212  -67.190 0.6000000238
12519  -19.638  -73.062  -66.872 0.6999999881
13541  -20.539  -71.727  -66.403 0.6999999881
12508  -20.657  -72.555  -65.887 0.6999999881
131494  -20.862  -72.223  -65.323 0.6999999881
115653  -19.778  -74.048  -65.801 0.6000000238
13531  -20.904  -71.577  -65.607 0.6999999881
14535  -21.171  -70.941  -64.935 0.6000000238
11445  -20.490  -73.480  -65.512 0.6999999881
117160  -20.941  -71.903  -64.708 0.6999999881
119766  -20.538  -67.216  -71.710 0.5000000000
17692  -20.880  -67.190  -72.485 0.5000000000
126196  -20.780  -66.707  -70.082 0.5000000000
18713  -20.879  -66.552  -70.592 0.5000000000
18725  -20.964  -66.559  -71.143 0.5000000000
17693  -21.853  -66.858  -72.579 0.5000000000
117738  -22.165  -67.405  -73.161 0.4000000060
17716  -22.121  -67.903  -73.797 0.4000000060
16638  -20.145  -68.259  -68.395 0.6000000238
17635  -20.530  -67.451  -68.707 0.6000000238
18685  -20.878  -66.604  -69.330 0.6000000238
112869  -21.518  -65.565  -70.038 0.6000000238
118443  -22.520  -69.084  -74.447 0.4000000060
15616  -19.772  -69.784  -67.966 0.6000000238
17636  -20.958  -66.865  -68.410 0.6000000238
18686  -21.348  -66.165  -68.758 0.6000000238
15720  -22.835  -69.345  -73.907 0.4000000060
14570  -19.925  -70.748  -67.549 0.6000000238
15617  -20.328  -69.124  -67.381 0.6000000238
16621  -20.697  -68.400  -67.255 0.6000000238
18653  -21.602  -66.957  -67.060 0.6000000238
18668  -21.429  -66.535  -67.908 0.6000000238
14655  -22.842  -70.050  -72.336 0.4000000060
14626  -23.174  -70.220  -70.496 0.4000000060
14571  -20.405  -70.080  -67.168 0.6000000238
16604  -20.883  -68.870  -66.866 0.6000000238
16622  -21.076  -67.729  -67.138 0.6000000238
19670  -22.687  -65.411  -66.475 0.6000000238
14640  -22.411  -70.780  -71.538 0.4000000060
14625  -22.604  -70.854  -70.571 0.4000000060
13559  -19.950  -71.612  -67.089 0.6000000238
15598  -20.898  -69.526  -66.712 0.5000000000
16605  -21.172  -68.330  -66.648 0.6000000238
17606  -21.559  -67.675  -66.421 0.6000000238
18638  -22.059  -66.966  -66.142 0.6000000238
20700  -23.136  -64.539  -66.226 0.6999999881
114517  -20.446  -70.935  -66.816 0.6000000238
15588  -21.355  -69.792  -65.969 0.6000000238
16588  -21.633  -68.316  -65.963 0.6000000238
18639  -22.500  -66.140  -65.832 0.6000000238
20691  -23.363  -64.254  -65.356 0.6000000238
21718  -23.723  -63.538  -65.305 0.6000000238
125152  -22.006  -68.259  -65.304 0.6000000238
17568  -22.298  -66.860  -65.146 0.6000000238
126540  -23.195  -64.694  -64.733 0.6000000238
20680  -23.466  -64.054  -64.414 0.6000000238
14543  -21.531  -70.074  -65.134 0.6000000238
15589  -21.795  -69.083  -65.385 0.6000000238
125771  -22.325  -67.153  -64.362 0.5000000000
18625  -22.619  -66.307  -64.258 0.6000000238
20679  -23.106  -64.711  -63.963 0.6000000238
16577  -22.129  -68.556  -64.569 0.5000000000
11428  -20.654  -73.634  -64.617 0.6999999881
13525  -21.182  -71.141  -64.024 0.6999999881
14524  -21.571  -70.342  -63.688 0.5000000000
16567  -22.172  -68.808  -63.621 0.6000000238
17554  -22.267  -67.862  -63.897 0.5000000000
17555  -22.433  -66.976  -63.659 0.5000000000
17548  -22.320  -68.227  -63.025 0.6000000238
19593  -17.976  -66.052  -60.614 0.6000000238
18589  -17.730  -66.992  -60.614 0.6000000238
17539  -17.542  -67.386  -61.231 0.6000000238
18736  -21.203  -66.650  -71.838 0.5000000000
18726  -21.540  -66.093  -71.267 0.5000000000
18737  -21.875  -66.276  -71.940 0.5000000000
17707  -22.668  -67.825  -73.170 0.5000000000
16717  -22.713  -68.580  -73.766 0.4000000060
19692  -21.922  -65.829  -68.166 0.5000000000
19702  -21.901  -65.412  -69.180 0.5000000000
113120  -22.521  -64.569  -69.176 0.5000000000
16704  -23.577  -68.544  -72.605 0.4000000060
15705  -23.987  -68.841  -72.166 0.4000000060
20717  -22.758  -64.186  -68.548 0.5000000000
15703  -22.967  -69.507  -73.188 0.4000000060
120647  -23.507  -69.535  -71.815 0.4000000060
15686  -23.548  -69.690  -70.891 0.4000000060
20711  -22.787  -64.606  -67.210 0.5000000000
21729  -23.080  -63.715  -67.464 0.5000000000
19693  -22.444  -64.911  -68.251 0.5000000000
21730  -23.522  -63.200  -66.888 0.6000000238
20701  -23.500  -63.722  -66.104 0.6000000238
21731  -23.861  -62.929  -66.161 0.5000000000
21706  -24.521  -63.354  -64.408 0.4000000060
110792  -24.895  -63.043  -65.046 0.4000000060
21720  -25.784  -62.990  -65.288 0.4000000060
20671  -23.326  -64.222  -63.395 0.6000000238
21693  -24.121  -63.605  -63.602 0.6000000238
21695  -26.019  -63.766  -63.441 0.5000000000
21708  -26.487  -63.609  -64.380 0.4000000060
21721  -26.861  -63.229  -65.286 0.4000000060
21709  -27.471  -63.442  -64.444 0.4000000060
11427  -20.282  -74.235  -64.612 0.6999999881
19639  -22.827  -65.445  -63.693 0.6000000238
21694  -24.969  -63.595  -63.535 0.5000000000
21696  -27.165  -63.647  -63.324 0.4000000060
13514  -21.263  -70.928  -63.289 0.6000000238
122003  -22.530  -66.841  -62.873 0.5000000000
129296  -22.720  -65.437  -62.993 0.5000000000
21681  -24.550  -63.693  -62.721 0.5000000000
21682  -26.352  -63.588  -62.402 0.5000000000
21684  -27.935  -63.311  -62.848 0.4000000060
15574  -21.857  -69.620  -63.220 0.6000000238
20658  -22.878  -65.077  -62.281 0.5000000000
20628  -18.873  -64.733  -60.279 0.6999999881
117886  -18.517  -65.424  -60.047 0.6000000238
20617  -18.965  -64.895  -59.493 0.6999999881
19594  -18.201  -66.103  -59.763 0.6000000238
20606  -19.161  -64.483  -57.904 0.6000000238
16545  -17.778  -67.850  -60.661 0.6000000238
19569  -18.785  -65.748  -58.345 0.6000000238
19557  -19.053  -65.514  -57.739 0.6000000238
20594  -19.432  -64.284  -56.988 0.6000000238
20566  -20.647  -64.416  -55.497 0.6000000238
16554  -17.560  -68.091  -61.439 0.5000000000
17523  -18.367  -67.602  -58.906 0.6000000238
18570  -18.570  -66.348  -58.379 0.6000000238
19556  -18.824  -66.121  -57.892 0.6000000238
19542  -19.719  -65.054  -56.566 0.6000000238
17694  -22.849  -67.064  -72.754 0.5000000000
15540  -18.182  -69.259  -60.650 0.5000000000
16546  -18.177  -68.597  -60.040 0.5000000000
17498  -19.032  -67.157  -57.428 0.5000000000
113034  -20.064  -65.843  -56.314 0.5000000000
19713  -21.998  -65.494  -70.704 0.4000000060
19714  -22.728  -64.962  -70.448 0.5000000000
17695  -23.769  -67.205  -72.604 0.5000000000
16719  -23.764  -67.868  -72.560 0.4000000060
123275  -18.470  -69.423  -59.922 0.5000000000
16534  -18.437  -68.355  -59.140 0.5000000000
124105  -19.751  -67.574  -57.243 0.5000000000
18540  -20.694  -66.611  -56.341 0.5000000000
20727  -22.879  -64.455  -69.793 0.5000000000
16705  -24.329  -68.104  -72.300 0.4000000060
16688  -24.673  -68.470  -71.758 0.4000000060
16673  -25.218  -68.429  -70.150 0.4000000060
116838  -18.504  -70.023  -60.247 0.5000000000
15510  -19.006  -68.900  -58.704 0.5000000000
17513  -19.222  -67.885  -57.739 0.6000000238
16504  -20.063  -68.258  -57.613 0.6000000238
15687  -24.083  -69.138  -71.353 0.4000000060
14475  -19.455  -70.432  -59.487 0.6000000238
15528  -19.199  -69.651  -59.030 0.6000000238
16520  -19.511  -68.578  -58.161 0.6999999881
21738  -23.441  -62.998  -67.747 0.4000000060
22710  -23.878  -62.591  -67.292 0.5000000000
11382  -18.796  -73.474  -61.227 0.6000000238
22711  -24.196  -62.453  -66.797 0.5000000000
22699  -25.653  -62.336  -66.280 0.4000000060
10342  -19.126  -74.116  -61.831 0.6000000238
22697  -24.364  -62.591  -66.227 0.4000000060
11401  -20.367  -73.867  -62.821 0.6000000238
114230  -20.615  -73.265  -62.803 0.6000000238
21722  -27.681  -62.977  -65.301 0.4000000060
13504  -21.109  -71.173  -62.621 0.6000000238
110836  -20.925  -71.984  -63.869 0.6999999881
16562  -22.129  -68.944  -62.713 0.6000000238
17540  -22.308  -68.193  -61.742 0.6000000238
17549  -22.425  -67.653  -62.395 0.5000000000
19624  -22.649  -65.985  -62.549 0.5000000000
21632  -19.103  -63.999  -59.888 0.6999999881
130787  -19.237  -63.713  -58.320 0.6999999881
22592  -19.685  -62.756  -57.351 0.6000000238
21611  -19.355  -63.573  -57.542 0.6000000238
22593  -20.062  -62.462  -56.470 0.6000000238
21599  -20.077  -63.445  -55.849 0.6000000238
131993  -21.174  -64.081  -55.021 0.6999999881
20567  -21.611  -64.780  -55.195 0.6000000238
19543  -20.349  -65.149  -55.974 0.6000000238
19715  -23.370  -65.064  -70.842 0.5000000000
18728  -23.221  -65.833  -71.925 0.5000000000
18738  -22.625  -66.320  -72.268 0.5000000000
18729  -24.139  -66.121  -72.028 0.5000000000
128884  -20.760  -65.891  -55.959 0.6000000238
20568  -22.552  -64.915  -55.150 0.5000000000
17696  -24.507  -67.433  -72.392 0.5000000000
17679  -25.038  -67.683  -72.032 0.4000000060
17500  -21.340  -67.636  -57.447 0.6000000238
17487  -21.055  -67.283  -56.818 0.6000000238
19529  -23.036  -65.611  -55.623 0.5000000000
126322  -18.860  -72.807  -60.840 0.6000000238
12442  -19.242  -72.296  -60.544 0.4000000060
13462  -19.333  -71.095  -59.936 0.6000000238
15512  -20.274  -69.357  -58.730 0.6000000238
16505  -20.871  -68.228  -57.818 0.6000000238
18542  -22.158  -66.725  -56.519 0.6000000238
21748  -23.561  -63.075  -68.461 0.4000000060
21759  -23.892  -63.340  -69.149 0.4000000060
12443  -19.949  -72.265  -60.713 0.5000000000
13478  -19.604  -71.664  -60.253 0.5000000000
13463  -19.933  -71.070  -59.850 0.6000000238
14461  -19.893  -69.853  -59.015 0.6999999881
16535  -21.327  -69.002  -59.161 0.6000000238
16522  -21.146  -68.578  -58.524 0.6000000238
17501  -22.031  -67.229  -57.791 0.6000000238
22724  -24.425  -62.127  -67.496 0.5000000000
11366  -19.504  -72.893  -61.004 0.6000000238
14491  -20.636  -70.861  -60.113 0.6000000238
14492  -21.013  -70.167  -59.861 0.6000000238
17524  -21.755  -68.143  -59.256 0.6000000238
17515  -22.360  -67.151  -58.788 0.6000000238
18571  -22.752  -66.783  -58.032 0.6000000238
22712  -24.822  -62.063  -66.822 0.4000000060
12460  -20.225  -72.797  -61.439 0.5000000000
13494  -20.528  -71.965  -61.141 0.6000000238
15550  -21.576  -69.811  -60.528 0.6000000238
17531  -22.155  -67.991  -60.211 0.6000000238
18579  -22.996  -66.730  -59.625 0.6000000238
11384  -20.290  -73.419  -62.169 0.6000000238
13503  -20.880  -71.989  -62.505 0.6000000238
13495  -20.897  -71.514  -61.841 0.6000000238
15562  -22.007  -69.431  -61.262 0.6000000238
131654  -22.114  -68.461  -60.584 0.6000000238
16555  -22.107  -68.875  -61.926 0.6000000238
14514  -21.500  -70.397  -62.835 0.6000000238
18603  -22.568  -66.719  -62.060 0.5000000000
19609  -23.058  -65.092  -61.428 0.5000000000
21646  -19.144  -63.128  -59.895 0.6999999881
21633  -19.281  -63.289  -59.085 0.6999999881
123330  -19.645  -61.339  -60.578 0.6999999881
23609  -19.865  -61.928  -59.070 0.6999999881
110977  -19.554  -62.550  -58.809 0.6999999881
117672  -19.975  -62.226  -58.160 0.6999999881
22578  -20.876  -62.295  -55.058 0.6000000238
22564  -22.229  -62.706  -54.352 0.5000000000
21581  -20.451  -62.748  -55.519 0.6999999881
22579  -21.729  -63.021  -54.604 0.5000000000
21570  -22.773  -63.566  -54.509 0.5000000000
129948  -22.905  -64.324  -54.882 0.5000000000
19716  -24.298  -65.049  -70.799 0.4000000060
19726  -25.818  -65.834  -71.622 0.5000000000
18731  -26.176  -66.054  -71.628 0.5000000000
17681  -26.137  -66.516  -71.593 0.5000000000
17666  -26.329  -66.802  -71.189 0.4000000060
133507  -23.997  -63.828  -69.604 0.4000000060
19717  -25.492  -65.342  -71.176 0.4000000060
128607  -23.773  -65.472  -55.922 0.6000000238
18558  -22.474  -66.857  -57.202 0.6000000238
19546  -23.473  -66.086  -56.469 0.6000000238
119670  -23.033  -66.621  -58.822 0.6000000238
19558  -24.115  -65.999  -57.570 0.6000000238
17532  -22.510  -67.385  -60.706 0.6000000238
18591  -22.912  -66.755  -60.480 0.6000000238
19571  -24.741  -65.504  -58.418 0.6000000238
16547  -22.217  -68.684  -61.185 0.6000000238
18580  -23.621  -66.088  -59.348 0.5000000000
18598  -22.723  -66.663  -61.247 0.6000000238
19595  -22.966  -65.872  -60.981 0.5000000000
24629  -20.118  -60.906  -61.197 0.6999999881
23623  -20.490  -61.363  -59.402 0.6999999881
23610  -21.244  -61.173  -58.392 0.6999999881
113300  -20.685  -61.635  -57.797 0.6999999881
23598  -21.181  -61.009  -57.442 0.6000000238
23587  -20.568  -61.599  -56.891 0.6999999881
23575  -20.904  -61.307  -55.435 0.4000000060
24630  -20.911  -60.534  -60.765 0.6999999881
24617  -21.016  -60.776  -59.919 0.6999999881
24606  -21.635  -60.558  -58.737 0.6000000238
24594  -21.609  -60.519  -57.930 0.6000000238
23560  -21.425  -62.002  -54.667 0.5000000000
24651  -21.622  -59.638  -62.038 0.6999999881
24641  -21.556  -59.950  -61.189 0.6999999881
23561  -22.175  -61.860  -54.200 0.5000000000
26730  -21.635  -58.310  -62.939 0.6999999881
112937  -23.069  -62.809  -54.062 0.5000000000
27827  -21.132  -58.023  -63.437 0.6000000238
120541  -20.684  -57.367  -63.057 0.6000000238
28856  -20.180  -56.888  -62.499 0.6000000238
130681  -19.004  -57.302  -61.476 0.5000000000
28824  -19.382  -56.054  -61.155 0.5000000000
19718  -26.539  -65.489  -71.341 0.4000000060
18715  -26.602  -66.115  -71.385 0.4000000060
19570  -24.123  -65.922  -58.640 0.6000000238
24583  -21.586  -60.331  -56.989 0.5000000000
23588  -20.958  -60.983  -56.466 0.5000000000
24631  -21.542  -60.166  -60.345 0.6000000238
24619  -21.829  -59.905  -59.055 0.6000000238
24595  -21.775  -59.864  -57.654 0.6000000238
128926  -21.858  -59.706  -56.963 0.6000000238
24574  -21.696  -60.197  -55.298 0.5000000000
23576  -21.386  -61.021  -54.900 0.5000000000
23547  -22.607  -61.352  -53.615 0.5000000000
129726  -21.920  -58.730  -62.145 0.6999999881
25658  -21.926  -59.027  -60.393 0.6000000238
25647  -21.837  -59.230  -59.416 0.6000000238
25634  -21.796  -59.390  -58.384 0.6000000238
133384  -21.928  -58.725  -57.344 0.6000000238
23536  -23.909  -61.106  -52.563 0.5000000000
26716  -22.039  -58.055  -61.768 0.6999999881
26709  -21.853  -58.341  -60.913 0.6000000238
128297  -21.738  -57.758  -59.600 0.6000000238
27747  -21.845  -57.985  -58.198 0.6000000238
27736  -21.907  -58.194  -57.346 0.6000000238
27787  -21.861  -57.201  -62.066 0.6000000238
27769  -21.794  -57.453  -61.396 0.6000000238
120843  -21.508  -56.974  -60.036 0.6000000238
27746  -21.591  -57.339  -58.915 0.6000000238
27786  -21.150  -56.936  -62.321 0.6000000238
127882  -21.113  -56.131  -61.076 0.6000000238
114951  -21.198  -56.103  -60.522 0.6000000238
28800  -21.114  -56.465  -58.377 0.6000000238
28843  -20.582  -56.454  -61.760 0.5000000000
29878  -20.045  -56.000  -61.319 0.5000000000
29879  -20.641  -55.857  -61.107 0.5000000000
29856  -20.995  -55.286  -60.014 0.6000000238
125606  -20.945  -55.676  -59.140 0.6000000238
115092  -27.436  -65.135  -71.144 0.4000000060
28814  -18.238  -57.158  -59.468 0.5000000000
29859  -19.860  -55.281  -60.949 0.5000000000
30842  -20.578  -54.886  -60.264 0.6000000238
29845  -21.012  -54.803  -59.202 0.6000000238
115919  -18.549  -56.166  -59.657 0.5000000000
30835  -18.911  -54.844  -60.094 0.5000000000
29855  -19.517  -54.798  -60.600 0.4000000060
30841  -20.109  -54.720  -60.498 0.5000000000
30838  -20.810  -54.399  -59.681 0.6000000238
24584  -21.821  -59.866  -56.287 0.6000000238
114520  -21.994  -59.872  -54.632 0.5000000000
24565  -21.985  -60.785  -54.339 0.5000000000
25600  -21.990  -59.519  -55.682 0.6000000238
25591  -22.221  -59.377  -53.994 0.5000000000
24555  -23.041  -60.927  -52.907 0.5000000000
27727  -21.985  -58.130  -56.413 0.6999999881
27705  -21.868  -57.779  -54.546 0.6999999881
27735  -21.580  -57.397  -57.824 0.6000000238
27716  -21.640  -57.458  -55.966 0.6999999881
28788  -21.212  -56.717  -57.288 0.6000000238
28778  -21.214  -56.814  -56.375 0.6999999881
28799  -20.961  -56.064  -57.628 0.6000000238
28787  -20.900  -56.054  -56.751 0.6999999881
29829  -21.138  -54.694  -58.247 0.6000000238
29815  -20.957  -55.338  -56.715 0.6999999881
29826  -17.601  -56.193  -57.487 0.5000000000
29843  -18.257  -55.339  -58.769 0.5000000000
30836  -19.732  -54.225  -60.013 0.4000000060
31850  -20.909  -53.652  -59.421 0.6000000238
29827  -17.952  -55.187  -57.543 0.5000000000
129172  -19.537  -53.562  -59.438 0.4000000060
31849  -20.336  -53.577  -59.505 0.5000000000
24541  -22.833  -60.194  -52.811 0.5000000000
25583  -22.525  -59.551  -53.079 0.5000000000
26644  -22.111  -58.588  -54.294 0.6000000238
27690  -22.129  -57.995  -53.619 0.5000000000
27675  -23.025  -57.426  -52.267 0.5000000000
27704  -21.597  -57.312  -55.088 0.6999999881
28761  -21.376  -56.492  -54.698 0.6999999881
28772  -20.869  -55.972  -55.226 0.6000000238
30809  -21.213  -54.738  -57.239 0.6999999881
29804  -20.964  -55.098  -55.316 0.6000000238
30832  -21.255  -54.001  -59.027 0.6000000238
30821  -21.621  -53.886  -58.002 0.6000000238
31830  -18.289  -53.449  -57.688 0.5000000000
31843  -19.874  -52.833  -58.997 0.4000000060
31845  -21.333  -53.235  -58.845 0.6000000238
110454  -18.429  -52.806  -57.150 0.4000000060
32865  -18.846  -52.611  -58.203 0.4000000060
32866  -20.640  -52.188  -58.753 0.5000000000
31844  -20.860  -52.943  -59.121 0.5000000000
112565  -21.986  -57.128  -53.728 0.6000000238
132163  -22.745  -56.792  -52.542 0.5000000000
28762  -21.877  -56.186  -53.932 0.6000000238
28752  -22.300  -56.482  -53.087 0.5000000000
29797  -22.106  -55.202  -54.114 0.6000000238
30769  -22.897  -54.824  -53.779 0.5000000000
30786  -22.506  -54.403  -54.487 0.6000000238
31808  -22.089  -53.715  -56.223 0.6999999881
30797  -22.209  -54.018  -55.291 0.5000000000
31831  -21.758  -52.962  -58.085 0.6000000238
32867  -21.287  -52.458  -58.643 0.5000000000
32855  -19.603  -51.936  -58.440 0.4000000060
33950  -21.019  -51.682  -58.328 0.5000000000
33885  -16.649  -51.007  -51.764 0.4000000060
34936  -17.015  -50.083  -51.524 0.3000000119
34935  -16.045  -49.996  -51.633 0.4000000060
29768  -23.644  -55.474  -52.438 0.5000000000
34947  -15.333  -50.159  -52.421 0.3000000119
35956  -15.967  -49.247  -51.925 0.4000000060
30746  -23.935  -54.798  -52.697 0.5000000000
34957  -15.589  -49.979  -53.613 0.3000000119
36895  -15.920  -48.875  -52.555 0.4000000060
30787  -23.324  -54.096  -54.185 0.5000000000
34969  -17.139  -50.630  -54.481 0.3000000119
31809  -22.570  -53.177  -55.663 0.6000000238
126583  -22.073  -52.764  -57.410 0.6999999881
32834  -22.857  -52.409  -55.414 0.6000000238
33949  -20.286  -51.542  -58.329 0.5000000000
32857  -21.823  -51.641  -57.247 0.5000000000
33946  -21.280  -51.349  -57.636 0.4000000060
33937  -22.146  -51.530  -56.489 0.4000000060
33887  -18.606  -51.443  -51.412 0.3000000119
115306  -17.675  -50.907  -51.626 0.3000000119
35958  -17.375  -49.300  -51.315 0.3000000119
36887  -16.668  -48.404  -51.421 0.3000000119
36886  -15.997  -48.413  -51.870 0.4000000060
30770  -23.618  -54.450  -53.464 0.5000000000
35976  -16.116  -49.148  -53.412 0.4000000060
36896  -15.850  -48.078  -52.114 0.4000000060
31786  -23.909  -53.716  -53.785 0.5000000000
127885  -16.743  -49.170  -54.014 0.4000000060
35977  -16.754  -48.495  -53.704 0.4000000060
31796  -23.632  -53.256  -54.434 0.5000000000
31797  -23.976  -53.073  -53.847 0.5000000000
112346  -17.392  -49.799  -54.244 0.4000000060
31810  -23.216  -53.010  -55.097 0.5000000000
128656  -22.530  -51.805  -55.762 0.5000000000
34996  -19.788  -50.858  -57.187 0.3000000119
34997  -20.476  -50.633  -57.020 0.4000000060
34989  -22.022  -50.636  -56.307 0.4000000060
33926  -22.961  -51.641  -55.193 0.4000000060
32784  -19.424  -51.924  -51.078 0.3000000119
35959  -18.599  -49.442  -51.367 0.3000000119
122451  -17.014  -47.734  -51.355 0.4000000060
30721  -25.788  -54.201  -51.331 0.4000000060
37887  -16.590  -46.773  -52.105 0.4000000060
30748  -25.089  -53.797  -51.799 0.4000000060
36905  -16.289  -48.301  -52.844 0.4000000060
37900  -16.769  -47.020  -52.699 0.4000000060
31769  -24.589  -53.441  -52.535 0.4000000060
37901  -17.616  -47.147  -53.333 0.4000000060
32823  -23.908  -52.616  -54.112 0.5000000000
35986  -17.485  -48.962  -54.095 0.4000000060
35988  -19.507  -49.683  -54.794 0.3000000119
33914  -24.091  -51.838  -53.964 0.5000000000
36011  -21.537  -49.765  -56.272 0.3000000119
129779  -19.272  -50.268  -51.308 0.3000000119
36889  -18.904  -48.660  -51.195 0.3000000119
37858  -18.094  -46.754  -50.754 0.4000000060
38943  -17.350  -45.847  -51.189 0.4000000060
39961  -17.608  -45.050  -51.142 0.3000000119
38942  -16.959  -45.960  -51.912 0.4000000060
112176  -27.094  -54.033  -51.015 0.4000000060
31749  -28.646  -53.679  -51.206 0.4000000060
38971  -17.147  -46.353  -52.649 0.4000000060
31746  -25.652  -53.275  -51.369 0.4000000060
31787  -24.269  -53.237  -53.363 0.4000000060
36907  -18.737  -48.052  -53.774 0.3000000119
32813  -24.295  -52.515  -53.628 0.4000000060
35987  -18.479  -49.647  -54.321 0.3000000119
36930  -20.013  -48.834  -55.113 0.3000000119
34981  -22.881  -50.794  -55.064 0.4000000060
35944  -20.597  -50.227  -50.572 0.3000000119
37874  -19.062  -47.868  -50.895 0.4000000060
38927  -18.834  -46.323  -50.372 0.4000000060
38926  -17.887  -45.740  -50.626 0.4000000060
31750  -29.502  -53.406  -51.480 0.4000000060
31748  -27.794  -53.869  -51.046 0.4000000060
39976  -17.809  -44.804  -51.934 0.4000000060
117513  -26.268  -52.909  -50.931 0.4000000060
38972  -18.012  -46.214  -53.067 0.4000000060
31770  -24.946  -52.813  -51.966 0.4000000060
37902  -18.843  -47.044  -53.481 0.3000000119
32803  -25.094  -51.779  -52.432 0.4000000060
37914  -20.362  -47.635  -54.236 0.3000000119
32814  -24.635  -51.777  -53.323 0.5000000000
109952  -19.175  -48.944  -54.257 0.3000000119
36918  -20.588  -48.210  -54.858 0.3000000119
33905  -24.518  -51.196  -53.573 0.5000000000
35999  -22.314  -49.402  -55.668 0.3000000119
34972  -23.374  -50.548  -54.393 0.4000000060
34988  -21.567  -50.392  -56.591 0.4000000060
36877  -20.721  -48.667  -50.665 0.3000000119
40895  -18.135  -44.510  -51.185 0.3000000119
40911  -18.461  -44.486  -51.695 0.3000000119
38957  -18.407  -45.508  -52.658 0.3000000119
31719  -27.149  -53.310  -50.763 0.4000000060
32787  -28.938  -52.973  -50.862 0.3000000119
38973  -19.160  -46.286  -53.163 0.3000000119
32786  -26.242  -52.111  -51.011 0.4000000060
32768  -27.542  -52.583  -50.573 0.4000000060
38987  -20.869  -47.054  -54.210 0.3000000119
38988  -21.600  -46.904  -54.252 0.3000000119
34959  -24.947  -50.936  -52.995 0.4000000060
37925  -21.255  -48.244  -55.213 0.3000000119
35989  -22.561  -49.061  -54.800 0.3000000119
35990  -23.879  -50.277  -53.812 0.3000000119
39977  -18.861  -44.935  -52.268 0.3000000119
40913  -20.172  -44.228  -52.113 0.3000000119
39992  -19.546  -45.656  -52.800 0.3000000119
32769  -28.385  -52.440  -50.472 0.3000000119
33874  -26.954  -51.963  -50.654 0.4000000060
120609  -28.674  -51.605  -50.095 0.4000000060
38975  -21.795  -46.206  -53.679 0.3000000119
33888  -25.736  -51.413  -51.603 0.4000000060
128710  -26.375  -51.465  -50.987 0.4000000060
37916  -22.023  -47.467  -54.632 0.3000000119
36920  -22.255  -48.192  -54.774 0.3000000119
122916  -24.988  -50.248  -52.977 0.3000000119
35979  -23.760  -49.567  -53.514 0.3000000119
39995  -22.189  -45.523  -53.244 0.3000000119
38989  -22.225  -46.832  -54.069 0.3000000119
33889  -26.224  -50.768  -51.269 0.3000000119
121782  -27.856  -51.081  -50.246 0.3000000119
37917  -22.460  -47.529  -54.189 0.3000000119
34949  -25.488  -50.276  -52.447 0.3000000119
128065  -22.995  -49.152  -53.898 0.3000000119
39980  -23.225  -45.587  -52.684 0.3000000119
40898  -23.833  -44.724  -51.849 0.3000000119
38990  -22.694  -46.930  -53.588 0.3000000119
34939  -26.681  -50.138  -50.960 0.3000000119
38958  -23.548  -46.456  -52.472 0.3000000119
39962  -24.243  -45.621  -51.648 0.3000000119
34980  -22.388  -50.189  -55.716 0.4000000060
127044  -20.646  -49.511  -55.924 0.3000000119
36933  -22.138  -48.737  -55.471 0.3000000119
9517  -18.184  -75.448  -75.723 0.6000000238
7605  -18.361  -77.164  -75.490 0.5000000000
115893  -17.486  -78.300  -74.918 0.5000000000
6715  -16.812  -78.441  -75.258 0.5000000000
131730  -18.506  -78.064  -74.376 0.5000000000
121516  -21.746  -77.523  -73.963 0.5000000000
117733  -17.076  -74.155  -76.404 0.6999999881
11583  -18.528  -73.334  -75.523 0.6999999881
12654  -16.406  -73.261  -75.754 0.6999999881
9521  -16.048  -75.453  -77.050 0.6999999881
6718  -20.802  -77.952  -73.279 0.4000000060
10526  -14.766  -74.067  -75.839 0.6999999881
9507  -19.574  -76.502  -73.001 0.5000000000
12645  -27.650  -72.371  -74.900 0.3000000119
9485  -20.725  -76.227  -72.072 0.5000000000
9465  -20.778  -75.530  -71.295 0.3000000119
124256  -19.582  -70.661  -75.605 0.6000000238
14703  -18.068  -71.114  -76.295 0.6000000238
127940  -19.388  -70.181  -75.541 0.5000000000
13632  -17.714  -70.991  -71.986 0.6000000238
13667  -16.247  -71.930  -75.638 0.6999999881
11539  -29.128  -72.777  -72.652 0.3000000119
13657  -15.926  -71.681  -74.644 0.6000000238
11570  -15.098  -73.254  -75.315 0.6999999881
8535  -19.103  -76.745  -73.609 0.6000000238
11560  -14.989  -73.027  -74.887 0.6000000238
10525  -14.166  -74.359  -75.784 0.6999999881
10482  -15.842  -74.129  -72.222 0.5000000000
10516  -13.911  -74.206  -75.519 0.5000000000
12644  -26.847  -71.838  -74.908 0.3000000119
10456  -16.904  -74.053  -70.132 0.6000000238
10506  -13.070  -74.721  -74.623 0.5000000000
11527  -24.210  -73.516  -71.313 0.3000000119
11571  -18.923  -73.388  -75.176 0.5000000000
114112  -26.263  -71.415  -74.942 0.3000000119
112695  -13.270  -75.358  -73.217 0.5000000000
14695  -21.809  -69.800  -75.202 0.4000000060
12609  -31.015  -71.634  -72.215 0.3000000119
115808  -20.258  -68.488  -67.760 0.6000000238
12540  -20.103  -72.477  -66.685 0.6999999881
132755  -20.817  -71.053  -66.201 0.6000000238
15583  -21.871  -69.568  -64.301 0.6000000238
17622  -20.572  -67.810  -67.836 0.6000000238
19703  -22.189  -64.997  -69.931 0.5000000000
15704  -23.357  -69.219  -72.616 0.4000000060
18669  -21.921  -66.248  -67.440 0.6000000238
19682  -22.364  -65.576  -67.386 0.5000000000
17586  -21.983  -67.652  -65.641 0.6000000238
21719  -24.248  -63.068  -65.377 0.4000000060
11413  -20.665  -73.532  -63.583 0.6000000238
13513  -21.014  -71.628  -63.252 0.6999999881
18590  -17.985  -66.672  -59.973 0.6000000238
18727  -22.327  -65.828  -71.581 0.4000000060
20718  -23.147  -63.832  -69.036 0.4000000060
124765  -26.389  -62.664  -65.857 0.4000000060
20659  -23.247  -64.381  -62.507 0.4000000060
10368  -20.246  -74.237  -63.447 0.6000000238
20605  -19.019  -65.125  -58.611 0.6000000238
17512  -18.613  -67.232  -58.187 0.6000000238
17697  -25.166  -67.024  -72.216 0.5000000000
15527  -18.835  -69.961  -59.552 0.5000000000
19544  -21.580  -66.257  -55.972 0.6000000238
14474  -18.871  -70.683  -59.933 0.4000000060
118427  -21.318  -70.695  -61.959 0.5000000000
131603  -24.094  -62.665  -68.509 0.5000000000
113653  -21.760  -68.667  -59.920 0.6000000238
14504  -21.027  -71.106  -60.977 0.5000000000
27826  -20.353  -58.040  -63.697 0.6000000238
28823  -18.795  -56.701  -60.371 0.5000000000
25609  -22.005  -59.344  -56.514 0.5000000000
26701  -21.824  -58.480  -59.800 0.6000000238
26688  -21.835  -58.662  -58.044 0.6000000238
26666  -22.138  -58.803  -55.903 0.6000000238
28825  -21.472  -56.777  -61.083 0.6000000238
28798  -17.900  -56.705  -58.620 0.5000000000
26632  -22.334  -58.777  -53.418 0.5000000000
30796  -21.516  -54.398  -55.725 0.6000000238
31842  -18.833  -53.354  -58.823 0.5000000000
31821  -22.049  -53.455  -57.238 0.6000000238
34948  -15.484  -50.744  -51.918 0.3000000119
29767  -22.490  -55.605  -53.362 0.5000000000
33944  -19.601  -51.280  -57.836 0.3000000119
30720  -25.171  -54.725  -51.661 0.4000000060
30747  -24.546  -54.372  -52.255 0.4000000060
34998  -21.071  -50.785  -57.162 0.4000000060
36009  -20.363  -50.006  -56.028 0.3000000119
33913  -23.520  -51.373  -54.560 0.5000000000
31747  -26.432  -53.731  -51.053 0.4000000060
35960  -19.788  -49.651  -51.137 0.3000000119
37913  -19.575  -47.646  -53.800 0.3000000119
36000  -22.726  -49.956  -54.962 0.3000000119
37903  -19.999  -46.902  -53.719 0.3000000119
34958  -24.552  -50.509  -53.473 0.4000000060
37861  -21.697  -47.722  -50.206 0.3000000119
131216  -21.266  -45.986  -53.466 0.3000000119
33899  -25.747  -50.655  -51.877 0.4000000060
38976  -22.423  -46.232  -53.440 0.3000000119
7556  -11.030  -77.264  -69.781 0.5000000000
8484  -11.730  -76.709  -69.945 0.5000000000
8504  -11.653  -76.440  -71.821 0.5000000000
8513  -12.171  -76.197  -72.613 0.4000000060
7545  -11.619  -77.681  -68.104 0.5000000000
121255  -11.691  -77.014  -68.982 0.5000000000
8495  -12.185  -76.251  -70.789 0.5000000000
8505  -12.590  -76.002  -71.756 0.5000000000
9472  -12.987  -75.771  -72.544 0.4000000060
7546  -12.167  -77.027  -68.071 0.4000000060
8472  -12.493  -76.515  -68.859 0.5000000000
8496  -13.020  -75.976  -70.316 0.5000000000
9462  -13.458  -75.507  -71.736 0.4000000060
7547  -12.863  -76.655  -67.891 0.5000000000
8486  -13.163  -76.119  -69.465 0.5000000000
8485  -12.430  -76.355  -69.796 0.5000000000
8473  -13.373  -76.219  -68.557 0.5000000000
9445  -13.754  -75.798  -70.007 0.5000000000
8487  -13.934  -75.815  -69.212 0.5000000000
130734  -14.092  -75.501  -70.322 0.5000000000
9464  -15.042  -74.956  -71.128 0.4000000060
8463  -13.754  -76.462  -67.594 0.5000000000
9434  -14.716  -75.495  -68.974 0.5000000000
9446  -14.511  -75.467  -69.877 0.5000000000
9456  -15.211  -75.097  -70.370 0.5000000000
8447  -15.554  -76.503  -65.075 0.5000000000
8464  -14.448  -76.381  -67.000 0.5000000000
8475  -14.939  -75.689  -68.190 0.5000000000
8465  -15.070  -75.929  -67.409 0.5000000000
9435  -15.546  -75.345  -68.729 0.5000000000
9426  -15.701  -75.533  -67.913 0.5000000000
9447  -15.362  -75.208  -69.556 0.5000000000
10445  -15.955  -74.875  -70.077 0.5000000000
8456  -15.837  -75.955  -66.036 0.5000000000
9404  -16.687  -75.425  -65.924 0.5000000000
111805  -16.989  -75.398  -65.117 0.5000000000
9415  -15.786  -75.742  -67.064 0.5000000000
9405  -17.449  -74.967  -65.818 0.5000000000
9427  -16.410  -75.335  -67.612 0.5000000000
9428  -16.932  -75.121  -67.319 0.5000000000
111609  -17.374  -74.694  -67.334 0.5000000000
10438  -16.699  -74.704  -68.881 0.5000000000
10424  -16.992  -74.923  -68.047 0.5000000000
9448  -16.125  -75.028  -69.257 0.5000000000
10446  -16.535  -74.550  -69.710 0.5000000000
10455  -16.422  -74.442  -70.553 0.5000000000
10366  -18.772  -74.944  -62.852 0.5000000000
10378  -19.134  -74.775  -64.159 0.6000000238
9406  -17.800  -75.076  -64.994 0.5000000000
10412  -17.910  -74.469  -66.570 0.5000000000
126112  -19.109  -74.496  -65.549 0.5000000000
10426  -17.837  -74.112  -67.411 0.5000000000
11458  -18.541  -73.876  -66.950 0.5000000000
131047  -17.334  -73.820  -68.862 0.5000000000
11476  -17.668  -73.811  -68.176 0.5000000000
129194  -17.008  -74.184  -69.295 0.5000000000
10341  -18.197  -74.149  -61.538 0.5000000000
10356  -19.361  -74.552  -62.504 0.5000000000
10400  -19.684  -74.506  -64.946 0.6000000238
19622  -17.636  -65.831  -63.147 0.5000000000
123842  -17.697  -65.832  -62.233 0.6000000238
19638  -17.940  -65.098  -63.543 0.5000000000
123451  -17.920  -65.172  -62.716 0.5000000000
19607  -18.529  -65.078  -61.024 0.6000000238
20642  -18.599  -64.265  -61.818 0.6000000238
20657  -18.169  -64.641  -63.026 0.5000000000
21663  -18.887  -63.407  -61.407 0.6000000238
22651  -18.882  -62.599  -61.887 0.5000000000
115276  -18.981  -64.195  -60.869 0.6000000238
22635  -18.931  -62.598  -61.002 0.6000000238
23664  -19.114  -61.822  -62.436 0.5000000000
23646  -19.070  -61.883  -61.459 0.6000000238
23633  -19.193  -61.927  -60.535 0.6000000238
23665  -19.765  -61.119  -63.177 0.5000000000
111644  -19.451  -61.430  -61.121 0.5000000000
25673  -21.048  -59.712  -63.526 0.5000000000
25688  -21.085  -59.286  -64.088 0.6000000238
26746  -19.789  -58.469  -64.159 0.6000000238
125076  -20.386  -58.674  -64.313 0.5000000000
24650  -21.063  -60.011  -62.616 0.6000000238
24639  -20.482  -60.750  -62.205 0.5000000000
26747  -20.844  -58.646  -63.997 0.5000000000
27808  -18.957  -58.046  -62.908 0.6000000238
27809  -19.794  -57.427  -63.141 0.6000000238
28842  -19.608  -56.720  -61.675 0.6000000238
13663  -26.011  -71.112  -74.824 0.3000000119
14656  -26.622  -70.624  -73.519 0.3000000119
12624  -24.757  -72.129  -73.010 0.3000000119
14643  -27.481  -70.438  -72.087 0.3000000119
12606  -24.532  -72.778  -72.174 0.3000000119
13661  -24.768  -71.875  -74.125 0.3000000119
13671  -24.792  -71.850  -74.879 0.3000000119
9463  -14.259  -75.153  -71.375 0.4000000060
10425  -17.431  -74.436  -67.922 0.5000000000
11459  -19.374  -73.680  -66.600 0.5000000000
18597  -17.551  -66.569  -61.520 0.5000000000
8506  -12.958  -75.791  -71.057 0.4000000060
9455  -13.684  -75.518  -70.770 0.5000000000
8474  -14.186  -75.952  -68.381 0.5000000000
8455  -15.101  -76.691  -65.730 0.5000000000
110020  -15.141  -76.277  -66.585 0.5000000000
118254  -16.276  -75.883  -65.167 0.5000000000
9416  -16.488  -75.450  -66.784 0.5000000000
10398  -18.300  -74.662  -65.693 0.5000000000
13649  -25.929  -70.935  -74.060 0.3000000119
13621  -25.685  -71.757  -71.468 0.3000000119
14642  -26.775  -70.713  -72.490 0.3000000119
13648  -25.363  -71.490  -73.384 0.3000000119
13635  -25.614  -71.548  -72.369 0.3000000119
13622  -26.305  -71.205  -71.840 0.3000000119
6717  -19.994  -78.422  -73.612 0.5000000000
6725  -16.466  -78.078  -75.865 0.5000000000
6726  -17.299  -77.922  -75.697 0.5000000000
6727  -17.971  -77.760  -75.110 0.5000000000
7593  -18.481  -77.520  -74.610 0.5000000000
7594  -19.055  -77.338  -73.811 0.5000000000
7595  -20.504  -77.575  -73.097 0.4000000060
7606  -14.882  -76.624  -76.962 0.5000000000
7609  -17.046  -76.687  -76.431 0.5000000000
8542  -12.539  -76.456  -76.079 0.5000000000
8547  -14.642  -75.998  -77.024 0.6000000238
9417  -17.151  -75.024  -66.635 0.5000000000
9436  -16.303  -75.171  -68.430 0.5000000000
9466  -21.454  -75.734  -71.480 0.4000000060
9473  -13.589  -75.351  -72.519 0.4000000060
9474  -14.139  -75.085  -72.157 0.5000000000
9475  -20.699  -75.930  -71.685 0.3000000119
9508  -20.556  -76.877  -72.674 0.5000000000
9513  -25.659  -74.687  -74.730 0.3000000119
9514  -12.871  -75.908  -75.983 0.5000000000
9519  -14.561  -75.521  -76.303 0.6000000238
9523  -17.752  -75.734  -76.289 0.6000000238
10357  -19.955  -74.343  -62.842 0.6000000238
10367  -19.504  -74.693  -63.337 0.6000000238
10379  -19.934  -74.469  -64.113 0.6999999881
10380  -20.446  -74.071  -64.080 0.6999999881
10413  -18.870  -74.231  -66.221 0.5000000000
10439  -17.191  -74.352  -68.537 0.5000000000
10447  -21.948  -74.541  -69.811 0.3000000119
10454  -15.788  -74.739  -70.874 0.6000000238
10457  -20.868  -74.600  -70.652 0.3000000119
10458  -21.474  -74.807  -70.315 0.3000000119
10471  -21.302  -75.273  -70.852 0.3000000119
10483  -20.263  -75.164  -71.561 0.3000000119
10485  -22.855  -74.635  -72.361 0.4000000060
10497  -22.902  -74.300  -73.300 0.4000000060
10509  -22.543  -74.823  -74.203 0.5000000000
10511  -27.520  -73.560  -73.555 0.3000000119
10515  -13.226  -74.712  -75.234 0.5000000000
10517  -18.803  -74.578  -74.744 0.5000000000
10519  -22.694  -74.730  -74.771 0.4000000060
10522  -26.223  -74.039  -74.456 0.3000000119
10529  -14.618  -74.804  -76.040 0.6000000238
10530  -15.196  -74.556  -76.110 0.6999999881
10531  -16.726  -74.831  -76.731 0.6999999881
10532  -17.316  -74.670  -76.530 0.8000000119
11383  -19.695  -73.507  -61.601 0.6000000238
11400  -19.878  -74.031  -62.254 0.6000000238
11444  -20.287  -74.094  -65.148 0.6999999881
11460  -20.112  -73.292  -66.291 0.6999999881
11500  -22.581  -74.060  -69.250 0.3000000119
11502  -23.859  -73.621  -69.237 0.3000000119
11514  -23.463  -74.290  -70.720 0.3000000119
11523  -16.906  -73.248  -71.281 0.6000000238
11525  -20.820  -73.849  -70.665 0.3000000119
11530  -29.871  -72.463  -72.052 0.3000000119
11540  -29.818  -72.399  -72.438 0.3000000119
11548  -19.818  -74.466  -73.005 0.4000000060
11565  -27.806  -72.910  -74.315 0.3000000119
11573  -22.806  -73.923  -74.966 0.4000000060
11576  -25.115  -72.988  -75.373 0.3000000119
11579  -28.479  -72.193  -74.443 0.3000000119
11580  -14.551  -73.877  -75.629 0.6000000238
11582  -18.212  -72.829  -75.770 0.6999999881
11584  -15.630  -73.864  -75.916 0.6999999881
11585  -16.574  -73.859  -76.174 0.6999999881
12473  -20.612  -72.738  -62.308 0.6000000238
12482  -20.839  -72.574  -63.204 0.6000000238
12588  -17.193  -72.749  -70.831 0.6000000238
12589  -20.419  -73.471  -71.933 0.4000000060
12593  -29.819  -72.511  -71.266 0.3000000119
12607  -25.125  -72.157  -72.010 0.3000000119
12619  -15.621  -72.545  -74.379 0.6000000238
12622  -23.542  -72.750  -74.502 0.4000000060
12625  -30.375  -71.942  -72.605 0.3000000119
12626  -30.987  -71.401  -72.779 0.3000000119
12635  -23.747  -72.720  -75.168 0.4000000060
12638  -29.832  -71.927  -73.644 0.3000000119
12640  -15.860  -72.796  -75.370 0.6999999881
12651  -18.245  -72.085  -75.782 0.6000000238
12653  -19.365  -71.730  -75.296 0.6000000238
12656  -17.519  -72.320  -76.001 0.6999999881
13479  -20.287  -71.540  -60.443 0.5000000000
13602  -17.913  -71.290  -70.427 0.6000000238
13636  -26.050  -70.999  -72.962 0.3000000119
13659  -20.614  -71.685  -75.045 0.4000000060
13662  -25.382  -71.508  -74.472 0.3000000119
13668  -16.616  -71.146  -75.715 0.6999999881
13675  -29.040  -71.000  -75.143 0.3000000119
13677  -16.797  -71.711  -76.144 0.6999999881
13679  -18.630  -71.614  -75.660 0.6000000238
14476  -20.265  -70.416  -59.495 0.6000000238
14477  -20.722  -69.681  -59.184 0.6999999881
14536  -21.497  -70.411  -64.421 0.6000000238
14542  -21.145  -70.636  -65.721 0.6000000238
14551  -20.901  -70.350  -66.451 0.6000000238
14592  -18.900  -70.538  -68.919 0.6000000238
14641  -22.982  -70.162  -71.255 0.4000000060
14653  -16.943  -70.841  -73.237 0.6000000238
14654  -17.756  -70.598  -72.555 0.6000000238
14670  -21.928  -70.705  -74.252 0.4000000060
14681  -16.768  -70.607  -74.710 0.6000000238
14684  -22.268  -69.813  -74.561 0.4000000060
14685  -26.772  -70.862  -75.026 0.3000000119
14692  -17.961  -70.458  -75.824 0.6000000238
14694  -21.296  -70.141  -75.493 0.4000000060
14704  -18.668  -71.209  -75.812 0.6000000238
15511  -19.695  -69.213  -58.616 0.6000000238
15513  -20.779  -69.127  -58.721 0.6000000238
15541  -21.410  -69.418  -59.834 0.6000000238
15599  -21.302  -68.965  -66.272 0.6000000238
15637  -19.843  -68.920  -68.108 0.6000000238
15702  -18.810  -69.377  -72.202 0.5000000000
15717  -17.381  -70.271  -74.013 0.5000000000
15719  -18.520  -69.683  -73.557 0.5000000000
15721  -23.132  -68.947  -73.236 0.4000000060
15733  -20.370  -69.184  -75.377 0.5000000000
15741  -17.909  -70.080  -75.001 0.5000000000
15743  -20.152  -69.976  -75.628 0.5000000000
15745  -21.469  -69.398  -75.389 0.4000000060
16519  -18.775  -68.137  -58.393 0.6000000238
16521  -20.350  -68.829  -58.236 0.6000000238
16637  -19.727  -68.796  -68.867 0.6000000238
16689  -25.390  -68.167  -71.340 0.4000000060
16702  -19.165  -68.930  -72.612 0.5000000000
16716  -20.129  -68.093  -74.217 0.5000000000
16718  -23.078  -68.305  -72.890 0.4000000060
16728  -20.615  -68.506  -74.976 0.4000000060
16729  -21.452  -68.550  -75.032 0.4000000060
17486  -20.220  -67.145  -56.847 0.5000000000
17499  -20.593  -67.750  -57.254 0.6000000238
17514  -21.621  -67.808  -58.348 0.6000000238
17525  -22.368  -67.395  -59.756 0.6000000238
17530  -18.031  -67.536  -59.767 0.6000000238
17541  -22.482  -67.449  -61.527 0.6000000238
17547  -17.282  -67.445  -61.960 0.6000000238
17567  -22.201  -67.731  -64.833 0.6000000238
17623  -21.039  -67.201  -67.732 0.6000000238
17664  -20.563  -67.177  -70.518 0.5000000000
17680  -25.761  -67.201  -71.697 0.5000000000
17706  -21.378  -67.486  -73.343 0.4000000060
17708  -23.201  -67.669  -72.752 0.5000000000
17715  -21.462  -67.994  -74.239 0.4000000060
18539  -19.757  -66.474  -56.691 0.5000000000
18541  -21.486  -66.871  -56.476 0.6000000238
18543  -22.809  -66.526  -56.698 0.6000000238
18555  -18.765  -66.649  -57.795 0.6000000238
18556  -19.080  -66.378  -57.267 0.6000000238
18557  -21.784  -67.161  -56.997 0.6000000238
18559  -23.216  -66.496  -57.348 0.6000000238
18572  -23.498  -66.363  -58.296 0.6000000238
18578  -18.217  -66.730  -59.113 0.6000000238
18612  -22.645  -66.163  -63.344 0.5000000000
18654  -22.233  -66.257  -66.733 0.6000000238
18700  -21.058  -66.146  -70.075 0.6000000238
18714  -21.266  -66.027  -70.600 0.5000000000
18716  -27.257  -65.694  -71.150 0.4000000060
18730  -25.638  -66.434  -71.883 0.5000000000
18739  -23.542  -66.520  -72.387 0.5000000000
18740  -24.413  -66.795  -72.379 0.5000000000
19527  -21.174  -65.386  -55.597 0.6000000238
19528  -22.107  -65.590  -55.511 0.5000000000
19545  -22.541  -66.177  -56.063 0.6000000238
19547  -24.300  -65.528  -56.589 0.6000000238
19579  -18.561  -65.733  -59.095 0.6000000238
19606  -17.910  -65.701  -61.455 0.6000000238
19608  -22.746  -65.839  -61.733 0.5000000000
19623  -18.052  -65.074  -61.932 0.5000000000
19650  -22.919  -65.400  -64.521 0.6000000238
19659  -22.680  -66.005  -65.043 0.6000000238
19723  -22.870  -65.363  -71.198 0.4000000060
19724  -23.776  -65.473  -71.458 0.5000000000
19725  -24.877  -65.806  -71.606 0.5000000000
20580  -19.885  -64.283  -56.195 0.6000000238
20618  -19.160  -64.266  -58.903 0.6999999881
20670  -22.903  -64.766  -63.119 0.6000000238
20690  -22.983  -65.222  -65.457 0.6000000238
20728  -23.549  -64.070  -69.626 0.4000000060
21582  -21.096  -63.310  -54.907 0.6999999881
21583  -21.968  -64.060  -54.743 0.5000000000
21584  -23.579  -64.102  -54.906 0.5000000000
21598  -19.618  -63.413  -56.671 0.6000000238
21623  -19.436  -62.985  -58.189 0.6999999881
21645  -19.027  -63.330  -60.564 0.6000000238
21679  -18.734  -63.395  -62.308 0.5000000000
21680  -23.753  -63.920  -62.775 0.5000000000
21692  -23.700  -63.860  -63.721 0.6000000238
21697  -28.121  -63.298  -63.637 0.4000000060
21705  -23.933  -63.557  -64.490 0.6000000238
21707  -25.432  -63.452  -64.351 0.4000000060
21739  -23.935  -62.420  -67.998 0.4000000060
21747  -23.083  -63.597  -68.217 0.5000000000
21749  -24.617  -62.132  -68.172 0.5000000000
21760  -24.576  -62.822  -68.832 0.4000000060
22565  -23.578  -62.479  -53.610 0.5000000000
22594  -20.513  -61.793  -55.940 0.4000000060
22603  -20.186  -62.107  -57.323 0.6999999881
22624  -19.371  -62.410  -59.640 0.6000000238
22636  -19.092  -62.658  -60.319 0.6000000238
22698  -24.886  -62.586  -65.826 0.4000000060
22700  -27.099  -62.577  -65.933 0.4000000060
23562  -22.954  -62.107  -53.718 0.5000000000
23624  -21.253  -61.029  -59.162 0.6000000238
23634  -20.233  -61.037  -60.272 0.6999999881
23647  -19.689  -61.317  -62.001 0.5000000000
24542  -23.481  -60.349  -52.450 0.5000000000
24554  -22.388  -60.337  -53.555 0.5000000000
24573  -21.357  -60.540  -55.918 0.5000000000
24607  -21.765  -60.056  -58.332 0.6000000238
24618  -21.595  -60.385  -59.520 0.6000000238
24640  -21.044  -60.388  -61.673 0.6999999881
25622  -21.897  -59.227  -57.362 0.5000000000
25646  -21.812  -59.678  -59.914 0.6000000238
25674  -21.442  -59.157  -63.023 0.6999999881
26655  -22.040  -59.107  -54.973 0.5000000000
26676  -22.037  -58.758  -56.802 0.6000000238
26748  -21.264  -58.668  -63.542 0.5000000000
26756  -20.112  -58.965  -64.864 0.5000000000
27674  -22.392  -57.452  -52.882 0.5000000000
27717  -21.906  -58.000  -55.537 0.6999999881
27726  -21.618  -57.478  -56.864 0.6000000238
27760  -21.700  -57.646  -60.473 0.6000000238
27810  -21.503  -57.565  -62.769 0.6000000238
27825  -19.575  -58.074  -63.519 0.6000000238
28739  -22.971  -55.994  -52.571 0.5000000000
28771  -20.777  -55.593  -55.984 0.6999999881
28815  -21.195  -56.297  -59.540 0.6000000238
28844  -21.359  -56.623  -61.579 0.6000000238
29785  -23.222  -55.171  -53.030 0.5000000000
29796  -21.376  -55.575  -54.591 0.6000000238
29828  -20.989  -55.421  -57.469 0.6999999881
29844  -20.948  -55.531  -58.348 0.6000000238
29854  -19.082  -55.427  -60.724 0.5000000000
29860  -20.387  -55.203  -60.680 0.5000000000
29861  -20.805  -55.560  -60.641 0.5000000000
30722  -26.617  -54.601  -51.224 0.4000000060
30771  -24.199  -54.026  -53.089 0.5000000000
30785  -21.641  -54.720  -54.824 0.6000000238
30795  -21.052  -54.859  -56.245 0.6999999881
30810  -21.628  -54.176  -56.798 0.6999999881
30831  -18.200  -54.188  -58.333 0.5000000000
30837  -20.472  -54.272  -59.899 0.5000000000
31720  -28.072  -53.188  -50.698 0.4000000060
31795  -22.972  -53.671  -54.898 0.5000000000
31822  -22.317  -52.977  -56.651 0.6000000238
31848  -18.840  -54.116  -59.387 0.4000000060
32767  -19.491  -52.286  -50.524 0.3000000119
32785  -25.611  -52.350  -51.528 0.4000000060
32802  -24.627  -52.560  -52.891 0.4000000060
32822  -23.543  -52.345  -54.731 0.5000000000
32833  -22.405  -52.364  -56.143 0.5000000000
32843  -22.174  -52.236  -57.022 0.5000000000
32856  -21.666  -52.123  -57.845 0.5000000000
33873  -19.999  -51.688  -50.673 0.3000000119
33875  -27.735  -51.803  -50.417 0.4000000060
33898  -25.378  -50.983  -52.298 0.4000000060
33925  -22.445  -51.077  -55.732 0.4000000060
33945  -20.486  -51.077  -57.769 0.5000000000
34924  -27.012  -51.089  -50.627 0.4000000060
34934  -15.664  -49.921  -51.966 0.4000000060
34937  -18.295  -50.345  -51.525 0.3000000119
34938  -19.362  -51.118  -51.237 0.3000000119
34950  -26.145  -50.057  -51.758 0.3000000119
34973  -24.038  -50.981  -53.940 0.4000000060
34986  -20.010  -50.462  -56.489 0.3000000119
34987  -20.569  -50.268  -56.501 0.4000000060
34999  -21.641  -51.047  -56.941 0.4000000060
35957  -16.406  -49.191  -51.524 0.4000000060
35968  -15.736  -49.407  -52.316 0.4000000060
35969  -25.256  -49.679  -52.682 0.3000000119
35975  -15.510  -49.601  -52.913 0.4000000060
35978  -23.147  -49.809  -54.153 0.3000000119
35985  -16.391  -49.805  -54.112 0.4000000060
35997  -21.225  -49.189  -55.981 0.3000000119
35998  -21.937  -49.152  -56.051 0.3000000119
36010  -20.928  -49.828  -56.247 0.3000000119
36012  -22.024  -49.833  -56.168 0.4000000060
36018  -21.049  -50.305  -56.635 0.4000000060
36885  -15.937  -48.667  -52.150 0.4000000060
36888  -17.749  -48.527  -51.228 0.4000000060
36906  -17.541  -48.131  -53.817 0.4000000060
36908  -23.353  -48.663  -53.424 0.3000000119
36916  -18.301  -48.763  -54.066 0.4000000060
36917  -19.785  -48.289  -54.236 0.3000000119
36919  -21.825  -48.163  -55.114 0.3000000119
36931  -20.846  -48.634  -55.532 0.3000000119
36932  -21.602  -48.667  -55.635 0.3000000119
37859  -19.206  -47.229  -50.601 0.4000000060
37860  -20.895  -47.821  -50.597 0.3000000119
37872  -16.250  -47.582  -51.819 0.4000000060
37873  -17.978  -47.722  -51.086 0.4000000060
37886  -16.226  -47.475  -52.315 0.4000000060
37915  -21.273  -47.650  -54.685 0.3000000119
38956  -17.494  -45.575  -52.409 0.4000000060
38974  -20.925  -46.399  -53.762 0.3000000119
38977  -22.927  -46.309  -53.002 0.3000000119
39960  -17.254  -45.291  -51.731 0.3000000119
39978  -19.936  -45.025  -52.431 0.3000000119
39981  -23.631  -45.295  -52.223 0.3000000119
39996  -22.714  -45.569  -53.055 0.3000000119
40896  -18.843  -44.178  -51.265 0.3000000119
40912  -19.240  -44.391  -51.879 0.3000000119
109958  -19.696  -61.623  -59.884 0.6999999881
111020  -24.955  -74.531  -75.212 0.3000000119
111270  -22.699  -76.144  -75.044 0.4000000060
111445  -21.968  -58.823  -61.271 0.6999999881
111622  -17.539  -73.983  -76.160 0.6999999881
111635  -20.851  -72.757  -64.172 0.6999999881
112225  -21.483  -71.731  -72.811 0.4000000060
112719  -21.814  -58.797  -58.899 0.6000000238
112759  -25.448  -63.707  -62.778 0.5000000000
113093  -14.460  -75.267  -70.640 0.5000000000
113155  -16.815  -47.715  -53.167 0.4000000060
113787  -22.419  -58.256  -52.958 0.5000000000
114630  -16.796  -75.711  -77.056 0.8000000119
114841  -20.080  -46.201  -53.346 0.3000000119
115037  -21.700  -56.995  -54.365 0.6999999881
115239  -21.846  -58.196  -58.891 0.6000000238
115286  -22.846  -58.148  -52.434 0.5000000000
115679  -24.022  -69.350  -70.588 0.4000000060
115740  -14.468  -76.077  -67.720 0.5000000000
115759  -22.298  -68.014  -61.001 0.6000000238
116399  -17.599  -71.498  -76.595 0.6000000238
116820  -23.704  -73.067  -73.461 0.4000000060
117737  -19.946  -67.793  -71.906 0.5000000000
117868  -23.791  -73.759  -75.417 0.4000000060
118199  -17.074  -71.430  -76.449 0.6000000238
118543  -20.652  -72.227  -61.827 0.5000000000
119209  -21.942  -57.926  -62.399 0.6999999881
119319  -16.354  -71.107  -74.039 0.6000000238
119521  -26.984  -71.132  -75.111 0.3000000119
119806  -22.275  -68.404  -62.357 0.6000000238
120005  -20.559  -49.102  -55.678 0.3000000119
120889  -17.168  -79.179  -72.892 0.5000000000
120913  -21.604  -70.244  -61.214 0.5000000000
120994  -21.210  -70.460  -60.517 0.6000000238
121171  -15.966  -73.215  -75.505 0.6999999881
121565  -24.892  -66.454  -72.057 0.5000000000
122594  -19.407  -65.724  -56.887 0.6000000238
122619  -18.660  -69.201  -59.310 0.5000000000
122784  -20.651  -67.010  -71.057 0.5000000000
123138  -21.843  -59.455  -60.773 0.6000000238
124155  -22.422  -67.540  -63.172 0.5000000000
124219  -20.520  -49.390  -50.751 0.3000000119
124462  -21.206  -56.779  -55.501 0.6999999881
124601  -20.818  -72.796  -65.056 0.6999999881
124756  -21.917  -69.068  -60.563 0.6000000238
125205  -19.451  -68.538  -73.082 0.5000000000
125381  -21.760  -69.712  -62.178 0.6000000238
125406  -21.302  -65.926  -69.527 0.5000000000
125502  -17.874  -68.559  -60.891 0.5000000000
125508  -22.800  -64.185  -67.942 0.5000000000
125660  -23.174  -63.933  -66.757 0.6000000238
125680  -20.745  -67.323  -68.146 0.6000000238
125994  -26.840  -52.600  -50.708 0.4000000060
126132  -19.482  -66.972  -56.998 0.5000000000
126519  -20.633  -63.599  -55.279 0.6999999881
126736  -18.578  -69.733  -72.377 0.5000000000
127282  -22.357  -74.990  -70.744 0.3000000119
127305  -20.080  -72.547  -74.712 0.4000000060
127358  -17.677  -71.772  -76.417 0.6000000238
127631  -17.990  -73.116  -68.131 0.6999999881
127826  -19.378  -65.017  -57.243 0.6000000238
128050  -21.981  -58.474  -55.087 0.6000000238
128084  -20.567  -61.652  -58.626 0.6999999881
128390  -20.870  -56.263  -55.923 0.6999999881
129159  -19.196  -72.480  -75.243 0.6000000238
129267  -21.862  -59.310  -61.485 0.6999999881
129523  -23.733  -45.886  -52.168 0.3000000119
129787  -26.949  -70.757  -71.669 0.3000000119
129931  -25.201  -71.800  -72.668 0.3000000119
130048  -17.051  -46.811  -51.416 0.4000000060
130470  -18.171  -74.675  -75.633 0.6999999881
130773  -14.189  -74.160  -73.984 0.5000000000
131220  -24.292  -50.078  -53.509 0.3000000119
131431  -12.046  -76.593  -69.385 0.5000000000
131841  -20.959  -61.364  -58.908 0.6999999881
132239  -18.233  -64.627  -62.439 0.5000000000
132499  -18.036  -78.239  -74.535 0.5000000000
132512  -23.868  -62.754  -66.770 0.5000000000
132573  -21.667  -56.927  -61.684 0.6000000238
133098  -21.984  -67.603  -59.033 0.6000000238
133404  -15.254  -74.518  -72.215 0.5000000000
