#!ascii label  , from subject sub-035 vox2ras=TkReg
583
66080  17.248  -15.187  -32.930 0.0000000000
70822  25.431  -9.619  -36.485 0.0000000000
79883  20.872  2.124  -33.767 0.0000000000
113532  15.923  -2.035  -32.352 0.0000000000
62691  17.390  -20.102  -31.854 0.0000000000
121729  21.137  -18.188  -33.881 0.0000000000
68533  20.261  -12.247  -34.827 0.0000000000
73100  18.800  -6.525  -34.870 0.0000000000
75395  24.114  -3.830  -34.090 0.0000000000
78365  26.235  0.427  -36.295 0.0000000000
120388  21.899  6.096  -32.808 0.0000000000
63553  17.713  -17.659  -33.099 0.0000000000
63541  19.076  -18.882  -33.126 0.0000000000
65254  18.970  -16.653  -33.953 0.0000000000
71552  17.784  -8.804  -33.847 0.0000000000
73075  16.856  -6.146  -32.857 0.0000000000
77578  18.232  -0.057  -33.915 0.0000000000
76118  19.239  -2.694  -34.745 0.0000000000
77588  22.074  -0.879  -34.304 0.0000000000
76103  25.623  -1.799  -33.864 0.0000000000
78340  25.319  0.336  -33.407 0.0000000000
84599  19.713  10.369  -31.284 0.0000000000
122666  17.844  8.244  -32.734 0.0000000000
83134  22.149  7.866  -32.110 0.0000000000
112191  23.265  -11.079  -35.123 0.0000000000
110884  23.507  -13.734  -35.742 0.0000000000
110364  25.604  -12.057  -36.691 0.0000000000
79867  17.148  3.177  -32.826 0.0000000000
72353  27.278  -7.438  -38.107 0.0000000000
125480  17.108  -12.865  -33.059 0.0000000000
67754  18.962  -13.494  -34.072 0.0000000000
69314  18.260  -11.556  -34.108 0.0000000000
70827  19.975  -9.798  -35.558 0.0000000000
71549  22.111  -8.317  -34.617 0.0000000000
124221  17.597  -3.795  -33.731 0.0000000000
73894  21.053  -5.184  -35.634 0.0000000000
73892  24.605  -6.588  -34.454 0.0000000000
74642  26.793  -4.774  -36.389 0.0000000000
119595  16.781  5.602  -33.836 0.0000000000
105273  21.619  4.548  -33.386 0.0000000000
83893  26.068  7.966  -32.945 0.0000000000
105559  25.905  5.867  -32.331 0.0000000000
105337  25.873  3.260  -32.552 0.0000000000
105569  26.570  3.032  -35.736 0.0000000000
66931  21.227  -15.043  -34.677 0.0000000000
127448  16.669  -14.824  -32.188 0.0000000000
66068  16.722  -15.362  -32.260 0.0000000000
65256  17.431  -15.841  -33.263 0.0000000000
64405  18.332  -17.143  -33.583 0.0000000000
66078  18.189  -15.339  -33.624 0.0000000000
78357  18.943  0.666  -34.387 0.0000000000
77590  19.904  -0.081  -34.728 0.0000000000
78344  21.841  0.622  -33.948 0.0000000000
78342  23.614  0.081  -33.171 0.0000000000
115147  23.157  0.880  -33.291 0.0000000000
84610  21.302  9.835  -31.398 0.0000000000
83898  20.618  9.183  -32.165 0.0000000000
84609  22.447  9.192  -31.377 0.0000000000
70071  24.824  -10.417  -35.750 0.0000000000
69336  24.612  -11.720  -36.197 0.0000000000
117803  25.497  -11.019  -36.878 0.0000000000
79112  16.447  1.745  -31.839 0.0000000000
110729  16.267  2.855  -31.759 0.0000000000
124541  17.129  -19.397  -31.862 0.0000000000
61880  16.926  -20.608  -31.430 0.0000000000
61041  17.324  -21.042  -31.293 0.0000000000
61878  18.296  -20.637  -31.803 0.0000000000
63550  20.416  -18.458  -33.646 0.0000000000
61890  19.839  -19.747  -32.210 0.0000000000
118953  18.001  -12.257  -33.704 0.0000000000
70060  17.398  -10.598  -33.160 0.0000000000
72321  18.202  -7.218  -34.575 0.0000000000
71568  19.217  -9.098  -35.081 0.0000000000
118922  19.597  -8.304  -35.261 0.0000000000
71565  20.513  -8.639  -35.404 0.0000000000
72335  20.624  -7.574  -35.487 0.0000000000
74601  16.394  -4.045  -32.239 0.0000000000
75386  16.701  -3.367  -32.797 0.0000000000
76127  21.237  -2.845  -35.065 0.0000000000
75411  20.537  -3.963  -35.462 0.0000000000
122265  22.051  -4.677  -35.017 0.0000000000
73878  22.676  -5.791  -34.746 0.0000000000
74619  25.026  -5.609  -34.429 0.0000000000
73890  26.433  -6.141  -35.348 0.0000000000
74618  26.218  -4.416  -34.619 0.0000000000
77599  26.252  -0.714  -35.191 0.0000000000
76125  26.765  -2.355  -35.329 0.0000000000
105064  19.703  7.254  -33.323 0.0000000000
105066  17.677  6.964  -34.017 0.0000000000
105068  19.776  6.308  -33.700 0.0000000000
81149  19.102  5.188  -33.558 0.0000000000
120387  21.204  5.397  -33.583 0.0000000000
105427  25.524  4.154  -32.282 0.0000000000
105052  27.350  4.052  -34.396 0.0000000000
80534  26.488  3.111  -34.104 0.0000000000
68517  19.261  -12.830  -34.372 0.0000000000
125410  19.824  -14.085  -34.515 0.0000000000
67752  20.300  -13.809  -34.609 0.0000000000
66946  23.777  -14.285  -35.740 0.0000000000
66107  22.773  -15.049  -35.098 0.0000000000
64393  16.608  -17.674  -32.027 0.0000000000
113434  17.388  -18.842  -32.295 0.0000000000
62706  18.631  -19.469  -32.627 0.0000000000
63552  18.653  -18.069  -33.398 0.0000000000
111245  19.195  -17.517  -33.832 0.0000000000
64417  20.374  -17.099  -34.451 0.0000000000
113497  17.061  -7.732  -32.960 0.0000000000
72312  17.251  -7.308  -33.496 0.0000000000
73085  17.768  -6.328  -34.231 0.0000000000
76824  17.112  -1.253  -33.048 0.0000000000
76104  17.686  -2.591  -33.889 0.0000000000
115064  18.725  -1.206  -34.606 0.0000000000
76851  20.546  -1.715  -34.965 0.0000000000
76116  22.634  -2.485  -34.549 0.0000000000
76114  24.803  -2.866  -33.804 0.0000000000
76847  24.234  -1.465  -33.320 0.0000000000
77574  25.118  -0.453  -33.346 0.0000000000
78339  25.908  0.416  -34.068 0.0000000000
120289  17.850  9.434  -30.822 0.0000000000
120582  19.153  8.609  -32.215 0.0000000000
120498  20.148  7.912  -32.640 0.0000000000
105310  21.930  7.214  -32.257 0.0000000000
69323  21.908  -11.740  -34.933 0.0000000000
108364  22.060  -13.312  -34.929 0.0000000000
68530  23.495  -12.480  -35.704 0.0000000000
67780  24.392  -12.803  -36.243 0.0000000000
76811  14.529  -1.254  -32.057 0.0000000000
77563  16.059  -0.266  -32.081 0.0000000000
79127  17.469  1.517  -33.270 0.0000000000
79886  18.501  2.132  -34.079 0.0000000000
61891  19.068  -19.976  -32.322 0.0000000000
71585  26.573  -8.642  -37.391 0.0000000000
70837  26.381  -10.142  -37.631 0.0000000000
66917  17.629  -13.949  -33.297 0.0000000000
66916  18.048  -13.981  -33.582 0.0000000000
67741  17.856  -13.429  -33.515 0.0000000000
68518  18.739  -12.838  -34.012 0.0000000000
69325  19.379  -11.420  -34.840 0.0000000000
70820  18.181  -9.813  -34.219 0.0000000000
70077  19.208  -10.740  -34.919 0.0000000000
117753  19.927  -11.379  -35.060 0.0000000000
70074  21.078  -9.995  -35.088 0.0000000000
70817  22.526  -9.254  -34.523 0.0000000000
71564  24.200  -9.154  -34.589 0.0000000000
114545  17.117  -4.962  -32.851 0.0000000000
73879  18.584  -5.700  -34.658 0.0000000000
75400  17.938  -3.156  -34.135 0.0000000000
74635  19.435  -4.478  -35.044 0.0000000000
116238  20.179  -5.850  -35.545 0.0000000000
73083  21.836  -6.447  -35.037 0.0000000000
72318  23.412  -7.348  -34.280 0.0000000000
72333  25.561  -8.037  -35.077 0.0000000000
72331  26.231  -7.545  -36.394 0.0000000000
73911  26.757  -5.902  -37.417 0.0000000000
75409  26.556  -3.184  -34.606 0.0000000000
81150  16.312  4.698  -33.428 0.0000000000
113661  18.934  3.281  -33.781 0.0000000000
79874  21.340  2.873  -33.509 0.0000000000
83133  24.458  7.856  -32.493 0.0000000000
105070  23.613  7.077  -32.414 0.0000000000
83131  26.168  7.127  -32.848 0.0000000000
105072  24.008  5.614  -32.323 0.0000000000
105501  23.756  4.834  -32.319 0.0000000000
127578  23.146  3.445  -32.443 0.0000000000
120521  23.365  2.331  -32.718 0.0000000000
105557  25.310  2.183  -33.370 0.0000000000
79136  26.244  1.428  -34.339 0.0000000000
105040  26.303  1.263  -35.831 0.0000000000
66097  18.845  -14.856  -33.857 0.0000000000
66096  19.713  -15.430  -34.409 0.0000000000
116266  20.828  -16.861  -34.738 0.0000000000
119051  21.723  -14.491  -34.705 0.0000000000
66094  21.630  -15.785  -34.761 0.0000000000
66909  17.074  -14.410  -32.714 0.0000000000
65257  16.818  -15.951  -32.609 0.0000000000
66079  17.767  -15.050  -33.339 0.0000000000
79138  19.819  1.501  -34.447 0.0000000000
78355  20.136  0.788  -34.542 0.0000000000
79125  21.373  1.303  -33.936 0.0000000000
79124  22.353  1.294  -33.543 0.0000000000
70823  25.168  -9.683  -35.687 0.0000000000
70070  25.217  -10.211  -36.259 0.0000000000
70081  25.466  -10.346  -36.832 0.0000000000
108892  16.709  -20.040  -31.397 0.0000000000
61879  17.650  -20.626  -31.763 0.0000000000
61040  18.093  -21.022  -31.456 0.0000000000
63540  20.328  -19.147  -32.848 0.0000000000
63539  21.116  -18.573  -33.125 0.0000000000
69310  17.241  -11.422  -32.833 0.0000000000
70061  16.840  -10.537  -32.400 0.0000000000
118753  18.747  -8.139  -34.781 0.0000000000
72337  19.198  -7.382  -35.072 0.0000000000
72336  19.991  -7.483  -35.466 0.0000000000
73099  19.704  -6.608  -35.372 0.0000000000
75377  16.089  -3.287  -32.103 0.0000000000
76096  16.349  -2.672  -32.563 0.0000000000
75396  22.798  -3.407  -34.506 0.0000000000
75410  21.288  -3.680  -35.311 0.0000000000
74621  22.880  -4.342  -34.613 0.0000000000
116849  22.773  -5.138  -34.732 0.0000000000
74620  23.909  -4.924  -34.308 0.0000000000
125496  25.723  -5.041  -34.501 0.0000000000
115802  26.271  -0.190  -35.902 0.0000000000
77609  26.536  -0.979  -36.487 0.0000000000
120390  20.239  6.730  -33.552 0.0000000000
105065  19.811  6.832  -33.671 0.0000000000
105212  20.568  6.177  -33.566 0.0000000000
120374  21.398  5.721  -33.343 0.0000000000
81148  27.321  4.438  -33.748 0.0000000000
81803  26.966  4.419  -35.178 0.0000000000
67770  19.881  -12.940  -34.655 0.0000000000
67769  20.796  -13.120  -34.733 0.0000000000
66929  24.600  -14.605  -35.157 0.0000000000
66930  24.000  -14.820  -35.434 0.0000000000
64392  16.899  -17.245  -32.775 0.0000000000
118965  17.136  -18.125  -32.573 0.0000000000
63542  18.064  -18.662  -32.790 0.0000000000
64418  19.645  -17.059  -34.130 0.0000000000
73068  16.735  -6.438  -32.645 0.0000000000
72313  16.871  -6.873  -32.928 0.0000000000
115053  17.178  -6.559  -33.462 0.0000000000
77579  17.646  -0.377  -33.417 0.0000000000
116409  17.716  -1.286  -33.675 0.0000000000
77593  18.206  -0.851  -34.119 0.0000000000
77589  21.416  -0.758  -34.586 0.0000000000
119482  20.602  -0.813  -34.835 0.0000000000
76850  21.156  -1.380  -34.870 0.0000000000
76126  21.845  -2.241  -34.825 0.0000000000
76848  22.543  -1.774  -34.511 0.0000000000
116755  23.399  -2.018  -34.054 0.0000000000
77587  23.239  -1.329  -33.712 0.0000000000
78341  24.481  0.019  -33.207 0.0000000000
76835  24.524  -0.766  -33.218 0.0000000000
77573  25.561  -0.211  -33.697 0.0000000000
85227  19.579  10.676  -30.424 0.0000000000
120559  18.648  10.032  -30.085 0.0000000000
128109  19.065  9.827  -30.756 0.0000000000
125959  17.992  9.165  -31.687 0.0000000000
120337  18.906  9.266  -31.492 0.0000000000
83897  21.773  8.666  -31.826 0.0000000000
105353  19.839  8.706  -32.422 0.0000000000
120389  21.162  7.705  -32.307 0.0000000000
119705  22.360  -11.221  -34.947 0.0000000000
69322  22.961  -11.813  -35.306 0.0000000000
68548  24.665  -12.237  -36.328 0.0000000000
68549  24.179  -12.362  -36.109 0.0000000000
68547  24.939  -12.455  -36.401 0.0000000000
67779  24.650  -13.106  -36.242 0.0000000000
77531  13.472  -0.791  -30.631 0.0000000000
77549  14.603  -0.920  -31.766 0.0000000000
77564  15.264  -0.900  -32.087 0.0000000000
77547  15.626  -0.180  -31.729 0.0000000000
118843  16.496  2.669  -32.139 0.0000000000
79111  16.898  1.643  -32.531 0.0000000000
119590  17.031  2.415  -32.781 0.0000000000
119553  17.665  2.252  -33.514 0.0000000000
114379  26.665  -7.690  -37.377 0.0000000000
115598  16.747  -12.866  -32.540 0.0000000000
118282  17.244  -13.431  -33.077 0.0000000000
68508  17.549  -12.802  -33.401 0.0000000000
118415  18.547  -12.243  -34.073 0.0000000000
68535  19.038  -12.163  -34.448 0.0000000000
69313  18.850  -11.531  -34.535 0.0000000000
71539  17.353  -8.713  -33.175 0.0000000000
70811  17.605  -9.700  -33.537 0.0000000000
70819  18.881  -9.921  -34.822 0.0000000000
70828  19.546  -9.932  -35.292 0.0000000000
70076  19.718  -10.604  -35.244 0.0000000000
70075  20.354  -10.471  -35.290 0.0000000000
70826  20.381  -9.493  -35.434 0.0000000000
71550  21.203  -8.104  -35.210 0.0000000000
70818  21.631  -8.873  -34.756 0.0000000000
71548  23.231  -8.751  -34.407 0.0000000000
74609  17.092  -4.133  -32.934 0.0000000000
74608  17.583  -4.665  -33.701 0.0000000000
73880  17.842  -5.445  -34.138 0.0000000000
114711  18.516  -4.781  -34.522 0.0000000000
123464  18.456  -2.440  -34.386 0.0000000000
74633  20.843  -4.583  -35.641 0.0000000000
75412  19.859  -3.857  -35.179 0.0000000000
74634  20.273  -4.529  -35.494 0.0000000000
73896  19.908  -5.159  -35.470 0.0000000000
73895  20.568  -5.170  -35.626 0.0000000000
114675  20.804  -5.915  -35.501 0.0000000000
73097  21.314  -5.796  -35.367 0.0000000000
118107  23.457  -6.334  -34.408 0.0000000000
73082  22.738  -6.510  -34.577 0.0000000000
73081  23.924  -6.950  -34.235 0.0000000000
72317  24.605  -7.693  -34.398 0.0000000000
73095  25.613  -7.327  -34.919 0.0000000000
117091  25.953  -7.755  -35.608 0.0000000000
73094  26.177  -7.041  -35.462 0.0000000000
74631  26.637  -4.980  -35.383 0.0000000000
73903  26.674  -5.788  -36.285 0.0000000000
74651  26.695  -5.013  -37.242 0.0000000000
74655  26.708  -5.212  -37.978 0.0000000000
74650  26.699  -4.432  -38.082 0.0000000000
76113  25.749  -2.618  -33.986 0.0000000000
120352  17.094  7.794  -32.664 0.0000000000
120469  17.143  6.323  -34.240 0.0000000000
120361  16.332  6.893  -34.313 0.0000000000
81796  15.427  5.697  -33.395 0.0000000000
81143  15.229  4.615  -33.397 0.0000000000
105270  20.082  4.928  -33.565 0.0000000000
126404  18.674  4.484  -33.527 0.0000000000
80535  20.372  4.008  -33.645 0.0000000000
79876  19.829  3.434  -33.825 0.0000000000
120400  21.140  3.804  -33.551 0.0000000000
83894  25.274  8.326  -32.738 0.0000000000
83132  25.452  7.486  -32.622 0.0000000000
82471  26.681  5.793  -33.182 0.0000000000
119348  26.615  6.736  -33.323 0.0000000000
82467  26.255  6.243  -32.700 0.0000000000
82468  25.680  6.614  -32.473 0.0000000000
105477  25.057  5.947  -32.307 0.0000000000
122651  23.163  5.369  -32.402 0.0000000000
105284  24.764  4.977  -32.275 0.0000000000
120426  24.398  4.126  -32.333 0.0000000000
120494  24.893  3.354  -32.498 0.0000000000
124146  23.470  2.910  -32.460 0.0000000000
105387  24.250  2.636  -32.524 0.0000000000
79122  24.068  1.853  -32.822 0.0000000000
105455  25.193  2.711  -32.828 0.0000000000
105360  26.726  2.982  -34.893 0.0000000000
105473  26.597  2.239  -34.602 0.0000000000
105041  26.570  2.132  -35.502 0.0000000000
79147  26.553  1.557  -34.988 0.0000000000
66934  18.585  -14.075  -33.846 0.0000000000
66915  18.171  -14.587  -33.592 0.0000000000
66932  20.261  -14.680  -34.581 0.0000000000
66095  20.746  -15.669  -34.708 0.0000000000
65268  20.423  -16.357  -34.660 0.0000000000
67767  22.786  -13.882  -35.325 0.0000000000
117412  22.124  -14.019  -34.869 0.0000000000
120063  22.926  -15.518  -34.976 0.0000000000
66093  22.326  -15.661  -34.792 0.0000000000
123986  22.512  -16.025  -34.732 0.0000000000
105842  21.999  -16.356  -34.808 0.0000000000
65239  16.887  -16.515  -32.900 0.0000000000
64406  17.476  -16.766  -33.274 0.0000000000
65255  18.164  -16.229  -33.676 0.0000000000
65270  18.937  -15.769  -33.926 0.0000000000
78345  18.401  0.624  -34.099 0.0000000000
77592  18.701  -0.211  -34.354 0.0000000000
116150  19.276  0.103  -34.512 0.0000000000
78354  20.943  0.275  -34.349 0.0000000000
77577  21.965  -0.155  -34.129 0.0000000000
77576  22.841  -0.594  -33.594 0.0000000000
78343  22.616  0.344  -33.529 0.0000000000
78330  23.897  1.036  -33.223 0.0000000000
85226  20.267  11.109  -30.688 0.0000000000
84611  20.419  10.441  -31.498 0.0000000000
120353  19.785  9.622  -32.012 0.0000000000
83896  22.962  8.355  -32.003 0.0000000000
70072  24.052  -10.557  -35.200 0.0000000000
128040  23.974  -11.156  -35.519 0.0000000000
69321  24.466  -11.130  -35.828 0.0000000000
70082  25.087  -10.966  -36.349 0.0000000000
110771  25.183  -11.724  -36.589 0.0000000000
127712  16.492  3.224  -32.413 0.0000000000
120989  16.620  -19.187  -31.276 0.0000000000
63522  16.322  -18.934  -30.551 0.0000000000
61026  17.010  -21.495  -30.740 0.0000000000
111547  18.037  -21.471  -30.779 0.0000000000
62720  19.791  -18.942  -33.291 0.0000000000
62705  19.468  -19.405  -32.801 0.0000000000
68509  17.079  -12.242  -32.777 0.0000000000
123279  17.535  -12.124  -33.290 0.0000000000
69309  17.717  -11.494  -33.545 0.0000000000
113380  17.813  -7.896  -34.149 0.0000000000
71551  18.440  -8.944  -34.491 0.0000000000
71567  19.860  -9.181  -35.491 0.0000000000
123453  20.139  -9.147  -35.541 0.0000000000
71566  20.163  -8.427  -35.484 0.0000000000
72334  21.129  -7.187  -35.408 0.0000000000
76128  20.651  -2.587  -35.091 0.0000000000
76129  20.079  -3.170  -35.124 0.0000000000
118229  20.807  -3.419  -35.354 0.0000000000
125850  20.976  -4.066  -35.594 0.0000000000
74622  21.369  -4.586  -35.482 0.0000000000
121756  21.423  -5.281  -35.440 0.0000000000
73893  21.926  -5.206  -35.154 0.0000000000
73877  23.671  -5.764  -34.410 0.0000000000
73891  25.798  -6.477  -34.804 0.0000000000
74632  26.103  -5.485  -34.761 0.0000000000
76845  26.080  -1.234  -34.464 0.0000000000
76112  26.348  -2.129  -34.517 0.0000000000
76859  26.509  -1.518  -35.309 0.0000000000
76868  26.692  -1.735  -36.249 0.0000000000
105566  18.855  7.095  -33.448 0.0000000000
120331  17.839  7.533  -33.337 0.0000000000
105727  18.996  6.626  -33.623 0.0000000000
111218  18.602  6.155  -33.859 0.0000000000
120460  17.971  5.427  -33.873 0.0000000000
127179  19.670  5.723  -33.654 0.0000000000
120497  20.494  5.632  -33.642 0.0000000000
120532  25.714  5.149  -32.202 0.0000000000
81795  26.902  4.890  -33.093 0.0000000000
81142  27.064  4.093  -33.059 0.0000000000
120228  26.947  3.512  -33.012 0.0000000000
79871  26.617  3.083  -33.242 0.0000000000
124827  27.018  3.532  -34.417 0.0000000000
105457  26.838  3.662  -35.058 0.0000000000
66933  19.366  -14.287  -34.262 0.0000000000
67753  19.554  -13.569  -34.441 0.0000000000
67751  20.938  -14.376  -34.610 0.0000000000
66947  23.160  -14.412  -35.432 0.0000000000
66106  23.376  -14.935  -35.345 0.0000000000
66092  23.561  -15.419  -34.941 0.0000000000
63521  16.450  -18.236  -31.235 0.0000000000
62707  16.838  -18.571  -31.912 0.0000000000
117312  17.786  -19.488  -32.323 0.0000000000
61892  18.202  -20.159  -32.181 0.0000000000
63551  19.560  -18.339  -33.605 0.0000000000
64404  20.033  -17.741  -34.006 0.0000000000
64403  20.819  -17.843  -34.288 0.0000000000
122902  17.409  -8.020  -33.524 0.0000000000
72322  17.536  -7.049  -34.015 0.0000000000
76837  16.629  -2.038  -32.873 0.0000000000
76836  17.388  -2.015  -33.531 0.0000000000
76853  18.145  -1.788  -34.122 0.0000000000
126077  18.582  -1.846  -34.454 0.0000000000
77591  19.229  -0.530  -34.683 0.0000000000
76852  19.657  -1.203  -34.909 0.0000000000
76117  19.871  -2.225  -34.897 0.0000000000
76860  21.237  -2.037  -34.972 0.0000000000
76115  23.659  -2.809  -34.076 0.0000000000
118301  24.267  -2.244  -33.674 0.0000000000
76846  24.978  -2.023  -33.560 0.0000000000
77575  23.877  -0.755  -33.017 0.0000000000
76834  24.995  -1.062  -33.566 0.0000000000
76833  25.569  -0.873  -33.850 0.0000000000
118306  26.047  0.025  -34.994 0.0000000000
128183  26.207  0.283  -35.542 0.0000000000
105249  18.243  8.769  -32.234 0.0000000000
105239  19.513  7.957  -32.647 0.0000000000
105339  20.503  7.015  -32.912 0.0000000000
105269  21.432  6.733  -32.542 0.0000000000
69324  20.773  -11.503  -34.940 0.0000000000
68532  21.357  -12.438  -34.838 0.0000000000
68531  22.537  -12.528  -35.221 0.0000000000
115052  23.109  -13.196  -35.531 0.0000000000
112058  23.912  -11.715  -35.735 0.0000000000
67766  23.826  -13.039  -36.023 0.0000000000
114486  24.137  -13.515  -36.067 0.0000000000
76810  15.021  -1.717  -32.224 0.0000000000
76825  16.079  -1.245  -32.421 0.0000000000
77562  16.822  -0.319  -32.646 0.0000000000
78320  16.053  0.652  -31.729 0.0000000000
78332  16.573  0.699  -32.280 0.0000000000
78346  17.889  0.642  -33.590 0.0000000000
79126  18.064  1.412  -33.886 0.0000000000
79139  19.153  1.446  -34.382 0.0000000000
79884  20.113  2.185  -34.150 0.0000000000
114172  18.774  -20.421  -31.926 0.0000000000
71575  25.909  -8.881  -37.168 0.0000000000
70832  25.775  -9.700  -37.231 0.0000000000
117367  26.436  -9.455  -37.563 0.0000000000
116425  17.684  -14.506  -33.290 0.0000000000
67755  18.391  -13.449  -33.752 0.0000000000
68519  18.203  -12.873  -33.717 0.0000000000
68534  19.557  -12.135  -34.729 0.0000000000
70067  17.900  -10.687  -33.922 0.0000000000
70066  18.557  -10.762  -34.490 0.0000000000
110544  21.389  -10.888  -34.955 0.0000000000
70073  22.122  -10.526  -34.786 0.0000000000
70825  20.978  -9.103  -35.102 0.0000000000
70065  21.796  -9.661  -34.739 0.0000000000
70064  22.941  -10.190  -34.706 0.0000000000
70816  23.655  -9.674  -34.644 0.0000000000
70824  24.586  -9.798  -35.091 0.0000000000
71563  25.021  -9.111  -34.853 0.0000000000
73868  16.830  -5.480  -32.581 0.0000000000
73074  17.239  -5.677  -33.374 0.0000000000
76105  16.978  -2.702  -33.283 0.0000000000
75385  17.280  -3.286  -33.535 0.0000000000
76130  19.421  -3.303  -34.865 0.0000000000
75413  19.121  -3.756  -34.763 0.0000000000
125632  18.854  -4.183  -34.655 0.0000000000
112104  19.437  -5.842  -35.217 0.0000000000
73098  20.388  -6.645  -35.528 0.0000000000
127047  20.856  -6.707  -35.500 0.0000000000
72320  21.740  -7.291  -34.956 0.0000000000
115318  21.907  -5.814  -35.096 0.0000000000
72319  22.443  -7.037  -34.627 0.0000000000
117663  22.794  -7.805  -34.412 0.0000000000
71547  24.138  -8.312  -34.316 0.0000000000
117416  25.185  -8.408  -34.753 0.0000000000
71562  25.482  -8.895  -35.707 0.0000000000
72332  25.839  -8.369  -36.307 0.0000000000
73107  26.444  -6.676  -35.999 0.0000000000
73115  26.514  -6.729  -36.910 0.0000000000
73121  26.917  -6.722  -37.844 0.0000000000
75394  25.538  -3.601  -34.149 0.0000000000
120090  26.737  -3.957  -35.102 0.0000000000
109281  26.788  -3.979  -36.064 0.0000000000
105553  16.672  7.406  -33.701 0.0000000000
80529  16.010  3.945  -32.972 0.0000000000
80538  17.124  3.951  -32.906 0.0000000000
80537  17.742  4.418  -33.331 0.0000000000
79877  17.896  3.126  -33.462 0.0000000000
127719  19.753  2.798  -34.011 0.0000000000
108548  23.574  9.178  -31.856 0.0000000000
83895  23.860  8.425  -32.288 0.0000000000
120768  23.576  7.866  -32.396 0.0000000000
105225  22.825  7.524  -32.318 0.0000000000
120454  22.424  6.724  -32.437 0.0000000000
105401  24.755  6.912  -32.455 0.0000000000
105416  24.113  6.354  -32.378 0.0000000000
107392  23.069  6.099  -32.436 0.0000000000
105069  22.253  5.440  -32.811 0.0000000000
120325  22.103  4.812  -32.951 0.0000000000
120537  23.378  4.079  -32.326 0.0000000000
120397  22.420  3.998  -32.693 0.0000000000
105255  21.848  3.496  -33.267 0.0000000000
125127  22.013  2.713  -33.307 0.0000000000
117536  21.744  2.080  -33.559 0.0000000000
79123  23.244  1.586  -33.069 0.0000000000
78329  24.796  1.290  -33.263 0.0000000000
79872  26.036  2.379  -33.773 0.0000000000
79121  25.659  1.281  -33.669 0.0000000000
78353  26.210  0.779  -35.095 0.0000000000
105038  26.157  2.409  -36.537 0.0000000000
105037  26.183  1.701  -36.497 0.0000000000
105035  26.091  0.940  -37.144 0.0000000000
65269  19.648  -16.383  -34.321 0.0000000000
64416  21.147  -17.271  -34.686 0.0000000000
67768  21.313  -13.857  -34.665 0.0000000000
66108  22.074  -15.114  -34.783 0.0000000000
65267  21.260  -16.544  -34.807 0.0000000000
64415  21.803  -17.105  -34.737 0.0000000000
109337  21.505  -17.706  -34.323 0.0000000000
70090  25.976  -10.637  -37.334 0.0000000000
69345  26.417  -11.155  -37.434 0.0000000000
66948  22.485  -14.509  -35.055 0.0000000000
69335  25.840  -11.392  -37.046 0.0000000000
71576  25.609  -9.047  -36.713 0.0000000000
73084  21.255  -6.490  -35.350 0.0000000000
73096  24.903  -7.343  -34.562 0.0000000000
73897  19.213  -5.196  -35.000 0.0000000000
74623  18.287  -3.887  -34.321 0.0000000000
75397  21.929  -3.979  -34.958 0.0000000000
75398  21.853  -3.096  -34.827 0.0000000000
75399  18.720  -3.160  -34.546 0.0000000000
76849  21.819  -1.485  -34.711 0.0000000000
77548  15.129  -0.553  -31.617 0.0000000000
77586  25.857  -0.442  -34.327 0.0000000000
78331  17.285  0.654  -32.911 0.0000000000
78356  19.557  0.752  -34.527 0.0000000000
79137  20.516  1.374  -34.250 0.0000000000
79140  18.606  1.264  -34.223 0.0000000000
79868  15.638  3.580  -32.331 0.0000000000
79873  22.527  2.153  -33.153 0.0000000000
79875  20.472  3.025  -33.764 0.0000000000
79885  19.398  2.227  -34.230 0.0000000000
80528  26.779  3.778  -32.684 0.0000000000
80533  27.188  3.634  -33.672 0.0000000000
80536  19.524  4.190  -33.621 0.0000000000
105061  26.017  2.757  -32.986 0.0000000000
105067  26.180  4.564  -32.273 0.0000000000
105071  23.946  3.367  -32.301 0.0000000000
105253  15.628  6.334  -33.587 0.0000000000
105388  16.157  6.297  -34.441 0.0000000000
105402  22.791  4.758  -32.502 0.0000000000
105411  26.365  5.284  -32.527 0.0000000000
105433  22.630  2.980  -32.765 0.0000000000
105458  15.777  5.464  -33.827 0.0000000000
105567  26.533  3.300  -32.732 0.0000000000
108952  25.142  -4.588  -34.272 0.0000000000
109483  22.468  -1.252  -34.256 0.0000000000
109804  27.249  4.871  -34.447 0.0000000000
111263  26.641  4.403  -32.592 0.0000000000
114482  19.037  -1.925  -34.697 0.0000000000
115569  25.802  2.667  -37.395 0.0000000000
118322  26.129  -8.231  -37.017 0.0000000000
120296  20.943  4.758  -33.679 0.0000000000
120356  15.621  7.240  -33.303 0.0000000000
120398  21.662  5.210  -33.299 0.0000000000
120399  20.953  6.331  -33.237 0.0000000000
120422  24.668  2.198  -33.030 0.0000000000
120495  26.340  3.856  -32.387 0.0000000000
120507  18.737  7.820  -32.819 0.0000000000
127512  24.480  -13.546  -36.066 0.0000000000
