#!ascii label  , from subject sub-024 vox2ras=TkReg
1546
20907  20.683  -62.745  -12.923 0.8999999762
20189  20.423  -63.549  -13.359 0.8000000119
100465  21.009  -62.949  -14.168 0.8000000119
19467  20.289  -64.325  -14.949 0.6999999881
20226  20.420  -63.886  -15.551 0.8000000119
20908  19.910  -62.610  -12.130 0.8999999762
114497  21.095  -62.250  -13.450 1.0000000000
20924  21.117  -61.922  -14.227 1.0000000000
100127  20.847  -62.148  -15.061 0.8999999762
111656  20.757  -62.863  -15.204 0.8000000119
20967  19.846  -63.000  -16.453 0.8000000119
20957  20.282  -62.315  -15.942 0.8999999762
20237  19.725  -63.693  -16.988 0.8000000119
20978  19.220  -62.922  -17.170 0.6999999881
102864  18.444  -62.973  -17.680 0.6999999881
20892  18.999  -62.379  -11.540 0.8000000119
21642  19.828  -61.860  -11.794 0.8999999762
21628  19.038  -61.468  -11.389 0.8999999762
20894  17.022  -62.174  -11.483 0.8999999762
21655  21.013  -61.954  -12.750 0.8999999762
21654  21.262  -61.469  -13.429 1.0000000000
22484  20.335  -60.240  -15.394 1.0000000000
98757  20.089  -60.684  -15.929 0.8999999762
21683  19.809  -61.364  -16.358 0.8999999762
20968  19.475  -62.156  -16.769 0.8000000119
21708  18.152  -61.593  -17.537 0.6999999881
22419  20.566  -60.703  -11.764 0.8999999762
21627  19.909  -61.070  -11.547 0.8999999762
109034  19.134  -60.636  -11.273 0.8999999762
106712  18.150  -60.925  -11.175 0.8999999762
22422  17.274  -60.674  -11.147 0.8999999762
21641  20.626  -61.412  -12.126 0.8999999762
21640  21.198  -61.281  -12.683 0.8999999762
21668  21.136  -61.232  -14.279 1.0000000000
22501  19.309  -60.515  -16.363 0.8000000119
21695  18.868  -61.249  -16.999 0.8000000119
22516  17.927  -60.828  -17.423 0.8000000119
96662  17.517  -59.864  -17.370 0.8000000119
22517  16.974  -60.634  -17.709 0.8000000119
108555  16.627  -59.914  -17.674 0.8000000119
22421  18.454  -60.258  -11.080 0.8999999762
101309  16.776  -60.091  -11.129 0.8999999762
22424  15.811  -60.209  -11.548 0.8999999762
22420  20.061  -60.172  -11.372 0.8999999762
23262  16.247  -59.411  -11.224 0.8000000119
22425  14.867  -60.070  -11.994 0.8000000119
22435  21.101  -60.708  -12.268 0.8999999762
101993  15.831  -58.724  -11.260 0.6999999881
23274  14.147  -59.938  -12.432 0.6999999881
23273  21.381  -59.980  -12.457 0.8999999762
23265  13.814  -59.349  -11.972 0.6999999881
23266  13.043  -59.238  -11.979 0.6999999881
23287  21.554  -59.852  -13.451 1.0000000000
24135  12.634  -58.411  -11.638 0.6000000238
22452  21.332  -60.673  -13.896 1.0000000000
23300  21.315  -59.358  -14.291 1.0000000000
23301  20.811  -59.820  -14.888 1.0000000000
23316  20.061  -59.539  -15.331 1.0000000000
22485  19.621  -59.984  -15.777 0.8999999762
24167  20.580  -58.944  -14.854 1.0000000000
23317  19.379  -59.271  -15.743 0.8999999762
23336  18.951  -59.698  -16.268 0.8000000119
23337  18.180  -59.246  -16.840 0.8000000119
23351  17.402  -59.052  -17.219 0.8000000119
23352  16.732  -59.243  -17.480 0.8000000119
25034  16.232  -57.945  -17.377 0.8000000119
24217  16.842  -58.508  -17.286 0.8000000119
113959  15.714  -57.508  -17.412 0.8000000119
106854  17.677  -60.159  -10.990 0.8999999762
23259  19.779  -59.333  -11.028 0.8999999762
23260  18.219  -59.662  -10.851 0.8999999762
23261  17.257  -59.246  -10.882 0.8999999762
110293  16.499  -58.753  -11.051 0.8999999762
23258  20.956  -60.080  -11.766 0.8999999762
23264  14.584  -59.393  -11.808 0.6999999881
24128  21.332  -59.318  -11.880 0.8999999762
24133  14.239  -58.652  -11.515 0.6000000238
24134  13.447  -58.560  -11.585 0.6000000238
24144  21.640  -59.158  -12.630 1.0000000000
24938  12.332  -57.519  -11.628 0.5000000000
24156  21.657  -58.877  -13.534 1.0000000000
25744  12.166  -56.775  -11.789 0.5000000000
24166  21.269  -58.493  -14.293 1.0000000000
24973  20.411  -57.569  -14.935 1.0000000000
24182  19.837  -58.912  -15.340 1.0000000000
24183  19.306  -58.410  -15.718 0.8999999762
24199  18.569  -58.129  -16.271 0.8999999762
112835  18.219  -58.542  -16.624 0.8000000119
24200  17.606  -58.486  -16.977 0.8000000119
25012  18.230  -57.355  -16.288 0.8999999762
25013  17.452  -57.180  -16.664 0.8000000119
103240  17.512  -55.772  -16.456 0.8999999762
112972  16.761  -56.996  -16.904 0.8000000119
25015  15.530  -56.830  -17.338 0.8000000119
114016  15.594  -54.994  -16.819 0.8000000119
25808  15.206  -55.781  -17.226 0.8000000119
24130  20.361  -58.690  -10.979 0.8999999762
24132  16.276  -58.062  -11.092 0.6999999881
103381  15.510  -57.928  -11.242 0.8000000119
100380  21.653  -58.508  -11.988 0.8999999762
24932  20.823  -58.007  -10.843 0.8999999762
105648  14.682  -57.902  -11.287 0.6999999881
24936  13.877  -57.852  -11.318 0.6000000238
24937  13.110  -57.698  -11.485 0.6000000238
108619  14.304  -57.231  -11.369 0.6999999881
101203  13.628  -57.029  -11.454 0.6000000238
110935  12.859  -56.840  -11.616 0.5000000000
103027  21.709  -58.026  -13.680 1.0000000000
25750  12.553  -55.984  -11.956 0.5000000000
25751  11.628  -56.393  -12.193 0.5000000000
106134  20.738  -58.170  -14.721 1.0000000000
25776  19.960  -56.956  -15.197 1.0000000000
24992  18.963  -57.570  -15.873 0.8999999762
26503  20.995  -56.036  -14.802 1.0000000000
25790  20.208  -56.236  -15.159 0.8999999762
25791  19.480  -56.448  -15.475 0.8999999762
25792  18.716  -56.710  -15.850 0.8999999762
100674  19.007  -55.997  -15.624 0.8999999762
26527  18.338  -55.874  -16.009 0.8999999762
26528  17.170  -55.097  -16.569 0.8999999762
26529  16.683  -55.694  -16.708 0.8999999762
26517  18.992  -55.207  -15.703 0.8999999762
26518  18.009  -54.922  -16.283 0.8999999762
104006  16.386  -54.808  -16.618 0.8999999762
112677  17.222  -54.298  -16.430 0.8999999762
24116  19.481  -58.624  -10.690 0.8999999762
23252  18.118  -59.031  -10.697 0.8999999762
24131  17.004  -58.291  -10.862 0.8999999762
101340  18.264  -57.907  -10.550 0.8999999762
24934  16.805  -57.497  -10.906 1.0000000000
24935  16.054  -57.152  -11.180 0.8000000119
25738  20.213  -57.420  -10.494 0.8999999762
24949  22.027  -57.642  -12.158 0.8999999762
24931  21.509  -57.880  -11.347 0.8999999762
106040  15.067  -56.980  -11.339 0.6999999881
25742  14.259  -56.454  -11.580 0.6999999881
25743  13.480  -56.166  -11.801 0.5000000000
24961  22.124  -57.556  -13.123 1.0000000000
26488  13.373  -55.373  -12.103 0.5000000000
26489  12.539  -55.188  -12.236 0.5000000000
24971  21.843  -57.327  -13.843 1.0000000000
25774  21.643  -56.619  -14.296 1.0000000000
26501  22.340  -55.128  -14.205 1.0000000000
26502  21.719  -55.695  -14.460 1.0000000000
26515  20.401  -55.437  -15.170 1.0000000000
111582  21.117  -55.376  -14.812 1.0000000000
27264  21.623  -54.922  -14.641 1.0000000000
27277  20.169  -54.768  -15.300 0.8999999762
27279  18.707  -54.260  -15.939 0.8999999762
29457  14.748  -51.451  -19.696 0.6999999881
29458  14.092  -51.117  -19.278 0.8000000119
29450  13.778  -50.941  -18.721 0.8000000119
25737  21.217  -57.146  -10.705 0.8999999762
25728  20.361  -56.516  -10.376 1.0000000000
25729  19.361  -56.827  -10.347 1.0000000000
25731  17.827  -56.364  -10.559 1.0000000000
111013  16.708  -56.812  -10.985 0.6999999881
25740  16.320  -56.318  -11.204 0.6999999881
25736  21.854  -56.522  -11.108 0.8999999762
96689  14.981  -55.854  -11.592 0.6999999881
25761  22.208  -56.810  -13.495 1.0000000000
24948  22.321  -57.031  -12.718 0.8999999762
102134  21.842  -57.225  -11.377 0.8999999762
27250  12.363  -54.603  -12.313 0.4000000060
25773  22.261  -55.984  -13.877 1.0000000000
27973  21.244  -54.112  -14.786 1.0000000000
27974  20.275  -53.991  -15.245 1.0000000000
107540  20.882  -53.242  -14.994 1.0000000000
29429  14.826  -51.384  -17.258 0.8999999762
30157  16.219  -50.724  -19.089 0.6000000238
103040  15.224  -50.889  -19.632 0.6000000238
101497  14.574  -50.881  -19.646 0.8000000119
29459  13.934  -50.457  -18.907 0.8000000119
29439  13.950  -50.974  -18.223 0.8999999762
29430  14.415  -50.890  -17.623 0.8999999762
25739  17.095  -56.116  -10.927 0.8000000119
111719  16.511  -55.676  -11.195 0.6999999881
26479  15.450  -55.020  -11.628 0.6999999881
27242  14.414  -54.188  -12.126 0.6000000238
113087  13.299  -53.830  -12.070 0.4000000060
25760  22.469  -56.208  -12.830 1.0000000000
25749  22.232  -56.794  -11.958 0.8999999762
26495  22.628  -55.291  -13.408 1.0000000000
27263  22.200  -54.310  -14.454 1.0000000000
27972  21.746  -53.463  -14.616 1.0000000000
28729  21.389  -52.777  -14.782 1.0000000000
28730  20.702  -52.278  -15.159 1.0000000000
30128  15.949  -50.869  -16.828 0.8999999762
30872  15.747  -50.123  -16.942 0.8999999762
30129  15.181  -50.731  -17.181 0.8999999762
30131  14.032  -50.331  -18.002 0.8999999762
30156  17.242  -50.202  -18.613 0.6000000238
97488  15.577  -50.053  -19.409 0.6000000238
30903  15.096  -49.624  -19.508 0.8000000119
30904  14.480  -49.658  -19.383 0.8000000119
30139  13.877  -50.419  -18.527 0.8999999762
103869  19.510  -55.933  -10.298 0.8999999762
25730  18.596  -56.189  -10.389 0.8999999762
26469  17.893  -55.480  -10.606 0.6999999881
26467  19.527  -55.048  -10.381 0.8999999762
26468  18.800  -55.442  -10.422 0.8999999762
26478  16.230  -55.030  -11.307 0.6000000238
26475  21.898  -55.702  -10.968 1.0000000000
26476  21.220  -56.131  -10.567 1.0000000000
27240  15.912  -54.286  -11.552 0.6000000238
27241  15.112  -54.238  -11.898 0.6000000238
27956  14.233  -53.597  -12.151 0.5000000000
26486  22.625  -55.371  -12.346 1.0000000000
25735  22.307  -56.006  -11.743 1.0000000000
27955  23.178  -53.938  -12.337 1.0000000000
27256  22.909  -54.393  -13.854 1.0000000000
27966  22.667  -53.604  -14.309 1.0000000000
105039  22.134  -52.839  -14.510 1.0000000000
105628  21.610  -52.165  -14.775 1.0000000000
29403  21.112  -51.461  -15.100 1.0000000000
29410  20.254  -51.387  -15.401 1.0000000000
101270  19.711  -52.058  -15.588 1.0000000000
29411  19.420  -51.292  -15.706 1.0000000000
29412  18.608  -51.319  -16.047 1.0000000000
30118  18.271  -50.694  -16.203 1.0000000000
29413  17.808  -51.405  -16.309 0.8999999762
28743  18.111  -52.051  -16.113 0.8999999762
29427  16.283  -51.556  -16.564 0.8999999762
30873  14.796  -49.418  -17.476 0.8999999762
100200  13.662  -49.000  -18.797 0.8999999762
108916  18.113  -48.438  -19.329 0.6000000238
30901  17.474  -49.396  -18.907 0.6000000238
105466  16.810  -48.870  -19.190 0.6000000238
30902  16.489  -49.688  -19.024 0.6000000238
105047  14.831  -48.957  -19.512 0.8000000119
101204  13.641  -49.099  -18.999 0.8000000119
26466  20.415  -55.569  -10.327 0.8999999762
27232  18.555  -54.574  -10.516 0.6999999881
26477  17.009  -55.193  -11.034 0.6000000238
109677  16.746  -54.356  -11.288 0.6000000238
27947  22.412  -54.116  -10.887 0.8999999762
27949  16.428  -53.581  -11.505 0.6000000238
27950  15.598  -53.513  -11.792 0.5000000000
27237  22.748  -54.630  -11.714 1.0000000000
27247  23.015  -54.648  -12.849 1.0000000000
27946  22.907  -53.833  -11.516 0.8999999762
27246  23.266  -53.991  -13.206 1.0000000000
27965  23.199  -53.512  -13.756 1.0000000000
28722  22.973  -52.877  -14.219 1.0000000000
28728  22.520  -52.192  -14.511 1.0000000000
29402  22.010  -51.488  -14.831 1.0000000000
30110  21.507  -50.764  -15.164 1.0000000000
30111  20.669  -50.709  -15.325 1.0000000000
30116  19.887  -50.614  -15.494 1.0000000000
101890  18.724  -49.943  -15.953 1.0000000000
30863  17.889  -50.005  -16.302 1.0000000000
30870  16.839  -49.140  -16.657 0.8999999762
30871  16.272  -49.575  -16.787 0.8999999762
31668  14.932  -48.622  -17.533 0.8999999762
33321  13.762  -47.193  -18.309 0.8999999762
32503  18.158  -47.717  -19.475 0.6000000238
31681  17.288  -48.149  -19.403 0.6000000238
31682  16.282  -48.266  -19.557 0.6000000238
32505  15.939  -47.588  -19.803 0.6999999881
32506  14.979  -47.523  -19.770 0.6999999881
31684  14.379  -48.205  -19.652 0.6999999881
31674  13.411  -48.297  -19.068 0.8000000119
32491  13.396  -47.444  -18.822 0.8999999762
31680  18.972  -48.419  -19.558 0.6000000238
33353  14.595  -46.683  -19.675 0.6999999881
100775  13.671  -48.039  -19.407 0.8000000119
97161  13.435  -47.237  -19.131 0.8999999762
27233  17.535  -54.501  -10.820 0.6999999881
27933  20.916  -53.623  -10.106 0.8999999762
27230  20.446  -54.535  -10.249 0.8000000119
27231  19.445  -54.269  -10.326 0.6999999881
27932  21.873  -53.500  -10.429 0.8000000119
28715  23.464  -52.366  -12.727 0.8999999762
27945  23.200  -53.086  -11.903 0.8000000119
103648  23.335  -52.726  -13.610 1.0000000000
28727  23.227  -52.182  -14.176 1.0000000000
29401  22.941  -51.534  -14.558 1.0000000000
30109  22.460  -50.801  -14.903 1.0000000000
30853  21.894  -50.072  -15.206 1.0000000000
30854  21.019  -50.047  -15.327 1.0000000000
31660  19.679  -48.691  -15.658 1.0000000000
30861  19.608  -49.767  -15.579 1.0000000000
30862  18.391  -49.258  -16.214 1.0000000000
31665  17.245  -48.270  -16.707 0.8999999762
31666  16.327  -48.574  -16.998 0.8999999762
100673  15.615  -48.398  -17.333 0.8999999762
33309  14.468  -47.306  -17.914 0.8999999762
108562  16.687  -47.650  -19.636 0.6000000238
33352  15.639  -46.766  -19.889 0.6999999881
33332  13.408  -46.545  -18.797 0.8999999762
32502  19.072  -47.477  -19.566 0.6000000238
33372  15.159  -45.837  -20.017 0.6999999881
33373  14.263  -45.969  -19.653 0.6999999881
27935  18.868  -53.550  -10.347 0.6999999881
27936  17.491  -53.069  -10.770 0.6000000238
27934  19.895  -53.637  -10.094 0.8000000119
113551  18.140  -53.093  -10.414 0.6999999881
28690  22.135  -52.711  -10.581 0.6999999881
28706  23.301  -52.268  -11.852 0.6999999881
29388  23.514  -51.586  -12.123 0.6999999881
30101  23.837  -50.828  -13.657 0.8000000119
106269  23.760  -50.287  -14.236 0.8000000119
30108  23.371  -50.869  -14.490 0.8000000119
30852  22.965  -50.037  -14.877 0.8999999762
31650  22.128  -49.339  -15.188 0.8999999762
30859  21.354  -49.474  -15.307 1.0000000000
30860  20.528  -49.285  -15.397 1.0000000000
31661  18.880  -48.554  -16.076 1.0000000000
32478  18.628  -47.664  -16.356 1.0000000000
32473  19.913  -47.776  -15.836 1.0000000000
104408  17.895  -47.705  -16.609 1.0000000000
32479  17.392  -47.219  -16.875 1.0000000000
32480  16.688  -47.559  -17.060 0.8999999762
113884  16.375  -47.107  -17.249 0.8999999762
32481  15.943  -47.598  -17.343 0.8999999762
33319  15.340  -46.174  -17.803 0.8999999762
104361  18.338  -46.936  -19.574 0.6000000238
114884  17.871  -47.191  -19.560 0.6000000238
33351  16.677  -46.875  -19.865 0.6000000238
34166  13.808  -46.034  -18.517 0.8999999762
101715  13.308  -46.257  -19.002 0.8999999762
100638  15.965  -45.250  -20.556 0.6999999881
33374  13.612  -45.819  -19.303 0.8999999762
35151  13.662  -45.072  -19.299 0.8999999762
110003  20.904  -52.305  -9.971 0.6999999881
115578  19.448  -52.989  -10.038 0.6000000238
28693  18.682  -52.587  -10.019 0.6000000238
28694  17.773  -52.474  -10.257 0.6000000238
29359  22.370  -51.948  -10.772 0.6999999881
28671  20.282  -51.993  -9.856 0.6000000238
29378  23.083  -51.744  -11.338 0.6999999881
30094  23.818  -50.653  -12.475 0.6999999881
30851  23.817  -49.640  -14.440 0.8000000119
31649  23.054  -49.191  -14.978 0.8000000119
31657  22.339  -48.647  -15.285 0.8000000119
99517  21.141  -48.000  -15.557 1.0000000000
108578  21.834  -48.040  -15.500 0.8000000119
32474  19.287  -47.973  -15.968 1.0000000000
97953  18.113  -46.951  -16.653 1.0000000000
33303  19.324  -46.202  -16.519 1.0000000000
108530  18.754  -46.815  -16.476 1.0000000000
33305  17.644  -46.378  -17.019 1.0000000000
34162  17.385  -45.307  -17.610 1.0000000000
34163  16.455  -45.286  -17.716 1.0000000000
34164  15.505  -45.381  -17.911 0.8999999762
99014  17.602  -46.711  -19.722 0.6000000238
34165  14.560  -45.660  -18.204 0.8999999762
33349  19.100  -46.570  -19.612 0.6000000238
33350  18.191  -45.969  -19.817 0.6000000238
33370  17.209  -45.992  -20.135 0.6999999881
35114  13.873  -45.249  -18.552 0.8999999762
34198  16.813  -45.296  -20.660 0.6999999881
34199  15.168  -44.976  -20.291 0.6999999881
35150  14.136  -44.428  -19.604 0.8999999762
28673  18.969  -51.767  -9.692 0.5000000000
29361  21.042  -51.662  -9.971 0.6000000238
29338  20.312  -51.130  -9.759 0.5000000000
29379  22.728  -51.185  -10.754 0.6999999881
29360  21.884  -51.418  -10.296 0.6999999881
30087  23.395  -50.946  -11.405 0.6999999881
30839  24.168  -49.631  -12.299 0.6999999881
30845  24.120  -49.915  -13.421 0.6999999881
30850  24.411  -49.126  -13.951 0.6999999881
31648  23.962  -48.931  -14.774 0.8000000119
31656  23.276  -48.500  -15.268 0.8000000119
32469  23.365  -47.687  -15.645 0.8000000119
113055  22.606  -48.078  -15.513 0.8000000119
33292  22.809  -46.874  -15.996 0.8000000119
33293  21.864  -46.819  -16.087 0.8000000119
33294  20.926  -46.724  -16.179 0.8999999762
32476  20.057  -46.945  -16.176 1.0000000000
33301  21.516  -46.259  -16.412 0.8000000119
34138  20.844  -45.842  -16.583 0.8999999762
34139  19.969  -45.645  -16.724 1.0000000000
34140  18.706  -45.614  -16.926 1.0000000000
34141  17.953  -45.753  -17.209 1.0000000000
35111  16.767  -44.773  -17.965 1.0000000000
35112  15.704  -44.620  -18.147 0.8999999762
36022  14.851  -44.114  -18.595 0.8999999762
112436  15.489  -43.877  -18.498 0.8999999762
36037  14.515  -43.657  -18.989 0.8999999762
34182  19.091  -45.656  -19.821 0.6000000238
34197  17.684  -45.082  -20.559 0.6000000238
112892  16.465  -44.707  -20.938 0.6999999881
35149  14.766  -44.183  -20.272 0.8000000119
102105  14.422  -43.614  -19.667 0.8999999762
34194  19.906  -45.223  -19.899 0.6000000238
35147  17.110  -44.525  -21.100 0.6999999881
35162  16.498  -43.902  -21.323 0.6999999881
108435  14.803  -43.189  -20.343 0.8000000119
36049  14.612  -43.280  -19.308 0.8999999762
36060  15.578  -43.581  -20.888 0.6999999881
36061  14.694  -42.814  -19.749 0.8999999762
30069  21.308  -50.863  -9.922 0.5000000000
30049  19.834  -50.337  -9.603 0.5000000000
30067  23.028  -50.356  -10.740 0.6999999881
30048  20.738  -50.238  -9.644 0.5000000000
99810  23.682  -50.040  -11.445 0.6999999881
30844  24.564  -49.005  -12.996 0.6999999881
31647  24.580  -48.434  -14.383 0.6999999881
33291  23.867  -47.025  -15.986 0.8000000119
33299  23.310  -46.479  -16.475 0.8000000119
33300  22.310  -46.263  -16.495 0.8000000119
34137  21.664  -45.709  -16.763 0.8000000119
34159  20.563  -45.205  -17.016 0.8999999762
115292  19.297  -45.500  -16.847 1.0000000000
35109  18.542  -44.787  -17.736 1.0000000000
35110  17.685  -44.860  -17.883 1.0000000000
108643  22.281  -45.827  -16.865 0.8000000119
114718  21.099  -45.432  -16.820 0.8000000119
35108  19.443  -44.603  -17.677 0.8999999762
35120  17.993  -44.314  -18.235 1.0000000000
35121  17.146  -44.284  -18.229 1.0000000000
35119  18.832  -44.162  -18.231 0.8999999762
36035  16.748  -43.558  -18.566 1.0000000000
36021  16.264  -44.078  -18.313 1.0000000000
36848  15.596  -42.515  -19.166 1.0000000000
36849  14.805  -42.992  -19.164 0.8999999762
37737  15.531  -42.027  -19.571 0.8999999762
34196  18.454  -45.184  -20.219 0.6000000238
35146  18.404  -44.427  -20.777 0.6000000238
37761  15.521  -41.514  -20.169 0.8999999762
109314  17.702  -44.281  -21.131 0.6999999881
35161  17.327  -43.717  -21.497 0.6999999881
105020  16.947  -43.034  -21.783 0.6999999881
36075  15.434  -42.710  -20.800 0.6999999881
111347  15.331  -42.004  -20.600 0.8000000119
36894  16.651  -42.315  -21.903 0.6999999881
36896  15.467  -41.548  -20.439 0.8000000119
38714  15.637  -40.066  -20.552 0.8999999762
37777  16.299  -41.566  -21.702 0.6999999881
30068  22.194  -50.613  -10.289 0.6000000238
100845  21.625  -50.035  -9.895 0.5000000000
111413  23.834  -49.022  -11.463 0.6999999881
30825  23.168  -49.456  -10.754 0.5000000000
113121  24.818  -48.376  -13.012 0.6999999881
31636  24.601  -48.232  -12.435 0.6999999881
31642  24.790  -48.452  -13.576 0.6999999881
32462  25.087  -47.827  -14.008 0.6999999881
33284  25.194  -47.142  -14.677 0.6999999881
112854  24.701  -47.815  -14.718 0.6999999881
33290  24.852  -46.858  -15.652 0.6999999881
32468  24.422  -47.503  -15.388 0.6999999881
33298  24.355  -46.523  -16.407 0.8000000119
34135  23.850  -46.140  -17.121 0.8000000119
34136  22.896  -45.977  -17.009 0.8000000119
35106  21.826  -44.652  -17.704 0.8000000119
34156  23.351  -45.488  -17.524 0.8000000119
36018  22.315  -43.985  -18.140 0.8000000119
35107  20.913  -44.642  -17.560 0.8000000119
35118  19.614  -43.869  -18.323 0.8999999762
36033  18.251  -43.520  -18.638 0.8999999762
115431  17.505  -43.789  -18.490 1.0000000000
36031  21.809  -43.326  -18.537 0.8000000119
36019  21.322  -44.010  -18.112 0.8000000119
36847  16.457  -42.729  -18.979 1.0000000000
36846  17.248  -42.278  -19.256 1.0000000000
104951  16.220  -41.798  -19.492 1.0000000000
37750  15.731  -40.983  -20.191 0.8999999762
106983  15.830  -41.279  -19.853 1.0000000000
106086  17.289  -42.338  -22.136 0.6999999881
37776  17.008  -41.789  -22.182 0.8000000119
37796  15.907  -40.718  -21.479 0.8000000119
102123  25.044  -47.767  -13.086 0.6999999881
32450  25.188  -46.845  -12.728 0.6999999881
32461  25.279  -47.028  -13.628 0.6999999881
102836  25.635  -46.383  -15.154 0.6999999881
33297  25.237  -46.241  -16.081 0.6999999881
34134  24.776  -45.983  -16.885 0.6999999881
34133  25.532  -45.643  -16.502 0.6999999881
34155  24.333  -45.514  -17.502 0.8000000119
36017  23.326  -44.009  -18.166 0.8000000119
36029  23.825  -43.322  -18.406 0.8000000119
36030  22.812  -43.287  -18.423 0.8000000119
98191  19.833  -42.978  -18.733 0.8999999762
111003  19.085  -43.477  -18.579 0.8999999762
115435  20.601  -42.552  -18.837 0.8000000119
36861  19.388  -42.112  -19.149 0.8999999762
100220  18.026  -42.759  -19.063 0.8999999762
35145  18.794  -43.625  -21.192 0.6000000238
37749  19.049  -41.367  -19.454 0.8999999762
37736  17.154  -41.247  -19.569 1.0000000000
36071  19.151  -42.887  -21.534 0.6000000238
38712  16.950  -40.233  -19.845 0.8999999762
37775  17.748  -41.806  -22.293 0.6999999881
104663  16.187  -39.927  -19.986 0.8999999762
37795  16.523  -40.855  -21.816 0.8000000119
38727  15.516  -40.078  -21.132 0.8999999762
39708  15.595  -39.241  -21.042 0.8000000119
33283  25.719  -46.288  -14.056 0.6999999881
34128  25.917  -45.712  -15.667 0.6999999881
34154  25.224  -45.383  -17.209 0.6999999881
35102  25.762  -44.812  -17.376 0.6999999881
35103  24.884  -44.827  -17.779 0.6999999881
36842  21.362  -42.609  -18.868 0.8000000119
37735  20.883  -41.849  -19.112 0.8000000119
37748  21.470  -41.296  -19.463 0.8000000119
111086  20.745  -41.168  -19.465 0.8000000119
114734  18.153  -40.724  -19.724 0.8999999762
36072  18.316  -42.899  -21.683 0.6000000238
36860  19.983  -41.412  -19.353 0.8000000119
109430  20.213  -40.647  -19.769 0.8999999762
39690  17.633  -39.769  -20.074 0.8999999762
36893  17.924  -42.324  -22.044 0.6999999881
39707  15.806  -38.721  -20.924 0.8000000119
38748  16.513  -39.781  -21.992 0.6999999881
115769  15.910  -38.395  -21.904 0.8000000119
34121  26.148  -45.658  -14.741 0.6999999881
108244  26.378  -44.719  -16.148 0.6999999881
35089  26.272  -44.814  -16.800 0.6999999881
36841  22.305  -42.673  -18.861 0.8000000119
37734  21.840  -41.985  -19.189 0.8000000119
38709  21.938  -40.806  -19.853 0.8000000119
38710  21.095  -40.695  -19.796 0.8000000119
38711  19.276  -40.626  -19.712 0.8999999762
113182  18.773  -39.213  -20.168 0.8999999762
36892  18.660  -42.300  -21.889 0.6000000238
36908  18.340  -41.973  -22.136 0.6999999881
39705  17.854  -38.820  -20.362 0.8999999762
38747  17.419  -39.616  -22.537 0.6999999881
39727  16.314  -38.607  -22.228 0.8000000119
40656  17.141  -38.044  -21.243 0.8000000119
39742  17.999  -38.723  -23.168 0.6999999881
40678  16.485  -38.122  -22.176 0.8000000119
39719  16.113  -38.228  -21.629 0.8000000119
40686  17.847  -37.791  -23.155 0.8000000119
35074  26.500  -44.326  -14.943 0.6999999881
35082  26.515  -44.236  -15.702 0.6000000238
36906  19.669  -41.666  -22.159 0.6000000238
39702  21.060  -39.684  -20.769 0.8000000119
39703  19.971  -39.397  -20.689 0.8999999762
39704  18.957  -38.887  -20.400 0.8999999762
37792  19.449  -41.375  -22.301 0.6000000238
40655  18.269  -38.113  -20.945 0.8999999762
103256  18.222  -40.887  -22.457 0.8000000119
40670  16.747  -37.791  -22.030 0.8000000119
41578  18.198  -37.522  -23.091 0.8000000119
41577  18.760  -37.346  -23.186 0.8000000119
101064  19.145  -40.877  -22.525 0.6999999881
39718  20.497  -39.003  -21.329 0.8000000119
38760  19.563  -40.247  -23.080 0.5000000000
103607  19.828  -39.681  -23.525 0.6000000238
39741  19.021  -39.307  -23.405 0.6999999881
41563  19.035  -37.625  -22.503 0.8000000119
40684  19.505  -38.781  -23.803 0.6000000238
40697  19.174  -37.738  -23.953 0.6000000238
41587  18.660  -37.518  -23.451 0.6999999881
41586  19.061  -37.267  -23.572 0.8000000119
40669  17.557  -37.613  -21.895 0.8000000119
106071  19.203  -36.981  -23.914 0.6000000238
107353  20.516  -38.573  -21.991 0.8000000119
108523  20.906  -38.303  -22.316 0.8000000119
41562  20.111  -37.969  -22.414 0.8999999762
39740  20.350  -39.379  -23.782 0.6000000238
42479  19.414  -36.758  -23.592 0.8000000119
41576  19.621  -37.179  -22.982 0.8000000119
41561  21.707  -38.254  -22.357 0.8000000119
41575  20.828  -37.439  -22.734 0.8000000119
40696  20.161  -38.375  -24.259 0.6000000238
41597  20.609  -37.647  -24.743 0.6000000238
42478  20.160  -36.439  -23.309 0.8000000119
41598  19.742  -37.239  -24.368 0.6000000238
42489  19.868  -36.067  -23.836 0.6999999881
111524  20.422  -35.745  -24.991 0.6000000238
43362  20.382  -35.667  -24.214 0.6000000238
43361  21.245  -35.327  -24.195 0.6999999881
41607  20.988  -37.065  -25.306 0.6000000238
42509  20.624  -36.172  -25.252 0.6000000238
41573  23.218  -37.620  -22.943 0.8000000119
40695  21.138  -38.448  -24.444 0.6000000238
41574  22.081  -37.486  -22.806 0.8000000119
42487  21.815  -35.957  -23.776 0.8000000119
42477  21.320  -36.602  -23.242 0.8000000119
41596  21.513  -37.821  -24.952 0.6000000238
44215  21.871  -34.846  -24.494 0.6000000238
41606  21.965  -37.200  -25.325 0.5000000000
42508  21.437  -36.427  -25.459 0.6000000238
43383  20.748  -35.518  -24.955 0.6000000238
42516  21.112  -35.836  -25.412 0.6000000238
44250  21.885  -34.660  -25.400 0.6000000238
43382  21.317  -35.141  -24.971 0.6000000238
42476  22.555  -36.783  -23.377 0.8000000119
42475  23.747  -36.856  -23.380 0.8000000119
43358  24.508  -34.933  -23.862 0.6999999881
43350  23.050  -36.010  -23.778 0.6999999881
42507  22.427  -36.519  -25.542 0.6000000238
44222  22.108  -34.279  -24.938 0.6000000238
45001  22.878  -33.784  -24.827 0.6000000238
44214  22.667  -34.594  -24.470 0.6999999881
43381  22.859  -35.769  -25.800 0.5000000000
44235  22.308  -34.033  -25.489 0.6000000238
43393  23.291  -35.038  -26.231 0.5000000000
43394  22.222  -34.866  -25.782 0.6000000238
44249  22.313  -33.891  -25.855 0.6000000238
43349  24.321  -35.884  -23.496 0.6999999881
43359  23.462  -35.197  -24.048 0.6000000238
44213  23.692  -34.372  -24.314 0.6000000238
45011  23.161  -32.920  -25.261 0.6000000238
45000  23.884  -33.573  -24.606 0.6000000238
45039  23.280  -33.583  -26.736 0.5000000000
45040  22.612  -33.018  -26.370 0.6000000238
45901  22.703  -32.109  -26.671 0.6000000238
45025  22.460  -33.091  -25.903 0.6000000238
45012  22.572  -33.417  -25.472 0.6000000238
45010  24.148  -32.923  -24.845 0.6000000238
45056  23.258  -32.781  -27.015 0.6000000238
45900  23.254  -31.672  -27.128 0.6000000238
45038  24.221  -33.706  -27.051 0.5000000000
45055  24.130  -32.637  -27.409 0.5000000000
45054  24.918  -32.332  -27.584 0.4000000060
44212  24.657  -34.100  -24.112 0.6000000238
46673  22.559  -31.734  -26.450 0.6000000238
45852  22.960  -32.019  -25.616 0.6000000238
45009  24.887  -32.834  -24.648 0.6000000238
46690  22.776  -31.512  -26.734 0.6000000238
46672  22.798  -31.365  -26.472 0.6000000238
113482  24.092  -31.728  -27.509 0.5000000000
108710  24.519  -31.231  -27.760 0.5000000000
45899  25.501  -31.877  -27.825 0.4000000060
46688  25.032  -30.717  -28.144 0.4000000060
46652  23.813  -31.328  -26.072 0.6000000238
45850  24.401  -32.395  -25.066 0.5000000000
45840  25.669  -33.021  -24.287 0.5000000000
44211  25.506  -33.767  -23.909 0.5000000000
46653  23.052  -31.382  -25.974 0.6000000238
46639  24.642  -31.920  -25.432 0.5000000000
98321  23.104  -31.065  -26.913 0.6000000238
46700  24.259  -30.274  -27.803 0.5000000000
47534  24.389  -29.754  -28.058 0.4000000060
47511  24.005  -30.721  -26.892 0.6000000238
47519  24.362  -29.659  -27.873 0.4000000060
104264  23.592  -30.769  -27.097 0.6000000238
46651  24.945  -31.473  -26.111 0.4000000060
47518  24.549  -29.153  -28.110 0.4000000060
48396  25.001  -28.570  -28.429 0.4000000060
46650  25.935  -31.275  -25.708 0.4000000060
47509  24.459  -29.268  -27.934 0.4000000060
47499  25.106  -30.716  -26.711 0.4000000060
48410  25.041  -28.278  -28.722 0.4000000060
107022  25.107  -29.898  -27.347 0.4000000060
46627  27.694  -31.799  -23.970 0.4000000060
46637  26.509  -31.686  -24.885 0.4000000060
98985  26.136  -30.622  -26.290 0.4000000060
49197  24.981  -27.380  -28.730 0.4000000060
48388  25.120  -28.999  -27.774 0.4000000060
48379  26.323  -29.973  -26.919 0.4000000060
46636  27.299  -31.449  -24.582 0.4000000060
47483  27.627  -30.854  -24.943 0.4000000060
46649  26.837  -31.095  -25.323 0.4000000060
49186  25.313  -27.815  -28.188 0.3000000119
47498  27.164  -30.533  -25.847 0.4000000060
47482  28.297  -30.612  -24.677 0.4000000060
29449  13.969  -51.655  -18.618 0.8000000119
29438  14.378  -51.710  -17.739 0.8999999762
106310  14.848  -51.954  -17.075 0.8999999762
28758  14.619  -52.674  -17.236 0.8999999762
103519  14.930  -54.612  -17.029 0.8999999762
27278  19.538  -54.494  -15.542 0.8999999762
28741  19.961  -52.953  -15.417 1.0000000000
27281  16.484  -53.801  -16.390 0.8999999762
27280  17.956  -54.015  -16.270 0.8999999762
105435  17.997  -52.755  -16.122 0.8999999762
106625  18.956  -51.862  -15.896 1.0000000000
28000  15.925  -53.462  -16.395 0.8999999762
27986  17.377  -53.343  -16.254 0.8999999762
28744  17.313  -52.512  -16.257 0.8999999762
28742  18.914  -52.648  -15.875 1.0000000000
106013  15.733  -52.881  -16.423 0.8999999762
29414  17.042  -51.484  -16.450 0.8999999762
45849  25.259  -32.405  -24.825 0.4000000060
46638  25.625  -31.871  -25.194 0.4000000060
45848  26.130  -32.321  -24.546 0.4000000060
45839  26.591  -32.799  -24.006 0.4000000060
100212  20.472  -62.146  -12.331 0.8999999762
21669  20.882  -61.366  -14.938 1.0000000000
20979  18.693  -62.183  -17.393 0.8000000119
105895  18.089  -61.830  -11.362 0.8999999762
22434  21.427  -60.696  -13.006 1.0000000000
22502  18.482  -60.226  -16.866 0.8000000119
24129  21.134  -58.641  -11.372 0.8999999762
24991  19.682  -57.644  -15.422 0.8999999762
23318  18.766  -58.900  -16.239 0.8000000119
24201  16.997  -57.738  -17.019 0.8000000119
25014  16.233  -57.218  -17.153 0.8000000119
24972  21.252  -57.576  -14.411 1.0000000000
25806  17.065  -56.443  -16.698 0.8999999762
25807  16.178  -56.371  -16.968 0.8000000119
27290  15.721  -54.207  -16.570 0.8999999762
28001  15.319  -53.630  -16.608 0.8000000119
26516  19.642  -55.741  -15.427 0.8999999762
27987  16.500  -52.933  -16.300 0.8999999762
24923  19.179  -57.794  -10.475 0.8999999762
24924  18.281  -57.102  -10.434 1.0000000000
26480  14.654  -54.965  -12.056 0.6000000238
27249  13.168  -54.567  -12.128 0.4000000060
26487  13.994  -54.822  -12.279 0.4000000060
27265  20.810  -54.771  -14.998 1.0000000000
27984  19.301  -53.608  -15.694 0.8999999762
28774  14.173  -52.537  -18.829 0.6999999881
30888  13.849  -49.738  -18.771 0.8000000119
29428  15.454  -51.600  -16.819 0.8999999762
29456  15.589  -51.694  -19.484 0.6000000238
27248  13.871  -54.050  -12.175 0.4000000060
114243  16.202  -52.551  -16.366 0.8999999762
31669  14.284  -48.767  -17.919 0.8999999762
32486  13.726  -48.080  -18.329 0.8999999762
104346  15.763  -49.093  -19.416 0.6999999881
31683  15.358  -48.289  -19.711 0.6999999881
27239  21.303  -55.208  -10.493 0.8999999762
105592  20.324  -50.062  -15.395 1.0000000000
106870  17.371  -51.939  -16.303 0.8999999762
30864  16.967  -49.986  -16.522 0.8999999762
30120  16.671  -50.843  -16.618 0.8999999762
28745  16.657  -52.180  -16.375 0.8999999762
32483  14.275  -47.964  -17.918 0.8999999762
27931  22.625  -53.296  -11.022 0.8000000119
27937  16.821  -53.009  -11.246 0.5000000000
27954  23.371  -53.287  -12.941 1.0000000000
32482  15.090  -47.822  -17.625 0.8999999762
28707  22.824  -52.505  -11.235 0.6999999881
29395  23.648  -51.508  -13.109 0.8000000119
105029  23.468  -52.064  -13.576 0.8999999762
29400  23.546  -51.530  -14.020 0.8999999762
33371  16.273  -46.029  -20.241 0.6999999881
34173  13.438  -45.820  -18.913 0.8999999762
34200  14.250  -45.161  -19.761 0.8000000119
28691  21.599  -52.150  -10.268 0.8000000119
28692  19.548  -52.320  -9.826 0.6000000238
32472  20.654  -47.534  -15.815 1.0000000000
33306  16.789  -46.642  -17.216 1.0000000000
35132  14.172  -44.229  -19.175 0.8999999762
28672  19.687  -51.660  -9.750 0.6000000238
29362  18.112  -51.805  -9.779 0.5000000000
32471  21.431  -47.424  -15.785 0.8999999762
29339  19.376  -51.040  -9.708 0.5000000000
31655  24.140  -48.220  -15.140 0.8000000119
36830  14.952  -43.380  -18.839 0.8999999762
30801  22.414  -49.799  -10.310 0.6000000238
31598  21.728  -48.651  -9.917 0.5000000000
30824  24.195  -48.419  -11.795 0.6999999881
109854  20.172  -44.753  -17.452 0.8999999762
35105  22.818  -44.744  -17.854 0.8000000119
39692  15.791  -39.478  -20.411 0.8999999762
31597  22.452  -49.000  -10.284 0.5000000000
32429  24.265  -47.742  -11.679 0.6999999881
35104  23.853  -44.825  -17.934 0.8000000119
113194  20.135  -43.581  -18.423 0.8999999762
36844  18.839  -42.794  -18.918 0.8999999762
37794  17.320  -40.885  -22.172 0.8000000119
38735  15.889  -39.854  -21.565 0.8000000119
34132  26.124  -45.226  -16.241 0.6999999881
36840  23.277  -42.698  -18.757 0.8000000119
39706  16.567  -38.494  -20.840 0.8999999762
34127  26.399  -45.010  -15.381 0.6999999881
35075  26.321  -44.861  -14.426 0.6000000238
40685  18.585  -38.152  -23.555 0.6999999881
40667  19.694  -38.302  -21.844 0.8999999762
42490  19.497  -36.530  -23.948 0.6999999881
42498  19.715  -36.456  -24.291 0.6000000238
42497  19.968  -36.069  -24.278 0.6000000238
42488  20.679  -35.853  -23.688 0.8000000119
112986  21.783  -34.617  -25.083 0.6000000238
45866  22.538  -32.476  -25.822 0.6000000238
44248  22.799  -34.070  -26.296 0.6000000238
45851  23.651  -32.406  -25.256 0.6000000238
45847  26.954  -32.106  -24.278 0.4000000060
46635  28.032  -31.135  -24.290 0.4000000060
48387  26.580  -29.144  -27.343 0.4000000060
14962  16.921  -70.556  -13.927 0.4000000060
15660  16.899  -69.998  -13.123 0.4000000060
15643  16.724  -69.455  -12.352 0.4000000060
112346  17.734  -69.503  -14.539 0.4000000060
15629  16.461  -68.819  -11.780 0.4000000060
16366  18.610  -68.476  -15.213 0.3000000119
15659  17.387  -69.341  -13.105 0.4000000060
16377  18.635  -68.319  -16.399 0.4000000060
17131  18.784  -67.328  -17.561 0.4000000060
17142  18.262  -66.823  -18.237 0.4000000060
112179  17.721  -64.969  -18.517 0.4000000060
16324  17.286  -68.716  -12.364 0.5000000000
16325  16.843  -68.286  -11.765 0.4000000060
113977  18.708  -67.967  -14.214 0.4000000060
108507  17.802  -68.792  -13.101 0.4000000060
17120  19.379  -67.121  -16.127 0.5000000000
17130  19.352  -66.887  -17.052 0.4000000060
18696  19.225  -65.234  -17.799 0.4000000060
18698  18.431  -65.131  -18.265 0.5000000000
20251  17.643  -63.778  -18.338 0.5000000000
20980  17.129  -62.731  -18.196 0.6000000238
19492  16.343  -64.068  -18.443 0.5000000000
20253  15.960  -63.478  -18.241 0.6000000238
20991  15.508  -62.795  -18.094 0.4000000060
98975  17.442  -67.945  -11.950 0.5000000000
17059  16.660  -67.663  -11.531 0.5000000000
17060  15.305  -67.691  -11.811 0.5000000000
17061  14.598  -67.285  -12.640 0.5000000000
17075  18.534  -68.017  -13.655 0.6000000238
17076  18.069  -68.168  -12.769 0.6000000238
17090  18.948  -67.400  -14.129 0.5000000000
17850  19.416  -66.455  -14.587 0.6000000238
17867  19.524  -66.581  -15.554 0.5000000000
17879  19.704  -66.187  -16.435 0.5000000000
18695  19.815  -65.313  -17.062 0.4000000060
19487  18.782  -64.421  -17.921 0.6000000238
20244  18.303  -63.696  -18.038 0.6000000238
106139  17.785  -62.297  -17.899 0.6000000238
20981  16.851  -62.088  -18.147 0.6000000238
21710  16.432  -61.305  -18.021 0.6000000238
22518  15.944  -60.395  -17.934 0.6000000238
20990  16.378  -62.768  -18.197 0.6000000238
21720  15.949  -62.033  -18.170 0.6000000238
21711  15.480  -61.238  -18.096 0.6000000238
102739  15.058  -60.532  -18.050 0.6000000238
17820  17.292  -67.157  -11.504 0.5000000000
17806  16.170  -66.849  -11.503 0.5000000000
17821  15.171  -66.780  -12.191 0.5000000000
17822  14.387  -66.518  -13.245 0.5000000000
17836  19.093  -66.630  -13.463 0.6000000238
101893  18.137  -67.401  -12.135 0.6000000238
97950  19.771  -65.863  -15.450 0.6000000238
17835  19.476  -65.836  -13.759 0.6000000238
18688  20.127  -65.284  -16.174 0.5000000000
18662  19.710  -65.540  -14.611 0.6000000238
19478  20.076  -64.508  -16.677 0.6000000238
19486  19.526  -64.464  -17.407 0.6000000238
21709  17.356  -61.465  -17.790 0.6000000238
101797  15.119  -58.934  -17.605 0.6000000238
24219  14.531  -58.281  -17.693 0.6999999881
18630  16.833  -66.044  -11.368 0.6000000238
99688  15.501  -65.965  -11.938 0.5000000000
17837  14.783  -65.897  -12.965 0.5000000000
18647  19.121  -65.866  -12.781 0.6000000238
96456  18.588  -66.043  -12.030 0.6000000238
17819  18.058  -66.557  -11.645 0.6000000238
18648  14.525  -65.266  -13.325 0.5000000000
18649  14.161  -65.051  -13.513 0.5000000000
18627  19.328  -65.041  -12.583 0.6000000238
20236  20.226  -63.790  -16.244 0.6000000238
25035  15.449  -58.140  -17.552 0.6999999881
18629  17.954  -65.655  -11.521 0.6000000238
19413  17.059  -64.989  -11.331 0.6000000238
103417  15.041  -65.182  -12.718 0.6000000238
18628  18.768  -65.358  -11.991 0.6000000238
111844  15.791  -65.016  -11.695 0.6000000238
19414  15.208  -64.522  -12.561 0.6000000238
19432  14.668  -64.502  -13.215 0.6000000238
19433  14.341  -64.256  -13.347 0.6000000238
18616  18.107  -64.818  -11.507 0.6000000238
19415  13.519  -63.713  -13.074 0.5000000000
18646  19.490  -65.303  -13.269 0.6000000238
20193  13.751  -62.998  -13.413 0.6000000238
25036  15.016  -57.499  -17.594 0.6999999881
20173  15.155  -63.788  -12.821 0.6000000238
19398  18.331  -64.148  -11.446 0.6000000238
19399  17.379  -64.090  -11.228 0.6000000238
115247  16.647  -63.725  -11.367 0.6000000238
20191  14.576  -63.773  -13.287 0.6000000238
97168  14.181  -63.715  -13.402 0.6000000238
19411  19.549  -64.435  -12.503 0.6000000238
20925  14.481  -62.709  -13.318 0.6000000238
97977  19.754  -64.654  -13.262 0.6000000238
20209  20.418  -63.843  -14.192 0.6000000238
25016  14.682  -56.699  -17.655 0.6999999881
26530  14.513  -55.350  -17.406 0.6999999881
20171  19.512  -63.876  -12.138 0.6000000238
20156  15.909  -63.415  -11.810 0.6999999881
104988  15.313  -63.108  -12.703 0.6999999881
20190  19.942  -64.018  -12.863 0.6000000238
28002  14.722  -53.630  -17.069 0.6999999881
20155  17.023  -63.150  -11.337 0.6999999881
20909  19.353  -63.151  -11.865 0.6999999881
20154  18.066  -63.476  -11.371 0.6999999881
20910  16.292  -62.672  -11.639 0.6999999881
20911  15.591  -62.516  -12.122 0.6999999881
20174  14.838  -63.204  -13.207 0.6000000238
20912  14.919  -62.499  -12.867 0.6999999881
21643  14.737  -61.549  -12.597 0.6000000238
20926  13.956  -62.465  -13.490 0.5000000000
28765  14.235  -52.541  -18.135 0.8000000119
20893  17.999  -62.669  -11.407 0.6999999881
21630  16.350  -61.520  -11.511 0.6999999881
113276  15.174  -62.066  -12.380 0.6999999881
109713  12.967  -61.465  -13.546 0.5000000000
22436  15.133  -60.825  -12.025 0.6999999881
22437  14.416  -60.615  -12.608 0.6000000238
22453  13.347  -60.960  -13.373 0.6000000238
38723  21.534  -40.286  -20.299 0.6999999881
36016  24.402  -44.090  -18.187 0.6999999881
37733  22.775  -42.094  -19.244 0.6999999881
36015  25.581  -44.093  -18.002 0.6000000238
38708  22.812  -40.897  -19.929 0.6999999881
38722  22.437  -40.409  -20.351 0.6999999881
39701  22.055  -39.911  -20.839 0.6999999881
39717  21.646  -39.345  -21.327 0.6999999881
35101  26.384  -44.265  -17.323 0.6000000238
36838  25.373  -42.733  -18.711 0.6000000238
37732  23.749  -42.145  -19.233 0.6999999881
38707  23.726  -40.877  -19.887 0.6999999881
36006  26.891  -43.672  -17.015 0.6000000238
39716  22.628  -39.452  -21.333 0.6999999881
41560  22.728  -38.320  -22.447 0.6999999881
36027  25.854  -43.344  -18.405 0.6000000238
37744  25.324  -41.372  -19.246 0.6000000238
38706  24.632  -40.753  -19.700 0.6999999881
38721  23.328  -40.404  -20.311 0.6999999881
39715  23.585  -39.414  -21.221 0.6999999881
40664  23.192  -38.915  -21.855 0.6999999881
36014  26.464  -43.528  -17.812 0.6000000238
36026  26.516  -42.605  -18.389 0.6000000238
113612  26.152  -41.050  -19.225 0.5000000000
38705  25.530  -40.611  -19.570 0.6000000238
114258  24.561  -39.825  -20.386 0.5000000000
40663  24.185  -38.879  -21.798 0.6999999881
41558  24.711  -38.215  -22.303 0.6999999881
41572  24.261  -37.605  -22.871 0.6999999881
48418  27.509  -28.324  -29.527 0.3000000119
48419  25.933  -27.545  -29.532 0.3000000119
14951  16.547  -70.624  -13.050 0.4000000060
14937  15.380  -70.312  -12.084 0.3000000119
14938  14.428  -70.486  -12.010 0.4000000060
14961  17.352  -70.036  -14.751 0.3000000119
15645  14.776  -69.644  -11.830 0.4000000060
16378  18.083  -68.751  -16.869 0.4000000060
107487  14.987  -68.905  -11.716 0.4000000060
115661  18.184  -67.642  -17.934 0.4000000060
17132  17.518  -67.467  -18.324 0.4000000060
18699  17.128  -65.171  -18.640 0.4000000060
19491  17.151  -64.381  -18.524 0.5000000000
16342  14.100  -67.725  -13.023 0.4000000060
21721  15.000  -62.028  -17.993 0.5000000000
17091  13.698  -66.555  -14.059 0.5000000000
23354  14.087  -59.168  -17.832 0.6000000238
17838  14.193  -65.834  -13.666 0.5000000000
18650  13.743  -65.340  -13.575 0.5000000000
19434  14.008  -64.382  -13.454 0.5000000000
20175  12.612  -63.830  -12.554 0.4000000060
20194  12.895  -62.957  -13.056 0.5000000000
27291  14.289  -54.938  -17.495 0.6999999881
20927  13.108  -62.180  -13.519 0.5000000000
27301  13.878  -54.899  -17.883 0.8000000119
28022  14.202  -53.348  -18.467 0.6999999881
104304  12.096  -61.656  -13.591 0.5000000000
22454  12.516  -60.977  -13.344 0.6000000238
32451  24.790  -47.355  -12.209 0.6000000238
107694  26.579  -44.248  -16.546 0.6000000238
37729  27.070  -41.804  -18.449 0.5000000000
38696  27.053  -41.075  -18.902 0.5000000000
39687  26.833  -39.879  -19.831 0.5000000000
39698  25.295  -39.652  -20.425 0.5000000000
41557  25.622  -37.967  -22.027 0.5000000000
104903  25.252  -36.071  -23.125 0.5000000000
49209  28.128  -27.648  -29.547 0.3000000119
49210  26.671  -26.931  -29.730 0.3000000119
48420  24.998  -26.718  -29.189 0.3000000119
19431  20.107  -64.127  -13.561 0.6000000238
104108  19.714  -65.114  -13.946 0.6000000238
18677  20.043  -65.076  -15.290 0.6000000238
107567  15.820  -61.000  -11.604 0.8000000119
23353  15.908  -59.479  -17.691 0.6999999881
36839  24.299  -42.731  -18.755 0.6999999881
40666  21.280  -38.841  -21.894 0.6999999881
42474  24.786  -36.754  -23.051 0.6000000238
27300  14.327  -54.310  -17.570 0.8000000119
27312  13.709  -54.893  -18.453 0.6999999881
15673  17.383  -69.762  -13.891 0.4000000060
100577  17.892  -69.076  -13.895 0.4000000060
108653  18.306  -68.908  -15.830 0.3000000119
102220  18.879  -67.951  -14.787 0.5000000000
16327  14.736  -68.106  -12.092 0.5000000000
18700  16.205  -64.890  -18.688 0.3000000119
17078  13.672  -67.301  -14.042 0.5000000000
21656  13.642  -61.676  -13.503 0.6000000238
39700  22.992  -39.982  -20.835 0.6999999881
40665  22.217  -38.924  -21.893 0.6999999881
37731  24.769  -42.093  -19.053 0.6999999881
112731  25.709  -42.131  -18.906 0.6000000238
37745  24.226  -41.480  -19.512 0.6999999881
38720  24.170  -40.286  -20.137 0.6999999881
37730  26.364  -41.701  -18.877 0.6000000238
39689  24.967  -40.149  -19.971 0.6000000238
39699  23.863  -39.830  -20.590 0.6999999881
41559  23.740  -38.348  -22.468 0.6999999881
98552  26.477  -40.503  -19.470 0.5000000000
39688  25.856  -40.041  -19.933 0.5000000000
39714  24.613  -39.345  -20.990 0.5000000000
42473  25.765  -36.568  -22.624 0.5000000000
102464  27.349  -42.075  -17.678 0.5000000000
39697  26.245  -39.469  -20.390 0.5000000000
40652  26.575  -38.760  -20.747 0.5000000000
41570  25.978  -37.293  -22.259 0.5000000000
26541  13.603  -55.479  -18.075 0.6000000238
28030  15.146  -53.295  -19.372 0.5000000000
27322  14.300  -54.175  -18.831 0.6000000238
28032  14.399  -53.189  -18.921 0.6000000238
28021  15.961  -53.276  -19.053 0.5000000000
28780  15.402  -52.544  -19.450 0.5000000000
28781  14.671  -52.704  -19.385 0.6000000238
24145  12.138  -59.071  -11.871 0.5000000000
99258  14.378  -51.918  -19.300 0.6000000238
110043  16.722  -52.925  -18.680 0.5000000000
28773  16.199  -52.395  -19.073 0.5000000000
29447  17.632  -51.543  -18.357 0.5000000000
24136  11.775  -58.190  -11.755 0.4000000060
24950  11.015  -57.903  -12.243 0.4000000060
29448  16.639  -51.593  -18.745 0.5000000000
30147  17.988  -50.793  -18.479 0.5000000000
30148  17.133  -50.948  -18.476 0.5000000000
25752  10.928  -56.974  -12.596 0.4000000060
30155  18.261  -49.990  -18.894 0.5000000000
26490  11.812  -55.605  -12.446 0.4000000060
28708  16.100  -52.910  -11.568 0.4000000060
28709  15.150  -52.781  -11.771 0.4000000060
108112  14.335  -53.003  -12.127 0.4000000060
27957  13.783  -53.338  -12.148 0.3000000119
30782  20.213  -49.678  -9.567 0.4000000060
30783  19.456  -49.587  -9.542 0.4000000060
29363  17.302  -51.733  -10.179 0.4000000060
29364  16.405  -51.731  -10.620 0.4000000060
31584  20.062  -48.927  -9.594 0.4000000060
99686  16.846  -50.924  -10.104 0.4000000060
28696  15.742  -52.240  -11.161 0.4000000060
102837  16.553  -50.074  -10.244 0.4000000060
29380  14.910  -51.983  -11.256 0.4000000060
100874  14.389  -52.379  -11.671 0.4000000060
29340  18.529  -51.031  -9.672 0.4000000060
30051  18.131  -50.243  -9.650 0.4000000060
29341  17.669  -51.008  -9.752 0.4000000060
31599  20.863  -48.299  -9.671 0.4000000060
31585  19.125  -48.781  -9.543 0.4000000060
31586  18.268  -48.753  -9.657 0.4000000060
30070  17.292  -50.170  -9.874 0.4000000060
30785  17.776  -49.440  -9.747 0.4000000060
30804  16.943  -49.337  -10.177 0.4000000060
29365  15.511  -51.411  -10.889 0.4000000060
31603  16.843  -48.467  -10.443 0.4000000060
30805  15.851  -49.761  -10.620 0.4000000060
31622  23.143  -48.473  -10.641 0.4000000060
32406  20.725  -47.315  -9.661 0.4000000060
31600  19.758  -47.939  -9.635 0.4000000060
31601  18.693  -48.031  -9.691 0.4000000060
31621  23.756  -48.125  -11.222 0.5000000000
32404  22.714  -47.659  -10.294 0.4000000060
108389  22.378  -48.289  -10.140 0.4000000060
32407  19.003  -47.196  -9.746 0.4000000060
32408  18.088  -47.439  -9.897 0.4000000060
97861  17.977  -48.140  -9.849 0.4000000060
31602  17.519  -48.663  -9.989 0.4000000060
32409  17.421  -47.884  -10.232 0.4000000060
30826  16.250  -49.029  -10.537 0.4000000060
32430  23.823  -47.348  -10.997 0.5000000000
32431  23.176  -47.025  -10.512 0.5000000000
33228  22.330  -46.822  -10.223 0.4000000060
33229  21.462  -46.640  -9.891 0.4000000060
115765  19.883  -47.010  -9.664 0.4000000060
33250  23.739  -46.525  -10.843 0.5000000000
33230  20.498  -46.423  -9.782 0.4000000060
33231  19.394  -46.234  -9.874 0.4000000060
34086  23.611  -45.703  -10.950 0.4000000060
34087  22.693  -45.249  -10.677 0.4000000060
33252  22.135  -46.052  -10.377 0.4000000060
34064  21.137  -45.854  -10.153 0.4000000060
34065  20.259  -45.601  -10.133 0.4000000060
35055  23.713  -44.418  -11.839 0.4000000060
35056  23.001  -43.799  -11.954 0.4000000060
35955  22.046  -43.694  -11.606 0.4000000060
35039  22.001  -44.441  -10.841 0.4000000060
35956  21.075  -43.377  -11.611 0.4000000060
34103  25.224  -46.026  -12.457 0.5000000000
35066  25.204  -44.768  -12.726 0.5000000000
35968  24.093  -43.910  -12.417 0.4000000060
35970  22.449  -43.099  -12.281 0.4000000060
36767  20.659  -42.647  -12.147 0.3000000119
110287  26.045  -45.438  -13.938 0.5000000000
34105  24.332  -45.265  -11.597 0.5000000000
35037  23.455  -45.016  -11.255 0.4000000060
34088  21.670  -45.225  -10.483 0.4000000060
108146  20.645  -43.930  -11.096 0.4000000060
35038  22.823  -44.433  -11.350 0.4000000060
35040  21.158  -44.561  -10.705 0.4000000060
35054  24.640  -44.608  -12.211 0.5000000000
113644  23.540  -43.867  -12.201 0.4000000060
35969  23.397  -43.230  -12.500 0.4000000060
35971  21.582  -42.914  -12.148 0.3000000119
35991  26.159  -43.848  -14.239 0.5000000000
35981  24.946  -44.054  -12.798 0.5000000000
36793  23.611  -42.484  -13.099 0.4000000060
36778  22.698  -42.532  -12.855 0.4000000060
100771  21.992  -42.572  -12.643 0.3000000119
36779  21.336  -42.353  -12.686 0.3000000119
37670  20.695  -42.083  -12.743 0.3000000119
35990  26.527  -43.543  -15.119 0.4000000060
35998  26.757  -43.603  -16.107 0.5000000000
36792  24.620  -42.525  -13.422 0.3000000119
35982  24.351  -43.221  -12.883 0.4000000060
36795  21.925  -42.119  -13.236 0.3000000119
106157  20.704  -41.676  -13.199 0.3000000119
37671  20.220  -41.804  -12.830 0.3000000119
36803  25.719  -42.762  -13.974 0.3000000119
113945  26.258  -43.203  -14.504 0.4000000060
36813  26.858  -42.876  -15.678 0.4000000060
36822  27.124  -43.016  -16.578 0.4000000060
36829  27.033  -42.929  -17.432 0.4000000060
37685  23.819  -41.713  -13.659 0.3000000119
36794  22.832  -41.978  -13.442 0.3000000119
37687  22.197  -41.564  -13.721 0.3000000119
37688  21.395  -41.606  -13.510 0.3000000119
37689  19.999  -41.403  -13.176 0.3000000119
37690  19.204  -41.170  -13.090 0.3000000119
36804  25.008  -41.807  -13.832 0.3000000119
108622  20.670  -41.050  -13.662 0.3000000119
38643  19.627  -40.836  -13.609 0.3000000119
36802  26.362  -42.612  -14.763 0.3000000119
37717  27.172  -42.294  -16.182 0.3000000119
36821  27.312  -42.456  -16.947 0.4000000060
37728  27.550  -41.268  -18.114 0.4000000060
38695  27.750  -40.525  -18.478 0.4000000060
39686  27.718  -39.578  -19.525 0.4000000060
40653  25.680  -39.094  -20.983 0.4000000060
38644  18.748  -40.702  -13.625 0.3000000119
37698  25.519  -41.189  -14.335 0.3000000119
105216  25.800  -42.008  -14.235 0.3000000119
37708  26.219  -41.792  -14.645 0.3000000119
37707  27.097  -41.401  -15.775 0.3000000119
102137  27.680  -41.227  -17.185 0.3000000119
38685  27.935  -40.560  -17.566 0.4000000060
39667  28.232  -39.898  -17.927 0.3000000119
39679  28.055  -39.844  -18.788 0.4000000060
40648  27.197  -39.195  -20.180 0.4000000060
40651  27.471  -38.408  -20.425 0.4000000060
41548  26.861  -37.958  -20.989 0.4000000060
40661  26.085  -38.401  -21.418 0.4000000060
41556  26.407  -37.604  -21.696 0.4000000060
102588  26.702  -42.051  -15.359 0.3000000119
39678  28.433  -39.345  -18.286 0.3000000119
40639  28.387  -39.167  -19.035 0.3000000119
41547  27.713  -37.618  -20.635 0.4000000060
41555  27.195  -37.224  -21.330 0.4000000060
105871  27.557  -35.288  -22.009 0.4000000060
43342  26.436  -36.019  -22.415 0.4000000060
44204  26.094  -34.908  -23.216 0.4000000060
43348  25.296  -35.362  -23.421 0.5000000000
40638  28.703  -38.647  -18.276 0.3000000119
40646  28.673  -38.369  -19.179 0.3000000119
41544  28.293  -38.048  -19.992 0.3000000119
41546  28.520  -37.262  -20.176 0.4000000060
42461  27.999  -36.874  -20.898 0.4000000060
42465  28.251  -36.179  -21.216 0.4000000060
42466  27.488  -36.480  -21.556 0.4000000060
43340  28.307  -35.497  -21.565 0.3000000119
44202  27.429  -34.546  -22.385 0.4000000060
44203  26.716  -34.345  -22.869 0.3000000119
44210  26.133  -34.125  -23.433 0.3000000119
43357  25.395  -34.537  -23.671 0.4000000060
44993  26.693  -33.765  -23.213 0.3000000119
44998  26.280  -33.459  -23.707 0.3000000119
97959  29.048  -37.681  -18.361 0.3000000119
42456  29.323  -36.888  -18.909 0.3000000119
42457  29.119  -36.923  -19.669 0.3000000119
42460  28.862  -36.453  -20.374 0.3000000119
43338  28.972  -35.731  -20.927 0.3000000119
44198  29.078  -35.048  -21.417 0.3000000119
104114  29.010  -34.287  -21.866 0.3000000119
44988  28.156  -34.046  -22.333 0.3000000119
44992  27.375  -33.735  -22.811 0.3000000119
44991  28.153  -33.419  -22.686 0.3000000119
42449  29.184  -36.709  -18.053 0.3000000119
42459  29.489  -36.291  -19.504 0.3000000119
44194  29.634  -35.222  -20.607 0.3000000119
44987  28.862  -33.541  -22.306 0.3000000119
45833  27.790  -33.008  -23.180 0.3000000119
45838  27.363  -32.532  -23.718 0.3000000119
45832  28.703  -32.770  -22.829 0.3000000119
46626  28.491  -31.505  -23.710 0.3000000119
33249  24.358  -46.939  -11.478 0.5000000000
33268  24.920  -46.515  -11.942 0.5000000000
26531  13.942  -55.444  -17.722 0.6000000238
25817  13.505  -55.987  -18.250 0.5000000000
26555  13.556  -55.578  -18.574 0.5000000000
99367  14.531  -54.884  -19.328 0.5000000000
27323  13.846  -55.122  -19.012 0.5000000000
28020  16.949  -53.617  -18.609 0.5000000000
27310  16.295  -54.219  -18.937 0.5000000000
106496  15.526  -53.936  -19.191 0.5000000000
22438  13.734  -60.447  -12.958 0.6000000238
22439  12.994  -60.382  -13.007 0.6000000238
23275  13.431  -59.858  -12.566 0.6000000238
23276  12.574  -59.755  -12.429 0.5000000000
23288  11.003  -60.018  -12.779 0.5000000000
23278  10.917  -59.272  -12.521 0.5000000000
23289  10.255  -59.273  -13.244 0.5000000000
24157  10.094  -58.301  -13.574 0.4000000060
24951  10.426  -57.657  -13.082 0.4000000060
25762  10.251  -56.744  -13.588 0.4000000060
26491  11.000  -55.993  -12.975 0.4000000060
27958  12.555  -53.969  -12.183 0.3000000119
28716  12.913  -53.228  -12.095 0.3000000119
28710  13.485  -52.428  -11.822 0.4000000060
110084  15.136  -49.625  -11.198 0.4000000060
29381  14.111  -51.708  -11.402 0.4000000060
30827  15.539  -48.903  -11.081 0.4000000060
32410  16.742  -47.664  -10.663 0.4000000060
103539  16.122  -47.488  -11.179 0.4000000060
33232  18.320  -46.581  -9.987 0.4000000060
33233  17.369  -46.958  -10.397 0.4000000060
34066  19.265  -45.215  -10.326 0.4000000060
106493  17.770  -46.030  -10.389 0.4000000060
35957  20.225  -43.283  -11.565 0.4000000060
111845  20.219  -44.673  -10.582 0.4000000060
35938  19.843  -43.854  -11.004 0.4000000060
36780  20.049  -42.188  -12.430 0.3000000119
37672  19.636  -41.717  -12.694 0.3000000119
36781  19.409  -42.177  -12.244 0.3000000119
105229  17.618  -52.974  -18.401 0.5000000000
26496  11.882  -54.949  -12.647 0.4000000060
113997  15.030  -49.102  -11.420 0.4000000060
31624  15.555  -48.063  -11.470 0.4000000060
114057  18.589  -45.842  -10.163 0.4000000060
114106  11.424  -55.300  -12.979 0.4000000060
107113  14.960  -52.076  -19.688 0.5000000000
30803  21.029  -49.308  -9.704 0.4000000060
33275  25.399  -46.351  -13.218 0.5000000000
32405  21.787  -47.650  -9.831 0.4000000060
38704  27.375  -40.279  -19.222 0.4000000060
102230  25.953  -35.699  -22.904 0.4000000060
42467  26.636  -36.738  -22.015 0.4000000060
28031  14.663  -53.440  -19.182 0.6000000238
107223  16.055  -50.740  -10.505 0.4000000060
30071  15.299  -50.490  -10.917 0.4000000060
108373  23.341  -47.734  -10.704 0.5000000000
31623  16.177  -48.260  -10.913 0.4000000060
33251  22.849  -46.169  -10.519 0.4000000060
34085  24.352  -46.121  -11.391 0.5000000000
110029  20.903  -45.208  -10.402 0.4000000060
34113  25.485  -45.527  -13.157 0.5000000000
34104  25.097  -45.290  -12.205 0.5000000000
107797  24.904  -45.816  -11.826 0.5000000000
35980  25.314  -43.469  -13.406 0.5000000000
35065  25.713  -44.566  -13.493 0.5000000000
37716  27.441  -41.787  -16.706 0.3000000119
40647  28.081  -38.870  -19.820 0.4000000060
103267  26.395  -41.221  -14.928 0.3000000119
44199  28.250  -34.790  -21.953 0.3000000119
43347  26.728  -35.218  -22.505 0.4000000060
41543  28.925  -37.563  -19.397 0.3000000119
43337  29.527  -35.798  -20.152 0.3000000119
115579  29.860  -35.348  -20.029 0.3000000119
45837  28.140  -32.259  -23.437 0.3000000119
33234  16.605  -46.986  -10.843 0.4000000060
103547  12.270  -62.331  -13.439 0.4000000060
20196  10.702  -62.792  -13.318 0.4000000060
20928  11.355  -62.235  -13.490 0.3000000119
21657  10.883  -61.633  -13.619 0.3000000119
22519  14.319  -60.162  -18.138 0.5000000000
22455  11.302  -60.916  -13.339 0.5000000000
109628  10.324  -61.033  -13.659 0.3000000119
24220  13.690  -58.317  -17.983 0.5000000000
101367  13.610  -57.528  -18.265 0.5000000000
99277  13.379  -58.949  -18.215 0.5000000000
22440  11.982  -60.354  -12.736 0.4000000060
25017  13.926  -56.692  -18.027 0.5000000000
24235  13.265  -58.291  -18.507 0.5000000000
25050  13.436  -57.487  -18.554 0.3000000119
25810  13.663  -56.013  -17.959 0.5000000000
25037  13.619  -56.691  -18.355 0.4000000060
25825  13.531  -56.249  -18.648 0.4000000060
25066  13.682  -57.242  -19.318 0.3000000119
106458  13.483  -57.013  -18.779 0.3000000119
25842  14.248  -56.786  -19.498 0.3000000119
25843  13.681  -56.551  -19.114 0.3000000119
26569  15.135  -55.668  -19.449 0.3000000119
98373  14.747  -56.318  -19.501 0.3000000119
26570  14.260  -55.664  -19.321 0.4000000060
26571  13.701  -55.852  -19.035 0.4000000060
24158  9.978  -58.111  -14.463 0.3000000119
27321  16.672  -55.111  -19.131 0.4000000060
26568  16.056  -55.810  -19.419 0.4000000060
24962  9.938  -57.500  -14.090 0.3000000119
101623  10.895  -55.267  -13.565 0.3000000119
29382  13.420  -51.419  -11.567 0.3000000119
30088  14.577  -50.225  -11.341 0.3000000119
30089  13.919  -50.836  -11.401 0.3000000119
30829  13.858  -50.004  -11.781 0.3000000119
30828  14.517  -49.318  -11.697 0.3000000119
32432  15.454  -47.241  -11.590 0.3000000119
34069  16.820  -46.170  -10.792 0.3000000119
33253  16.057  -46.678  -11.221 0.3000000119
33255  14.750  -46.940  -12.014 0.3000000119
35019  18.704  -44.524  -10.604 0.3000000119
34068  17.393  -45.369  -10.605 0.3000000119
105527  16.680  -45.376  -10.869 0.3000000119
35939  19.083  -43.837  -10.950 0.3000000119
35020  17.861  -44.595  -10.608 0.3000000119
35021  17.033  -44.683  -10.769 0.3000000119
35940  18.308  -43.875  -10.852 0.3000000119
35941  17.467  -43.922  -10.802 0.3000000119
106829  17.102  -43.266  -11.118 0.3000000119
35958  19.461  -43.269  -11.469 0.3000000119
35959  18.744  -43.270  -11.342 0.3000000119
108522  17.964  -43.263  -11.189 0.3000000119
98054  15.574  -54.811  -19.304 0.4000000060
34067  18.257  -45.249  -10.386 0.3000000119
33254  15.338  -46.399  -11.590 0.3000000119
22456  10.197  -60.276  -13.452 0.3000000119
23290  9.718  -58.858  -14.121 0.3000000119
16343  13.653  -68.132  -13.625 0.4000000060
16358  13.285  -67.588  -14.602 0.4000000060
17092  13.335  -66.975  -14.651 0.4000000060
17840  11.958  -66.579  -14.029 0.4000000060
17823  12.587  -66.106  -13.427 0.3000000119
17851  13.158  -66.568  -14.530 0.4000000060
18663  13.214  -66.065  -14.109 0.4000000060
18651  13.219  -65.520  -13.316 0.4000000060
17839  13.654  -65.969  -13.959 0.4000000060
19417  11.751  -65.129  -12.103 0.3000000119
20176  11.595  -64.138  -12.328 0.3000000119
96882  12.532  -65.303  -12.549 0.4000000060
111735  10.949  -63.444  -12.755 0.3000000119
19435  10.496  -64.084  -12.483 0.3000000119
98139  10.119  -63.409  -13.207 0.3000000119
106105  12.351  -64.615  -12.350 0.4000000060
20195  11.809  -63.046  -12.886 0.3000000119
17093  12.837  -67.040  -15.107 0.4000000060
17852  12.533  -66.569  -14.707 0.4000000060
20930  9.730  -62.838  -13.993 0.3000000119
16328  14.138  -68.717  -12.327 0.3000000119
20197  9.443  -63.425  -13.775 0.3000000119
14936  16.261  -70.174  -12.403 0.4000000060
15644  15.800  -69.472  -11.793 0.4000000060
15681  17.784  -69.526  -15.348 0.3000000119
16312  16.161  -68.113  -11.520 0.5000000000
16326  15.605  -68.548  -11.592 0.4000000060
16341  18.184  -68.529  -13.527 0.4000000060
16356  18.445  -68.456  -14.299 0.4000000060
16357  18.200  -69.049  -14.843 0.4000000060
16386  18.434  -68.041  -17.264 0.4000000060
17049  15.868  -67.425  -11.557 0.5000000000
17058  18.621  -67.414  -13.088 0.6000000238
17077  14.074  -67.049  -13.470 0.5000000000
17089  19.268  -67.279  -15.156 0.5000000000
17094  12.101  -66.938  -15.238 0.4000000060
17106  19.045  -67.949  -15.757 0.5000000000
17121  19.032  -67.664  -16.730 0.4000000060
17818  18.677  -66.687  -12.491 0.6000000238
17824  11.821  -66.440  -12.848 0.3000000119
17888  19.434  -66.073  -17.446 0.4000000060
17889  18.767  -65.965  -18.092 0.4000000060
19400  16.360  -64.240  -11.466 0.6000000238
19401  15.616  -64.192  -11.962 0.6000000238
19412  19.016  -64.524  -11.865 0.6000000238
19416  13.211  -64.632  -12.814 0.4000000060
19452  20.032  -64.500  -14.094 0.6000000238
19453  19.937  -64.905  -14.599 0.6000000238
19477  20.298  -64.497  -15.836 0.6000000238
19490  18.047  -64.368  -18.361 0.5000000000
20170  20.021  -63.344  -12.531 0.6000000238
20172  18.874  -63.724  -11.643 0.6999999881
20192  14.334  -63.174  -13.411 0.6000000238
20243  19.027  -63.677  -17.556 0.6000000238
20245  17.715  -63.122  -18.139 0.6000000238
20252  16.905  -63.459  -18.345 0.5000000000
20895  16.102  -62.119  -11.648 0.6999999881
20956  20.409  -63.238  -15.734 0.8000000119
21629  17.243  -61.332  -11.311 0.8999999762
21631  15.507  -61.664  -11.926 0.6999999881
21644  14.065  -61.141  -13.218 0.6000000238
21682  20.474  -61.434  -15.678 0.8999999762
21712  14.454  -61.148  -18.086 0.5000000000
22423  16.531  -60.807  -11.327 0.8999999762
22469  21.327  -60.087  -14.344 1.0000000000
22470  20.969  -60.628  -14.801 1.0000000000
23251  18.870  -59.199  -10.747 0.8999999762
23263  15.400  -59.426  -11.550 0.6999999881
23277  11.637  -59.574  -12.330 0.5000000000
24117  18.596  -58.510  -10.594 0.8999999762
24118  17.779  -58.452  -10.681 0.8999999762
24146  11.307  -58.781  -12.142 0.5000000000
24147  10.624  -58.539  -12.712 0.5000000000
24168  20.098  -58.278  -15.170 1.0000000000
24202  14.168  -57.526  -17.888 0.5000000000
24218  16.053  -58.693  -17.537 0.6999999881
24925  17.563  -57.697  -10.663 0.8999999762
24933  20.052  -58.127  -10.636 0.8999999762
24939  11.589  -57.275  -11.938 0.5000000000
25741  15.660  -56.404  -11.348 0.6999999881
25775  20.748  -56.828  -14.793 1.0000000000
25805  17.869  -56.569  -16.338 0.8999999762
25809  14.245  -55.972  -17.639 0.6999999881
26474  22.379  -55.343  -11.498 1.0000000000
26481  14.132  -55.569  -12.011 0.6000000238
27229  21.545  -54.330  -10.431 0.8000000119
27238  22.112  -54.911  -10.909 1.0000000000
27311  14.013  -54.200  -18.188 0.6999999881
27948  17.170  -53.683  -11.107 0.6000000238
27985  18.380  -53.403  -16.069 0.8999999762
28014  14.300  -53.469  -17.779 0.8000000119
28695  17.040  -52.427  -10.707 0.4000000060
28756  15.925  -52.209  -16.465 0.8999999762
28757  15.243  -52.394  -16.684 0.8999999762
28771  18.199  -52.227  -18.281 0.5000000000
28772  17.150  -52.281  -18.477 0.5000000000
29366  14.706  -51.124  -11.138 0.4000000060
30050  18.981  -50.295  -9.612 0.4000000060
30117  19.092  -50.598  -15.822 1.0000000000
30119  17.447  -50.766  -16.448 0.8999999762
30130  14.595  -50.171  -17.501 0.8999999762
30158  14.839  -50.295  -19.572 0.8000000119
30159  14.287  -50.421  -19.329 0.8000000119
30784  18.610  -49.512  -9.577 0.4000000060
30802  21.853  -49.353  -10.018 0.5000000000
30838  24.344  -48.900  -12.204 0.6999999881
30869  17.559  -49.210  -16.471 1.0000000000
30874  14.202  -49.577  -17.923 0.8999999762
30880  13.960  -49.708  -18.457 0.8999999762
30905  14.003  -49.697  -19.031 0.8000000119
31658  21.375  -48.724  -15.375 1.0000000000
31659  20.529  -48.327  -15.548 1.0000000000
31664  18.108  -48.457  -16.432 1.0000000000
31667  15.583  -49.276  -17.157 0.8999999762
31671  13.916  -48.901  -18.425 0.8999999762
31685  13.938  -48.858  -19.313 0.6999999881
32470  22.293  -47.458  -15.738 0.8000000119
32477  19.333  -47.224  -16.245 1.0000000000
32504  17.370  -47.383  -19.600 0.6000000238
32507  14.003  -47.407  -19.552 0.6999999881
33302  20.217  -46.246  -16.433 1.0000000000
33304  18.406  -46.202  -16.738 1.0000000000
33307  16.002  -46.704  -17.413 0.8999999762
33308  15.226  -47.016  -17.708 0.8999999762
33317  17.095  -45.838  -17.377 1.0000000000
33318  16.210  -45.941  -17.500 1.0000000000
33320  14.358  -46.545  -18.110 0.8999999762
33354  13.712  -46.565  -19.385 0.6999999881
33355  13.327  -46.347  -19.058 0.8999999762
34157  22.311  -45.390  -17.307 0.8000000119
34158  21.376  -45.156  -17.173 0.8000000119
34160  18.982  -45.162  -17.207 0.8999999762
34161  18.246  -45.284  -17.443 1.0000000000
34183  13.393  -45.768  -19.085 0.8999999762
35018  19.422  -44.414  -10.672 0.3000000119
35090  25.853  -45.228  -16.864 0.6999999881
35113  14.674  -44.859  -18.314 0.8999999762
35122  14.167  -44.480  -18.747 0.8999999762
35133  13.611  -45.092  -18.951 0.8999999762
35148  15.739  -44.453  -20.797 0.6999999881
35160  18.016  -43.642  -21.413 0.6999999881
36020  20.328  -44.134  -18.030 0.8999999762
36028  24.923  -43.413  -18.475 0.6000000238
36032  20.767  -43.320  -18.542 0.8000000119
36034  17.381  -43.122  -18.832 1.0000000000
36036  15.750  -43.253  -18.735 1.0000000000
36073  17.613  -42.932  -21.785 0.6999999881
36074  16.226  -42.961  -21.381 0.6999999881
36843  20.156  -42.149  -18.985 0.8000000119
36845  18.288  -41.914  -19.336 0.8999999762
36862  14.936  -42.611  -19.470 0.8999999762
36875  14.946  -42.497  -20.232 0.8999999762
36876  15.159  -42.143  -20.039 0.8999999762
36895  15.875  -42.126  -21.317 0.6999999881
36907  19.025  -41.826  -22.053 0.6000000238
37746  23.248  -41.486  -19.585 0.6999999881
37747  22.322  -41.408  -19.538 0.8000000119
37751  15.430  -41.931  -19.768 0.8999999762
37760  15.573  -40.853  -20.583 0.8999999762
37778  15.559  -41.238  -21.092 0.8000000119
37793  18.658  -41.521  -22.238 0.6999999881
38673  26.662  -40.595  -15.219 0.3000000119
38697  16.315  -40.750  -19.832 0.8999999762
38713  15.841  -40.321  -20.092 0.8999999762
38724  20.562  -40.119  -20.257 0.8000000119
38725  19.481  -39.842  -20.168 0.8999999762
38726  18.565  -39.828  -20.054 0.8999999762
38761  18.610  -40.001  -22.862 0.6999999881
39691  16.588  -39.246  -20.241 0.8999999762
39720  15.699  -38.673  -21.546 0.8000000119
39721  15.611  -39.209  -21.418 0.8999999762
39728  15.799  -38.867  -21.771 0.8000000119
39743  17.060  -38.202  -22.770 0.8000000119
40654  19.322  -38.554  -21.060 0.8999999762
40662  25.171  -38.692  -21.634 0.5000000000
40668  18.594  -37.814  -21.752 0.8000000119
40677  17.306  -37.745  -22.595 0.8000000119
41564  18.043  -37.474  -22.606 0.8000000119
41571  25.203  -37.405  -22.539 0.5000000000
41608  20.216  -36.726  -24.848 0.6000000238
42515  21.814  -35.750  -25.560 0.6000000238
42517  20.772  -35.687  -25.193 0.6000000238
43341  27.072  -35.916  -22.015 0.4000000060
43360  22.312  -35.281  -24.144 0.6999999881
43369  20.842  -35.393  -24.620 0.6000000238
43370  20.362  -35.744  -24.665 0.6000000238
43395  21.344  -35.337  -25.314 0.6000000238
44193  30.101  -34.790  -19.965 0.3000000119
44223  21.495  -34.979  -24.695 0.6000000238
44247  23.755  -34.389  -26.644 0.5000000000
44997  27.014  -33.225  -23.437 0.3000000119
44999  24.815  -33.380  -24.377 0.6000000238
45884  22.419  -32.245  -26.224 0.6000000238
46640  23.697  -31.845  -25.513 0.6000000238
46654  22.549  -31.756  -26.080 0.6000000238
46671  23.245  -31.046  -26.611 0.6000000238
46689  23.775  -30.864  -27.373 0.6000000238
47510  24.378  -29.994  -27.535 0.4000000060
47520  24.187  -30.375  -27.521 0.4000000060
95676  17.934  -53.747  -10.630 0.6999999881
95692  14.782  -53.515  -12.052 0.5000000000
97186  17.779  -65.804  -18.465 0.4000000060
97568  19.094  -59.882  -11.072 0.8999999762
97890  13.505  -48.317  -18.718 0.8999999762
98108  20.667  -59.381  -11.390 0.8999999762
98219  15.049  -59.764  -17.858 0.6000000238
98542  20.318  -52.826  -9.920 0.6999999881
98776  15.851  -55.714  -11.382 0.6999999881
99804  19.363  -57.066  -15.581 0.8999999762
100310  20.158  -36.044  -24.714 0.6000000238
100661  15.058  -58.690  -11.442 0.6999999881
101777  18.663  -63.066  -11.565 0.6999999881
101850  17.859  -57.904  -16.678 0.8000000119
101912  20.646  -63.545  -14.979 0.8000000119
101954  19.754  -55.130  -15.427 0.8999999762
102213  22.928  -41.449  -13.847 0.3000000119
102534  21.904  -58.322  -12.810 1.0000000000
102919  15.207  -49.971  -17.220 0.8999999762
104481  14.293  -62.011  -13.259 0.5000000000
105598  20.578  -60.851  -15.408 1.0000000000
105813  14.872  -54.075  -19.285 0.5000000000
106094  15.959  -55.548  -16.846 0.8000000119
106108  16.306  -50.279  -16.719 0.8999999762
106318  28.860  -27.254  -29.723 0.3000000119
106902  17.357  -56.934  -10.697 1.0000000000
107354  15.068  -53.041  -16.662 0.8999999762
107520  21.316  -52.860  -10.107 0.8000000119
108261  19.704  -45.152  -17.127 1.0000000000
109266  16.395  -49.543  -10.383 0.4000000060
109591  21.382  -44.002  -11.183 0.4000000060
109931  15.115  -42.487  -19.358 0.8999999762
110679  19.017  -66.650  -17.757 0.4000000060
111061  13.273  -46.678  -18.988 0.8999999762
111398  16.429  -52.485  -11.063 0.4000000060
111834  21.204  -41.976  -13.130 0.3000000119
112080  17.627  -48.783  -19.174 0.6000000238
112864  14.070  -56.229  -19.322 0.3000000119
113321  15.094  -42.903  -19.034 0.8999999762
113960  18.676  -68.423  -15.809 0.3000000119
114264  19.074  -49.252  -15.874 1.0000000000
115009  27.727  -35.872  -21.687 0.4000000060
115230  13.741  -46.568  -18.439 0.8999999762
