#!ascii label  , from subject sub-045 vox2ras=TkReg
611
53178  17.601  -26.054  -26.952 0.1428571492
53160  17.009  -26.606  -26.573 0.1428571492
53964  16.848  -24.677  -27.953 0.1428571492
53949  17.364  -25.257  -27.485 0.2857142985
53950  16.321  -25.009  -27.597 0.1428571492
120979  18.092  -25.077  -27.585 0.1428571492
108496  17.666  -23.744  -28.713 0.5714285970
53963  17.751  -24.533  -27.983 0.1428571492
55586  19.488  -23.771  -28.472 0.2857142985
106431  18.688  -23.450  -28.836 0.2857142985
55602  19.539  -23.087  -29.019 0.1428571492
57343  20.339  -20.831  -31.238 0.2857142985
57329  20.000  -21.427  -30.574 0.1428571492
58282  21.163  -19.970  -32.328 0.2857142985
57342  21.140  -20.689  -31.119 0.2857142985
59797  21.309  -18.739  -32.786 0.2857142985
59064  20.831  -19.303  -32.595 0.2857142985
104628  22.277  -16.772  -33.253 0.2857142985
62259  23.146  -15.043  -33.950 0.8571428657
62247  23.028  -15.738  -33.739 0.4285714328
122720  22.445  -18.279  -33.151 0.2857142985
63979  23.973  -13.672  -34.619 0.7142857313
63152  24.387  -14.361  -34.952 0.7142857313
114176  23.765  -14.202  -34.475 0.7142857313
62248  22.378  -15.220  -33.544 0.7142857313
64800  25.552  -12.936  -35.609 0.8571428657
64801  24.841  -13.263  -35.306 0.5714285970
65537  23.684  -12.283  -34.619 0.8571428657
63980  23.163  -13.618  -34.246 0.7142857313
105987  23.169  -14.338  -34.127 0.7142857313
66251  26.058  -10.769  -36.918 0.4285714328
103028  25.203  -11.712  -35.327 0.7142857313
65545  24.593  -12.514  -35.064 0.8571428657
66994  25.818  -9.313  -38.572 0.2857142985
118035  25.432  -8.582  -38.293 0.5714285970
116766  25.484  -10.240  -36.096 0.8571428657
66983  26.003  -9.960  -37.776 0.7142857313
120389  25.226  -10.744  -35.516 0.8571428657
68578  25.270  -7.897  -39.701 0.1428571492
67005  26.182  -9.316  -39.587 0.1428571492
67725  25.576  -8.607  -39.205 0.4285714328
67717  25.572  -9.000  -37.575 0.5714285970
66971  25.595  -9.612  -36.837 0.8571428657
70142  24.467  -5.610  -40.294 0.1428571492
117004  25.552  -7.779  -40.344 0.1428571492
68579  25.083  -7.224  -40.069 0.1428571492
68566  25.208  -7.892  -38.652 0.4285714328
67705  25.297  -8.669  -36.656 0.8571428657
71003  24.034  -4.777  -41.634 0.1428571492
70148  24.660  -5.437  -40.898 0.1428571492
70997  23.820  -4.967  -40.857 0.1428571492
69373  24.762  -6.490  -39.680 0.1428571492
70137  24.431  -5.876  -39.160 0.4285714328
68552  24.756  -7.288  -38.120 0.5714285970
68534  24.552  -7.289  -37.020 0.7142857313
106806  24.443  -8.100  -35.660 0.8571428657
71834  23.508  -4.029  -40.808 0.1428571492
70992  23.899  -4.678  -39.508 0.1428571492
70981  24.222  -5.259  -38.609 0.5714285970
69357  24.407  -6.661  -37.618 0.8571428657
67706  24.869  -7.917  -36.347 0.8571428657
69345  24.051  -6.702  -36.604 0.8571428657
113547  23.353  -3.244  -41.369 0.1428571492
109394  23.618  -3.032  -39.995 0.2857142985
71835  23.847  -3.671  -39.011 0.1428571492
70124  24.378  -5.958  -38.082 0.8571428657
69365  24.588  -6.588  -38.634 0.7142857313
113435  24.179  -5.380  -37.547 0.8571428657
73341  23.319  -1.193  -38.906 0.1428571492
74077  23.380  -0.855  -40.073 0.1428571492
72604  23.531  -2.286  -39.319 0.4285714328
71808  23.083  -2.499  -36.910 0.8571428657
71820  23.553  -3.258  -37.640 0.8571428657
70125  23.853  -4.983  -36.853 0.8571428657
106829  23.305  -1.752  -38.522 0.4285714328
71821  22.890  -3.132  -36.538 0.8571428657
70983  23.493  -4.022  -36.791 0.8571428657
74065  23.199  -0.541  -38.482 0.1428571492
74846  23.131  -0.063  -39.346 0.2857142985
73330  23.103  -1.213  -37.695 0.8571428657
110496  23.117  -1.836  -37.594 0.8571428657
72584  23.022  -2.076  -37.127 0.8571428657
72585  22.459  -2.108  -36.726 0.8571428657
72595  22.335  -2.540  -36.550 0.8571428657
75634  22.945  0.922  -38.608 0.2857142985
74827  23.070  0.346  -37.953 0.7142857313
74066  22.887  -0.362  -37.296 0.8571428657
73319  21.961  -1.648  -36.591 0.8571428657
73320  21.197  -1.175  -36.693 0.8571428657
71809  21.449  -2.328  -36.710 0.8571428657
74828  22.544  0.577  -36.991 0.8571428657
113803  22.013  -0.967  -36.381 0.8571428657
74814  21.353  0.400  -36.591 0.7142857313
74053  21.657  -0.383  -36.397 0.7142857313
112878  22.783  1.139  -37.626 0.8571428657
75624  22.384  1.582  -37.154 0.8571428657
74813  22.068  0.287  -36.458 0.8571428657
117588  21.991  1.924  -36.792 0.8571428657
76367  21.387  2.419  -37.019 0.8571428657
75625  21.069  1.344  -36.904 0.7142857313
77109  21.792  3.166  -38.579 0.7142857313
77091  21.905  3.338  -37.790 0.8571428657
77092  21.298  3.822  -37.754 0.8571428657
77808  21.001  4.346  -38.223 0.7142857313
74829  22.028  1.082  -36.636 0.8571428657
76377  21.490  3.242  -37.356 0.8571428657
77838  19.488  4.037  -43.003 0.1428571492
119885  21.525  3.813  -38.146 0.8571428657
122972  20.827  4.354  -38.894 0.7142857313
101632  19.169  4.852  -43.168 0.1428571492
78448  20.140  4.879  -40.177 0.5714285970
78454  20.231  5.250  -40.633 0.5714285970
79103  20.623  5.867  -40.464 0.5714285970
78460  19.963  5.109  -41.441 0.1428571492
101585  18.983  6.389  -43.866 0.1428571492
101655  20.952  6.462  -40.701 0.5714285970
101397  18.543  7.598  -44.684 0.1428571492
101399  18.126  8.118  -45.194 0.1428571492
101531  19.965  6.283  -42.213 0.1428571492
80537  18.984  9.070  -44.630 0.1428571492
79106  20.425  5.835  -41.191 0.5714285970
101606  19.505  8.469  -44.127 0.1428571492
115822  20.278  8.295  -43.452 0.1428571492
81253  19.292  9.937  -44.712 0.1428571492
101711  19.794  9.132  -43.897 0.1428571492
54774  18.672  -24.130  -28.263 0.2857142985
57316  20.932  -21.712  -30.010 0.2857142985
56431  20.052  -22.069  -29.865 0.2857142985
60612  21.676  -17.363  -32.929 0.2857142985
60598  21.131  -17.975  -32.680 0.2857142985
61410  22.265  -15.993  -33.388 0.5714285970
117922  26.080  -12.217  -35.936 0.2857142985
63154  22.436  -14.482  -33.751 0.7142857313
66265  26.457  -10.989  -37.963 0.1428571492
66238  24.452  -10.769  -35.145 0.8571428657
68551  25.151  -8.044  -37.505 0.7142857313
71849  23.246  -3.747  -41.976 0.1428571492
70982  24.035  -4.415  -37.934 0.8571428657
119652  23.936  -5.673  -36.803 0.8571428657
76391  22.357  2.567  -38.228 0.8571428657
77110  21.129  3.739  -39.034 0.8571428657
77816  20.488  4.248  -39.760 0.7142857313
77823  20.110  4.812  -40.813 0.2857142985
117502  19.873  5.833  -41.898 0.1428571492
101832  19.285  6.849  -43.736 0.1428571492
106775  18.547  9.337  -45.873 0.1428571492
52346  16.530  -27.227  -26.172 0.1428571492
109468  18.750  -22.935  -29.347 0.2857142985
55603  17.959  -23.075  -29.297 0.2857142985
106652  20.003  -22.597  -29.375 0.1428571492
57328  21.538  -21.142  -30.453 0.2857142985
58270  21.412  -20.329  -31.741 0.2857142985
58271  20.719  -20.396  -31.863 0.2857142985
58272  19.900  -20.349  -31.883 0.2857142985
70147  25.411  -5.747  -40.619 0.1428571492
71007  23.946  -4.057  -42.211 0.1428571492
72608  23.479  -2.360  -40.969 0.1428571492
73346  23.483  -1.612  -39.894 0.2857142985
116003  23.652  -2.898  -38.700 0.8571428657
69346  23.674  -6.185  -36.336 0.8571428657
69336  23.375  -6.778  -35.774 1.0000000000
74853  22.772  0.247  -40.395 0.1428571492
75652  22.658  1.547  -39.085 0.2857142985
113507  20.366  -1.064  -37.194 0.8571428657
75635  22.697  1.848  -37.880 0.5714285970
76403  22.002  2.125  -39.615 0.5714285970
77124  21.361  2.837  -39.616 0.5714285970
77822  20.296  4.262  -40.747 0.4285714328
109636  20.568  3.452  -40.825 0.2857142985
77830  20.208  4.342  -41.461 0.2857142985
77837  19.930  4.344  -42.220 0.1428571492
78467  19.495  5.160  -42.387 0.1428571492
122090  19.263  5.574  -42.950 0.1428571492
101396  21.222  7.733  -42.196 0.2857142985
101393  19.060  5.849  -43.433 0.1428571492
120226  19.605  7.649  -43.879 0.1428571492
101401  20.585  7.489  -42.959 0.1428571492
80536  20.810  8.999  -42.990 0.1428571492
115853  18.509  7.083  -44.743 0.1428571492
81252  20.023  10.027  -43.771 0.1428571492
81921  19.405  11.130  -44.857 0.1428571492
76404  21.358  2.151  -40.749 0.4285714328
77125  20.879  3.109  -40.271 0.4285714328
53179  16.485  -25.752  -27.001 0.1428571492
53161  16.000  -26.534  -26.565 0.1428571492
54775  16.813  -24.189  -28.474 0.4285714328
54776  16.088  -24.487  -28.213 0.2857142985
54757  18.811  -24.900  -27.675 0.1428571492
56417  19.240  -22.450  -29.710 0.1428571492
66237  25.853  -11.235  -35.950 0.8571428657
65546  24.099  -11.587  -34.822 0.8571428657
106381  24.116  -5.336  -39.733 0.2857142985
69382  25.141  -6.309  -40.343 0.1428571492
70110  24.163  -6.100  -37.152 0.8571428657
72594  23.315  -2.375  -37.931 0.8571428657
73331  22.589  -1.063  -36.748 0.8571428657
73318  22.793  -1.674  -36.919 0.8571428657
74052  22.357  -0.326  -36.566 0.8571428657
75623  22.163  2.530  -37.376 0.8571428657
108717  20.380  5.523  -39.901 0.5714285970
123297  18.101  6.822  -45.684 0.1428571492
101402  20.591  6.624  -41.978 0.4285714328
101591  20.022  6.868  -43.113 0.1428571492
80540  18.354  8.827  -45.258 0.1428571492
115827  18.110  7.434  -45.408 0.1428571492
115849  19.529  6.079  -42.691 0.1428571492
58283  20.367  -19.852  -32.355 0.5714285970
58284  19.615  -19.629  -32.188 0.5714285970
59049  18.349  -19.487  -31.616 0.5714285970
110221  17.612  -19.611  -31.237 0.2857142985
59799  19.813  -18.420  -32.399 0.5714285970
59800  18.950  -18.157  -32.200 0.5714285970
58274  17.355  -20.297  -30.876 0.4285714328
59066  19.361  -18.938  -32.229 0.5714285970
59050  17.208  -19.039  -31.246 0.2857142985
59801  17.988  -18.160  -31.974 0.4285714328
108882  21.010  -17.272  -32.789 0.4285714328
60600  19.537  -17.732  -32.444 0.5714285970
60601  18.879  -17.307  -32.532 0.5714285970
61403  18.085  -16.721  -32.654 0.4285714328
60613  20.533  -16.800  -32.844 0.5714285970
61412  20.091  -16.183  -33.086 0.5714285970
117093  20.667  -15.797  -33.285 0.7142857313
62250  19.762  -15.350  -33.522 0.4285714328
59802  17.162  -17.816  -31.800 0.2857142985
59785  16.824  -18.393  -31.354 0.2857142985
123475  20.666  -16.306  -33.082 0.7142857313
63155  20.786  -14.006  -33.860 0.7142857313
63156  19.344  -13.920  -34.327 0.4285714328
114894  20.397  -13.233  -34.478 0.7142857313
64792  19.303  -12.741  -34.871 0.5714285970
64791  19.984  -12.632  -34.952 0.7142857313
64804  19.596  -12.031  -35.208 0.2857142985
63142  21.604  -14.666  -33.540 0.5714285970
116900  21.724  -14.014  -33.790 0.5714285970
65539  21.548  -11.925  -34.860 0.7142857313
65549  20.575  -11.163  -35.540 0.7142857313
66240  21.122  -10.670  -35.557 0.7142857313
112719  20.146  -10.720  -35.772 0.7142857313
66242  19.604  -10.639  -35.780 0.4285714328
66252  20.050  -10.138  -36.203 0.4285714328
64789  23.331  -12.913  -34.406 0.5714285970
105642  22.173  -12.831  -34.357 0.5714285970
65538  22.595  -11.980  -34.579 0.5714285970
65547  21.780  -11.240  -34.978 0.5714285970
119318  21.420  -9.786  -35.599 0.7142857313
68520  21.204  -8.319  -35.904 0.7142857313
66973  20.289  -9.330  -36.329 0.7142857313
67708  19.948  -8.708  -36.564 0.5714285970
68536  20.188  -7.952  -36.583 0.5714285970
66958  24.757  -9.978  -35.553 0.7142857313
66960  23.073  -9.707  -35.175 0.5714285970
106356  22.152  -10.397  -35.090 0.5714285970
66961  22.184  -9.475  -35.267 0.7142857313
68519  22.068  -7.964  -35.443 0.8571428657
109313  19.712  -9.366  -36.411 0.4285714328
69338  21.450  -7.519  -35.730 0.7142857313
69348  20.830  -7.207  -35.979 0.7142857313
109368  21.803  -6.649  -35.693 0.7142857313
106083  19.577  -7.724  -36.773 0.5714285970
117420  20.123  -6.800  -36.376 0.7142857313
67696  24.139  -9.012  -35.462 0.5714285970
67698  21.725  -8.869  -35.504 0.7142857313
69337  22.405  -7.089  -35.538 0.8571428657
70112  21.187  -6.155  -35.914 0.7142857313
107715  19.633  -5.819  -36.581 0.5714285970
70114  19.858  -4.748  -36.622 0.2857142985
68517  24.098  -7.372  -35.849 0.7142857313
113512  22.336  -5.824  -36.124 0.7142857313
71811  19.675  -3.037  -36.710 0.7142857313
69347  22.844  -6.286  -35.750 0.7142857313
70973  21.751  -5.109  -36.290 0.8571428657
70113  20.546  -5.472  -36.257 0.8571428657
71810  20.586  -3.059  -36.407 0.8571428657
70975  19.957  -3.769  -36.461 0.5714285970
70126  22.975  -4.874  -36.205 0.8571428657
71822  21.712  -3.113  -36.345 0.8571428657
72586  20.402  -2.312  -37.014 0.8571428657
107783  20.983  -1.818  -37.161 0.8571428657
73321  20.149  -1.657  -37.342 0.7142857313
75636  20.240  1.830  -37.185 0.7142857313
75638  18.600  1.185  -37.623 0.7142857313
76378  20.534  2.775  -37.211 0.7142857313
77093  20.760  3.612  -37.405 0.8571428657
77094  20.079  3.817  -37.431 0.7142857313
112753  19.787  3.052  -37.387 0.7142857313
77798  18.848  4.442  -37.299 0.7142857313
116499  19.231  5.023  -37.430 0.7142857313
77796  20.631  4.218  -37.711 0.7142857313
77797  19.772  4.456  -37.537 0.7142857313
111534  17.881  4.640  -37.540 0.5714285970
78436  19.810  5.286  -37.792 0.4285714328
78437  18.492  5.283  -37.416 0.5714285970
77809  20.380  4.828  -38.011 0.5714285970
111351  16.699  4.847  -37.956 0.5714285970
79101  20.377  6.216  -38.496 0.5714285970
101689  19.151  5.785  -37.605 0.5714285970
106165  18.177  6.303  -37.515 0.5714285970
78438  17.398  5.662  -37.640 0.4285714328
78439  16.230  5.823  -37.543 0.5714285970
79099  16.997  6.776  -37.569 0.5714285970
79097  19.939  6.164  -37.896 0.5714285970
79100  16.142  6.808  -37.325 0.4285714328
77799  14.015  5.126  -38.011 0.4285714328
79772  16.672  7.293  -37.109 0.4285714328
62258  23.664  -15.602  -34.273 0.2857142985
66239  23.350  -10.728  -34.906 0.5714285970
79781  17.503  7.429  -37.090 0.2857142985
79089  16.041  6.905  -36.759 0.2857142985
58273  18.972  -20.152  -31.711 0.5714285970
57346  17.777  -20.762  -30.955 0.5714285970
59798  20.573  -18.579  -32.577 0.2857142985
59065  20.080  -19.145  -32.462 0.4285714328
60599  20.335  -17.683  -32.557 0.5714285970
60602  17.570  -17.300  -32.274 0.4285714328
60615  18.829  -16.587  -32.829 0.4285714328
61413  19.227  -16.045  -33.146 0.5714285970
60603  16.795  -17.068  -32.172 0.2857142985
61404  17.236  -16.531  -32.640 0.2857142985
115638  19.905  -14.428  -33.909 0.5714285970
111978  24.452  -14.994  -34.998 0.2857142985
64793  18.687  -12.837  -34.730 0.2857142985
65550  19.915  -11.287  -35.513 0.7142857313
70111  23.350  -5.620  -36.205 0.8571428657
74815  20.367  0.423  -36.890 0.7142857313
75626  20.019  1.069  -37.093 0.7142857313
74816  19.560  0.405  -37.307 0.7142857313
117209  19.247  3.664  -37.270 0.7142857313
77817  20.586  4.808  -38.750 0.5714285970
78445  20.258  5.492  -38.439 0.5714285970
78449  20.388  5.139  -39.359 0.5714285970
79102  20.452  5.891  -39.132 0.5714285970
101408  19.105  6.675  -37.523 0.5714285970
101409  19.233  7.440  -37.391 0.2857142985
61414  18.351  -15.994  -33.146 0.4285714328
63981  22.358  -13.742  -34.003 0.5714285970
67694  25.160  -9.278  -35.994 0.7142857313
68518  23.096  -7.569  -35.342 0.7142857313
107926  22.250  -4.027  -36.371 0.7142857313
62249  21.503  -15.507  -33.348 0.5714285970
114347  19.638  -0.977  -37.469 0.7142857313
59067  18.624  -18.818  -31.900 0.5714285970
59048  18.997  -19.381  -31.968 0.4285714328
59068  17.881  -18.911  -31.556 0.5714285970
117550  17.412  -18.463  -31.583 0.4285714328
116924  18.279  -17.560  -32.336 0.4285714328
60614  19.647  -16.901  -32.714 0.5714285970
63144  19.098  -14.623  -33.896 0.4285714328
63143  20.705  -14.943  -33.520 0.5714285970
119358  19.958  -13.752  -34.273 0.7142857313
63983  19.632  -13.271  -34.610 0.5714285970
63984  19.009  -13.402  -34.608 0.4285714328
63157  18.687  -14.061  -34.265 0.4285714328
63982  21.374  -13.353  -34.190 0.7142857313
64790  20.922  -12.500  -34.797 0.7142857313
64802  20.883  -11.761  -35.244 0.7142857313
65548  21.131  -11.355  -35.308 0.7142857313
66962  20.678  -9.971  -35.994 0.7142857313
116910  22.592  -11.178  -34.789 0.5714285970
66972  20.949  -9.153  -36.023 0.7142857313
67707  20.521  -8.566  -36.344 0.7142857313
67697  22.839  -8.633  -35.252 0.5714285970
68535  20.794  -7.940  -36.216 0.7142857313
109856  19.202  -5.071  -36.899 0.2857142985
70974  20.888  -4.132  -36.155 0.8571428657
79098  17.946  7.239  -37.363 0.5714285970
61416  16.989  -15.959  -33.006 0.1428571492
62252  17.901  -15.358  -33.439 0.4285714328
118154  22.037  -19.985  -32.065 0.1428571492
109977  21.619  -19.431  -32.677 0.1428571492
110934  22.045  -18.855  -32.997 0.1428571492
117415  22.848  -16.345  -33.579 0.1428571492
59063  22.448  -19.421  -32.683 0.1428571492
114880  23.693  -17.130  -33.972 0.1428571492
59816  22.394  -17.572  -33.206 0.1428571492
61409  23.523  -16.333  -34.010 0.1428571492
108134  24.928  -14.207  -35.450 0.2857142985
63994  25.967  -13.548  -36.069 0.1428571492
74054  20.748  -0.389  -36.715 0.5714285970
82560  18.402  13.398  -43.506 0.1428571492
73322  19.198  -1.609  -37.372 0.4285714328
83193  18.885  13.434  -42.081 0.1428571492
81250  20.952  9.951  -42.727 0.1428571492
74830  18.905  0.445  -37.633 0.4285714328
75637  19.371  1.163  -37.350 0.5714285970
118690  20.788  9.668  -39.229 0.2857142985
80523  21.090  8.219  -39.184 0.2857142985
101405  20.421  6.836  -38.165 0.2857142985
75640  16.307  1.254  -38.323 0.1428571492
76380  18.276  1.862  -37.666 0.5714285970
112837  18.554  2.769  -37.489 0.5714285970
115861  19.996  8.373  -37.761 0.2857142985
111304  16.490  1.852  -38.360 0.4285714328
116008  17.580  3.156  -37.782 0.5714285970
101557  20.162  7.634  -37.801 0.2857142985
76392  14.856  2.654  -39.313 0.4285714328
77111  15.248  3.290  -39.054 0.2857142985
79780  18.575  7.735  -37.054 0.1428571492
115811  19.463  8.120  -37.304 0.1428571492
76393  14.112  3.229  -39.602 0.1428571492
112692  15.366  4.869  -37.928 0.4285714328
80506  19.120  8.320  -36.942 0.1428571492
80505  19.523  8.927  -37.483 0.1428571492
115566  14.319  4.211  -39.026 0.2857142985
79771  17.356  7.497  -36.682 0.2857142985
79077  16.945  6.881  -34.758 0.1428571492
80507  18.327  7.713  -36.730 0.1428571492
80497  18.235  7.784  -36.091 0.1428571492
80496  19.081  8.309  -36.412 0.1428571492
80475  18.165  7.862  -35.189 0.1428571492
55604  17.049  -23.187  -29.245 0.4285714328
57317  16.025  -21.698  -29.572 0.2857142985
59815  23.141  -17.922  -33.495 0.1428571492
61428  24.056  -16.031  -34.512 0.1428571492
74067  19.228  -0.265  -37.579 0.2857142985
101403  21.118  7.209  -39.762 0.2857142985
80515  20.077  8.842  -38.079 0.2857142985
56420  16.386  -22.549  -29.375 0.2857142985
56416  20.715  -22.374  -29.368 0.1428571492
58258  22.031  -20.476  -30.991 0.1428571492
63995  25.338  -13.765  -35.675 0.1428571492
63153  23.870  -14.887  -34.512 0.1428571492
121315  14.176  2.755  -39.554 0.1428571492
114243  18.834  -0.908  -37.588 0.4285714328
75653  15.549  2.000  -38.818 0.2857142985
77096  17.202  3.942  -38.001 0.5714285970
101604  20.755  6.292  -39.809 0.4285714328
101707  21.248  9.032  -39.538 0.2857142985
101572  21.486  8.214  -40.428 0.2857142985
81237  21.130  9.790  -39.823 0.2857142985
81908  21.051  10.713  -41.167 0.1428571492
115665  20.460  11.581  -40.688 0.1428571492
81914  20.828  10.766  -42.247 0.1428571492
81221  19.252  9.133  -36.880 0.2857142985
81227  19.765  9.549  -38.120 0.2857142985
110743  20.201  11.585  -42.812 0.1428571492
115789  21.412  9.091  -42.074 0.1428571492
81248  21.279  9.866  -41.641 0.1428571492
64799  26.317  -13.002  -36.401 0.2857142985
115772  21.253  7.182  -40.852 0.4285714328
81899  20.518  10.460  -39.393 0.2857142985
115835  21.525  8.336  -41.600 0.2857142985
101546  21.537  9.070  -41.108 0.1428571492
55587  16.744  -23.650  -28.860 0.4285714328
63996  24.616  -13.747  -35.172 0.4285714328
115831  21.377  7.571  -41.427 0.2857142985
76379  19.350  2.036  -37.463 0.5714285970
77095  18.254  3.735  -37.494 0.5714285970
101404  20.699  6.669  -38.964 0.2857142985
121553  16.927  7.216  -37.334 0.4285714328
79761  16.628  7.209  -36.456 0.2857142985
74055  19.932  -0.340  -37.213 0.5714285970
77097  15.945  4.051  -38.477 0.5714285970
101406  19.885  6.944  -37.699 0.2857142985
60611  23.007  -16.990  -33.554 0.1428571492
59796  22.800  -18.806  -33.155 0.1428571492
60610  24.147  -16.594  -34.459 0.1428571492
74831  18.032  0.495  -37.783 0.2857142985
101657  20.598  9.092  -38.719 0.2857142985
101407  20.513  8.274  -38.328 0.2857142985
115810  20.755  7.467  -38.663 0.2857142985
76381  17.266  2.334  -37.970 0.4285714328
76382  15.973  2.523  -38.731 0.4285714328
111303  16.557  3.200  -38.379 0.5714285970
55605  16.344  -23.251  -29.027 0.2857142985
61427  24.674  -16.090  -34.892 0.1428571492
113244  18.002  -0.929  -37.696 0.2857142985
101605  21.429  9.177  -40.269 0.2857142985
81243  21.312  9.853  -40.659 0.2857142985
81915  20.538  11.590  -41.778 0.1428571492
121155  19.673  -8.287  -36.707 0.4285714328
70127  18.868  -5.845  -36.753 0.2857142985
81877  19.183  10.869  -37.308 0.1428571492
81226  20.148  10.077  -38.721 0.1428571492
81211  19.376  9.251  -36.087 0.1428571492
81220  19.240  9.841  -37.491 0.1428571492
81888  19.433  10.479  -38.118 0.1428571492
81198  19.370  10.182  -36.066 0.1428571492
81210  19.182  10.054  -36.740 0.1428571492
82525  19.362  11.702  -36.699 0.1428571492
82508  19.980  11.541  -35.148 0.1428571492
81871  19.335  10.877  -36.372 0.1428571492
69349  19.296  -6.825  -36.726 0.2857142985
102744  19.681  9.891  -35.430 0.1428571492
82517  19.541  11.644  -35.807 0.1428571492
121660  19.266  11.770  -37.418 0.1428571492
61411  21.333  -16.476  -33.107 0.2857142985
81887  19.650  11.218  -38.796 0.1428571492
81862  19.700  10.781  -35.603 0.1428571492
57331  18.097  -21.374  -30.730 0.4285714328
57330  19.002  -21.494  -30.825 0.2857142985
56432  19.386  -21.881  -30.239 0.1428571492
57345  18.528  -20.870  -31.215 0.2857142985
56418  18.268  -22.503  -29.789 0.2857142985
57344  19.453  -20.897  -31.292 0.1428571492
110787  18.057  -20.201  -31.286 0.4285714328
75639  17.449  1.318  -37.956 0.2857142985
56433  18.611  -21.958  -30.275 0.2857142985
56435  16.774  -21.820  -30.008 0.2857142985
56419  17.334  -22.535  -29.709 0.2857142985
56434  17.679  -21.905  -30.236 0.2857142985
57332  17.176  -21.111  -30.591 0.2857142985
62251  18.739  -15.334  -33.510 0.2857142985
63145  18.307  -14.703  -33.788 0.2857142985
65551  19.102  -11.316  -35.372 0.1428571492
106954  18.381  -11.044  -35.372 0.1428571492
66243  18.855  -10.555  -35.673 0.2857142985
67709  18.961  -8.730  -36.584 0.1428571492
70128  18.019  -5.709  -36.904 0.1428571492
109112  18.541  -4.912  -37.222 0.1428571492
71823  19.030  -2.997  -37.151 0.1428571492
70984  18.288  -4.141  -37.579 0.1428571492
72597  17.979  -2.403  -37.663 0.1428571492
74069  17.569  -0.240  -37.852 0.1428571492
74832  16.999  0.472  -38.038 0.1428571492
78440  15.080  5.723  -37.225 0.1428571492
79090  15.509  6.298  -36.838 0.1428571492
72587  19.514  -2.313  -37.154 0.2857142985
55588  15.988  -23.793  -28.682 0.2857142985
63158  18.018  -14.150  -34.053 0.2857142985
66244  18.006  -10.529  -35.520 0.1428571492
67718  18.745  -8.160  -36.857 0.1428571492
67719  18.192  -8.025  -36.825 0.1428571492
68553  19.017  -7.619  -36.944 0.1428571492
70129  17.069  -5.281  -36.994 0.1428571492
70985  17.636  -4.612  -37.355 0.1428571492
71825  17.675  -3.735  -37.622 0.1428571492
73332  18.359  -1.625  -37.536 0.1428571492
74070  16.644  -0.290  -37.929 0.1428571492
78429  13.864  5.530  -36.947 0.1428571492
63146  17.604  -14.769  -33.620 0.2857142985
66254  18.683  -9.949  -35.958 0.1428571492
118741  19.099  -4.031  -37.147 0.1428571492
108603  13.311  4.638  -38.774 0.1428571492
61415  17.565  -15.978  -33.083 0.1428571492
72596  18.699  -2.353  -37.342 0.1428571492
74068  18.478  -0.221  -37.750 0.1428571492
63986  17.803  -13.479  -34.242 0.1428571492
71824  18.342  -3.271  -37.562 0.1428571492
55606  15.730  -22.997  -28.863 0.1428571492
56406  15.097  -22.638  -28.491 0.1428571492
56421  15.586  -22.221  -28.999 0.1428571492
58259  16.718  -20.397  -30.539 0.1428571492
121154  26.343  -12.430  -36.495 0.1428571492
108778  26.952  -12.734  -37.704 0.1428571492
76413  21.719  1.317  -41.129 0.1428571492
57333  16.387  -21.063  -30.146 0.1428571492
59051  16.626  -19.045  -30.899 0.1428571492
75666  22.284  0.950  -40.627 0.1428571492
66250  26.445  -11.642  -37.374 0.1428571492
58275  16.991  -19.703  -30.844 0.1428571492
63168  24.911  -14.735  -35.386 0.2857142985
64788  24.210  -13.092  -34.806 0.7142857313
64803  20.318  -11.911  -35.283 0.7142857313
64815  26.705  -13.161  -37.205 0.1428571492
65558  26.583  -12.473  -37.153 0.1428571492
65559  26.271  -11.819  -36.606 0.1428571492
66233  23.248  -11.551  -34.670 0.5714285970
66241  20.485  -10.527  -35.819 0.7142857313
66253  19.361  -10.015  -36.144 0.4285714328
66959  23.937  -10.021  -35.296 0.8571428657
66974  19.158  -9.336  -36.351 0.4285714328
67695  24.895  -8.536  -35.942 0.8571428657
68537  19.273  -8.228  -36.797 0.1428571492
68554  18.404  -7.498  -36.915 0.1428571492
68567  24.902  -7.230  -39.173 0.1428571492
70998  23.536  -4.359  -41.684 0.1428571492
71008  23.538  -4.083  -42.106 0.1428571492
76446  16.701  4.196  -45.893 0.1428571492
101400  21.327  8.444  -42.317 0.1428571492
101511  17.828  5.713  -44.494 0.1428571492
101512  18.222  5.925  -43.764 0.1428571492
101514  17.380  4.791  -45.510 0.1428571492
101516  17.412  4.921  -44.840 0.1428571492
101517  19.170  5.937  -43.236 0.1428571492
101803  18.550  6.023  -43.911 0.1428571492
109053  17.048  -4.002  -37.333 0.1428571492
111136  23.767  -8.067  -35.341 0.7142857313
112271  18.147  -12.948  -34.553 0.2857142985
112589  19.469  -8.743  -36.559 0.1428571492
115728  17.263  4.746  -45.367 0.1428571492
115729  17.578  4.653  -45.053 0.1428571492
115732  18.708  5.975  -43.822 0.1428571492
115733  17.618  5.388  -44.787 0.1428571492
115734  17.074  4.374  -46.108 0.1428571492
115737  18.071  6.035  -44.615 0.1428571492
115738  17.035  4.642  -45.618 0.1428571492
115752  19.156  5.867  -43.294 0.1428571492
115783  18.547  5.961  -43.849 0.1428571492
115844  18.685  8.292  -44.650 0.1428571492
115860  16.872  4.855  -44.868 0.1428571492
115862  17.658  5.275  -44.794 0.1428571492
115863  18.762  5.952  -43.719 0.1428571492
115864  17.134  4.615  -45.936 0.1428571492
115872  17.064  4.967  -45.141 0.1428571492
115873  17.621  5.305  -44.976 0.1428571492
115874  18.181  6.166  -44.131 0.1428571492
115875  16.820  4.688  -46.047 0.1428571492
115877  17.512  5.061  -44.830 0.1428571492
115878  18.552  5.959  -43.896 0.1428571492
115879  17.768  5.521  -44.707 0.1428571492
115883  17.493  5.048  -44.810 0.1428571492
115884  18.151  6.074  -44.159 0.1428571492
115909  17.995  6.217  -44.292 0.1428571492
115931  17.761  5.004  -44.798 0.1428571492
115932  18.121  5.694  -44.557 0.1428571492
115940  18.154  5.853  -44.040 0.1428571492
119059  20.970  8.161  -42.786 0.1428571492
119674  20.653  -1.497  -37.200 0.8571428657
120593  19.929  6.193  -42.153 0.1428571492
121575  24.194  -5.171  -41.035 0.1428571492
