#!ascii label  , from subject sub-027 vox2ras=TkReg
1888
47555  -30.564  -44.525  -45.031 0.5000000000
46470  -30.298  -45.113  -44.235 0.4000000060
45331  -30.579  -45.917  -44.043 0.6000000238
158196  -29.550  -44.072  -43.975 0.6000000238
49499  -30.818  -42.822  -44.757 0.6000000238
47545  -30.050  -44.258  -44.464 0.5000000000
49488  -31.129  -42.393  -44.246 0.6000000238
47536  -29.938  -44.466  -43.829 0.6999999881
45316  -30.964  -45.886  -43.328 0.6999999881
48537  -29.509  -43.509  -44.035 0.6999999881
49487  -30.001  -42.599  -44.315 0.6999999881
49476  -31.493  -41.637  -43.018 0.5000000000
50394  -30.476  -41.284  -43.279 0.6999999881
49489  -32.031  -42.638  -43.751 0.5000000000
42100  -29.018  -49.071  -39.708 0.5000000000
47523  -30.419  -44.602  -42.960 0.6999999881
148745  -29.671  -43.878  -43.388 0.6999999881
49486  -29.345  -42.752  -43.477 0.6999999881
150298  -29.469  -43.361  -42.610 0.6999999881
50404  -28.941  -42.218  -42.979 0.6999999881
48536  -29.347  -43.245  -43.238 0.6999999881
50392  -28.139  -41.912  -42.335 0.6999999881
51366  -31.341  -40.839  -42.418 0.6000000238
46420  -34.487  -45.606  -39.707 0.6999999881
46419  -33.641  -45.090  -39.989 0.6999999881
47511  -31.102  -44.654  -41.865 0.6999999881
43116  -28.518  -48.266  -39.551 0.6000000238
43143  -26.632  -48.476  -41.640 0.4000000060
47510  -30.191  -43.991  -42.376 0.6999999881
50405  -29.666  -41.973  -43.616 0.6999999881
137315  -30.324  -40.668  -42.875 0.6999999881
159645  -28.671  -40.281  -42.293 0.6999999881
144755  -31.480  -40.172  -41.818 0.6000000238
46421  -35.495  -45.758  -39.071 0.6999999881
46432  -32.985  -45.281  -40.468 0.6999999881
135496  -34.154  -44.821  -39.515 0.6999999881
46405  -34.907  -44.943  -39.093 0.6999999881
44122  -29.542  -47.378  -38.493 0.6000000238
47488  -32.841  -44.072  -40.052 0.6999999881
48507  -31.117  -43.508  -40.757 0.6999999881
47500  -32.340  -44.653  -40.569 0.6999999881
47489  -33.556  -44.397  -39.713 0.6999999881
47490  -34.305  -44.114  -39.104 0.6999999881
44156  -26.412  -47.207  -40.751 0.5000000000
43133  -26.842  -48.015  -40.803 0.5000000000
49464  -28.282  -42.366  -41.981 0.6999999881
48505  -29.156  -42.912  -41.916 0.6999999881
49448  -33.212  -42.832  -39.405 0.6999999881
44170  -26.209  -47.613  -41.463 0.4000000060
51365  -28.374  -40.889  -42.398 0.6999999881
48506  -30.247  -43.179  -41.351 0.6999999881
49456  -31.691  -42.932  -40.118 0.6999999881
48499  -32.598  -43.329  -39.836 0.6999999881
44179  -26.038  -47.799  -42.306 0.4000000060
49454  -28.660  -42.175  -41.387 0.6999999881
49446  -31.999  -42.106  -39.772 0.6999999881
49447  -32.479  -42.645  -39.686 0.6999999881
50393  -29.266  -41.320  -42.947 0.6999999881
50391  -27.636  -41.151  -41.816 0.6999999881
51338  -30.241  -40.541  -39.750 0.6999999881
50358  -30.685  -41.352  -40.037 0.6999999881
51355  -29.505  -40.322  -42.547 0.6999999881
50357  -29.508  -41.221  -40.293 0.6999999881
52360  -31.098  -39.558  -41.758 0.6000000238
134371  -29.804  -39.035  -41.528 0.6999999881
53391  -28.677  -39.544  -41.436 0.6999999881
55476  -31.856  -36.845  -41.246 0.5000000000
54422  -32.075  -37.567  -41.439 0.5000000000
54431  -34.380  -37.754  -42.191 0.4000000060
54430  -33.617  -37.575  -41.896 0.5000000000
48490  -35.018  -43.477  -38.645 0.6999999881
45265  -29.281  -46.598  -38.329 0.6000000238
44140  -27.839  -47.581  -39.662 0.5000000000
152143  -34.051  -43.160  -38.982 0.6999999881
50367  -27.978  -41.606  -41.145 0.6999999881
50368  -29.941  -41.955  -40.715 0.6999999881
51354  -28.006  -40.267  -41.892 0.6999999881
51336  -28.298  -40.376  -40.346 0.6999999881
55464  -30.398  -36.390  -40.549 0.6999999881
52359  -30.134  -39.558  -42.110 0.6999999881
54421  -31.182  -37.607  -41.089 0.6999999881
53384  -30.183  -38.185  -40.884 0.6999999881
54417  -31.143  -36.647  -40.879 0.6999999881
133811  -33.240  -46.162  -36.229 0.6999999881
46351  -34.490  -45.309  -35.637 0.6999999881
46352  -35.282  -45.019  -35.664 0.8000000119
47422  -35.826  -44.458  -35.926 0.8000000119
45221  -31.727  -46.501  -36.522 0.6000000238
46365  -32.477  -45.889  -36.246 0.6000000238
46350  -33.369  -45.391  -35.811 0.6000000238
47438  -36.360  -44.528  -36.754 0.8000000119
46364  -31.602  -45.601  -36.312 0.6000000238
138372  -30.791  -45.280  -36.420 0.6000000238
48491  -35.893  -43.761  -38.263 0.6999999881
45243  -30.324  -46.379  -37.221 0.6000000238
46385  -30.333  -45.675  -36.792 0.6000000238
45264  -28.485  -46.138  -38.684 0.6000000238
46404  -29.140  -45.817  -38.127 0.6000000238
49437  -33.877  -42.240  -39.069 0.6999999881
140197  -27.372  -46.966  -39.738 0.5000000000
45283  -27.085  -46.217  -39.470 0.6000000238
49438  -34.777  -42.582  -38.607 0.6999999881
50360  -32.915  -41.965  -39.436 0.6999999881
51353  -27.789  -40.624  -41.319 0.6999999881
150465  -28.760  -41.659  -40.807 0.6999999881
152258  -31.532  -41.528  -39.836 0.6999999881
54415  -29.316  -37.768  -40.516 0.8000000119
53383  -29.197  -38.746  -40.863 0.6999999881
51346  -27.970  -40.587  -40.780 0.6999999881
51339  -31.456  -40.745  -39.588 0.6999999881
158714  -29.737  -36.948  -40.403 0.8000000119
52357  -28.035  -39.916  -41.158 0.6999999881
52343  -28.266  -39.914  -39.855 0.6999999881
55477  -32.532  -36.952  -41.525 0.5000000000
54423  -34.232  -37.266  -41.931 0.5000000000
55478  -33.756  -36.851  -41.686 0.5000000000
155389  -34.887  -37.308  -42.117 0.4000000060
47419  -32.996  -44.479  -35.518 0.6000000238
155561  -34.738  -44.677  -35.407 0.6999999881
48436  -35.223  -43.407  -35.134 0.8000000119
48437  -35.712  -43.830  -35.624 0.8999999762
46349  -32.321  -45.061  -35.958 0.6000000238
48438  -36.254  -43.690  -36.249 0.8000000119
48477  -36.506  -43.731  -37.072 0.8000000119
49426  -36.253  -42.490  -37.750 0.8000000119
47459  -30.070  -44.958  -36.736 0.6000000238
46383  -28.952  -45.037  -37.863 0.6000000238
139020  -35.540  -42.086  -38.230 0.8000000119
45282  -26.130  -45.764  -40.024 0.6000000238
45263  -27.748  -46.018  -39.039 0.6000000238
46402  -27.830  -45.310  -38.688 0.6000000238
50348  -34.650  -41.553  -38.663 0.6999999881
45305  -25.904  -46.898  -41.355 0.5000000000
51326  -33.282  -40.572  -39.137 0.6999999881
51327  -34.139  -40.651  -38.799 0.6999999881
45304  -25.285  -46.303  -41.673 0.5000000000
45294  -25.749  -46.264  -40.786 0.5000000000
50346  -32.927  -41.159  -39.392 0.6999999881
50359  -32.226  -41.354  -39.588 0.6999999881
55455  -28.565  -36.443  -39.849 0.8000000119
53382  -28.406  -38.431  -40.387 0.8000000119
52350  -28.098  -40.048  -40.678 0.6999999881
52330  -28.326  -39.260  -39.390 0.6999999881
51323  -30.174  -39.855  -39.454 0.6999999881
53381  -27.911  -38.886  -40.135 0.6999999881
47418  -32.073  -44.194  -35.760 0.6999999881
48434  -32.678  -43.590  -35.374 0.6999999881
48435  -33.616  -43.822  -35.159 0.6999999881
143740  -34.513  -44.003  -35.184 0.8000000119
157428  -35.723  -42.796  -35.128 0.8000000119
47437  -31.447  -44.747  -36.152 0.6999999881
49384  -34.263  -43.088  -34.797 0.8000000119
50310  -36.493  -41.886  -35.676 0.8000000119
47436  -30.632  -44.398  -36.382 0.6000000238
50341  -36.584  -42.044  -37.123 0.8000000119
47458  -29.410  -44.570  -37.279 0.6000000238
50340  -36.157  -41.661  -37.747 0.6999999881
46418  -27.251  -45.587  -39.087 0.6000000238
46401  -26.937  -44.897  -38.885 0.6000000238
51328  -35.019  -40.686  -38.311 0.8000000119
52322  -35.351  -39.945  -37.906 0.6999999881
52321  -34.856  -39.048  -38.145 0.8000000119
46456  -24.603  -45.709  -41.944 0.4000000060
51325  -32.445  -40.590  -39.370 0.6999999881
136145  -33.633  -39.901  -38.732 0.6999999881
45328  -23.623  -46.733  -43.176 0.4000000060
52333  -31.367  -39.282  -39.048 0.6999999881
134827  -32.794  -39.858  -39.074 0.6999999881
54414  -28.304  -37.730  -40.177 0.8000000119
53376  -27.646  -38.585  -39.587 0.8000000119
51324  -30.971  -39.950  -39.356 0.6999999881
52331  -29.420  -39.432  -39.318 0.6999999881
56414  -30.311  -35.542  -40.356 0.8000000119
134214  -31.050  -35.788  -40.784 0.6999999881
55465  -31.736  -36.074  -41.089 0.5000000000
140749  -34.904  -35.938  -41.107 0.5000000000
56429  -33.030  -36.367  -41.435 0.5000000000
55489  -35.513  -36.807  -41.940 0.4000000060
49383  -32.355  -42.614  -35.336 0.6000000238
49360  -33.703  -42.387  -34.731 0.6999999881
49362  -35.130  -42.463  -34.709 0.8000000119
50309  -35.960  -42.181  -35.003 0.8000000119
48460  -31.246  -43.859  -36.041 0.6999999881
47435  -29.883  -44.025  -36.760 0.6999999881
50330  -36.761  -41.586  -36.475 0.8000000119
48475  -29.113  -43.624  -37.144 0.6000000238
51299  -36.828  -41.117  -35.800 0.8000000119
47456  -27.812  -43.741  -37.908 0.6000000238
148024  -36.881  -40.074  -36.850 0.8000000119
51315  -36.230  -39.985  -37.463 0.8000000119
46417  -26.505  -45.324  -39.407 0.6000000238
47476  -26.412  -44.041  -38.531 0.6000000238
52335  -34.479  -39.924  -38.380 0.8999999762
140055  -35.835  -39.236  -37.676 0.8000000119
134480  -33.192  -39.069  -38.705 0.8000000119
152625  -34.010  -39.299  -38.465 0.8000000119
46430  -25.158  -45.098  -40.613 0.5000000000
54402  -31.450  -37.749  -38.457 0.8000000119
52334  -32.248  -39.179  -38.962 0.6999999881
46443  -24.137  -45.009  -41.595 0.4000000060
56401  -28.275  -35.884  -39.647 0.8000000119
54413  -27.699  -38.012  -39.800 0.8000000119
53363  -27.476  -38.342  -39.255 0.8000000119
53350  -28.202  -38.176  -38.771 0.8000000119
160337  -30.853  -38.789  -38.899 0.6999999881
56402  -29.285  -35.657  -39.858 0.8000000119
52329  -27.871  -38.929  -39.497 0.8000000119
142305  -30.008  -38.732  -38.993 0.6999999881
53349  -27.518  -37.969  -38.878 0.8000000119
56403  -29.930  -35.038  -39.930 0.8000000119
55447  -26.681  -36.852  -38.515 0.8000000119
57333  -32.576  -35.153  -40.553 0.6000000238
56415  -31.696  -35.317  -40.765 0.6000000238
56430  -33.981  -36.140  -41.264 0.5000000000
49361  -34.304  -42.227  -34.613 0.6999999881
48459  -30.424  -43.335  -36.357 0.6000000238
50287  -34.711  -41.563  -34.517 0.6999999881
51281  -36.545  -40.589  -35.102 0.6999999881
48458  -29.552  -43.047  -36.704 0.6000000238
49382  -31.321  -42.149  -35.676 0.6000000238
48457  -28.716  -42.560  -36.941 0.6000000238
136348  -37.114  -40.230  -35.927 0.8000000119
48489  -26.965  -43.356  -38.099 0.6000000238
48474  -28.280  -43.122  -37.482 0.6000000238
47486  -24.917  -43.728  -39.691 0.5000000000
53354  -34.690  -38.071  -38.002 0.8000000119
53367  -33.148  -38.213  -38.444 0.8000000119
53353  -33.800  -37.766  -38.138 0.8000000119
54389  -30.851  -37.268  -38.269 0.8000000119
138023  -26.669  -37.132  -38.921 0.8000000119
53365  -28.816  -38.708  -38.898 0.8000000119
133610  -30.663  -38.080  -38.674 0.8000000119
142171  -31.642  -38.480  -38.756 0.6999999881
54387  -28.134  -37.343  -38.392 0.8000000119
54386  -27.095  -37.218  -38.454 0.8000000119
57331  -30.663  -34.817  -40.224 0.6999999881
56432  -36.252  -35.350  -41.887 0.3000000119
141670  -31.977  -41.491  -35.233 0.6000000238
160651  -33.661  -41.441  -34.585 0.6999999881
51279  -34.233  -40.608  -34.354 0.6999999881
137466  -35.979  -39.964  -34.547 0.6999999881
47434  -25.458  -43.929  -36.515 0.5000000000
142320  -29.929  -42.428  -36.473 0.6000000238
144980  -30.376  -41.268  -35.787 0.6000000238
52296  -36.884  -39.783  -35.090 0.6999999881
48488  -25.920  -43.126  -38.162 0.5000000000
49425  -27.852  -42.009  -37.194 0.5000000000
49407  -29.185  -41.964  -36.558 0.6000000238
154058  -37.238  -39.459  -35.738 0.6999999881
48497  -23.710  -42.935  -39.344 0.3000000119
47475  -25.374  -43.429  -38.911 0.5000000000
52313  -37.148  -39.433  -36.481 0.8000000119
54378  -36.926  -37.682  -36.815 0.8000000119
53356  -36.310  -38.712  -37.406 0.8000000119
54404  -33.059  -37.606  -38.146 0.8999999762
54393  -34.424  -37.181  -37.640 0.8999999762
54394  -35.440  -37.595  -37.552 0.8000000119
54395  -36.317  -38.015  -37.324 0.8000000119
46429  -24.227  -44.447  -41.081 0.4000000060
54390  -31.720  -37.141  -38.073 0.8999999762
54403  -32.311  -37.822  -38.386 0.8999999762
54392  -33.426  -37.114  -37.778 0.8999999762
57312  -27.868  -34.698  -39.182 0.8000000119
56400  -27.249  -35.727  -39.294 0.8000000119
53351  -29.013  -37.830  -38.526 0.8000000119
142909  -29.705  -38.167  -38.709 0.8000000119
156875  -28.634  -35.169  -39.534 0.8000000119
57314  -30.223  -34.425  -39.671 0.6999999881
157966  -31.990  -34.774  -40.408 0.6000000238
57335  -34.771  -34.817  -39.987 0.6000000238
56417  -34.308  -35.447  -40.646 0.6000000238
51297  -31.521  -40.473  -34.894 0.6000000238
50308  -32.551  -40.913  -34.767 0.6000000238
51278  -33.116  -40.226  -34.419 0.6999999881
50307  -30.972  -40.860  -35.411 0.6000000238
134282  -34.840  -39.893  -34.257 0.6999999881
50306  -29.538  -40.726  -35.556 0.6000000238
52295  -35.451  -39.393  -34.138 0.8000000119
49423  -26.218  -41.759  -37.191 0.6000000238
49424  -27.028  -41.684  -37.304 0.5000000000
50328  -28.881  -41.105  -36.038 0.6000000238
52301  -37.187  -38.901  -35.135 0.8000000119
48470  -23.866  -42.409  -38.258 0.4000000060
52302  -37.368  -38.801  -36.104 0.6999999881
48498  -24.346  -42.932  -39.274 0.4000000060
53340  -36.967  -38.583  -36.897 0.8000000119
55438  -33.783  -36.492  -37.417 0.8000000119
54377  -36.215  -37.159  -37.135 0.8000000119
55435  -31.034  -36.448  -37.802 0.8999999762
55437  -32.939  -36.436  -37.530 0.8000000119
55440  -35.308  -36.752  -37.272 0.8000000119
56383  -31.443  -35.681  -37.363 0.8000000119
55431  -26.363  -36.242  -38.037 0.8000000119
55418  -27.670  -36.101  -37.283 0.8000000119
53352  -29.969  -37.494  -38.424 0.6999999881
57311  -26.975  -34.924  -38.793 0.8000000119
54388  -29.249  -36.994  -38.199 0.8000000119
55433  -28.494  -36.573  -37.748 0.8000000119
57313  -29.458  -34.694  -39.555 0.8000000119
56393  -26.252  -35.739  -38.158 0.8000000119
57316  -31.900  -34.281  -39.981 0.6999999881
159250  -32.503  -33.942  -39.749 0.6999999881
59301  -34.444  -32.833  -38.789 0.6000000238
58287  -34.925  -33.582  -39.085 0.6000000238
150868  -35.809  -33.507  -39.540 0.6000000238
159005  -30.204  -40.475  -35.348 0.6000000238
52281  -33.237  -39.216  -33.595 0.8000000119
52294  -33.705  -39.757  -33.985 0.6999999881
141355  -26.949  -43.860  -35.658 0.5000000000
50304  -28.100  -41.088  -35.558 0.5000000000
133007  -36.425  -39.257  -34.427 0.8000000119
49379  -26.292  -41.764  -35.788 0.5000000000
49405  -27.426  -41.256  -36.624 0.5000000000
52283  -35.704  -38.794  -33.744 0.8000000119
53328  -36.792  -38.548  -34.242 0.8000000119
48429  -25.766  -42.164  -36.051 0.5000000000
53329  -37.374  -38.083  -34.787 0.8000000119
53334  -37.450  -38.167  -35.670 0.8000000119
55414  -37.477  -36.715  -35.184 0.8000000119
53341  -37.302  -38.146  -36.396 0.8000000119
55423  -36.880  -36.764  -36.512 0.8000000119
55424  -37.372  -36.914  -35.855 0.8000000119
55439  -34.529  -36.440  -37.268 0.8000000119
56384  -32.475  -35.601  -37.149 0.8000000119
55421  -35.073  -35.917  -36.889 0.8000000119
55417  -26.719  -35.874  -37.493 0.8000000119
56381  -29.859  -35.627  -37.129 0.8000000119
55419  -28.851  -35.920  -37.074 0.8999999762
159268  -28.792  -34.443  -39.323 0.8000000119
57299  -26.863  -34.235  -38.245 0.8000000119
57315  -31.077  -34.139  -39.806 0.6999999881
146669  -30.430  -33.826  -39.390 0.6999999881
58286  -33.843  -33.488  -39.220 0.6999999881
58283  -30.999  -33.361  -39.286 0.6999999881
58284  -31.905  -33.506  -39.511 0.6999999881
59299  -32.427  -32.728  -39.154 0.6999999881
59300  -33.367  -32.778  -38.978 0.6999999881
52279  -31.875  -39.478  -33.659 0.8000000119
51276  -31.231  -39.912  -34.501 0.6000000238
52280  -32.421  -39.380  -33.629 0.6000000238
47383  -27.467  -44.379  -32.640 0.6000000238
47395  -28.597  -44.840  -33.631 0.5000000000
51295  -29.931  -40.264  -35.017 0.6000000238
51259  -30.225  -40.307  -34.586 0.6000000238
52282  -34.436  -39.180  -33.687 0.8000000119
48391  -26.054  -43.191  -32.521 0.6000000238
48392  -27.042  -43.712  -32.385 0.6000000238
48393  -28.002  -43.784  -32.201 0.6000000238
48414  -29.563  -43.481  -34.025 0.5000000000
50285  -28.710  -41.276  -34.948 0.5000000000
51245  -24.643  -40.199  -32.415 0.5000000000
50254  -24.933  -41.574  -32.496 0.5000000000
50256  -26.555  -41.600  -32.070 0.6000000238
48431  -27.478  -43.252  -35.376 0.5000000000
49359  -29.549  -42.246  -34.380 0.5000000000
53321  -36.408  -38.208  -33.506 0.8000000119
54367  -37.106  -37.844  -33.977 0.8000000119
145548  -25.330  -40.853  -32.262 0.5000000000
51258  -23.449  -40.140  -33.553 0.4000000060
50303  -26.612  -41.274  -35.851 0.5000000000
146440  -37.420  -37.303  -34.555 0.6999999881
148347  -35.264  -35.224  -36.483 0.8000000119
56376  -36.521  -35.844  -36.305 0.8000000119
55413  -37.156  -36.238  -35.805 0.6999999881
56371  -31.685  -34.956  -36.857 0.8000000119
56385  -33.332  -35.908  -37.197 0.8000000119
56362  -36.009  -34.977  -36.039 0.8000000119
56374  -34.434  -35.203  -36.627 0.8000000119
57285  -33.943  -34.626  -36.306 0.8000000119
58263  -27.393  -33.532  -38.333 0.8999999762
57288  -26.604  -34.086  -37.521 0.8999999762
56368  -28.349  -35.370  -36.580 0.8000000119
56370  -30.724  -35.077  -36.954 0.8000000119
56367  -27.408  -35.315  -36.843 1.0000000000
56369  -29.171  -35.310  -36.628 0.8000000119
58282  -29.546  -33.926  -39.247 0.8000000119
58264  -30.178  -33.232  -38.990 0.6999999881
159140  -31.803  -39.864  -33.221 0.8000000119
53318  -32.936  -39.029  -33.091 0.8000000119
53307  -34.166  -38.407  -32.424 0.8000000119
50257  -27.680  -41.893  -31.854 0.6000000238
51261  -31.405  -40.643  -33.124 0.6000000238
159866  -31.370  -39.738  -33.788 0.6000000238
53319  -33.733  -38.768  -33.107 0.8000000119
160150  -25.950  -41.149  -32.195 0.5000000000
49334  -27.186  -42.810  -32.153 0.6000000238
48394  -28.958  -43.745  -32.416 0.6000000238
49347  -30.573  -41.923  -33.327 0.6000000238
53320  -34.762  -38.544  -33.144 0.8000000119
155157  -35.640  -38.318  -33.141 0.8000000119
54350  -36.148  -37.931  -32.787 0.6999999881
49337  -30.446  -42.396  -32.393 0.6000000238
50273  -30.627  -40.742  -33.743 0.6000000238
52277  -24.002  -39.479  -32.860 0.4000000060
52269  -26.045  -39.483  -31.902 0.4000000060
51247  -26.152  -40.551  -31.938 0.4000000060
50238  -27.118  -40.909  -31.632 0.4000000060
54359  -37.259  -37.092  -33.733 0.6999999881
52268  -25.384  -39.037  -32.251 0.4000000060
52252  -26.646  -38.888  -31.658 0.4000000060
50240  -29.076  -41.496  -31.517 0.4000000060
56364  -37.373  -35.926  -35.062 0.6999999881
53289  -27.280  -38.274  -31.487 0.4000000060
53290  -28.016  -38.751  -31.123 0.5000000000
56363  -36.833  -35.452  -35.577 0.6999999881
151384  -25.990  -37.716  -32.276 0.3000000119
54340  -27.968  -37.673  -31.301 0.5000000000
52254  -28.273  -39.713  -31.096 0.5000000000
56373  -33.403  -35.185  -36.729 0.8000000119
56361  -34.854  -34.537  -36.077 0.8000000119
58262  -26.587  -33.316  -37.714 0.8000000119
57277  -26.786  -34.153  -37.157 1.0000000000
57280  -29.023  -34.679  -36.202 0.8000000119
158924  -29.798  -34.337  -36.208 0.8000000119
148616  -29.826  -34.895  -36.557 0.8000000119
135421  -31.780  -34.281  -36.376 0.8000000119
56372  -32.493  -34.742  -36.540 0.8000000119
58235  -26.405  -33.220  -37.175 1.0000000000
151074  -31.079  -33.947  -36.214 0.8000000119
58281  -28.371  -33.829  -38.885 0.8000000119
140427  -28.324  -33.167  -35.978 0.8000000119
58237  -30.297  -33.852  -36.012 0.8000000119
135028  -29.173  -33.079  -38.766 0.8999999762
58265  -30.761  -32.733  -38.905 0.6999999881
59298  -31.540  -32.719  -39.076 0.6999999881
59278  -32.001  -32.011  -38.847 0.6999999881
59279  -32.912  -32.074  -38.714 0.6999999881
59280  -33.911  -32.093  -38.609 0.6999999881
59303  -36.107  -32.533  -39.508 0.6000000238
59281  -34.907  -32.065  -38.602 0.6999999881
60308  -32.466  -31.314  -38.544 0.6999999881
60323  -36.340  -31.625  -39.769 0.6000000238
59282  -35.747  -31.791  -38.975 0.6000000238
53305  -32.795  -39.053  -32.355 0.8000000119
53306  -33.348  -38.657  -32.439 0.8000000119
49335  -28.607  -42.959  -31.888 0.5000000000
50243  -31.451  -40.933  -31.382 0.8000000119
52256  -32.075  -40.252  -31.544 0.8000000119
52257  -32.555  -39.622  -31.688 0.8000000119
53293  -34.521  -38.142  -31.601 0.8000000119
49322  -29.457  -42.396  -31.747 0.6000000238
50241  -30.062  -41.832  -31.531 0.5000000000
51248  -31.853  -40.569  -32.282 0.8000000119
53294  -35.237  -38.149  -32.369 0.6999999881
51228  -26.820  -39.906  -31.589 0.4000000060
51230  -28.642  -40.618  -31.262 0.5000000000
51232  -30.732  -41.300  -31.172 0.6999999881
50242  -30.799  -41.888  -31.816 0.6999999881
54342  -35.335  -37.815  -31.413 0.6999999881
132736  -36.110  -37.712  -31.976 0.6999999881
153094  -36.598  -37.468  -32.557 0.6999999881
53304  -26.002  -38.530  -32.095 0.3000000119
54352  -37.055  -36.972  -32.886 0.6999999881
55403  -37.350  -36.225  -33.443 0.6999999881
54327  -28.751  -37.582  -30.749 0.5000000000
56357  -36.939  -34.960  -34.228 0.6999999881
54339  -27.239  -37.265  -31.850 0.4000000060
154439  -28.332  -36.964  -31.252 0.4000000060
57273  -33.901  -33.964  -35.746 0.8000000119
57275  -36.514  -34.650  -35.061 0.6999999881
57284  -33.185  -34.408  -36.146 0.8000000119
57283  -32.472  -34.022  -36.045 0.8000000119
58224  -33.390  -33.308  -35.330 0.6999999881
135019  -29.155  -33.266  -35.775 0.8000000119
58238  -31.784  -33.589  -35.967 0.8000000119
59275  -26.918  -32.586  -37.921 0.8999999762
142109  -28.092  -32.937  -38.346 0.8999999762
59274  -26.104  -32.313  -37.292 0.8999999762
59247  -26.103  -32.358  -36.908 0.8000000119
140492  -27.593  -32.946  -36.309 0.8000000119
59233  -29.624  -32.523  -35.628 0.8000000119
59276  -28.762  -32.315  -38.190 0.8999999762
137331  -27.670  -32.187  -37.986 0.8000000119
59277  -29.944  -32.336  -38.582 0.8999999762
60306  -30.230  -31.423  -38.370 0.8000000119
152141  -36.432  -33.461  -41.304 0.4000000060
135766  -31.020  -31.973  -38.678 0.8000000119
60307  -31.618  -31.272  -38.584 0.6999999881
60309  -33.396  -31.359  -38.449 0.6999999881
61330  -36.590  -30.724  -40.104 0.5000000000
53291  -32.947  -39.285  -31.064 0.6999999881
152367  -33.232  -38.706  -31.749 0.8000000119
52225  -32.028  -39.451  -30.072 0.6999999881
53280  -34.069  -38.199  -30.680 0.6999999881
52223  -30.552  -39.174  -30.153 0.6000000238
53264  -32.739  -38.911  -29.880 0.6999999881
54351  -36.785  -37.005  -31.935 0.6999999881
55395  -37.211  -36.306  -32.485 0.6999999881
160877  -29.461  -37.873  -30.428 0.5000000000
135597  -37.300  -35.677  -32.861 0.6999999881
137000  -28.813  -36.681  -30.850 0.4000000060
56350  -37.204  -35.329  -33.491 0.6999999881
56329  -28.358  -35.516  -31.610 0.3000000119
55377  -28.882  -35.863  -30.966 0.3000000119
55379  -30.181  -36.887  -30.133 0.5000000000
57272  -33.078  -33.807  -35.743 0.6999999881
57274  -35.536  -34.252  -35.351 0.6999999881
57252  -36.812  -34.477  -33.410 0.6999999881
55378  -29.508  -36.334  -30.519 0.4000000060
58225  -34.229  -33.382  -35.042 0.6999999881
57265  -35.858  -34.005  -34.517 0.6999999881
156189  -34.721  -33.928  -35.416 0.6999999881
59237  -32.959  -32.719  -35.161 0.6999999881
59232  -28.747  -32.496  -35.814 0.8000000119
58220  -30.020  -33.242  -35.738 0.8000000119
58221  -30.991  -33.235  -35.742 0.8000000119
58222  -31.792  -32.995  -35.608 0.8000000119
59234  -30.512  -32.513  -35.497 0.8000000119
60293  -26.138  -31.708  -37.027 0.8000000119
60304  -28.080  -31.561  -37.750 0.8000000119
61301  -27.532  -31.038  -37.252 0.8000000119
157886  -26.753  -31.726  -37.475 0.8999999762
60305  -29.282  -31.583  -38.024 0.8999999762
142777  -30.407  -30.525  -38.244 0.8000000119
61311  -31.992  -30.433  -38.343 0.8000000119
61320  -35.712  -30.894  -38.768 0.6999999881
149464  -36.176  -31.082  -39.346 0.6000000238
141959  -32.925  -30.600  -38.272 0.6999999881
61312  -33.867  -30.639  -38.113 0.6999999881
138303  -32.005  -28.733  -38.012 0.6999999881
144959  -33.443  -38.704  -30.819 0.6999999881
155306  -31.447  -38.162  -29.449 0.6000000238
144785  -32.205  -38.290  -29.129 0.6000000238
53265  -33.098  -38.164  -29.160 0.6999999881
54331  -34.574  -37.718  -30.136 0.6999999881
143864  -35.273  -37.509  -30.584 0.6999999881
53279  -29.982  -38.511  -30.292 0.5000000000
52224  -31.285  -39.389  -29.973 0.6000000238
54316  -35.096  -37.205  -29.665 0.6999999881
54332  -35.805  -37.120  -30.212 0.6999999881
54333  -36.134  -37.276  -31.047 0.6999999881
55385  -27.899  -35.979  -32.083 0.3000000119
54329  -30.111  -37.731  -30.167 0.5000000000
54312  -30.819  -37.568  -29.706 0.5000000000
54314  -32.467  -37.469  -28.750 0.6000000238
55388  -37.318  -35.608  -32.178 0.6999999881
56321  -30.295  -35.949  -30.140 0.4000000060
55361  -31.735  -36.600  -28.959 0.6000000238
58209  -36.163  -33.861  -33.791 0.6999999881
57208  -29.990  -34.245  -29.943 0.3000000119
58207  -34.627  -32.989  -34.273 0.6999999881
59235  -31.399  -32.479  -35.365 0.8000000119
143443  -32.200  -32.585  -35.271 0.6999999881
59223  -34.027  -32.352  -34.401 0.6999999881
134325  -29.163  -31.775  -35.715 0.8000000119
138979  -30.913  -31.769  -35.231 0.8000000119
60294  -26.636  -31.449  -37.042 0.8000000119
60271  -27.261  -31.731  -36.496 0.8000000119
134043  -28.286  -31.754  -36.083 0.8000000119
60274  -30.011  -31.776  -35.464 0.8000000119
61308  -28.684  -30.745  -37.617 0.8000000119
62225  -28.441  -29.226  -35.985 0.8000000119
60259  -29.024  -30.508  -35.683 0.8000000119
150769  -29.195  -29.196  -35.514 0.8000000119
153240  -28.855  -28.493  -35.554 0.8000000119
61321  -36.277  -30.345  -39.283 0.6000000238
153913  -34.930  -30.612  -38.187 0.6999999881
139000  -31.382  -28.903  -38.134 0.8000000119
141947  -33.334  -29.890  -37.918 0.6000000238
136174  -31.992  -27.618  -38.256 0.6999999881
63211  -32.428  -28.166  -38.059 0.6000000238
62254  -33.725  -29.156  -37.728 0.6000000238
134806  -33.496  -37.380  -28.672 0.6000000238
55364  -35.864  -36.738  -29.505 0.6999999881
55380  -36.468  -36.590  -30.280 0.6999999881
55363  -33.516  -36.431  -28.391 0.6000000238
56322  -36.916  -35.790  -29.937 0.6999999881
56330  -37.019  -36.003  -30.811 0.6999999881
153816  -37.103  -36.203  -31.651 0.6999999881
57225  -30.501  -35.066  -29.919 0.4000000060
56303  -31.135  -35.813  -29.522 0.4000000060
56305  -32.926  -35.483  -28.687 0.5000000000
55339  -35.947  -36.167  -28.764 0.6999999881
56331  -37.237  -35.450  -31.423 0.6999999881
56304  -31.989  -35.660  -28.996 0.5000000000
57232  -37.307  -34.439  -31.993 0.6999999881
57240  -37.239  -34.952  -32.646 0.6999999881
57209  -30.754  -34.238  -29.649 0.3000000119
136234  -31.389  -34.950  -29.497 0.4000000060
57239  -36.957  -34.088  -32.559 0.6999999881
58144  -31.010  -33.474  -29.670 0.3000000119
58193  -35.962  -33.232  -33.629 0.6999999881
150143  -36.638  -32.887  -33.307 0.6999999881
133903  -34.896  -32.420  -34.052 0.6999999881
59214  -35.908  -32.508  -33.801 0.6999999881
60261  -33.523  -31.704  -34.659 0.6999999881
58206  -33.737  -32.818  -34.783 0.6999999881
60252  -36.512  -31.673  -34.062 0.6999999881
61270  -35.328  -30.935  -34.630 0.6999999881
61281  -27.947  -31.153  -36.449 0.8000000119
60273  -29.473  -31.074  -35.554 0.8000000119
60260  -32.749  -31.724  -34.877 0.6999999881
61269  -34.472  -30.629  -34.843 0.6999999881
62209  -35.319  -30.041  -35.010 0.6999999881
60283  -26.955  -31.354  -36.852 0.8000000119
60272  -28.750  -31.072  -35.945 0.8000000119
61283  -30.281  -31.026  -35.324 0.8000000119
60275  -31.275  -30.950  -35.205 0.8000000119
61284  -33.602  -30.273  -35.004 0.8000000119
62230  -34.823  -29.246  -35.328 0.6999999881
62238  -28.229  -29.873  -36.738 0.8000000119
61282  -29.589  -30.400  -35.467 0.8000000119
62227  -30.892  -29.435  -35.428 0.8000000119
161108  -32.342  -29.748  -35.253 0.8000000119
61302  -28.191  -30.266  -37.100 0.8000000119
62244  -28.432  -29.307  -37.122 0.8000000119
150698  -28.737  -28.998  -35.663 0.8000000119
62226  -30.000  -29.349  -35.429 0.8000000119
160276  -32.054  -28.275  -35.635 0.8000000119
62245  -29.187  -29.339  -37.798 0.8000000119
63194  -28.207  -28.325  -36.167 0.8000000119
63181  -29.600  -28.641  -35.457 0.8000000119
63182  -30.477  -28.693  -35.476 0.8000000119
64102  -31.676  -27.659  -35.765 0.8000000119
63204  -28.880  -28.547  -37.512 0.8000000119
145796  -29.278  -27.909  -35.412 0.8000000119
63208  -29.900  -28.615  -38.071 0.8000000119
62266  -36.694  -29.689  -40.100 0.5000000000
151992  -35.036  -29.844  -38.114 0.6000000238
63209  -30.877  -28.328  -38.196 0.8000000119
149739  -35.690  -30.101  -38.580 0.6000000238
62256  -35.507  -29.325  -38.406 0.6000000238
155785  -33.218  -28.489  -37.843 0.6000000238
63214  -35.149  -28.660  -38.188 0.6000000238
54290  -34.111  -36.961  -28.569 0.6999999881
54291  -34.657  -37.038  -28.959 0.6999999881
55362  -32.655  -36.504  -28.543 0.6000000238
56291  -35.203  -35.956  -28.402 0.6999999881
56309  -36.542  -35.413  -29.081 0.6999999881
56310  -37.105  -35.070  -29.729 0.6999999881
56306  -33.817  -35.717  -28.379 0.5000000000
57213  -36.098  -34.506  -28.682 0.6999999881
139747  -32.327  -34.691  -29.274 0.4000000060
58145  -32.415  -33.822  -29.504 0.4000000060
57210  -32.951  -34.217  -29.203 0.5000000000
146310  -37.333  -34.724  -31.368 0.6999999881
58184  -37.320  -33.727  -31.894 0.6999999881
142146  -31.861  -33.314  -29.708 0.3000000119
159098  -32.487  -33.115  -29.571 0.3000000119
57211  -33.701  -33.918  -28.910 0.5000000000
137556  -37.598  -32.986  -31.687 0.6999999881
58183  -37.165  -33.162  -32.568 0.6999999881
59171  -30.496  -32.819  -29.839 0.3000000119
60211  -32.447  -31.799  -29.825 0.3000000119
59215  -37.330  -32.342  -33.132 0.6999999881
61263  -36.897  -30.826  -34.354 0.6999999881
60276  -32.259  -31.082  -35.050 0.8000000119
149550  -33.798  -31.055  -34.756 0.6999999881
60264  -36.098  -31.144  -34.432 0.6999999881
61268  -33.067  -31.049  -34.839 0.6999999881
61285  -34.407  -29.905  -35.100 0.6999999881
62231  -35.783  -29.182  -35.228 0.6999999881
134951  -28.495  -30.337  -36.125 0.8000000119
146922  -30.394  -30.187  -35.357 0.8000000119
142702  -32.687  -30.355  -35.075 0.6999999881
62229  -33.902  -29.375  -35.315 0.8000000119
148340  -28.298  -29.993  -36.521 0.8000000119
63184  -33.336  -28.703  -35.587 0.8000000119
156366  -28.223  -29.137  -36.483 0.8000000119
153335  -31.443  -28.635  -35.525 0.8000000119
64103  -32.684  -27.920  -35.878 0.8000000119
63203  -28.281  -28.264  -36.759 0.8000000119
63180  -28.450  -28.380  -35.808 0.8000000119
64082  -30.046  -27.335  -35.436 0.8000000119
65034  -30.589  -26.556  -35.716 0.8000000119
65036  -32.332  -26.924  -36.144 0.8000000119
64122  -29.351  -27.836  -37.674 0.8000000119
64118  -28.142  -27.156  -36.845 0.8000000119
64081  -28.532  -27.611  -35.657 0.8000000119
65015  -28.712  -26.330  -35.566 0.8000000119
146198  -31.997  -26.059  -36.199 0.8000000119
137644  -31.301  -27.684  -38.177 0.8000000119
55336  -34.080  -36.396  -28.357 0.6000000238
56307  -34.554  -35.227  -28.417 0.6000000238
141235  -31.637  -34.107  -29.569 0.3000000119
57212  -35.125  -34.471  -28.543 0.6000000238
57214  -36.861  -34.514  -29.308 0.6999999881
58163  -37.504  -33.539  -30.198 0.6999999881
146680  -34.585  -33.744  -28.722 0.6000000238
58149  -36.503  -33.742  -29.040 0.6999999881
58150  -37.188  -33.864  -29.554 0.6999999881
145063  -37.603  -32.842  -30.824 0.6999999881
60210  -31.632  -31.920  -30.093 0.3000000119
136591  -32.948  -32.466  -29.497 0.3000000119
58162  -37.000  -33.027  -29.490 0.6999999881
60209  -30.829  -32.090  -30.134 0.3000000119
61234  -34.289  -30.189  -29.924 0.3000000119
59199  -37.676  -32.213  -31.430 0.6999999881
60235  -37.842  -31.757  -31.974 0.6999999881
62178  -31.600  -29.315  -30.545 0.3000000119
150810  -32.215  -29.749  -30.414 0.3000000119
62179  -32.947  -29.678  -30.418 0.3000000119
62180  -33.786  -29.573  -30.407 0.3000000119
64046  -31.601  -27.683  -30.913 0.3000000119
62210  -36.310  -29.828  -34.870 0.6999999881
63185  -34.296  -28.567  -35.617 0.8000000119
64104  -33.767  -27.856  -35.978 0.8000000119
153022  -33.290  -27.051  -36.231 0.8000000119
64111  -28.018  -27.361  -36.371 0.8000000119
64100  -28.130  -27.520  -36.005 0.8000000119
65048  -27.280  -25.978  -36.451 0.8000000119
65014  -27.926  -26.248  -35.720 0.8000000119
65016  -29.652  -26.442  -35.536 0.8000000119
65976  -30.195  -25.721  -35.808 0.8000000119
143087  -31.119  -25.874  -36.074 0.8000000119
146523  -29.566  -27.055  -37.702 0.8000000119
65974  -28.198  -25.643  -35.710 0.8000000119
141582  -30.380  -27.682  -38.024 0.8000000119
64123  -31.050  -27.099  -38.091 0.6999999881
64124  -31.761  -27.117  -38.272 0.6000000238
146302  -35.582  -33.702  -28.690 0.6000000238
59177  -36.365  -32.249  -29.457 0.6000000238
145046  -37.387  -32.741  -30.149 0.6999999881
61218  -33.851  -31.138  -29.694 0.4000000060
60214  -35.660  -31.579  -29.593 0.6000000238
59189  -37.086  -32.282  -29.827 0.6999999881
59190  -37.428  -31.996  -30.514 0.6999999881
61220  -35.934  -30.777  -29.855 0.4000000060
60228  -37.697  -31.323  -31.264 0.6999999881
60244  -37.758  -31.700  -32.752 0.6999999881
158670  -34.333  -28.435  -31.053 0.3000000119
142173  -36.145  -30.074  -30.101 0.4000000060
61236  -37.501  -30.511  -30.817 0.6000000238
144509  -38.238  -30.184  -33.025 0.6999999881
61264  -37.692  -30.543  -33.773 0.6999999881
61271  -37.250  -29.847  -34.422 0.6999999881
137323  -38.072  -29.742  -33.739 0.6999999881
62211  -36.725  -29.096  -34.959 0.6999999881
62228  -33.028  -29.566  -35.274 0.8000000119
65035  -31.446  -26.714  -35.955 0.8000000119
145116  -33.673  -25.813  -36.052 0.8000000119
142655  -31.723  -25.249  -36.126 0.8000000119
66006  -27.851  -25.507  -37.250 0.8000000119
65973  -27.555  -25.690  -35.937 0.8000000119
66885  -29.108  -24.658  -35.937 0.8000000119
66886  -29.779  -24.995  -35.916 0.8000000119
66884  -28.409  -25.014  -35.886 0.8000000119
63212  -33.195  -27.794  -38.088 0.6000000238
160728  -30.344  -26.949  -37.910 0.8000000119
65068  -32.182  -26.512  -38.437 0.6000000238
65066  -30.729  -26.354  -37.890 0.6999999881
66018  -31.185  -25.531  -38.010 0.6999999881
58148  -34.960  -33.003  -29.009 0.6000000238
59176  -35.322  -32.335  -29.367 0.6000000238
60215  -36.747  -31.490  -29.881 0.6000000238
62181  -34.662  -29.404  -30.364 0.3000000119
153995  -37.339  -31.175  -30.472 0.6000000238
62182  -35.739  -29.286  -30.335 0.3000000119
62183  -36.889  -29.724  -30.489 0.5000000000
63143  -35.885  -28.530  -30.735 0.3000000119
63130  -36.531  -28.980  -30.596 0.5000000000
61245  -38.278  -29.754  -32.101 0.6999999881
154324  -33.518  -26.844  -31.679 0.3000000119
63142  -34.569  -27.970  -31.271 0.3000000119
63146  -38.197  -28.201  -31.767 0.4000000060
62199  -38.471  -29.379  -32.972 0.6999999881
65938  -33.534  -25.935  -31.808 0.3000000119
62212  -38.227  -28.930  -33.760 0.6000000238
141154  -37.042  -27.415  -34.997 0.6000000238
157651  -37.414  -27.798  -34.710 0.6000000238
64105  -35.808  -27.788  -35.540 0.8000000119
160022  -36.494  -27.815  -35.271 0.6999999881
65018  -37.377  -26.837  -34.657 0.6000000238
148142  -34.708  -27.795  -35.866 0.8000000119
65039  -36.007  -26.395  -35.516 0.6999999881
65017  -36.806  -26.607  -35.106 0.6999999881
65037  -33.718  -26.423  -36.199 0.8000000119
158431  -34.812  -26.606  -36.035 0.8000000119
65038  -35.210  -26.201  -35.829 0.6999999881
65994  -35.761  -25.589  -35.578 0.6999999881
145156  -32.945  -26.134  -36.191 0.8000000119
145115  -34.398  -26.103  -36.030 0.8000000119
65993  -34.929  -25.427  -35.776 0.6999999881
66904  -35.499  -24.808  -35.564 0.6999999881
152331  -32.458  -25.475  -36.108 0.8000000119
156711  -33.211  -25.208  -35.878 0.8000000119
66903  -34.591  -24.562  -35.703 0.6999999881
154224  -35.266  -23.939  -35.503 0.6999999881
156396  -27.727  -26.209  -37.159 0.8000000119
66000  -27.300  -25.557  -36.722 0.8000000119
145203  -30.710  -24.911  -36.089 0.8000000119
66902  -33.145  -24.323  -35.767 0.8000000119
66914  -27.816  -25.112  -36.677 0.8000000119
66899  -29.828  -24.241  -36.049 0.8000000119
66900  -31.591  -24.384  -36.012 0.8000000119
146592  -28.671  -27.075  -37.298 0.8000000119
66919  -27.557  -25.448  -37.085 0.8000000119
66898  -29.307  -24.052  -36.270 0.8000000119
67863  -30.622  -23.007  -35.834 0.8000000119
65058  -28.705  -26.276  -37.464 0.8000000119
66007  -29.030  -25.502  -37.475 0.8000000119
66921  -29.442  -24.804  -37.464 0.6999999881
64126  -33.056  -27.153  -38.419 0.6000000238
155750  -33.941  -26.090  -38.752 0.6000000238
66008  -30.132  -25.531  -37.703 0.8000000119
66933  -31.274  -24.552  -38.088 0.6999999881
62184  -37.749  -29.753  -31.186 0.5000000000
150933  -34.917  -28.642  -30.828 0.3000000119
63144  -36.789  -28.354  -30.759 0.4000000060
62192  -38.036  -28.973  -31.510 0.5000000000
62193  -38.446  -28.848  -32.237 0.6000000238
64989  -35.408  -26.798  -31.417 0.3000000119
63154  -38.398  -28.118  -32.464 0.5000000000
62204  -38.483  -28.685  -32.945 0.6000000238
141100  -34.946  -26.220  -31.524 0.3000000119
64990  -36.351  -27.039  -31.295 0.3000000119
64068  -38.285  -27.435  -32.833 0.6000000238
63161  -38.281  -28.118  -33.345 0.6000000238
153441  -34.601  -24.956  -31.631 0.3000000119
138822  -37.207  -26.233  -31.403 0.3000000119
65939  -34.366  -25.633  -31.644 0.3000000119
64083  -37.624  -27.384  -34.422 0.6000000238
66850  -32.935  -24.716  -31.721 0.3000000119
66905  -36.228  -25.022  -35.389 0.6999999881
142096  -32.355  -23.926  -35.831 0.8000000119
141924  -33.814  -22.966  -35.776 0.6999999881
141130  -33.973  -23.864  -35.853 0.6999999881
67866  -33.096  -23.450  -35.770 0.6999999881
67864  -31.515  -23.518  -35.898 0.8000000119
68866  -32.021  -22.118  -35.812 0.6999999881
66915  -28.872  -24.293  -36.627 0.8000000119
67876  -29.512  -23.228  -36.408 0.6999999881
67862  -29.834  -23.280  -35.996 0.8000000119
150863  -31.458  -22.775  -35.831 0.6000000238
65085  -35.392  -26.155  -38.907 0.6000000238
66931  -29.489  -24.054  -37.363 0.6999999881
67881  -29.194  -23.638  -36.990 0.6999999881
66019  -31.952  -25.144  -38.396 0.6999999881
66020  -33.205  -25.315  -38.700 0.6999999881
160713  -30.775  -24.152  -37.889 0.6999999881
70705  -32.110  -20.443  -37.601 0.5000000000
69818  -32.820  -21.101  -37.808 0.5000000000
155708  -38.211  -26.872  -33.209 0.6000000238
64072  -38.065  -27.432  -33.700 0.6000000238
65001  -38.383  -26.183  -33.160 0.6000000238
65978  -37.522  -25.262  -34.529 0.6000000238
65977  -36.671  -25.680  -35.166 0.6999999881
66887  -36.945  -24.740  -35.073 0.6999999881
135979  -36.202  -24.290  -35.327 0.6999999881
68822  -31.245  -22.942  -31.574 0.3000000119
158980  -34.602  -23.915  -35.686 0.6999999881
68875  -30.020  -22.494  -35.749 0.6999999881
68877  -33.670  -22.131  -35.558 0.6999999881
68876  -32.976  -22.574  -35.729 0.6999999881
66920  -28.486  -24.739  -37.097 0.6999999881
160517  -29.353  -23.193  -36.699 0.6999999881
68874  -29.726  -22.413  -36.013 0.6999999881
68864  -29.920  -21.715  -35.721 0.6000000238
143080  -29.495  -22.814  -36.900 0.6999999881
66021  -33.845  -25.523  -38.756 0.6000000238
65084  -34.566  -25.781  -38.828 0.5000000000
67892  -31.154  -23.672  -37.957 0.6999999881
68907  -31.315  -22.649  -37.839 0.6999999881
144382  -31.886  -23.328  -38.142 0.6999999881
138259  -33.012  -22.796  -38.353 0.6000000238
140686  -38.381  -25.840  -32.564 0.5000000000
65945  -38.206  -25.097  -32.313 0.4000000060
65956  -38.436  -25.371  -33.085 0.5000000000
139824  -38.153  -24.870  -33.780 0.6000000238
66857  -38.331  -24.551  -33.031 0.5000000000
66869  -38.171  -24.015  -33.729 0.6000000238
67854  -37.752  -23.492  -34.388 0.6000000238
69741  -31.051  -21.669  -31.450 0.3000000119
68823  -32.153  -22.598  -31.630 0.3000000119
67867  -36.071  -23.356  -35.178 0.6999999881
146815  -35.368  -22.658  -35.373 0.6000000238
141343  -34.663  -23.300  -35.618 0.6000000238
69786  -31.379  -21.496  -35.694 0.6000000238
68886  -29.571  -22.389  -36.451 0.6999999881
68865  -30.796  -22.132  -35.743 0.6000000238
69796  -32.940  -21.711  -35.615 0.6000000238
141202  -29.643  -21.691  -36.054 0.6999999881
69795  -29.770  -21.062  -35.854 0.6000000238
68906  -30.414  -23.026  -37.565 0.6999999881
67893  -32.567  -23.441  -38.369 0.6999999881
66031  -33.758  -24.878  -38.689 0.6000000238
66947  -35.152  -24.502  -39.067 0.5000000000
67894  -33.301  -23.545  -38.481 0.6000000238
66946  -34.288  -24.346  -38.764 0.6000000238
67903  -34.737  -23.723  -38.864 0.5000000000
69816  -31.164  -21.658  -37.668 0.6000000238
68909  -33.769  -23.009  -38.435 0.5000000000
68893  -31.882  -22.035  -38.000 0.5000000000
148761  -33.573  -22.282  -38.162 0.5000000000
145395  -34.344  -22.543  -38.431 0.5000000000
70720  -33.637  -20.937  -37.822 0.5000000000
70707  -33.923  -20.138  -37.667 0.5000000000
67824  -37.706  -23.611  -32.185 0.4000000060
67825  -38.182  -23.745  -32.947 0.4000000060
68840  -37.966  -22.916  -32.801 0.4000000060
67817  -35.933  -22.932  -31.468 0.4000000060
69742  -31.885  -21.729  -31.481 0.3000000119
134582  -32.401  -21.021  -31.440 0.3000000119
69744  -33.713  -21.905  -31.518 0.3000000119
68879  -36.353  -22.427  -35.073 0.6000000238
133480  -32.273  -19.477  -31.425 0.3000000119
68878  -35.810  -21.927  -35.328 0.6000000238
137997  -34.266  -21.621  -35.508 0.5000000000
141693  -35.074  -21.814  -35.511 0.6000000238
69787  -32.183  -21.071  -35.656 0.6000000238
69788  -33.159  -20.909  -35.540 0.6000000238
70674  -31.208  -20.809  -35.619 0.6000000238
69797  -33.601  -21.451  -35.510 0.6000000238
70673  -30.377  -20.579  -35.602 0.6000000238
133478  -31.729  -20.207  -35.608 0.6000000238
145861  -29.573  -21.684  -36.366 0.6999999881
71524  -30.235  -19.753  -35.643 0.6000000238
69815  -30.348  -21.163  -37.173 0.6999999881
69817  -31.993  -21.327  -37.783 0.5000000000
69828  -32.704  -21.980  -38.013 0.5000000000
70706  -33.038  -20.263  -37.662 0.5000000000
67818  -37.000  -23.351  -31.521 0.4000000060
68829  -37.488  -22.693  -32.100 0.4000000060
67839  -38.071  -23.175  -33.596 0.5000000000
68828  -37.223  -21.775  -31.926 0.4000000060
68853  -38.033  -22.315  -33.449 0.4000000060
68867  -37.792  -22.631  -34.197 0.4000000060
140689  -37.101  -22.969  -34.800 0.5000000000
70624  -32.941  -20.197  -31.545 0.3000000119
70625  -33.835  -20.454  -31.474 0.4000000060
147709  -37.212  -22.109  -34.609 0.4000000060
133479  -33.055  -19.357  -31.477 0.3000000119
70626  -34.710  -20.107  -31.469 0.4000000060
69799  -35.710  -21.219  -35.420 0.5000000000
69798  -34.858  -21.011  -35.571 0.5000000000
70684  -33.999  -20.871  -35.549 0.5000000000
70675  -32.658  -20.209  -35.656 0.6000000238
71538  -34.829  -19.161  -35.668 0.5000000000
155419  -30.915  -20.164  -35.570 0.6000000238
133661  -31.566  -18.717  -35.507 0.6000000238
71545  -29.980  -19.899  -36.529 0.6000000238
71537  -30.095  -19.063  -35.910 0.6000000238
70703  -30.380  -20.190  -37.085 0.5000000000
70704  -31.163  -20.734  -37.495 0.5000000000
71556  -31.193  -19.656  -37.372 0.5000000000
71557  -32.317  -19.557  -37.549 0.5000000000
71558  -33.343  -19.317  -37.538 0.5000000000
71559  -34.336  -19.407  -37.574 0.5000000000
143357  -36.859  -22.539  -31.633 0.4000000060
136905  -37.806  -22.032  -32.656 0.4000000060
69775  -37.898  -21.464  -33.345 0.4000000060
69790  -37.860  -21.775  -34.089 0.4000000060
69760  -37.607  -21.188  -32.559 0.4000000060
70678  -37.718  -20.891  -34.048 0.4000000060
69789  -37.399  -21.378  -34.538 0.4000000060
71540  -36.213  -19.982  -35.435 0.4000000060
69800  -36.599  -21.488  -35.052 0.5000000000
151415  -31.826  -18.222  -30.933 0.3000000119
71539  -35.548  -19.629  -35.574 0.4000000060
71528  -33.960  -19.381  -35.689 0.5000000000
72472  -34.949  -18.370  -35.558 0.4000000060
71526  -32.125  -19.463  -35.586 0.6000000238
71527  -33.072  -19.442  -35.674 0.5000000000
143658  -34.253  -18.733  -35.608 0.5000000000
135083  -30.648  -18.653  -35.598 0.6000000238
72460  -31.998  -18.011  -35.490 0.5000000000
134428  -32.567  -18.702  -35.561 0.5000000000
71555  -30.330  -19.252  -36.893 0.5000000000
71546  -30.045  -19.077  -36.299 0.6000000238
72471  -30.444  -17.981  -35.790 0.6000000238
72459  -31.198  -18.092  -35.494 0.6000000238
72480  -30.200  -18.135  -36.087 0.6000000238
72491  -31.649  -18.918  -37.486 0.5000000000
72492  -32.446  -18.692  -37.539 0.5000000000
154041  -30.899  -18.590  -37.200 0.5000000000
75348  -31.318  -15.475  -30.452 0.3000000119
75349  -32.315  -15.345  -30.607 0.4000000060
75350  -33.171  -15.263  -30.776 0.4000000060
73483  -30.710  -17.289  -35.635 0.5000000000
138281  -31.235  -13.887  -30.671 0.4000000060
73505  -30.457  -17.325  -35.921 0.5000000000
133225  -32.589  -16.080  -35.388 0.5000000000
74426  -33.566  -16.182  -35.371 0.5000000000
74461  -30.695  -16.713  -36.466 0.5000000000
132863  -31.636  -16.007  -35.537 0.5000000000
144133  -31.588  -18.113  -37.459 0.5000000000
73512  -31.690  -17.229  -37.330 0.6000000238
73522  -35.071  -17.865  -37.998 0.5000000000
72493  -33.276  -18.359  -37.493 0.6000000238
135378  -33.569  -16.987  -37.590 0.5000000000
73514  -34.077  -17.889  -37.634 0.6000000238
76296  -32.656  -14.592  -30.739 0.4000000060
153343  -33.867  -15.183  -30.992 0.4000000060
74450  -30.776  -16.184  -36.159 0.5000000000
75399  -31.210  -15.622  -36.123 0.5000000000
74463  -31.842  -16.257  -37.027 0.5000000000
75412  -32.246  -15.458  -36.919 0.5000000000
76348  -31.754  -14.913  -36.134 0.5000000000
146020  -32.469  -17.843  -37.526 0.5000000000
73513  -32.631  -17.010  -37.400 0.5000000000
159624  -35.148  -16.428  -38.158 0.4000000060
74465  -33.874  -16.289  -37.631 0.5000000000
74478  -34.554  -16.929  -37.862 0.5000000000
76297  -33.501  -14.575  -30.935 0.4000000060
142957  -31.608  -13.104  -30.813 0.4000000060
76335  -31.513  -15.184  -35.906 0.5000000000
75381  -33.367  -15.374  -35.394 0.4000000060
74464  -32.972  -16.086  -37.297 0.4000000060
75414  -33.633  -15.488  -37.497 0.4000000060
75425  -34.535  -15.863  -37.861 0.5000000000
156062  -35.307  -15.837  -38.227 0.3000000119
77234  -32.504  -14.281  -35.812 0.4000000060
75413  -32.819  -15.050  -37.170 0.4000000060
76373  -35.015  -15.070  -38.003 0.5000000000
76361  -34.440  -14.095  -37.759 0.4000000060
138246  -33.494  -13.989  -37.467 0.4000000060
76386  -38.647  -14.533  -39.746 0.4000000060
76360  -34.108  -14.878  -37.644 0.4000000060
76374  -35.540  -14.247  -38.181 0.4000000060
78274  -34.170  -12.377  -37.327 0.4000000060
146333  -36.906  -14.046  -38.862 0.4000000060
76376  -37.508  -14.608  -39.312 0.4000000060
77298  -39.049  -13.825  -39.730 0.4000000060
76387  -39.695  -14.452  -39.998 0.4000000060
77275  -34.723  -13.233  -37.802 0.4000000060
77284  -35.707  -13.329  -38.124 0.3000000119
79324  -34.479  -11.686  -37.026 0.4000000060
78285  -36.668  -12.462  -38.245 0.3000000119
153393  -37.375  -12.993  -38.756 0.4000000060
77286  -37.752  -13.775  -39.185 0.4000000060
156144  -39.870  -13.824  -39.931 0.4000000060
78275  -35.126  -12.520  -37.741 0.3000000119
78286  -37.626  -12.299  -38.566 0.4000000060
77287  -38.366  -13.070  -39.156 0.5000000000
78276  -35.718  -11.889  -37.707 0.4000000060
79344  -36.740  -11.485  -38.018 0.4000000060
48516  -30.665  -43.881  -41.481 0.6999999881
47460  -36.248  -44.910  -37.549 0.6999999881
45284  -27.974  -46.795  -39.231 0.6000000238
47420  -33.969  -44.638  -35.398 0.6999999881
157025  -35.482  -41.344  -38.160 0.8000000119
49410  -36.557  -42.345  -36.308 0.8000000119
48433  -31.788  -43.285  -35.655 0.6000000238
140317  -32.945  -42.009  -34.931 0.6000000238
53355  -35.581  -38.436  -37.713 0.8000000119
48471  -23.986  -42.651  -37.730 0.4000000060
55446  -26.494  -36.370  -38.669 0.8000000119
52293  -32.639  -39.516  -34.079 0.6000000238
48432  -28.438  -44.059  -35.175 0.5000000000
55422  -36.044  -36.290  -36.882 0.8000000119
51246  -25.364  -39.931  -32.109 0.4000000060
50258  -31.045  -41.680  -32.679 0.6000000238
50239  -28.105  -41.176  -31.562 0.5000000000
58223  -32.530  -33.272  -35.597 0.6999999881
55387  -36.736  -36.647  -31.134 0.6999999881
55337  -34.503  -36.670  -28.595 0.6999999881
139614  -30.922  -27.241  -35.685 0.8000000119
57215  -37.388  -34.412  -29.945 0.6999999881
63187  -36.211  -28.428  -35.303 0.6999999881
147032  -37.544  -28.953  -34.487 0.6999999881
63166  -37.088  -28.245  -34.957 0.6000000238
60213  -34.645  -31.793  -29.610 0.6000000238
63131  -37.316  -29.005  -30.879 0.5000000000
141946  -34.464  -22.420  -35.559 0.6000000238
72494  -33.970  -18.731  -37.539 0.5000000000
70661  -37.678  -20.682  -33.227 0.4000000060
152494  -32.263  -14.662  -36.584 0.4000000060
47546  -30.669  -43.962  -45.175 0.5000000000
49500  -31.672  -42.949  -44.514 0.5000000000
45317  -31.422  -46.365  -42.769 0.6999999881
50395  -32.281  -41.433  -42.122 0.5000000000
43117  -29.433  -48.515  -39.196 0.5000000000
51356  -30.703  -40.146  -42.320 0.6999999881
47479  -35.366  -44.314  -38.648 0.6999999881
49455  -30.670  -42.738  -40.688 0.6999999881
50369  -31.133  -42.087  -40.218 0.6999999881
51322  -29.532  -40.066  -39.667 0.6999999881
151301  -30.740  -38.421  -41.293 0.6999999881
132985  -32.813  -37.590  -41.697 0.5000000000
151788  -31.518  -38.282  -41.355 0.6000000238
56416  -32.404  -35.789  -41.071 0.5000000000
46384  -29.701  -45.540  -37.399 0.6000000238
54416  -30.380  -37.263  -40.681 0.6999999881
45244  -31.037  -46.810  -36.835 0.6000000238
48476  -36.306  -43.323  -37.718 0.8000000119
55479  -34.672  -36.683  -41.623 0.4000000060
144088  -35.978  -43.245  -35.568 0.8000000119
47478  -28.195  -44.698  -38.142 0.6000000238
47477  -27.373  -44.399  -38.340 0.6000000238
55462  -27.739  -37.223  -39.736 0.8000000119
143382  -36.635  -41.251  -37.205 0.6999999881
46416  -25.543  -44.719  -39.916 0.5000000000
53368  -33.953  -38.561  -38.353 0.8000000119
139375  -33.293  -35.630  -40.858 0.5000000000
50288  -35.512  -41.700  -34.695 0.6999999881
48473  -27.431  -42.629  -37.718 0.6000000238
53366  -32.518  -38.538  -38.692 0.8000000119
57332  -31.361  -34.742  -40.369 0.6999999881
57334  -33.579  -34.855  -40.162 0.6000000238
51280  -35.440  -40.807  -34.596 0.6999999881
49406  -28.286  -41.494  -36.553 0.6000000238
141304  -30.255  -36.170  -37.629 0.8999999762
56419  -35.884  -34.865  -41.203 0.4000000060
47433  -24.569  -43.256  -37.107 0.3000000119
48472  -26.538  -42.379  -37.724 0.5000000000
49436  -25.490  -42.296  -37.724 0.5000000000
48487  -24.844  -42.680  -38.454 0.5000000000
47454  -23.591  -42.925  -38.399 0.4000000060
55436  -32.039  -36.404  -37.650 0.8999999762
57300  -27.514  -34.252  -38.707 0.8000000119
51277  -32.066  -39.923  -34.486 0.6000000238
51296  -30.689  -40.190  -34.979 0.6000000238
50305  -28.812  -40.900  -35.466 0.5000000000
49403  -24.686  -42.188  -37.351 0.4000000060
49404  -25.295  -41.938  -36.685 0.5000000000
50325  -26.497  -41.281  -36.207 0.5000000000
55420  -34.085  -35.848  -37.051 0.8000000119
58285  -32.871  -33.371  -39.466 0.6999999881
59302  -35.436  -32.791  -38.894 0.6000000238
152924  -36.340  -32.996  -40.091 0.4000000060
51275  -30.665  -40.139  -34.571 0.6000000238
150720  -27.883  -44.371  -35.433 0.5000000000
48430  -26.474  -42.618  -35.646 0.5000000000
51273  -28.984  -40.799  -35.140 0.5000000000
49380  -26.979  -41.977  -35.486 0.5000000000
54358  -36.792  -37.601  -33.232 0.6999999881
52278  -31.254  -39.750  -34.160 0.6000000238
47384  -28.389  -44.398  -32.753 0.5000000000
48407  -29.681  -43.508  -32.990 0.6000000238
48413  -28.946  -43.695  -34.691 0.5000000000
47404  -28.714  -44.593  -34.567 0.5000000000
51274  -29.579  -40.471  -34.903 0.5000000000
149372  -26.182  -42.296  -32.362 0.6000000238
142532  -28.177  -42.792  -35.144 0.5000000000
148969  -30.078  -42.076  -33.914 0.6000000238
49346  -30.225  -42.840  -33.003 0.6000000238
49381  -27.919  -41.569  -35.250 0.5000000000
50272  -29.998  -40.959  -34.275 0.5000000000
154767  -24.790  -39.456  -32.398 0.4000000060
55410  -37.439  -36.490  -34.378 0.6999999881
138716  -37.116  -35.260  -34.903 0.6999999881
57282  -31.148  -34.505  -36.591 0.8000000119
57279  -28.088  -34.684  -36.313 0.8999999762
153662  -28.587  -41.985  -31.718 0.5000000000
49323  -30.142  -42.374  -31.914 0.6000000238
49336  -29.709  -43.031  -32.204 0.6000000238
52253  -27.430  -39.298  -31.346 0.4000000060
51229  -27.706  -40.269  -31.385 0.4000000060
51231  -29.661  -40.989  -31.170 0.5000000000
52255  -29.209  -40.091  -30.841 0.5000000000
56358  -37.333  -35.673  -34.275 0.6999999881
53278  -29.168  -38.464  -30.538 0.5000000000
57270  -27.008  -33.779  -36.856 0.8000000119
60310  -34.376  -31.363  -38.390 0.6999999881
53292  -33.734  -38.429  -31.662 0.6999999881
151865  -31.668  -40.359  -30.900 0.6999999881
158951  -32.521  -39.402  -30.393 0.6999999881
51217  -31.122  -40.611  -30.680 0.6000000238
54328  -29.437  -37.167  -30.462 0.5000000000
147801  -36.442  -34.396  -34.162 0.6999999881
142404  -27.860  -36.693  -31.776 0.4000000060
61310  -31.231  -30.645  -38.398 0.8000000119
53263  -31.792  -38.889  -29.574 0.6000000238
151013  -33.491  -38.451  -29.915 0.6999999881
52241  -30.809  -39.914  -30.322 0.6000000238
52240  -29.804  -39.406  -30.481 0.5000000000
57264  -35.092  -33.588  -34.795 0.6999999881
58194  -36.621  -33.648  -33.201 0.6999999881
158735  -30.035  -35.360  -30.245 0.3000000119
137704  -29.647  -30.897  -38.033 0.8999999762
62251  -31.123  -29.789  -38.203 0.8000000119
62250  -30.114  -29.568  -38.135 0.8000000119
159226  -32.575  -29.900  -38.092 0.6000000238
145561  -34.271  -29.906  -37.843 0.6000000238
62253  -32.723  -29.107  -37.851 0.6000000238
54313  -31.568  -37.473  -29.179 0.6000000238
54330  -33.924  -37.976  -29.564 0.6999999881
55338  -35.154  -36.665  -28.816 0.6999999881
55360  -30.924  -36.697  -29.581 0.5000000000
59224  -35.280  -32.956  -33.829 0.6999999881
145949  -31.912  -31.843  -35.086 0.8000000119
60262  -34.462  -31.568  -34.465 0.6999999881
61303  -28.734  -29.929  -37.515 0.8000000119
142422  -30.678  -29.029  -38.188 0.8000000119
56323  -37.227  -35.109  -30.552 0.6999999881
135112  -33.539  -34.787  -28.691 0.5000000000
155379  -37.382  -34.139  -31.443 0.6999999881
59172  -31.325  -32.697  -29.877 0.3000000119
60263  -35.488  -31.740  -34.190 0.6999999881
153212  -36.839  -32.208  -33.653 0.6999999881
151979  -31.244  -30.116  -35.330 0.8000000119
140169  -31.918  -30.332  -35.198 0.8000000119
146301  -31.714  -29.536  -35.358 0.8000000119
57226  -37.439  -34.254  -30.750 0.6999999881
58146  -33.146  -33.356  -29.333 0.5000000000
58172  -37.547  -33.576  -31.111 0.6999999881
59173  -32.105  -32.556  -29.777 0.3000000119
58147  -34.038  -33.192  -29.157 0.5000000000
59174  -33.651  -32.726  -29.382 0.4000000060
134980  -37.622  -32.370  -32.296 0.6999999881
60253  -37.368  -31.505  -33.637 0.6999999881
136582  -36.032  -32.925  -28.947 0.6000000238
63128  -33.326  -28.967  -30.739 0.3000000119
63129  -34.126  -28.870  -30.770 0.3000000119
65067  -31.515  -26.459  -38.179 0.6999999881
136132  -36.814  -30.617  -30.223 0.6000000238
61235  -35.269  -30.050  -29.900 0.4000000060
61244  -37.923  -30.494  -31.633 0.6999999881
61255  -38.148  -30.517  -32.367 0.6999999881
142634  -37.955  -30.961  -33.006 0.6999999881
63167  -37.836  -28.127  -34.281 0.6000000238
65992  -34.094  -25.300  -35.819 0.8000000119
66901  -32.426  -24.767  -35.912 0.8000000119
141633  -30.681  -23.889  -36.006 0.8000000119
145168  -32.573  -25.777  -38.621 0.6000000238
144098  -33.297  -25.988  -38.775 0.6000000238
61219  -34.928  -30.903  -29.683 0.5000000000
64063  -38.208  -27.460  -32.044 0.5000000000
147272  -35.307  -27.099  -35.822 0.8000000119
143872  -37.395  -26.130  -34.569 0.6000000238
141099  -33.800  -24.661  -35.769 0.6999999881
66934  -32.047  -24.173  -38.361 0.6999999881
145590  -37.311  -27.050  -31.321 0.3000000119
141132  -33.709  -25.013  -31.690 0.3000000119
141131  -35.261  -24.471  -31.572 0.3000000119
65955  -38.027  -25.745  -33.821 0.6000000238
67891  -30.260  -23.772  -37.677 0.6999999881
67890  -29.672  -23.275  -37.308 0.6999999881
66888  -37.689  -24.363  -34.496 0.6000000238
67853  -37.070  -23.858  -35.013 0.6999999881
68892  -30.318  -22.106  -37.364 0.6999999881
66032  -34.468  -25.059  -38.851 0.5000000000
66853  -37.607  -24.432  -31.808 0.4000000060
70694  -29.764  -20.518  -36.286 0.6000000238
71536  -29.761  -19.825  -36.101 0.6000000238
148122  -34.384  -23.184  -38.639 0.6000000238
69830  -34.232  -21.664  -38.106 0.4000000060
157510  -37.329  -23.881  -31.678 0.4000000060
157578  -35.396  -22.294  -31.520 0.4000000060
134544  -33.351  -21.093  -31.467 0.3000000119
70623  -31.916  -20.274  -31.496 0.3000000119
70686  -36.401  -20.622  -35.291 0.5000000000
133929  -34.601  -20.090  -35.652 0.5000000000
70676  -33.571  -20.147  -35.700 0.5000000000
133353  -33.771  -19.702  -31.464 0.4000000060
70685  -35.548  -20.425  -35.516 0.5000000000
71530  -37.363  -20.013  -34.278 0.4000000060
152464  -33.499  -18.697  -35.593 0.5000000000
73511  -30.863  -17.536  -36.972 0.6000000238
134536  -32.051  -16.174  -30.462 0.3000000119
74425  -31.092  -16.664  -35.572 0.5000000000
77274  -33.765  -13.197  -37.442 0.4000000060
77299  -39.538  -13.181  -39.647 0.4000000060
79334  -34.814  -11.864  -37.404 0.4000000060
39710  -35.031  -51.151  -41.649 0.5000000000
40973  -33.655  -49.959  -43.041 0.5000000000
38441  -34.554  -52.657  -39.335 0.4000000060
38442  -35.287  -52.303  -39.724 0.5000000000
39700  -35.524  -51.792  -40.379 0.5000000000
135840  -34.913  -50.401  -41.323 0.5000000000
42134  -34.391  -49.639  -41.606 0.6000000238
42133  -33.839  -48.892  -41.755 0.6000000238
39690  -34.888  -51.932  -38.986 0.5000000000
39677  -34.287  -51.435  -38.487 0.5000000000
132896  -35.564  -50.127  -40.054 0.5000000000
40928  -33.748  -50.938  -38.048 0.5000000000
143598  -35.099  -48.933  -40.555 0.6000000238
44173  -34.018  -47.689  -40.930 0.6000000238
134782  -34.509  -48.936  -41.121 0.6000000238
44172  -33.229  -47.549  -41.448 0.6000000238
135601  -32.539  -46.980  -41.587 0.6000000238
45308  -33.030  -46.713  -41.113 0.6000000238
44171  -32.476  -47.409  -41.943 0.6000000238
45318  -31.927  -46.878  -42.130 0.6000000238
45307  -32.303  -46.239  -41.468 0.6000000238
40929  -34.565  -50.708  -38.278 0.5000000000
42103  -35.606  -49.692  -39.281 0.5000000000
43136  -35.423  -48.561  -40.007 0.6000000238
40915  -33.353  -50.430  -37.775 0.5000000000
40916  -34.092  -50.327  -37.775 0.5000000000
44159  -34.557  -47.366  -40.474 0.6000000238
40926  -31.012  -50.267  -38.718 0.5000000000
42069  -32.571  -50.028  -37.731 0.5000000000
44158  -33.767  -47.046  -40.804 0.6000000238
46445  -31.157  -45.456  -42.599 0.6000000238
40930  -35.232  -50.308  -38.667 0.5000000000
147744  -35.686  -48.944  -39.462 0.5000000000
42070  -33.564  -49.831  -37.498 0.5000000000
42072  -35.086  -49.245  -37.700 0.5000000000
42087  -35.452  -49.536  -38.439 0.5000000000
136138  -35.888  -48.930  -38.875 0.5000000000
44160  -35.305  -47.763  -40.004 0.6000000238
42085  -31.530  -49.724  -38.141 0.5000000000
43087  -33.001  -49.214  -37.275 0.5000000000
45298  -34.343  -46.521  -40.241 0.6000000238
42084  -30.663  -49.464  -38.627 0.5000000000
43101  -31.052  -48.714  -37.930 0.5000000000
46433  -33.631  -45.822  -40.293 0.6000000238
45296  -32.953  -45.990  -40.819 0.6000000238
46446  -31.752  -45.469  -41.675 0.6000000238
47512  -31.811  -44.907  -41.176 0.6000000238
43088  -34.109  -49.109  -37.192 0.5000000000
133064  -36.151  -47.656  -37.837 0.5000000000
44124  -36.143  -47.466  -38.600 0.6000000238
140759  -36.027  -46.004  -38.370 0.6000000238
43071  -33.369  -48.506  -36.906 0.5000000000
44144  -35.712  -47.249  -39.404 0.6000000238
45286  -35.955  -46.604  -38.851 0.6000000238
43118  -30.185  -48.652  -38.657 0.5000000000
46431  -32.344  -45.436  -40.998 0.6000000238
47499  -31.468  -44.280  -40.946 0.6000000238
44090  -33.574  -47.761  -36.586 0.5000000000
43072  -34.335  -48.281  -36.770 0.5000000000
136567  -35.970  -47.069  -37.229 0.5000000000
44125  -36.292  -46.733  -37.946 0.6000000238
43086  -31.788  -48.170  -37.190 0.5000000000
43085  -30.980  -47.916  -37.463 0.5000000000
45224  -34.750  -46.681  -36.351 0.6000000238
44092  -35.293  -47.152  -36.698 0.5000000000
45245  -36.106  -46.420  -37.189 0.5000000000
46386  -36.201  -45.791  -37.562 0.6000000238
44089  -32.056  -47.326  -36.692 0.6000000238
135287  -32.912  -47.317  -36.580 0.6000000238
46406  -35.838  -45.158  -38.422 0.6000000238
45266  -29.997  -46.941  -37.918 0.5000000000
148180  -30.666  -47.226  -37.418 0.5000000000
157857  -31.516  -47.032  -36.737 0.6000000238
44141  -28.446  -47.500  -39.261 0.4000000060
45222  -32.659  -46.676  -36.440 0.6000000238
46366  -34.116  -46.057  -36.067 0.6000000238
156649  -35.233  -45.884  -36.026 0.6000000238
45225  -35.597  -46.547  -36.634 0.5000000000
46367  -36.280  -45.308  -36.921 0.6000000238
47480  -36.036  -44.456  -38.144 0.6000000238
148501  -35.875  -45.220  -36.255 0.6999999881
57318  -34.296  -34.216  -39.531 0.5000000000
148549  -34.267  -34.405  -28.606 0.5000000000
63186  -35.272  -28.400  -35.538 0.6000000238
136066  -32.558  -27.540  -38.271 0.5000000000
64127  -34.084  -27.337  -38.259 0.5000000000
66935  -32.890  -24.172  -38.495 0.5000000000
78287  -38.832  -12.239  -39.069 0.4000000060
79354  -40.483  -11.711  -39.662 0.3000000119
78297  -41.029  -11.992  -39.581 0.3000000119
79348  -41.837  -10.769  -38.904 0.3000000119
37315  -34.209  -53.340  -39.728 0.4000000060
140143  -35.584  -52.255  -40.990 0.5000000000
39711  -35.422  -51.674  -41.115 0.5000000000
42140  -32.884  -49.230  -43.083 0.5000000000
39689  -33.942  -52.176  -38.752 0.4000000060
43152  -33.186  -48.708  -42.354 0.6000000238
43145  -32.816  -47.978  -42.181 0.6000000238
43151  -32.451  -48.370  -42.893 0.5000000000
44181  -32.159  -47.572  -42.635 0.5000000000
38439  -32.590  -52.802  -39.558 0.4000000060
150370  -32.510  -51.377  -38.557 0.5000000000
40942  -31.196  -50.926  -38.943 0.5000000000
39675  -31.908  -50.687  -38.450 0.5000000000
42101  -29.314  -49.723  -39.849 0.4000000060
42117  -27.820  -49.166  -40.578 0.4000000060
56418  -35.221  -35.216  -40.679 0.4000000060
57336  -35.692  -34.389  -40.265 0.4000000060
57319  -35.168  -34.181  -39.542 0.4000000060
59175  -34.386  -32.522  -29.399 0.5000000000
63213  -34.183  -28.330  -37.872 0.5000000000
159099  -34.875  -27.178  -38.385 0.5000000000
65071  -34.589  -26.582  -38.573 0.5000000000
64996  -38.245  -26.644  -32.441 0.4000000060
80352  -42.029  -10.089  -38.644 0.3000000119
38440  -33.540  -52.804  -39.277 0.4000000060
45285  -35.277  -46.434  -39.612 0.6000000238
44121  -28.812  -47.034  -38.855 0.5000000000
43100  -29.717  -48.037  -38.697 0.5000000000
44123  -30.302  -47.850  -38.069 0.6000000238
64128  -35.206  -27.802  -38.296 0.5000000000
42102  -29.856  -49.379  -39.277 0.4000000060
40974  -34.377  -50.387  -42.234 0.6000000238
38452  -35.093  -53.098  -39.999 0.4000000060
40957  -35.336  -50.462  -40.648 0.5000000000
42119  -35.109  -49.686  -40.802 0.6000000238
39678  -35.069  -51.121  -38.824 0.5000000000
39676  -33.333  -51.520  -38.432 0.5000000000
43090  -35.652  -48.446  -37.729 0.5000000000
43089  -34.941  -48.617  -37.233 0.5000000000
154301  -32.560  -48.591  -37.136 0.5000000000
44108  -32.688  -47.966  -36.792 0.5000000000
152023  -39.558  -11.751  -39.411 0.4000000060
39688  -32.778  -52.151  -38.893 0.4000000060
43160  -31.679  -47.896  -43.526 0.4000000060
39687  -31.768  -51.572  -39.022 0.4000000060
46346  -27.579  -45.192  -35.567 0.4000000060
47417  -26.574  -44.585  -36.118 0.3000000119
48456  -25.979  -43.254  -36.022 0.4000000060
48455  -25.113  -42.696  -36.478 0.4000000060
46331  -27.759  -45.897  -34.032 0.4000000060
46347  -27.932  -45.840  -34.761 0.4000000060
48403  -24.329  -43.788  -32.881 0.4000000060
48404  -25.313  -43.994  -32.691 0.4000000060
46321  -27.472  -45.600  -33.576 0.4000000060
47394  -27.859  -44.989  -33.190 0.4000000060
158161  -22.676  -42.910  -34.243 0.3000000119
48402  -23.554  -43.585  -33.290 0.3000000119
50270  -22.985  -41.658  -33.856 0.4000000060
48405  -26.407  -44.214  -32.677 0.4000000060
49343  -23.002  -42.532  -33.758 0.4000000060
49345  -23.966  -42.996  -32.864 0.5000000000
49344  -23.590  -42.134  -33.163 0.4000000060
50253  -24.135  -41.428  -32.755 0.4000000060
48390  -24.883  -43.108  -32.631 0.5000000000
51244  -23.986  -40.538  -32.815 0.4000000060
60212  -33.781  -32.077  -29.545 0.3000000119
64062  -37.763  -27.573  -31.486 0.3000000119
64061  -37.059  -27.646  -30.981 0.3000000119
64991  -37.859  -26.812  -31.742 0.3000000119
64995  -38.048  -25.968  -31.923 0.3000000119
73484  -31.331  -17.384  -35.459 0.4000000060
66852  -36.942  -24.139  -31.388 0.3000000119
73485  -32.263  -17.353  -35.406 0.4000000060
136058  -31.925  -16.701  -35.409 0.4000000060
140880  -34.617  -22.077  -31.521 0.3000000119
69745  -34.440  -21.146  -31.504 0.3000000119
72462  -34.096  -18.079  -35.465 0.4000000060
152688  -33.990  -17.308  -35.345 0.3000000119
155891  -33.045  -16.869  -35.327 0.4000000060
76336  -32.009  -14.531  -35.973 0.4000000060
76349  -32.217  -14.305  -36.169 0.3000000119
68827  -36.246  -22.043  -31.571 0.3000000119
69747  -36.398  -21.228  -31.711 0.3000000119
145725  -37.127  -20.956  -32.029 0.3000000119
69746  -35.432  -21.585  -31.551 0.3000000119
158400  -36.828  -19.954  -32.293 0.3000000119
141221  -35.662  -20.042  -31.682 0.3000000119
70628  -36.477  -20.382  -31.934 0.3000000119
71509  -37.417  -19.890  -33.322 0.3000000119
160977  -37.566  -20.370  -33.714 0.3000000119
70677  -37.160  -20.710  -34.805 0.3000000119
71486  -34.492  -19.193  -31.475 0.3000000119
71529  -36.858  -19.965  -35.092 0.3000000119
72426  -33.647  -18.873  -31.441 0.3000000119
157016  -33.548  -18.145  -31.410 0.3000000119
72474  -36.382  -19.344  -35.327 0.3000000119
73443  -33.092  -17.592  -31.115 0.3000000119
72473  -35.721  -18.814  -35.534 0.3000000119
73496  -34.924  -17.590  -35.440 0.3000000119
134591  -31.763  -14.636  -30.640 0.3000000119
74427  -34.862  -16.831  -35.373 0.3000000119
138280  -32.146  -13.872  -30.761 0.3000000119
133945  -32.654  -14.824  -35.556 0.3000000119
77261  -32.642  -13.734  -36.518 0.3000000119
71508  -37.085  -19.588  -32.625 0.3000000119
71487  -35.383  -19.411  -31.596 0.3000000119
71488  -36.372  -19.545  -32.036 0.3000000119
72447  -37.322  -19.149  -33.140 0.3000000119
147617  -37.012  -19.212  -34.734 0.3000000119
146297  -35.543  -18.091  -31.585 0.3000000119
72446  -36.947  -18.746  -32.536 0.3000000119
72452  -37.355  -18.479  -33.441 0.3000000119
72464  -37.374  -19.154  -33.923 0.3000000119
72463  -37.177  -18.306  -34.369 0.3000000119
146529  -36.563  -18.557  -35.113 0.3000000119
72427  -34.441  -18.270  -31.503 0.3000000119
73445  -34.986  -17.421  -31.439 0.3000000119
72445  -36.525  -17.983  -32.062 0.3000000119
141122  -32.606  -16.887  -30.712 0.3000000119
73444  -33.979  -17.465  -31.388 0.3000000119
73497  -35.912  -17.924  -35.365 0.3000000119
74440  -35.744  -17.098  -35.277 0.3000000119
154096  -33.752  -15.902  -30.947 0.3000000119
138328  -33.045  -13.863  -30.877 0.3000000119
77208  -33.913  -13.906  -31.141 0.3000000119
133050  -34.038  -16.634  -35.346 0.3000000119
133444  -34.402  -14.983  -35.340 0.3000000119
77235  -32.975  -13.557  -35.851 0.3000000119
77262  -33.020  -13.113  -36.644 0.3000000119
77248  -32.890  -13.247  -36.208 0.3000000119
136923  -37.199  -17.853  -32.929 0.3000000119
155816  -37.357  -17.784  -33.755 0.3000000119
73460  -35.977  -17.333  -31.705 0.3000000119
73461  -36.740  -17.178  -32.488 0.3000000119
141914  -33.476  -16.757  -31.024 0.3000000119
74401  -34.506  -16.559  -31.291 0.3000000119
74402  -35.433  -16.774  -31.551 0.3000000119
74441  -36.469  -17.331  -35.008 0.3000000119
74428  -35.965  -15.792  -35.048 0.3000000119
74429  -36.478  -16.578  -34.808 0.3000000119
159406  -35.619  -16.433  -35.249 0.3000000119
156846  -34.723  -15.916  -35.380 0.3000000119
141941  -33.516  -13.103  -31.065 0.3000000119
145562  -34.467  -13.258  -31.313 0.3000000119
76324  -33.477  -14.339  -35.532 0.3000000119
78247  -33.400  -12.771  -36.453 0.3000000119
73472  -37.209  -17.121  -33.496 0.3000000119
75352  -35.487  -15.973  -31.625 0.3000000119
141897  -36.317  -15.948  -32.283 0.3000000119
74415  -36.798  -16.344  -33.045 0.3000000119
73486  -37.074  -17.316  -34.386 0.3000000119
75351  -34.541  -15.555  -31.238 0.3000000119
75366  -36.617  -15.527  -32.980 0.3000000119
74420  -37.082  -16.444  -34.087 0.3000000119
76298  -34.414  -14.649  -31.220 0.3000000119
76299  -35.343  -15.036  -31.477 0.3000000119
78205  -35.173  -12.691  -31.563 0.3000000119
76326  -35.919  -14.329  -35.052 0.3000000119
75382  -35.434  -15.071  -35.204 0.3000000119
151952  -34.170  -12.303  -31.173 0.3000000119
76325  -34.842  -14.292  -35.390 0.3000000119
77236  -34.011  -13.451  -35.636 0.3000000119
78233  -33.468  -12.884  -35.954 0.3000000119
78264  -33.924  -12.240  -36.764 0.3000000119
75365  -36.183  -15.287  -31.973 0.3000000119
139417  -36.859  -15.814  -33.765 0.3000000119
133195  -36.651  -15.782  -34.391 0.3000000119
151964  -35.198  -14.326  -31.441 0.3000000119
76312  -35.995  -14.409  -31.833 0.3000000119
142752  -36.562  -14.772  -32.736 0.3000000119
77210  -35.439  -13.607  -31.603 0.3000000119
77221  -36.230  -13.718  -32.063 0.3000000119
75383  -36.296  -15.052  -34.661 0.3000000119
80280  -34.658  -10.732  -31.248 0.3000000119
78217  -36.225  -12.946  -32.075 0.3000000119
79262  -34.405  -11.410  -31.229 0.3000000119
141174  -34.981  -11.954  -31.471 0.3000000119
135479  -35.853  -12.093  -31.808 0.3000000119
135128  -35.305  -13.557  -35.353 0.3000000119
78248  -34.005  -12.305  -36.191 0.3000000119
75373  -36.758  -15.048  -33.834 0.3000000119
159009  -36.532  -14.132  -32.504 0.3000000119
76313  -36.813  -14.196  -33.413 0.3000000119
77222  -36.773  -13.551  -32.764 0.3000000119
76327  -36.621  -14.272  -34.320 0.3000000119
79263  -35.410  -11.274  -31.560 0.3000000119
77237  -36.269  -13.559  -34.781 0.3000000119
152307  -36.282  -11.515  -31.971 0.3000000119
139646  -36.658  -12.115  -32.559 0.3000000119
78218  -36.961  -12.885  -32.966 0.3000000119
160170  -35.710  -12.936  -35.174 0.3000000119
78234  -34.611  -12.664  -35.675 0.3000000119
79294  -34.813  -11.815  -35.754 0.3000000119
141489  -35.793  -11.061  -37.596 0.3000000119
79335  -35.129  -11.274  -37.277 0.3000000119
77227  -36.967  -13.384  -33.851 0.3000000119
80281  -35.405  -10.354  -31.417 0.3000000119
135758  -36.415  -12.718  -34.497 0.3000000119
152968  -36.228  -10.801  -31.835 0.3000000119
137468  -36.648  -11.220  -32.520 0.3000000119
78225  -36.871  -12.443  -33.603 0.3000000119
78235  -35.613  -12.173  -35.139 0.3000000119
79295  -35.682  -11.403  -35.071 0.3000000119
79310  -35.143  -10.989  -35.900 0.3000000119
80338  -35.365  -10.329  -36.446 0.3000000119
79309  -34.463  -11.651  -36.437 0.3000000119
80348  -35.566  -10.492  -37.197 0.3000000119
79325  -34.961  -11.052  -36.766 0.3000000119
80291  -36.152  -9.960  -31.787 0.3000000119
80292  -36.594  -10.384  -32.473 0.3000000119
80301  -36.679  -10.769  -33.323 0.3000000119
78236  -36.369  -11.894  -34.299 0.3000000119
80310  -36.398  -10.347  -34.228 0.3000000119
80309  -35.830  -10.673  -35.031 0.3000000119
81233  -35.708  -9.661  -35.990 0.3000000119
80325  -35.553  -10.299  -35.726 0.3000000119
81243  -35.800  -9.710  -36.794 0.3000000119
79336  -36.366  -10.548  -37.701 0.3000000119
80349  -36.242  -9.809  -37.399 0.3000000119
79345  -37.836  -11.458  -38.548 0.3000000119
81180  -36.185  -9.149  -31.896 0.3000000119
154676  -36.580  -9.674  -32.371 0.3000000119
81192  -36.737  -9.778  -33.380 0.3000000119
81204  -36.504  -9.675  -34.421 0.3000000119
81220  -36.051  -9.961  -35.120 0.3000000119
137141  -38.004  -10.764  -38.644 0.3000000119
148506  -38.738  -11.268  -38.928 0.3000000119
45332  -31.029  -46.561  -43.591 0.4000000060
48401  -22.973  -43.294  -33.726 0.3000000119
47393  -26.937  -44.969  -33.126 0.4000000060
46332  -28.338  -45.381  -34.269 0.4000000060
135388  -24.588  -40.925  -32.504 0.4000000060
49332  -24.456  -42.271  -32.681 0.4000000060
70645  -37.278  -20.354  -32.519 0.3000000119
72461  -33.067  -17.848  -35.453 0.4000000060
134535  -32.913  -16.058  -30.686 0.3000000119
141942  -32.547  -13.074  -30.911 0.3000000119
47390  -23.865  -44.331  -33.397 0.4000000060
47403  -24.280  -44.968  -33.599 0.4000000060
46319  -25.821  -45.737  -33.511 0.4000000060
47392  -25.817  -44.928  -33.151 0.4000000060
49357  -22.635  -42.193  -34.484 0.3000000119
70627  -35.509  -20.747  -31.598 0.3000000119
72428  -36.036  -18.763  -31.785 0.3000000119
133263  -35.159  -18.750  -31.543 0.3000000119
73498  -36.713  -17.869  -34.888 0.3000000119
74414  -36.207  -16.578  -31.994 0.3000000119
77209  -34.669  -13.948  -31.329 0.3000000119
158741  -33.647  -11.560  -31.100 0.3000000119
79284  -36.754  -11.611  -33.382 0.3000000119
79296  -36.368  -11.126  -34.207 0.3000000119
80350  -37.089  -10.013  -37.803 0.3000000119
81221  -36.349  -9.132  -35.280 0.3000000119
47401  -22.727  -44.853  -34.323 0.4000000060
56431  -35.656  -35.659  -41.301 0.4000000060
158389  -24.433  -46.293  -42.860 0.3000000119
45330  -24.892  -46.811  -43.161 0.3000000119
45314  -23.943  -46.094  -42.867 0.3000000119
44169  -25.681  -47.032  -42.038 0.3000000119
51257  -22.989  -40.735  -34.101 0.3000000119
50271  -23.495  -41.101  -33.339 0.3000000119
45186  -26.718  -46.811  -34.322 0.3000000119
46318  -25.015  -45.382  -33.460 0.3000000119
45176  -26.299  -46.361  -33.787 0.3000000119
47391  -24.727  -44.580  -33.104 0.3000000119
45187  -27.352  -46.411  -34.491 0.3000000119
46330  -27.141  -46.256  -33.875 0.3000000119
46328  -24.266  -45.755  -33.955 0.3000000119
46329  -25.337  -46.213  -33.794 0.3000000119
157724  -35.402  -36.277  -41.494 0.3000000119
37314  -33.221  -53.354  -39.860 0.4000000060
38438  -31.999  -52.301  -39.403 0.4000000060
38453  -35.494  -52.660  -40.537 0.4000000060
39691  -35.423  -51.480  -39.527 0.5000000000
40927  -32.881  -50.855  -38.124 0.5000000000
40943  -35.502  -50.622  -39.398 0.5000000000
40958  -35.561  -50.935  -40.135 0.5000000000
40966  -35.319  -51.081  -40.878 0.5000000000
42068  -32.051  -49.101  -37.517 0.5000000000
42071  -34.361  -49.726  -37.601 0.5000000000
42086  -34.820  -50.000  -38.033 0.5000000000
42120  -35.492  -49.326  -40.038 0.6000000238
42141  -33.715  -49.479  -42.345 0.6000000238
43102  -36.059  -48.263  -38.448 0.6000000238
43115  -27.652  -48.335  -40.198 0.5000000000
43134  -28.310  -48.912  -40.047 0.5000000000
43135  -34.698  -48.208  -40.646 0.6000000238
43144  -27.238  -48.702  -40.889 0.4000000060
43146  -33.388  -48.285  -41.799 0.6000000238
43147  -33.933  -48.261  -41.286 0.6000000238
44091  -34.512  -47.463  -36.563 0.5000000000
44107  -31.319  -47.433  -37.018 0.6000000238
44109  -35.374  -47.874  -37.025 0.5000000000
44142  -29.083  -47.789  -39.023 0.6000000238
44143  -35.097  -47.047  -39.993 0.6000000238
44157  -27.144  -47.487  -40.196 0.5000000000
44178  -25.523  -47.198  -42.820 0.3000000119
44180  -31.522  -47.102  -43.018 0.6999999881
44184  -23.269  -47.649  -43.438 0.4000000060
44187  -25.961  -47.892  -43.142 0.4000000060
45220  -30.910  -46.087  -36.563 0.6000000238
45223  -33.667  -46.864  -36.416 0.6000000238
45242  -29.682  -46.264  -37.797 0.6000000238
45295  -26.645  -46.704  -40.115 0.5000000000
45297  -33.524  -46.422  -40.643 0.6000000238
45306  -31.710  -46.103  -42.091 0.6000000238
45313  -23.240  -46.313  -42.550 0.3000000119
45315  -24.958  -46.387  -42.471 0.3000000119
45329  -24.259  -46.638  -43.296 0.3000000119
46320  -26.640  -45.709  -33.487 0.3000000119
46322  -28.053  -45.411  -33.713 0.4000000060
46348  -28.328  -45.000  -35.093 0.5000000000
46403  -28.522  -45.413  -38.319 0.6000000238
46442  -23.568  -45.120  -41.656 0.4000000060
46444  -24.813  -45.435  -41.320 0.4000000060
46454  -23.628  -45.700  -42.323 0.3000000119
46455  -24.191  -45.666  -42.307 0.3000000119
46457  -30.516  -45.223  -43.538 0.6999999881
46480  -30.441  -44.973  -44.765 0.4000000060
47389  -22.975  -44.135  -33.781 0.4000000060
47421  -35.217  -44.259  -35.453 0.8999999762
47457  -28.638  -44.152  -37.667 0.6000000238
47487  -25.936  -44.441  -39.167 0.6000000238
47498  -24.485  -44.033  -40.473 0.3000000119
47501  -33.076  -44.685  -40.177 0.6999999881
47509  -23.731  -44.400  -41.056 0.4000000060
48406  -29.178  -44.198  -33.192 0.6000000238
48454  -24.548  -42.365  -37.177 0.4000000060
48485  -23.667  -42.697  -38.773 0.3000000119
48486  -23.972  -42.482  -38.706 0.3000000119
48500  -33.416  -43.643  -39.506 0.6999999881
48508  -31.986  -43.822  -40.333 0.6999999881
48515  -29.930  -43.473  -41.970 0.6999999881
48544  -30.267  -43.383  -44.753 0.6000000238
48545  -31.213  -43.336  -45.104 0.5000000000
49333  -25.378  -42.333  -32.512 0.5000000000
49358  -28.907  -42.448  -34.807 0.5000000000
49378  -26.052  -41.543  -36.154 0.5000000000
49385  -36.229  -42.589  -35.571 0.8000000119
49408  -30.516  -42.299  -36.123 0.6000000238
49409  -31.070  -43.033  -35.948 0.6000000238
49421  -24.228  -42.316  -37.725 0.4000000060
49422  -25.319  -41.951  -37.207 0.6000000238
49427  -36.527  -42.945  -36.927 0.8000000119
49435  -24.467  -42.302  -37.909 0.4000000060
49439  -35.702  -42.941  -38.266 0.6999999881
49475  -28.874  -42.705  -42.598 0.6999999881
50255  -25.728  -41.626  -32.348 0.5000000000
50259  -31.386  -41.351  -32.052 0.6000000238
50286  -29.397  -41.053  -34.660 0.5000000000
50326  -27.134  -41.015  -36.041 0.5000000000
50327  -28.105  -40.999  -36.042 0.6000000238
50329  -29.743  -41.534  -36.174 0.6000000238
50338  -26.052  -41.590  -36.602 0.5000000000
50339  -26.712  -41.311  -36.650 0.5000000000
50347  -33.660  -41.344  -39.162 0.6999999881
50356  -28.206  -41.077  -40.635 0.6999999881
50377  -27.674  -41.176  -41.252 0.6999999881
50378  -27.785  -41.777  -41.655 0.6999999881
50406  -30.648  -41.937  -43.807 0.6999999881
51216  -30.256  -40.461  -30.705 0.6000000238
51260  -30.806  -40.000  -34.089 0.6000000238
51294  -29.335  -40.567  -35.123 0.6000000238
51298  -36.208  -41.399  -35.082 0.6999999881
51308  -36.913  -40.821  -36.588 0.8000000119
51314  -35.966  -40.777  -37.738 0.6999999881
51321  -28.707  -39.916  -39.816 0.6999999881
51337  -29.043  -40.557  -40.058 0.6999999881
52239  -28.780  -39.143  -30.749 0.5000000000
52242  -31.524  -39.953  -30.417 0.6999999881
52243  -32.224  -39.822  -30.790 0.6999999881
52270  -32.272  -39.654  -32.659 0.8000000119
52292  -31.809  -39.520  -34.116 0.6000000238
52323  -36.626  -39.333  -37.190 0.8000000119
52332  -30.494  -39.339  -39.161 0.6999999881
52342  -27.983  -39.241  -39.999 0.6999999881
52349  -28.725  -39.025  -40.987 0.6999999881
52358  -29.055  -39.808  -42.055 0.6999999881
53262  -30.835  -38.509  -29.846 0.6000000238
53277  -28.483  -38.325  -30.838 0.5000000000
53288  -26.563  -37.898  -31.882 0.3000000119
53317  -32.456  -39.285  -33.193 0.8000000119
53364  -27.995  -38.738  -38.992 0.8000000119
53392  -30.819  -38.959  -41.580 0.6999999881
53394  -33.139  -38.185  -41.808 0.5000000000
53400  -33.962  -38.222  -42.043 0.5000000000
54315  -34.355  -37.438  -29.216 0.6999999881
54341  -34.723  -37.871  -30.913 0.6999999881
54374  -37.486  -37.463  -35.363 0.8000000119
54379  -37.344  -37.506  -36.169 0.8000000119
54391  -32.582  -37.105  -37.905 0.8999999762
54401  -26.960  -37.662  -38.965 0.8000000119
54408  -27.091  -37.582  -39.270 0.8000000119
55365  -36.416  -36.194  -29.460 0.6999999881
55386  -28.367  -36.250  -31.517 0.4000000060
55432  -26.766  -36.585  -37.894 0.8000000119
55434  -29.499  -36.336  -37.621 0.8999999762
55454  -26.955  -36.809  -39.286 0.8000000119
55463  -28.869  -37.082  -40.127 0.8000000119
56290  -34.543  -36.141  -28.338 0.6999999881
56308  -35.629  -35.305  -28.523 0.6999999881
56366  -26.750  -35.011  -37.354 0.8000000119
56375  -35.839  -35.613  -36.578 0.8000000119
56380  -26.379  -35.660  -37.790 0.8000000119
56382  -30.670  -35.768  -37.430 0.8999999762
56399  -26.534  -35.583  -38.648 0.8000000119
56413  -29.552  -36.318  -40.201 0.8000000119
57271  -27.742  -33.763  -36.364 0.8000000119
57278  -27.277  -34.506  -36.743 1.0000000000
57281  -30.474  -34.421  -36.414 0.8000000119
57298  -26.542  -34.165  -37.764 0.8999999762
57310  -26.470  -34.997  -38.235 0.8000000119
57317  -33.257  -34.065  -39.685 0.6999999881
58208  -35.454  -33.397  -34.065 0.6999999881
58218  -26.930  -33.057  -36.726 0.8000000119
58219  -28.674  -33.955  -36.072 0.8000000119
58236  -29.485  -33.915  -35.974 0.8000000119
58247  -26.301  -33.185  -37.383 0.8000000119
58298  -36.233  -33.592  -40.493 0.4000000060
59222  -33.250  -32.281  -34.787 0.6999999881
59230  -26.896  -32.335  -36.562 0.8000000119
59231  -27.858  -32.396  -36.159 0.8000000119
59236  -32.606  -32.237  -35.009 0.6999999881
59261  -25.941  -31.938  -37.041 0.8000000119
60282  -26.244  -31.798  -36.838 0.8000000119
60303  -26.070  -31.762  -37.077 0.8000000119
60311  -35.176  -31.362  -38.519 0.6999999881
61292  -27.720  -30.789  -36.882 0.8000000119
61309  -29.473  -30.157  -37.885 0.8999999762
62208  -28.932  -29.773  -35.629 0.8000000119
62252  -31.967  -29.463  -38.099 0.6000000238
62255  -34.660  -29.210  -37.922 0.6000000238
63145  -37.573  -28.291  -31.191 0.5000000000
63183  -32.375  -28.911  -35.480 0.8000000119
63210  -31.639  -28.196  -38.161 0.6999999881
64059  -35.352  -27.485  -31.275 0.3000000119
64080  -27.998  -26.796  -35.893 0.8000000119
64099  -27.683  -26.643  -36.201 0.8000000119
64101  -30.041  -28.108  -35.430 0.8000000119
64110  -27.591  -26.415  -36.627 0.8000000119
64125  -32.382  -27.094  -38.402 0.5000000000
65000  -37.902  -26.659  -33.933 0.6000000238
65033  -27.468  -26.136  -36.027 0.8000000119
65057  -27.238  -25.862  -36.886 0.8000000119
65059  -29.784  -26.309  -37.704 0.8000000119
65069  -32.824  -26.542  -38.612 0.6000000238
65070  -33.598  -26.605  -38.576 0.6000000238
65975  -29.157  -25.522  -35.678 0.8000000119
65990  -27.538  -25.386  -36.301 0.8000000119
65991  -27.826  -25.258  -35.969 0.8000000119
66005  -27.358  -25.586  -37.110 0.8000000119
66017  -27.458  -25.654  -37.226 0.8000000119
66856  -38.056  -24.291  -32.476 0.4000000060
66897  -28.073  -24.955  -36.247 0.8000000119
66932  -30.373  -24.619  -37.761 0.6999999881
66936  -33.577  -24.230  -38.585 0.6000000238
67865  -32.257  -23.060  -35.832 0.8000000119
67895  -34.015  -23.677  -38.599 0.6000000238
68891  -29.666  -22.048  -36.846 0.6999999881
68908  -32.242  -22.692  -38.151 0.6999999881
69785  -30.567  -21.296  -35.630 0.6000000238
69808  -29.628  -21.108  -36.124 0.6000000238
69814  -29.798  -21.253  -36.609 0.6999999881
69829  -33.385  -21.607  -37.931 0.5000000000
70672  -29.896  -20.470  -35.715 0.6000000238
70683  -29.725  -20.483  -35.953 0.6000000238
70702  -30.012  -20.596  -36.703 0.6000000238
71525  -31.133  -19.476  -35.535 0.6000000238
72458  -30.788  -17.833  -35.572 0.6000000238
72490  -30.410  -18.305  -36.580 0.6000000238
72510  -34.760  -18.682  -37.644 0.5000000000
73510  -30.424  -17.391  -36.299 0.5000000000
74438  -30.662  -16.759  -35.777 0.5000000000
74439  -30.982  -16.006  -35.843 0.5000000000
74449  -30.507  -16.655  -36.033 0.5000000000
74462  -31.064  -16.095  -36.539 0.5000000000
75379  -31.599  -15.456  -35.739 0.5000000000
75380  -32.237  -15.405  -35.523 0.3000000119
75411  -31.655  -15.462  -36.490 0.5000000000
76323  -31.996  -14.901  -35.769 0.4000000060
76359  -32.785  -14.132  -37.135 0.4000000060
77247  -32.462  -13.871  -36.065 0.3000000119
77273  -33.050  -13.366  -37.092 0.3000000119
77285  -36.646  -13.327  -38.526 0.4000000060
78263  -33.430  -12.759  -36.975 0.3000000119
78284  -35.977  -12.718  -38.039 0.3000000119
78295  -40.005  -12.482  -39.734 0.3000000119
79337  -37.297  -10.731  -38.163 0.3000000119
79339  -41.530  -10.740  -38.252 0.3000000119
79347  -41.438  -11.379  -39.207 0.3000000119
81181  -36.723  -9.071  -32.634 0.3000000119
132927  -31.905  -39.913  -39.294 0.6999999881
133615  -30.167  -36.756  -38.031 0.8999999762
134453  -27.667  -36.445  -39.582 0.8000000119
135310  -35.913  -48.186  -39.260 0.6000000238
135484  -28.612  -27.827  -37.221 0.8000000119
135593  -33.268  -42.957  -35.012 0.6999999881
136210  -35.973  -45.910  -36.671 0.6000000238
137306  -37.979  -31.131  -32.147 0.6999999881
137425  -31.006  -35.178  -40.603 0.6000000238
138315  -31.386  -22.262  -31.504 0.3000000119
138380  -29.175  -44.295  -34.059 0.5000000000
141513  -27.489  -36.783  -37.936 0.8000000119
141635  -28.691  -24.609  -36.187 0.8000000119
142411  -30.785  -27.944  -35.559 0.8000000119
144492  -29.042  -27.120  -35.447 0.8000000119
145344  -31.124  -16.727  -36.930 0.5000000000
146332  -36.275  -13.926  -38.440 0.4000000060
146465  -31.911  -25.905  -38.365 0.6000000238
146485  -36.348  -44.125  -37.624 0.6999999881
147688  -34.298  -27.005  -36.199 0.8000000119
148196  -26.030  -32.468  -37.118 0.8999999762
148629  -23.392  -42.926  -33.323 0.4000000060
149161  -30.356  -50.037  -39.060 0.3000000119
149164  -26.458  -35.028  -37.838 0.8999999762
149853  -27.919  -30.759  -36.638 0.8000000119
149925  -32.618  -34.499  -40.112 0.6999999881
150100  -29.573  -29.800  -35.455 0.8000000119
150121  -32.480  -29.090  -30.661 0.3000000119
150292  -30.918  -31.176  -38.484 0.8000000119
150371  -27.332  -25.717  -36.286 0.8000000119
150398  -29.934  -42.951  -33.653 0.6000000238
150660  -29.759  -42.592  -41.241 0.6999999881
151912  -33.345  -14.685  -37.404 0.4000000060
152523  -36.253  -27.187  -35.404 0.6999999881
152545  -36.384  -42.981  -36.086 0.8000000119
153149  -29.793  -22.634  -37.220 0.6999999881
154423  -28.388  -26.850  -35.658 0.8000000119
154635  -29.998  -21.014  -35.654 0.6000000238
155217  -37.378  -35.029  -31.946 0.6999999881
156513  -32.645  -24.899  -38.558 0.6999999881
156874  -35.699  -48.896  -38.235 0.5000000000
156913  -36.113  -30.508  -34.699 0.6999999881
157089  -27.302  -38.106  -39.323 0.8000000119
157202  -35.275  -27.776  -35.715 0.8000000119
157529  -32.307  -36.369  -41.324 0.5000000000
157730  -29.928  -21.629  -37.044 0.6999999881
157761  -36.645  -30.247  -34.602 0.6999999881
157802  -33.137  -37.070  -41.686 0.5000000000
158043  -35.002  -37.783  -42.503 0.4000000060
158096  -35.319  -23.317  -35.400 0.6000000238
158323  -29.372  -35.142  -39.701 0.8000000119
158329  -29.878  -19.959  -35.852 0.6000000238
158444  -37.838  -29.385  -34.147 0.6999999881
158600  -33.229  -17.633  -37.506 0.5000000000
158774  -32.876  -34.743  -29.016 0.5000000000
159195  -28.180  -39.541  -40.498 0.6999999881
159803  -31.553  -42.171  -43.520 0.5000000000
160468  -31.134  -41.460  -31.553 0.6999999881
160666  -33.207  -24.719  -38.607 0.6000000238
160671  -36.625  -40.583  -37.217 0.8000000119
160708  -27.246  -41.232  -35.680 0.5000000000
160867  -29.554  -35.545  -30.523 0.3000000119
