#!ascii label  , from subject sub-016 vox2ras=TkReg
577
22504  -34.191  -66.408  -38.283 0.5000000000
21640  -32.716  -67.080  -38.822 0.8000000119
115134  -31.340  -66.944  -39.340 0.8000000119
21639  -31.802  -67.059  -38.975 0.8000000119
22502  -32.130  -66.586  -38.387 0.8000000119
108692  -34.971  -66.252  -38.215 0.5000000000
22503  -33.150  -66.595  -38.299 0.5000000000
22535  -30.920  -66.414  -40.745 0.6999999881
22522  -30.982  -66.374  -39.641 0.6999999881
22475  -31.761  -65.979  -38.029 0.8000000119
22476  -32.545  -66.140  -37.747 0.6999999881
22479  -35.406  -66.160  -37.691 0.6000000238
22478  -34.474  -66.086  -37.632 0.5000000000
23395  -33.902  -65.734  -37.001 0.6000000238
22551  -30.878  -66.264  -42.122 0.6999999881
22477  -33.538  -66.118  -37.651 0.6000000238
23394  -32.943  -65.670  -37.108 0.6000000238
23439  -30.979  -65.398  -41.201 0.6999999881
22501  -31.331  -66.319  -38.783 0.6999999881
23404  -31.269  -65.624  -38.450 0.8000000119
23393  -32.106  -65.581  -37.384 0.6999999881
22464  -35.842  -66.314  -36.613 0.4000000060
23396  -34.811  -66.028  -36.859 0.6000000238
23452  -31.651  -65.176  -42.808 0.6999999881
23384  -33.304  -65.395  -36.387 0.6000000238
22521  -30.774  -65.741  -40.109 0.6999999881
23422  -30.906  -65.513  -39.243 0.6999999881
115609  -31.863  -64.968  -37.343 0.6999999881
24293  -32.013  -64.285  -37.099 0.5000000000
24304  -30.985  -64.644  -39.448 0.6000000238
24296  -31.104  -64.905  -38.552 0.6000000238
24292  -31.473  -64.466  -37.859 0.6000000238
25184  -31.340  -64.086  -38.739 0.6000000238
25179  -31.873  -63.552  -37.911 0.5000000000
23386  -35.136  -66.037  -35.866 0.4000000060
23477  -31.597  -64.820  -43.727 0.6999999881
23385  -34.200  -65.670  -36.176 0.6000000238
23368  -33.595  -65.313  -35.505 0.6000000238
23383  -32.470  -65.058  -36.725 0.6000000238
24316  -31.227  -64.603  -40.536 0.6999999881
24283  -32.335  -64.330  -36.254 0.5000000000
25188  -31.548  -63.949  -39.837 0.6999999881
105837  -32.127  -63.446  -36.804 0.5000000000
25185  -31.990  -63.344  -39.098 0.5000000000
25209  -29.227  -64.199  -42.730 0.6000000238
26038  -30.573  -63.271  -43.076 0.6000000238
22434  -36.138  -66.058  -34.836 0.5000000000
23370  -35.388  -66.003  -34.946 0.5000000000
25213  -31.109  -64.370  -43.703 0.6999999881
24344  -31.329  -64.763  -43.832 0.6999999881
23369  -34.492  -65.679  -35.206 0.5000000000
23351  -33.874  -65.181  -34.612 0.4000000060
24339  -32.098  -64.563  -43.491 0.6999999881
24327  -32.401  -64.510  -42.941 0.6999999881
102712  -31.885  -64.659  -41.916 0.6999999881
24270  -33.023  -64.912  -34.879 0.5000000000
25197  -32.144  -64.008  -41.131 0.6999999881
25189  -32.530  -63.308  -40.407 0.5000000000
116007  -32.501  -62.918  -38.449 0.5000000000
98470  -32.507  -62.782  -37.623 0.5000000000
26012  -32.310  -62.562  -36.857 0.3000000119
24242  -34.639  -64.182  -33.582 0.3000000119
26034  -29.450  -62.904  -41.937 0.6000000238
25204  -29.732  -63.370  -42.629 0.6000000238
23338  -35.156  -64.850  -33.882 0.4000000060
24258  -34.240  -64.808  -33.888 0.4000000060
25212  -32.182  -63.615  -43.453 0.6000000238
24328  -32.647  -63.860  -43.077 0.6999999881
24269  -32.506  -64.338  -35.337 0.5000000000
25198  -33.074  -63.419  -41.712 0.5000000000
25171  -32.154  -63.629  -35.821 0.5000000000
105195  -32.008  -63.042  -36.174 0.4000000060
26018  -33.089  -62.348  -38.402 0.5000000000
108940  -32.884  -62.075  -37.624 0.4000000060
26035  -30.355  -62.597  -42.349 0.6000000238
26039  -31.354  -62.930  -43.115 0.6000000238
26040  -32.166  -62.547  -42.915 0.6000000238
24256  -32.690  -64.237  -34.442 0.3000000119
25143  -32.484  -63.490  -34.167 0.3000000119
25205  -32.655  -63.972  -42.371 0.6999999881
25970  -31.980  -62.887  -34.485 0.3000000119
25156  -32.185  -63.621  -34.919 0.3000000119
25206  -33.118  -63.312  -42.515 0.6000000238
117446  -31.769  -62.346  -35.475 0.3000000119
105196  -31.821  -62.920  -35.372 0.3000000119
25199  -33.649  -62.997  -42.106 0.5000000000
26871  -32.361  -61.711  -36.837 0.3000000119
26000  -32.014  -62.404  -36.059 0.3000000119
26024  -32.982  -62.597  -39.553 0.5000000000
26032  -33.657  -62.700  -41.184 0.5000000000
26885  -33.507  -61.728  -38.394 0.4000000060
26882  -33.013  -61.325  -37.870 0.3000000119
26031  -29.712  -62.405  -41.236 0.5000000000
26903  -30.493  -61.881  -41.449 0.5000000000
26855  -31.338  -61.153  -35.112 0.3000000119
111981  -32.889  -62.976  -42.866 0.6000000238
27733  -31.348  -60.263  -35.846 0.3000000119
26856  -31.811  -61.819  -35.745 0.3000000119
25207  -33.446  -62.818  -42.421 0.6000000238
26894  -34.578  -61.706  -39.979 0.5000000000
26886  -34.312  -61.495  -38.995 0.4000000060
26900  -30.525  -61.063  -40.781 0.5000000000
26904  -31.200  -61.312  -41.677 0.5000000000
26036  -31.308  -62.092  -42.422 0.5000000000
26905  -32.003  -61.640  -42.248 0.5000000000
27710  -31.175  -60.693  -34.280 0.3000000119
105776  -31.066  -60.297  -35.003 0.3000000119
26908  -32.819  -62.142  -42.609 0.6000000238
26041  -33.381  -62.456  -42.462 0.6000000238
26037  -34.056  -62.455  -42.076 0.5000000000
26901  -34.654  -62.015  -41.185 0.5000000000
109183  -34.549  -61.026  -38.925 0.4000000060
27756  -31.137  -60.557  -40.944 0.5000000000
27760  -31.637  -60.966  -41.545 0.5000000000
27695  -31.356  -60.229  -33.620 0.4000000060
28619  -31.046  -59.708  -34.377 0.4000000060
26906  -32.683  -61.544  -42.210 0.5000000000
28629  -31.069  -59.560  -35.384 0.4000000060
107073  -32.882  -61.062  -41.826 0.4000000060
27734  -31.785  -60.104  -36.819 0.3000000119
26907  -33.635  -61.757  -42.152 0.5000000000
108031  -34.477  -61.874  -41.735 0.4000000060
26887  -34.965  -61.168  -39.637 0.4000000060
27753  -30.362  -60.079  -40.423 0.5000000000
104446  -31.642  -60.244  -41.232 0.5000000000
28605  -31.316  -59.368  -33.521 0.4000000060
27761  -32.179  -60.983  -41.717 0.5000000000
29427  -30.968  -58.861  -34.842 0.4000000060
29434  -31.268  -58.771  -35.771 0.4000000060
27757  -32.458  -60.179  -41.427 0.4000000060
27762  -33.579  -60.613  -41.638 0.4000000060
28640  -31.491  -59.432  -36.301 0.4000000060
27763  -34.453  -61.234  -41.571 0.4000000060
26902  -34.961  -61.353  -41.206 0.4000000060
26895  -35.172  -61.280  -40.522 0.4000000060
27758  -35.417  -60.614  -40.614 0.4000000060
27746  -34.976  -60.457  -39.409 0.4000000060
28652  -34.299  -59.803  -38.993 0.4000000060
28661  -30.952  -59.563  -40.671 0.4000000060
29395  -31.127  -58.496  -33.288 0.4000000060
99501  -31.057  -58.912  -34.025 0.4000000060
28662  -31.684  -59.434  -41.021 0.5000000000
28668  -33.141  -59.773  -41.312 0.4000000060
117892  -31.540  -58.125  -36.070 0.4000000060
116891  -34.408  -60.455  -41.391 0.4000000060
28647  -33.597  -59.745  -38.285 0.3000000119
27754  -35.545  -60.713  -40.095 0.4000000060
107324  -30.698  -58.779  -40.187 0.4000000060
29450  -31.210  -58.936  -40.643 0.5000000000
29451  -31.765  -58.694  -40.766 0.4000000060
101393  -30.875  -58.089  -34.206 0.4000000060
29452  -32.597  -58.451  -40.816 0.4000000060
28663  -32.444  -59.239  -41.117 0.4000000060
28664  -33.390  -59.053  -41.102 0.4000000060
28669  -33.983  -59.780  -41.299 0.4000000060
28670  -34.822  -59.807  -41.228 0.4000000060
27764  -35.005  -60.650  -41.166 0.4000000060
109412  -35.809  -60.036  -39.933 0.4000000060
28653  -35.165  -59.343  -39.458 0.4000000060
29447  -31.162  -58.309  -40.285 0.4000000060
30209  -31.867  -57.860  -40.360 0.4000000060
115899  -32.741  -57.751  -40.549 0.4000000060
28665  -34.550  -58.886  -41.251 0.4000000060
108112  -34.021  -58.872  -38.793 0.4000000060
29457  -35.388  -58.266  -41.331 0.4000000060
28666  -35.840  -59.294  -40.877 0.4000000060
29458  -35.972  -58.507  -41.186 0.4000000060
28667  -36.073  -59.361  -40.524 0.4000000060
28659  -36.105  -59.169  -39.903 0.4000000060
30205  -31.621  -57.105  -40.037 0.4000000060
30210  -32.371  -57.120  -40.246 0.4000000060
30211  -33.356  -57.197  -40.516 0.4000000060
29453  -33.689  -58.108  -40.895 0.4000000060
30212  -34.429  -57.291  -40.993 0.4000000060
29454  -34.752  -58.020  -41.275 0.4000000060
30215  -35.893  -57.698  -41.318 0.4000000060
29445  -34.873  -58.423  -39.253 0.3000000119
103397  -36.290  -58.298  -40.017 0.4000000060
29448  -35.816  -58.400  -39.609 0.4000000060
30986  -31.938  -56.427  -39.996 0.4000000060
31778  -32.400  -55.663  -40.221 0.4000000060
30990  -32.889  -56.402  -40.360 0.4000000060
30991  -34.046  -56.456  -40.724 0.4000000060
30214  -35.366  -57.480  -41.339 0.4000000060
30994  -35.871  -57.028  -41.259 0.4000000060
30194  -33.556  -57.991  -38.268 0.4000000060
104816  -34.312  -57.997  -38.879 0.3000000119
30216  -36.201  -57.843  -41.084 0.4000000060
30206  -36.145  -57.541  -39.822 0.5000000000
30201  -35.234  -57.526  -39.310 0.4000000060
30208  -36.354  -57.435  -40.322 0.5000000000
117286  -32.041  -55.000  -40.139 0.4000000060
102625  -32.858  -54.936  -40.512 0.4000000060
32654  -33.323  -54.289  -40.633 0.4000000060
31782  -33.460  -55.657  -40.620 0.4000000060
30995  -36.217  -57.098  -41.035 0.4000000060
101053  -31.551  -53.774  -40.012 0.4000000060
32652  -32.245  -54.206  -40.346 0.4000000060
30989  -36.568  -56.382  -40.718 0.4000000060
30988  -36.604  -55.989  -40.302 0.5000000000
33446  -32.181  -53.295  -40.130 0.4000000060
113379  -32.894  -53.696  -40.440 0.4000000060
31780  -36.895  -55.405  -40.107 0.5000000000
36066  -31.995  -50.852  -38.640 0.4000000060
33445  -31.318  -53.141  -39.769 0.4000000060
35218  -32.195  -52.070  -39.295 0.4000000060
34314  -31.869  -52.707  -39.694 0.4000000060
35219  -33.160  -51.815  -39.488 0.4000000060
34308  -31.248  -52.410  -39.156 0.4000000060
106211  -33.979  -62.195  -40.265 0.5000000000
26883  -33.848  -61.129  -38.450 0.4000000060
98701  -31.065  -67.291  -40.126 0.6999999881
116537  -36.030  -66.254  -37.414 0.5000000000
108472  -31.158  -67.085  -41.954 0.6999999881
101429  -36.817  -66.500  -37.108 0.5000000000
115268  -31.059  -65.779  -43.034 0.6999999881
22451  -35.999  -66.330  -35.477 0.4000000060
23466  -31.469  -65.192  -43.479 0.6999999881
25210  -30.330  -64.048  -43.295 0.6999999881
22452  -36.630  -66.208  -35.309 0.4000000060
107688  -36.293  -65.459  -34.502 0.4000000060
24243  -35.482  -64.143  -33.821 0.4000000060
26030  -28.954  -62.901  -41.140 0.6000000238
101396  -29.145  -62.370  -40.554 0.5000000000
26899  -29.676  -61.683  -40.459 0.5000000000
28658  -30.236  -59.256  -40.014 0.4000000060
112746  -30.560  -58.015  -39.784 0.4000000060
30204  -31.066  -57.502  -39.963 0.4000000060
30985  -31.120  -56.661  -39.768 0.4000000060
105336  -31.436  -55.685  -39.785 0.4000000060
32651  -31.363  -54.592  -39.775 0.4000000060
103068  -31.676  -51.561  -38.796 0.4000000060
24303  -30.815  -65.133  -40.043 0.6999999881
23392  -31.521  -65.291  -37.861 0.6999999881
24284  -32.851  -64.947  -35.828 0.6000000238
24345  -31.715  -64.396  -43.746 0.6999999881
23353  -35.621  -65.506  -34.415 0.5000000000
23352  -34.782  -65.410  -34.439 0.5000000000
24257  -33.350  -64.635  -34.063 0.3000000119
26025  -33.801  -62.029  -39.190 0.5000000000
27745  -34.124  -60.507  -38.649 0.4000000060
106650  -35.824  -60.238  -40.256 0.4000000060
100466  -35.391  -59.116  -41.209 0.4000000060
29455  -36.135  -58.907  -40.753 0.4000000060
34315  -32.694  -52.561  -39.793 0.4000000060
18065  -28.801  -69.979  -46.552 0.4000000060
18066  -29.718  -70.483  -46.692 0.4000000060
17140  -30.842  -71.877  -45.592 0.4000000060
113476  -31.552  -71.733  -45.820 0.4000000060
17139  -30.009  -71.987  -45.360 0.4000000060
17121  -31.444  -72.324  -44.926 0.4000000060
17102  -31.724  -72.711  -44.036 0.4000000060
17104  -33.103  -72.233  -43.423 0.5000000000
17119  -29.544  -72.684  -44.659 0.4000000060
17101  -30.889  -72.965  -44.123 0.4000000060
118282  -31.901  -72.795  -43.258 0.5000000000
17086  -32.464  -72.573  -42.687 0.5000000000
17071  -33.316  -71.810  -41.835 0.6000000238
17118  -28.634  -72.591  -44.593 0.4000000060
16209  -30.005  -73.149  -44.055 0.4000000060
16191  -30.451  -73.275  -43.350 0.4000000060
17087  -33.270  -72.065  -42.614 0.5000000000
22465  -36.727  -66.431  -36.003 0.3000000119
22453  -37.346  -66.126  -35.566 0.4000000060
24260  -36.707  -64.878  -34.496 0.3000000119
18005  -33.855  -71.427  -42.464 0.5000000000
22525  -36.590  -66.073  -39.901 0.5000000000
99294  -37.272  -66.361  -38.183 0.4000000060
16176  -29.390  -73.500  -42.355 0.4000000060
16159  -31.590  -73.004  -42.490 0.5000000000
17070  -32.746  -72.262  -41.779 0.5000000000
105414  -28.943  -73.599  -43.152 0.4000000060
17994  -33.670  -71.241  -41.345 0.6000000238
18915  -34.326  -70.504  -41.184 0.6000000238
19870  -34.825  -69.955  -40.992 0.6999999881
22505  -35.796  -66.238  -38.756 0.5000000000
19871  -35.285  -69.164  -41.458 0.6999999881
108283  -35.833  -67.480  -40.907 0.6999999881
22524  -35.665  -66.482  -39.520 0.6999999881
19854  -35.118  -68.780  -40.589 0.6999999881
20780  -35.272  -68.058  -40.312 0.6999999881
17069  -31.924  -72.714  -41.585 0.5000000000
17993  -32.977  -71.891  -41.056 0.6000000238
18906  -33.723  -70.806  -40.446 0.6000000238
16157  -30.253  -73.372  -41.865 0.4000000060
102094  -31.253  -72.834  -41.010 0.5000000000
17055  -32.379  -72.282  -41.039 0.6000000238
18907  -34.304  -70.195  -40.331 0.6000000238
19853  -34.746  -69.482  -40.417 0.6000000238
24259  -35.950  -64.831  -34.170 0.3000000119
106990  -30.133  -72.346  -40.481 0.6000000238
17053  -30.978  -72.446  -40.485 0.6000000238
17977  -31.548  -71.901  -40.130 0.6999999881
17978  -32.393  -71.876  -40.333 0.6000000238
17960  -32.704  -71.252  -39.850 0.6000000238
18893  -34.200  -69.703  -39.692 0.6000000238
17068  -30.437  -72.996  -40.969 0.5000000000
17054  -31.763  -72.408  -40.697 0.6000000238
20779  -34.650  -68.814  -39.800 0.6999999881
107332  -34.299  -67.464  -39.241 0.6999999881
20769  -34.898  -67.824  -39.613 0.6999999881
22523  -34.962  -66.557  -38.816 0.6000000238
21654  -34.970  -66.999  -39.359 0.6999999881
17976  -30.664  -71.727  -40.202 0.6000000238
113956  -31.306  -70.951  -39.869 0.6999999881
100600  -31.858  -70.354  -39.642 0.6999999881
17959  -32.069  -71.453  -39.845 0.6999999881
18891  -33.002  -70.644  -39.561 0.6000000238
21641  -33.939  -66.922  -38.881 0.5000000000
106242  -34.039  -69.165  -39.266 0.6999999881
20768  -34.140  -68.293  -39.298 0.6999999881
20778  -31.117  -69.020  -40.055 0.6999999881
20766  -31.860  -68.705  -39.425 0.6999999881
19852  -31.153  -69.845  -39.931 0.6999999881
117717  -32.551  -69.430  -39.337 0.5000000000
102819  -32.525  -70.164  -39.472 0.6999999881
20767  -33.111  -68.721  -39.178 0.6999999881
19839  -33.382  -69.809  -39.373 0.6000000238
21653  -33.369  -67.615  -39.113 0.6999999881
21664  -31.080  -68.208  -40.077 0.6999999881
21651  -31.527  -67.725  -39.436 0.6999999881
21652  -32.290  -67.848  -39.152 0.6999999881
106771  -36.269  -66.220  -38.087 0.5000000000
118788  -29.661  -71.310  -45.814 0.4000000060
17103  -32.482  -72.479  -43.767 0.4000000060
16208  -29.006  -73.285  -43.897 0.4000000060
16192  -31.228  -73.050  -43.310 0.4000000060
116498  -30.807  -73.314  -42.535 0.4000000060
117798  -30.119  -73.456  -42.674 0.4000000060
21655  -35.557  -67.058  -40.150 0.6999999881
17979  -33.137  -71.411  -40.386 0.6000000238
17961  -33.244  -70.942  -39.920 0.6000000238
19838  -31.841  -69.630  -39.576 0.6999999881
114163  -29.674  -72.752  -40.785 0.4000000060
17975  -29.733  -71.612  -40.326 0.5000000000
19851  -30.519  -69.852  -40.308 0.6000000238
17067  -28.909  -72.862  -40.902 0.4000000060
17974  -28.804  -71.496  -40.438 0.5000000000
17052  -29.260  -72.263  -40.558 0.5000000000
18905  -30.208  -70.802  -40.211 0.5000000000
19868  -30.183  -68.894  -41.068 0.5000000000
104534  -30.696  -68.344  -40.982 0.5000000000
19869  -30.628  -69.005  -40.673 0.5000000000
111300  -30.491  -68.255  -41.774 0.6000000238
21676  -30.769  -67.854  -41.970 0.6000000238
17051  -28.266  -72.320  -40.518 0.5000000000
18904  -29.287  -70.719  -40.415 0.5000000000
19850  -29.678  -69.751  -40.617 0.5000000000
111559  -30.917  -67.751  -41.135 0.6000000238
20802  -30.586  -67.771  -42.400 0.5000000000
113728  -30.699  -67.506  -42.506 0.6000000238
17973  -27.951  -71.401  -40.294 0.5000000000
105345  -28.883  -70.008  -40.590 0.5000000000
19849  -28.927  -69.334  -40.903 0.5000000000
19867  -29.585  -68.861  -41.298 0.5000000000
20790  -30.055  -68.419  -41.972 0.5000000000
20801  -30.067  -68.148  -42.600 0.5000000000
22565  -30.752  -66.752  -42.790 0.6000000238
18903  -28.412  -70.623  -40.464 0.5000000000
19848  -28.152  -69.686  -40.526 0.5000000000
20777  -28.414  -68.816  -40.909 0.5000000000
20787  -27.991  -68.149  -40.934 0.6000000238
19866  -28.991  -68.752  -41.360 0.4000000060
21674  -28.221  -67.492  -41.627 0.4000000060
20788  -28.680  -68.233  -41.543 0.5000000000
21675  -29.127  -67.729  -42.305 0.5000000000
20789  -29.433  -68.358  -41.893 0.4000000060
22561  -28.101  -65.871  -42.244 0.4000000060
22562  -28.784  -66.356  -42.736 0.5000000000
21687  -29.323  -67.003  -42.812 0.5000000000
24336  -28.027  -65.165  -42.426 0.4000000060
21688  -29.970  -67.614  -42.793 0.6000000238
21689  -30.480  -67.387  -42.782 0.6000000238
23465  -30.883  -65.849  -43.212 0.6000000238
23476  -31.070  -65.232  -43.692 0.6000000238
22550  -28.486  -66.858  -42.304 0.5000000000
23463  -28.728  -65.704  -42.868 0.5000000000
22563  -29.471  -66.285  -43.104 0.5000000000
24326  -28.091  -64.471  -42.164 0.4000000060
23464  -29.561  -65.507  -43.247 0.6000000238
22576  -30.357  -65.975  -43.291 0.6000000238
24337  -28.840  -64.986  -42.868 0.5000000000
25196  -27.941  -63.229  -41.176 0.3000000119
112506  -27.689  -63.858  -41.630 0.4000000060
24338  -29.813  -64.788  -43.321 0.5000000000
24343  -30.708  -64.770  -43.712 0.6000000238
103954  -29.646  -59.787  -39.714 0.3000000119
27752  -29.769  -60.673  -40.056 0.4000000060
26023  -28.705  -61.980  -39.899 0.4000000060
30202  -29.834  -57.817  -39.175 0.3000000119
30984  -30.647  -56.199  -39.405 0.3000000119
30203  -30.437  -57.087  -39.489 0.3000000119
33444  -30.929  -53.781  -39.558 0.3000000119
33438  -30.629  -53.091  -39.281 0.3000000119
25203  -28.698  -63.553  -41.970 0.5000000000
29446  -30.181  -58.550  -39.699 0.3000000119
20800  -29.865  -68.080  -42.428 0.5000000000
107195  -30.100  -66.922  -43.093 0.6000000238
105596  -36.841  -66.131  -39.109 0.3000000119
22536  -36.174  -66.423  -40.232 0.6000000238
24286  -39.747  -64.115  -36.770 0.3000000119
23387  -39.207  -65.064  -36.431 0.3000000119
102640  -38.516  -66.164  -36.601 0.3000000119
22454  -38.178  -65.978  -35.882 0.3000000119
22467  -39.422  -65.681  -36.858 0.3000000119
22480  -37.881  -66.427  -37.299 0.3000000119
22466  -37.633  -66.396  -36.319 0.3000000119
22537  -36.786  -66.151  -40.704 0.6000000238
25173  -40.377  -62.778  -37.241 0.3000000119
24285  -38.846  -64.368  -36.170 0.3000000119
23373  -38.507  -65.271  -35.895 0.3000000119
23372  -37.766  -65.476  -35.424 0.3000000119
22481  -38.794  -66.143  -37.571 0.3000000119
107586  -38.131  -66.212  -38.195 0.3000000119
22526  -37.585  -65.648  -40.087 0.4000000060
111258  -29.569  -73.189  -41.344 0.4000000060
26002  -40.890  -61.565  -37.305 0.3000000119
25172  -39.250  -63.191  -36.619 0.3000000119
25159  -38.430  -63.584  -35.894 0.3000000119
24271  -38.131  -64.616  -35.563 0.3000000119
104390  -33.781  -71.541  -45.392 0.5000000000
18048  -30.397  -71.154  -46.189 0.4000000060
18049  -31.221  -71.219  -46.486 0.4000000060
17141  -32.233  -71.798  -45.617 0.4000000060
18050  -32.872  -71.420  -46.469 0.5000000000
18927  -35.537  -69.423  -43.933 0.5000000000
18938  -35.263  -70.260  -44.277 0.5000000000
17142  -33.075  -71.731  -45.477 0.5000000000
18031  -34.194  -71.458  -44.807 0.5000000000
21690  -36.461  -67.607  -43.030 0.6000000238
19884  -35.625  -69.137  -42.937 0.6000000238
18926  -35.002  -70.038  -43.115 0.5000000000
18017  -34.593  -71.038  -44.228 0.5000000000
17122  -32.381  -72.235  -44.696 0.3000000119
17123  -33.287  -72.017  -44.464 0.4000000060
18006  -34.526  -70.889  -43.296 0.5000000000
21678  -36.922  -66.573  -42.142 0.6000000238
102484  -35.903  -68.274  -42.373 0.6000000238
19883  -34.953  -69.962  -41.952 0.6000000238
109493  -33.871  -71.671  -43.608 0.4000000060
21666  -37.274  -65.987  -41.578 0.6000000238
22507  -38.909  -65.805  -38.862 0.3000000119
20791  -35.611  -68.208  -41.232 0.6000000238
17995  -34.394  -70.703  -42.208 0.4000000060
22482  -39.688  -65.724  -37.940 0.3000000119
23388  -40.066  -64.867  -36.998 0.3000000119
22506  -37.828  -65.841  -39.143 0.3000000119
22538  -37.442  -65.661  -40.811 0.5000000000
21665  -36.430  -66.699  -41.075 0.6000000238
23405  -38.511  -65.317  -40.111 0.3000000119
21691  -36.956  -66.881  -43.115 0.5000000000
22566  -37.443  -66.253  -42.583 0.5000000000
23453  -38.562  -65.131  -41.479 0.4000000060
102001  -37.960  -65.382  -41.395 0.5000000000
22577  -37.517  -66.603  -43.330 0.5000000000
20804  -36.739  -67.457  -43.881 0.5000000000
22553  -38.562  -65.595  -42.046 0.4000000060
23454  -38.911  -65.071  -41.542 0.4000000060
23441  -38.958  -64.760  -41.186 0.4000000060
20803  -36.224  -68.160  -43.576 0.5000000000
23440  -38.386  -65.040  -40.950 0.4000000060
14705  -31.221  -75.578  -49.564 0.3000000119
100328  -30.932  -75.884  -50.354 0.3000000119
14689  -32.036  -75.760  -49.024 0.3000000119
108447  -32.732  -75.025  -47.589 0.3000000119
15452  -34.099  -74.923  -47.175 0.4000000060
118023  -31.428  -75.174  -48.407 0.3000000119
15449  -31.391  -74.452  -47.755 0.3000000119
15432  -34.684  -74.898  -46.789 0.4000000060
15451  -33.229  -74.131  -47.355 0.4000000060
15450  -32.231  -74.222  -47.501 0.3000000119
16248  -31.759  -73.502  -47.841 0.3000000119
16232  -35.210  -73.986  -46.701 0.4000000060
16233  -35.779  -73.136  -46.859 0.4000000060
98753  -34.147  -73.531  -47.245 0.4000000060
16270  -31.955  -72.419  -48.461 0.4000000060
16249  -32.706  -72.790  -48.191 0.4000000060
100480  -37.490  -71.855  -43.978 0.3000000119
16223  -36.682  -73.053  -45.716 0.4000000060
17143  -36.595  -72.022  -45.862 0.4000000060
17156  -36.185  -72.559  -46.392 0.4000000060
17169  -34.871  -72.204  -47.435 0.4000000060
17168  -33.959  -72.193  -47.863 0.4000000060
17167  -33.183  -72.119  -48.367 0.4000000060
18939  -37.641  -70.087  -43.712 0.3000000119
17144  -37.121  -71.551  -45.389 0.4000000060
115638  -36.570  -70.884  -45.987 0.4000000060
108810  -35.324  -71.664  -46.894 0.4000000060
18053  -35.764  -71.084  -46.307 0.4000000060
18052  -34.847  -71.343  -46.615 0.4000000060
18080  -34.243  -71.852  -47.525 0.4000000060
18079  -33.471  -71.767  -47.789 0.4000000060
101113  -37.374  -69.442  -44.789 0.4000000060
18953  -37.211  -69.869  -45.342 0.4000000060
18967  -36.264  -70.369  -45.862 0.4000000060
18966  -35.514  -70.870  -45.961 0.4000000060
18070  -34.120  -71.462  -47.205 0.4000000060
18098  -32.104  -71.603  -48.492 0.4000000060
19912  -36.915  -69.262  -45.197 0.4000000060
19926  -36.466  -69.692  -45.353 0.4000000060
18952  -35.849  -70.145  -45.359 0.4000000060
100701  -34.558  -71.226  -45.830 0.4000000060
99374  -33.408  -71.428  -47.141 0.4000000060
115508  -36.345  -68.688  -44.652 0.4000000060
21692  -38.073  -66.481  -43.383 0.4000000060
20828  -36.719  -68.522  -44.712 0.4000000060
20813  -36.505  -68.123  -44.339 0.4000000060
22554  -39.051  -65.569  -41.959 0.3000000119
23442  -39.380  -65.194  -41.159 0.3000000119
18951  -35.057  -70.866  -45.136 0.4000000060
21704  -37.144  -67.068  -43.762 0.4000000060
23424  -39.378  -64.988  -40.793 0.3000000119
99053  -35.981  -68.682  -44.200 0.4000000060
108734  -34.592  -74.064  -46.862 0.4000000060
16251  -35.014  -73.132  -47.279 0.4000000060
16252  -35.385  -72.637  -47.225 0.4000000060
16250  -33.622  -72.714  -47.925 0.4000000060
18018  -37.586  -71.139  -43.706 0.4000000060
17124  -37.109  -72.601  -45.190 0.4000000060
117588  -37.678  -70.810  -43.113 0.3000000119
18071  -36.001  -71.668  -46.464 0.4000000060
19885  -37.907  -69.401  -43.026 0.3000000119
105058  -37.504  -70.366  -44.717 0.4000000060
18054  -37.200  -70.558  -45.481 0.4000000060
18968  -36.849  -69.985  -45.741 0.4000000060
19911  -36.485  -69.062  -44.972 0.4000000060
19895  -36.005  -69.338  -44.770 0.4000000060
20814  -37.008  -67.689  -44.271 0.4000000060
15410  -36.694  -74.374  -44.626 0.3000000119
14663  -35.086  -75.317  -46.135 0.3000000119
13797  -34.218  -76.220  -47.185 0.3000000119
15433  -35.181  -74.772  -46.395 0.3000000119
15422  -36.512  -74.084  -45.592 0.3000000119
14679  -34.328  -75.663  -47.123 0.3000000119
15434  -35.881  -74.020  -46.302 0.3000000119
16210  -37.038  -73.558  -44.992 0.3000000119
19897  -38.069  -68.319  -43.411 0.3000000119
21706  -38.106  -67.287  -43.560 0.3000000119
22568  -38.634  -66.039  -42.724 0.3000000119
17105  -37.378  -72.557  -43.792 0.3000000119
19913  -37.159  -68.499  -44.703 0.3000000119
14662  -34.610  -75.642  -46.687 0.3000000119
14676  -32.044  -75.161  -47.900 0.3000000119
16158  -31.076  -73.180  -41.669 0.4000000060
16190  -29.658  -73.473  -43.283 0.4000000060
16211  -37.255  -73.030  -44.404 0.3000000119
17120  -30.458  -72.597  -44.787 0.4000000060
17125  -37.365  -72.168  -44.583 0.3000000119
17155  -35.652  -72.265  -47.001 0.4000000060
17193  -31.962  -71.831  -48.627 0.4000000060
18032  -37.445  -71.272  -44.683 0.4000000060
18051  -33.827  -71.351  -46.389 0.4000000060
18890  -32.283  -70.866  -39.638 0.6999999881
18892  -33.680  -70.399  -39.791 0.6000000238
19896  -37.595  -68.898  -44.036 0.4000000060
20815  -37.525  -67.850  -44.083 0.3000000119
21677  -36.301  -67.363  -41.990 0.6000000238
21705  -37.481  -67.043  -43.807 0.4000000060
22552  -37.974  -65.661  -42.010 0.5000000000
22564  -30.550  -66.627  -43.028 0.6000000238
22567  -38.043  -66.107  -42.756 0.5000000000
23475  -30.350  -65.264  -43.536 0.6000000238
25211  -31.247  -63.751  -43.512 0.6999999881
27755  -36.072  -59.661  -40.212 0.4000000060
27759  -35.800  -59.894  -40.509 0.4000000060
28660  -36.306  -58.893  -40.332 0.4000000060
28671  -35.441  -59.941  -40.951 0.4000000060
29449  -36.399  -58.129  -40.412 0.5000000000
29456  -36.283  -58.331  -40.765 0.4000000060
30207  -36.338  -56.764  -40.244 0.5000000000
30213  -36.347  -57.526  -40.707 0.4000000060
99942  -34.375  -72.636  -47.662 0.4000000060
104493  -31.037  -67.092  -41.300 0.6000000238
107376  -32.620  -71.704  -48.311 0.4000000060
109845  -34.696  -71.656  -47.184 0.4000000060
111242  -36.241  -73.370  -46.174 0.4000000060
117312  -38.772  -65.670  -36.292 0.3000000119
