#!ascii label  , from subject sub-016 vox2ras=TkReg
1335
23681  18.397  -62.361  35.823 0.0000000000
47916  45.274  -31.549  14.685 0.0000000000
31807  33.014  -52.126  28.272 0.0000000000
37210  38.779  -44.839  32.231 0.0000000000
31011  25.711  -52.952  29.260 0.0000000000
29383  22.253  -55.065  36.088 0.0000000000
55109  50.956  -23.359  8.759 0.0000000000
53413  53.147  -25.116  16.738 0.0000000000
42937  37.184  -37.973  23.455 0.0000000000
58250  50.766  -17.914  0.848 0.0000000000
29434  32.163  -54.657  33.188 0.0000000000
26198  19.736  -58.443  35.999 0.0000000000
55073  51.778  -22.651  12.304 0.0000000000
51975  49.104  -25.521  11.347 0.0000000000
47101  45.436  -32.912  18.696 0.0000000000
104741  49.833  -30.850  19.209 0.0000000000
45444  41.516  -34.631  19.461 0.0000000000
37248  35.034  -44.291  25.794 0.0000000000
102621  37.204  -48.542  29.854 0.0000000000
30135  27.844  -54.323  33.597 0.0000000000
29359  25.787  -55.033  37.013 0.0000000000
30170  23.568  -53.727  32.698 0.0000000000
27920  20.525  -56.704  31.355 0.0000000000
30229  29.544  -53.671  28.669 0.0000000000
56711  54.637  -19.846  8.130 0.0000000000
57424  54.847  -19.534  12.324 0.0000000000
50391  49.643  -28.899  15.206 0.0000000000
96649  41.195  -35.516  24.618 0.0000000000
39469  36.663  -41.194  28.789 0.0000000000
106361  50.270  -20.925  3.889 0.0000000000
57521  55.420  -20.057  2.888 0.0000000000
58257  56.873  -17.952  -0.670 0.0000000000
29373  31.316  -55.613  36.293 0.0000000000
109957  19.308  -60.928  36.571 0.0000000000
25312  19.830  -59.354  38.638 0.0000000000
23651  19.028  -61.439  39.773 0.0000000000
98050  48.232  -24.340  11.011 0.0000000000
47059  45.688  -32.991  22.222 0.0000000000
47086  47.289  -32.499  21.129 0.0000000000
21208  13.858  -65.123  38.708 0.0000000000
100064  41.324  -34.086  16.530 0.0000000000
33435  33.266  -50.067  25.827 0.0000000000
115973  35.274  -48.737  27.001 0.0000000000
32594  34.948  -50.550  29.518 0.0000000000
30184  26.883  -53.830  31.711 0.0000000000
100902  25.950  -53.915  32.795 0.0000000000
30978  24.326  -53.215  31.036 0.0000000000
31009  27.334  -53.435  28.618 0.0000000000
30182  28.733  -53.865  31.147 0.0000000000
29381  23.778  -54.799  36.406 0.0000000000
55952  52.898  -21.912  7.993 0.0000000000
57446  54.269  -19.467  9.947 0.0000000000
56696  52.511  -20.435  10.896 0.0000000000
110493  52.958  -23.949  14.454 0.0000000000
55885  54.489  -21.587  15.118 0.0000000000
49576  44.908  -29.947  12.807 0.0000000000
50406  47.660  -29.091  12.485 0.0000000000
49566  48.044  -30.311  14.393 0.0000000000
44591  37.450  -36.223  21.598 0.0000000000
105751  39.369  -35.546  22.660 0.0000000000
44562  39.710  -36.576  24.621 0.0000000000
37227  37.199  -44.531  29.048 0.0000000000
38730  36.156  -42.508  27.631 0.0000000000
38709  37.410  -42.464  30.385 0.0000000000
55953  49.250  -22.270  7.046 0.0000000000
56735  49.104  -20.551  5.219 0.0000000000
55963  50.505  -22.278  6.310 0.0000000000
56725  52.842  -21.430  5.960 0.0000000000
58271  54.175  -17.773  -1.537 0.0000000000
58247  53.398  -19.143  -0.048 0.0000000000
57532  55.925  -19.356  1.246 0.0000000000
57534  52.326  -19.938  1.084 0.0000000000
30976  32.954  -53.331  31.400 0.0000000000
31780  34.491  -51.385  31.784 0.0000000000
30146  33.647  -53.007  34.086 0.0000000000
27882  20.780  -56.482  35.777 0.0000000000
27859  21.510  -56.650  37.956 0.0000000000
27017  20.689  -57.395  38.514 0.0000000000
54281  49.248  -23.661  9.111 0.0000000000
55923  51.210  -22.149  10.880 0.0000000000
54258  49.577  -23.867  10.603 0.0000000000
53453  50.634  -24.611  11.560 0.0000000000
110934  51.904  -25.569  14.059 0.0000000000
47896  45.819  -32.380  16.257 0.0000000000
48698  47.903  -31.230  16.349 0.0000000000
47870  47.878  -32.005  19.331 0.0000000000
42036  34.872  -39.284  22.881 0.0000000000
38675  38.991  -42.757  34.375 0.0000000000
22002  16.334  -63.814  36.320 0.0000000000
22873  17.482  -63.249  38.860 0.0000000000
21992  15.951  -63.924  39.755 0.0000000000
47907  43.562  -32.230  14.806 0.0000000000
47120  43.480  -33.172  16.423 0.0000000000
46273  43.472  -33.889  19.311 0.0000000000
45400  43.228  -34.477  21.932 0.0000000000
35728  34.279  -46.458  24.756 0.0000000000
35703  36.175  -46.667  27.701 0.0000000000
108928  38.538  -47.055  31.372 0.0000000000
33349  36.043  -49.957  32.675 0.0000000000
34207  37.720  -48.403  33.938 0.0000000000
29375  29.607  -55.450  36.130 0.0000000000
28635  28.531  -55.936  37.035 0.0000000000
107868  27.317  -54.838  35.856 0.0000000000
30126  25.144  -54.318  34.795 0.0000000000
29412  22.643  -54.620  34.606 0.0000000000
30211  22.203  -53.393  30.285 0.0000000000
29438  21.682  -54.647  32.443 0.0000000000
101618  21.048  -55.942  33.638 0.0000000000
27890  20.172  -57.107  33.843 0.0000000000
25350  19.661  -59.532  33.707 0.0000000000
24510  18.846  -60.963  33.654 0.0000000000
31836  31.724  -51.983  26.233 0.0000000000
31057  30.401  -52.832  26.474 0.0000000000
31021  31.929  -53.434  28.286 0.0000000000
30180  31.106  -54.368  31.193 0.0000000000
29407  30.105  -54.782  34.106 0.0000000000
55910  55.564  -20.347  11.451 0.0000000000
56679  53.095  -20.591  12.744 0.0000000000
51966  46.152  -26.575  11.721 0.0000000000
51231  49.706  -27.747  12.905 0.0000000000
106134  51.537  -26.728  16.230 0.0000000000
49540  49.681  -30.078  17.322 0.0000000000
51181  51.854  -27.828  17.941 0.0000000000
45446  39.023  -35.351  19.493 0.0000000000
114473  41.410  -34.909  22.374 0.0000000000
45378  43.551  -35.316  24.506 0.0000000000
40278  35.142  -40.878  25.354 0.0000000000
41057  36.964  -39.561  26.271 0.0000000000
40998  38.451  -40.502  32.053 0.0000000000
41977  39.100  -39.158  29.549 0.0000000000
42889  39.548  -37.948  27.575 0.0000000000
44539  41.445  -36.148  27.772 0.0000000000
45333  43.582  -35.263  28.601 0.0000000000
113697  50.483  -19.776  2.262 0.0000000000
56765  52.620  -21.040  3.223 0.0000000000
110260  54.842  -19.886  5.489 0.0000000000
28631  32.064  -55.974  36.757 0.0000000000
105663  18.929  -61.692  36.177 0.0000000000
24484  19.279  -60.902  37.462 0.0000000000
23669  18.903  -61.759  37.786 0.0000000000
46221  45.540  -33.706  23.491 0.0000000000
47047  46.727  -32.894  23.215 0.0000000000
20398  12.417  -65.764  37.842 0.0000000000
32616  33.204  -51.140  26.999 0.0000000000
32614  34.573  -50.210  27.800 0.0000000000
32595  34.356  -51.113  29.077 0.0000000000
115571  26.003  -53.445  30.465 0.0000000000
30977  25.310  -53.390  30.897 0.0000000000
30996  24.741  -53.074  30.225 0.0000000000
31026  26.752  -53.167  28.094 0.0000000000
31010  26.517  -53.244  28.947 0.0000000000
30207  27.482  -53.803  30.456 0.0000000000
29382  22.945  -54.893  36.439 0.0000000000
29363  22.842  -55.359  37.181 0.0000000000
55108  51.604  -22.823  8.690 0.0000000000
55933  52.450  -21.505  9.687 0.0000000000
55934  51.657  -21.973  10.110 0.0000000000
53430  53.072  -24.245  15.245 0.0000000000
54223  53.723  -23.461  15.548 0.0000000000
48732  45.396  -30.609  13.377 0.0000000000
48731  46.377  -30.548  13.620 0.0000000000
48718  46.694  -30.941  14.438 0.0000000000
42946  36.096  -38.189  22.490 0.0000000000
43791  37.613  -37.285  22.694 0.0000000000
44581  38.595  -36.187  22.760 0.0000000000
43780  38.685  -37.165  23.826 0.0000000000
102042  38.045  -44.789  30.519 0.0000000000
37978  37.392  -43.177  29.963 0.0000000000
111680  38.098  -43.431  31.567 0.0000000000
55121  49.698  -23.054  7.567 0.0000000000
55964  49.598  -21.851  6.402 0.0000000000
55128  50.891  -22.692  7.071 0.0000000000
55118  52.313  -22.298  7.417 0.0000000000
58261  52.302  -17.977  -0.514 0.0000000000
105089  51.847  -18.241  0.039 0.0000000000
57546  52.905  -19.457  0.560 0.0000000000
58240  51.054  -18.603  1.074 0.0000000000
30162  32.725  -54.204  32.639 0.0000000000
30968  33.213  -53.452  32.306 0.0000000000
30147  33.227  -53.719  33.910 0.0000000000
111665  19.921  -57.708  35.806 0.0000000000
27869  20.500  -57.143  36.972 0.0000000000
27031  19.950  -57.618  37.455 0.0000000000
25286  20.477  -60.332  40.139 0.0000000000
26161  20.849  -59.364  39.480 0.0000000000
102892  48.008  -23.785  9.220 0.0000000000
54271  49.516  -23.712  9.844 0.0000000000
54272  48.740  -23.850  10.275 0.0000000000
53455  48.546  -24.431  11.178 0.0000000000
54244  49.298  -24.079  11.132 0.0000000000
52705  49.966  -25.360  11.452 0.0000000000
52704  51.312  -25.057  12.336 0.0000000000
114515  50.277  -26.236  11.781 0.0000000000
98277  45.920  -32.717  17.936 0.0000000000
47107  46.736  -32.287  17.991 0.0000000000
47100  46.341  -32.585  18.883 0.0000000000
55110  48.010  -23.021  7.918 0.0000000000
110216  16.016  -64.033  37.952 0.0000000000
22004  15.336  -64.469  37.612 0.0000000000
47909  41.968  -32.559  14.645 0.0000000000
47126  43.641  -32.762  15.687 0.0000000000
104534  42.129  -33.052  15.303 0.0000000000
45485  41.239  -34.546  18.003 0.0000000000
46304  42.520  -33.986  17.579 0.0000000000
46274  42.787  -34.218  19.331 0.0000000000
46258  43.531  -33.950  20.229 0.0000000000
46243  42.856  -34.330  20.547 0.0000000000
35020  33.721  -47.198  24.323 0.0000000000
34249  36.463  -48.420  28.406 0.0000000000
34994  35.966  -47.509  27.349 0.0000000000
34987  36.886  -47.649  28.660 0.0000000000
35696  37.664  -46.793  29.562 0.0000000000
34974  37.647  -48.030  30.281 0.0000000000
31763  34.457  -51.698  33.537 0.0000000000
32551  35.022  -50.922  32.350 0.0000000000
112739  35.497  -50.783  33.609 0.0000000000
33329  37.076  -49.654  35.223 0.0000000000
34949  38.191  -47.880  34.339 0.0000000000
29408  28.736  -54.683  34.852 0.0000000000
29394  28.142  -54.821  35.594 0.0000000000
29409  27.575  -54.400  34.355 0.0000000000
30169  24.493  -53.703  32.524 0.0000000000
30138  25.498  -54.078  34.061 0.0000000000
30153  24.178  -53.807  33.379 0.0000000000
30140  23.812  -53.968  34.171 0.0000000000
30155  22.916  -53.990  33.237 0.0000000000
30999  22.332  -53.092  29.640 0.0000000000
28692  20.843  -56.009  30.882 0.0000000000
29452  21.163  -55.223  30.755 0.0000000000
115969  21.065  -55.473  31.486 0.0000000000
29428  21.383  -55.349  33.089 0.0000000000
28672  20.959  -55.990  32.756 0.0000000000
27889  20.701  -56.498  34.161 0.0000000000
27907  20.599  -56.673  32.356 0.0000000000
25365  19.323  -60.306  33.121 0.0000000000
32638  31.704  -50.784  25.107 0.0000000000
32639  30.814  -51.040  24.871 0.0000000000
31024  28.670  -53.472  27.802 0.0000000000
113213  29.813  -53.252  27.510 0.0000000000
31040  30.593  -53.141  27.312 0.0000000000
30228  30.437  -53.811  28.762 0.0000000000
30217  31.534  -53.924  29.759 0.0000000000
30218  30.676  -53.974  29.558 0.0000000000
30165  28.437  -54.022  31.981 0.0000000000
29437  29.835  -54.338  32.426 0.0000000000
97359  29.203  -54.567  34.117 0.0000000000
102899  29.596  -54.827  34.839 0.0000000000
29358  27.121  -55.541  36.731 0.0000000000
22863  17.197  -63.155  41.080 0.0000000000
22862  17.867  -62.716  40.571 0.0000000000
113289  55.292  -19.223  8.708 0.0000000000
57439  54.495  -19.330  10.853 0.0000000000
57438  55.360  -19.374  11.104 0.0000000000
56689  55.524  -19.795  11.649 0.0000000000
56683  55.391  -20.110  12.852 0.0000000000
55906  51.243  -22.212  11.454 0.0000000000
103901  51.390  -21.364  11.869 0.0000000000
55078  52.226  -21.868  12.682 0.0000000000
55893  54.588  -20.864  14.596 0.0000000000
49573  48.879  -29.065  13.750 0.0000000000
50404  49.186  -28.197  12.704 0.0000000000
51219  49.987  -27.788  13.963 0.0000000000
51218  50.530  -27.097  14.033 0.0000000000
102304  50.595  -27.783  15.638 0.0000000000
48674  48.889  -31.108  18.344 0.0000000000
49541  49.018  -30.451  17.216 0.0000000000
49530  50.012  -30.226  18.089 0.0000000000
45447  37.308  -35.362  19.498 0.0000000000
106875  39.950  -35.653  23.355 0.0000000000
97074  39.938  -35.416  22.096 0.0000000000
96932  41.124  -35.255  23.866 0.0000000000
114498  42.687  -34.929  23.333 0.0000000000
97079  42.685  -35.357  24.972 0.0000000000
37256  34.212  -44.395  24.803 0.0000000000
38013  34.743  -43.711  25.139 0.0000000000
40251  36.271  -41.354  28.111 0.0000000000
112283  35.549  -41.780  26.447 0.0000000000
40269  35.887  -40.747  26.742 0.0000000000
41058  36.136  -40.061  26.350 0.0000000000
96793  36.967  -40.026  27.915 0.0000000000
39424  38.435  -41.414  33.132 0.0000000000
41967  40.422  -38.296  30.192 0.0000000000
41983  39.317  -38.636  28.223 0.0000000000
42881  39.954  -38.074  28.430 0.0000000000
43751  39.909  -36.973  27.273 0.0000000000
112553  41.286  -37.191  29.214 0.0000000000
115503  49.672  -20.753  4.400 0.0000000000
56767  50.582  -20.683  3.295 0.0000000000
56778  51.449  -20.574  2.282 0.0000000000
97006  52.097  -21.156  3.882 0.0000000000
117190  53.800  -20.701  6.766 0.0000000000
56733  53.605  -20.582  5.221 0.0000000000
56723  54.402  -20.187  6.712 0.0000000000
57465  55.296  -19.578  6.257 0.0000000000
58258  55.845  -18.092  -0.879 0.0000000000
56774  55.675  -19.936  2.077 0.0000000000
57520  56.269  -19.433  2.834 0.0000000000
108397  56.176  -19.548  4.154 0.0000000000
29404  32.292  -54.827  35.021 0.0000000000
30124  32.939  -54.321  35.830 0.0000000000
29389  32.215  -54.997  36.032 0.0000000000
25342  19.629  -59.399  35.629 0.0000000000
25321  19.654  -59.085  37.676 0.0000000000
25322  19.511  -60.081  38.036 0.0000000000
25313  19.647  -60.241  38.917 0.0000000000
24464  19.588  -61.135  40.470 0.0000000000
53471  46.317  -24.389  10.947 0.0000000000
52716  46.641  -25.103  11.500 0.0000000000
47075  44.998  -33.136  20.365 0.0000000000
47087  46.768  -32.569  20.353 0.0000000000
102591  46.162  -32.798  21.741 0.0000000000
47046  47.592  -32.666  23.393 0.0000000000
21215  14.566  -64.816  37.237 0.0000000000
20397  13.233  -65.446  37.561 0.0000000000
21209  13.041  -65.630  38.631 0.0000000000
101544  41.286  -33.007  15.085 0.0000000000
45487  39.685  -34.954  17.651 0.0000000000
105358  34.019  -48.297  25.543 0.0000000000
34264  34.434  -49.033  26.415 0.0000000000
33406  35.158  -49.669  28.145 0.0000000000
33390  36.167  -49.486  29.763 0.0000000000
30166  27.532  -54.005  32.224 0.0000000000
30151  26.528  -54.080  33.258 0.0000000000
30185  26.122  -53.699  32.031 0.0000000000
30186  24.828  -53.520  31.707 0.0000000000
30187  23.958  -53.485  31.848 0.0000000000
27908  20.175  -57.414  31.896 0.0000000000
27929  19.500  -57.336  30.011 0.0000000000
31025  27.463  -53.301  27.894 0.0000000000
30220  28.878  -53.692  29.296 0.0000000000
30206  29.031  -53.810  30.228 0.0000000000
99217  28.131  -53.768  29.861 0.0000000000
30183  27.744  -53.900  31.307 0.0000000000
29360  24.969  -54.977  37.227 0.0000000000
55951  53.431  -21.262  7.716 0.0000000000
56703  54.572  -19.631  8.966 0.0000000000
56704  53.729  -20.368  9.161 0.0000000000
57440  53.453  -19.797  10.710 0.0000000000
57432  53.763  -19.654  11.343 0.0000000000
54235  52.796  -23.408  13.767 0.0000000000
98841  52.970  -21.807  13.493 0.0000000000
54229  53.405  -23.165  14.686 0.0000000000
55048  54.672  -22.738  16.215 0.0000000000
102306  46.107  -28.709  11.931 0.0000000000
116857  46.274  -29.490  12.457 0.0000000000
115695  47.855  -30.039  13.716 0.0000000000
49565  49.059  -29.307  14.621 0.0000000000
48659  50.242  -30.353  18.880 0.0000000000
45417  37.132  -35.800  20.721 0.0000000000
45416  37.719  -35.695  21.013 0.0000000000
44590  38.080  -35.864  22.085 0.0000000000
44580  39.184  -35.964  23.222 0.0000000000
44570  40.091  -36.206  24.161 0.0000000000
107296  36.743  -44.209  27.748 0.0000000000
37240  35.686  -43.805  26.471 0.0000000000
37990  36.578  -43.306  27.776 0.0000000000
38716  36.678  -42.237  29.055 0.0000000000
111543  36.909  -41.583  29.480 0.0000000000
56718  48.028  -21.020  6.919 0.0000000000
56736  48.295  -20.216  5.726 0.0000000000
56726  49.023  -21.045  6.020 0.0000000000
55971  50.022  -21.537  5.390 0.0000000000
55970  51.229  -21.751  4.966 0.0000000000
55982  51.787  -21.402  4.440 0.0000000000
97008  51.988  -22.005  5.779 0.0000000000
99507  52.923  -21.788  7.294 0.0000000000
58996  52.679  -17.324  -0.890 0.0000000000
58260  53.584  -18.252  -0.986 0.0000000000
57554  55.268  -18.897  -0.227 0.0000000000
58239  56.664  -18.640  0.767 0.0000000000
57544  54.931  -19.752  0.466 0.0000000000
104141  54.241  -20.314  0.915 0.0000000000
56787  54.018  -20.739  1.566 0.0000000000
31006  33.451  -52.488  29.975 0.0000000000
31792  33.958  -51.867  30.386 0.0000000000
30975  33.485  -52.692  31.646 0.0000000000
31764  33.850  -52.110  32.996 0.0000000000
31753  34.496  -51.923  34.424 0.0000000000
28650  21.206  -55.968  36.435 0.0000000000
28642  21.546  -55.897  37.237 0.0000000000
27868  20.786  -56.292  37.263 0.0000000000
27860  21.035  -56.711  38.241 0.0000000000
26174  19.904  -58.452  38.414 0.0000000000
113972  20.927  -58.661  39.146 0.0000000000
54270  50.106  -23.614  9.256 0.0000000000
55100  50.946  -23.209  9.814 0.0000000000
55101  50.567  -23.545  9.981 0.0000000000
55091  50.563  -23.712  10.446 0.0000000000
55080  50.970  -23.290  10.955 0.0000000000
54259  48.839  -23.926  10.902 0.0000000000
55081  50.228  -23.976  10.855 0.0000000000
54241  51.317  -23.350  11.792 0.0000000000
53448  51.989  -24.621  12.938 0.0000000000
53441  52.267  -25.031  13.806 0.0000000000
52681  52.581  -25.002  15.310 0.0000000000
107326  45.602  -31.910  15.414 0.0000000000
47904  46.979  -31.287  15.206 0.0000000000
47895  46.686  -31.897  16.514 0.0000000000
47877  47.506  -31.851  17.978 0.0000000000
97438  48.445  -31.589  18.813 0.0000000000
47862  47.603  -32.314  20.203 0.0000000000
98039  48.405  -31.992  20.050 0.0000000000
47861  49.678  -31.560  20.426 0.0000000000
42034  36.433  -38.470  23.267 0.0000000000
106692  38.912  -43.826  33.580 0.0000000000
56719  47.217  -20.634  7.110 0.0000000000
55954  48.430  -21.846  7.204 0.0000000000
55122  48.744  -22.912  7.630 0.0000000000
59723  51.183  -16.060  0.938 0.0000000000
59724  50.325  -16.427  1.323 0.0000000000
22890  17.842  -62.896  36.369 0.0000000000
22872  17.956  -62.805  38.144 0.0000000000
22883  17.418  -63.463  37.816 0.0000000000
21991  16.749  -63.699  39.355 0.0000000000
21986  15.916  -64.021  40.712 0.0000000000
21199  14.651  -64.786  39.450 0.0000000000
48733  44.426  -30.589  13.229 0.0000000000
48722  43.041  -31.167  13.752 0.0000000000
47917  44.343  -31.762  14.534 0.0000000000
47906  44.322  -32.302  15.302 0.0000000000
96929  44.142  -32.923  16.463 0.0000000000
102237  44.203  -33.334  17.991 0.0000000000
46318  42.209  -33.872  16.649 0.0000000000
46303  43.367  -33.720  17.756 0.0000000000
46287  44.195  -33.469  18.919 0.0000000000
46257  44.154  -33.620  20.761 0.0000000000
46240  44.927  -33.297  22.026 0.0000000000
46222  44.950  -33.959  23.244 0.0000000000
36474  34.331  -45.093  25.076 0.0000000000
35003  34.969  -47.592  26.019 0.0000000000
35712  35.385  -46.698  26.206 0.0000000000
36459  36.050  -45.808  27.298 0.0000000000
117169  36.926  -45.544  28.410 0.0000000000
36437  38.198  -45.812  30.248 0.0000000000
36429  38.800  -45.560  31.855 0.0000000000
32580  35.001  -50.686  30.415 0.0000000000
32579  35.521  -50.287  30.745 0.0000000000
33358  36.530  -49.475  31.322 0.0000000000
33335  36.294  -50.353  34.697 0.0000000000
33340  36.606  -49.505  33.156 0.0000000000
34227  37.102  -48.896  31.761 0.0000000000
34960  38.230  -47.745  32.554 0.0000000000
34959  38.718  -47.129  32.970 0.0000000000
36406  39.258  -45.587  33.794 0.0000000000
29355  29.851  -55.915  36.734 0.0000000000
29356  29.027  -55.685  36.719 0.0000000000
29377  27.749  -55.205  36.439 0.0000000000
29378  26.730  -55.097  36.463 0.0000000000
30137  26.285  -54.173  33.982 0.0000000000
30125  25.986  -54.322  34.733 0.0000000000
29379  25.307  -54.787  36.379 0.0000000000
29397  24.027  -54.564  35.671 0.0000000000
108263  23.387  -54.681  35.799 0.0000000000
29399  22.129  -54.996  35.201 0.0000000000
30997  23.857  -52.968  30.269 0.0000000000
30979  23.329  -53.218  31.142 0.0000000000
30188  22.650  -53.580  31.612 0.0000000000
29464  21.701  -53.917  30.210 0.0000000000
30189  22.027  -53.780  31.126 0.0000000000
101712  22.132  -53.987  32.051 0.0000000000
30156  22.286  -54.253  32.896 0.0000000000
29413  21.994  -54.837  34.323 0.0000000000
28663  21.629  -55.441  34.857 0.0000000000
107842  20.735  -56.410  34.978 0.0000000000
110136  20.319  -56.962  34.680 0.0000000000
27052  19.833  -58.067  35.175 0.0000000000
112809  19.938  -57.840  32.561 0.0000000000
26229  19.804  -58.827  33.350 0.0000000000
26208  19.765  -58.799  35.171 0.0000000000
25343  19.507  -60.260  35.158 0.0000000000
24498  19.077  -61.024  34.673 0.0000000000
23680  18.796  -61.800  35.205 0.0000000000
23687  18.107  -62.333  34.912 0.0000000000
22898  16.801  -63.158  35.066 0.0000000000
33447  32.969  -49.586  25.036 0.0000000000
32628  32.921  -50.856  26.171 0.0000000000
31820  32.754  -51.873  27.429 0.0000000000
31837  30.860  -52.203  26.013 0.0000000000
31821  32.089  -52.418  26.965 0.0000000000
31020  32.609  -52.921  28.692 0.0000000000
30216  32.303  -53.663  30.075 0.0000000000
30179  31.912  -54.344  31.449 0.0000000000
29449  32.082  -54.547  32.276 0.0000000000
30181  30.230  -54.124  31.049 0.0000000000
29436  30.598  -54.684  32.667 0.0000000000
29422  31.352  -54.852  33.412 0.0000000000
29391  30.565  -55.066  34.925 0.0000000000
108653  30.514  -55.412  35.782 0.0000000000
23652  18.586  -62.220  39.236 0.0000000000
23646  18.961  -61.745  40.578 0.0000000000
57445  55.474  -19.191  9.552 0.0000000000
55922  51.465  -21.661  10.822 0.0000000000
56690  52.125  -20.565  11.495 0.0000000000
56684  53.543  -20.048  12.376 0.0000000000
55898  53.668  -20.820  13.707 0.0000000000
56671  54.680  -20.320  14.017 0.0000000000
57417  55.331  -20.062  13.327 0.0000000000
51976  45.814  -25.617  11.635 0.0000000000
51965  47.694  -26.244  11.476 0.0000000000
104488  47.232  -27.717  11.730 0.0000000000
51244  48.592  -27.610  11.867 0.0000000000
97345  49.979  -27.072  12.116 0.0000000000
98852  50.814  -26.523  13.540 0.0000000000
105189  51.725  -25.943  14.677 0.0000000000
52671  52.002  -26.031  16.162 0.0000000000
48707  47.708  -30.984  15.577 0.0000000000
49559  48.743  -30.171  15.568 0.0000000000
50381  49.790  -29.213  16.024 0.0000000000
49529  50.672  -29.750  18.429 0.0000000000
50372  50.723  -28.961  17.196 0.0000000000
51189  50.897  -28.209  16.866 0.0000000000
111181  51.634  -27.077  16.855 0.0000000000
51919  52.639  -26.260  17.537 0.0000000000
45488  38.629  -35.277  17.336 0.0000000000
113841  40.072  -35.132  19.392 0.0000000000
45429  38.735  -35.365  20.552 0.0000000000
97874  40.308  -35.281  21.117 0.0000000000
45413  41.138  -34.869  21.017 0.0000000000
45401  42.328  -34.695  22.047 0.0000000000
97919  43.529  -34.913  23.534 0.0000000000
45364  45.229  -34.930  24.797 0.0000000000
104962  35.477  -42.234  25.861 0.0000000000
99641  34.823  -40.240  24.124 0.0000000000
41071  36.408  -39.407  24.778 0.0000000000
99270  37.071  -38.783  24.766 0.0000000000
38695  38.189  -42.341  32.461 0.0000000000
39452  37.499  -41.370  30.980 0.0000000000
40243  37.379  -40.643  30.188 0.0000000000
106202  38.509  -39.859  30.804 0.0000000000
41024  37.671  -40.267  29.526 0.0000000000
41993  37.776  -39.574  27.569 0.0000000000
42000  38.293  -38.597  26.436 0.0000000000
42917  38.202  -37.923  24.909 0.0000000000
43761  39.314  -37.195  25.905 0.0000000000
44555  40.270  -36.347  26.100 0.0000000000
44553  41.510  -35.706  26.572 0.0000000000
43730  42.204  -36.032  29.015 0.0000000000
44546  42.475  -35.383  27.808 0.0000000000
45357  42.404  -35.286  26.320 0.0000000000
117670  43.834  -35.353  26.056 0.0000000000
58969  49.961  -17.368  1.611 0.0000000000
57536  50.605  -19.097  1.735 0.0000000000
56789  51.817  -20.369  1.685 0.0000000000
56777  52.258  -20.834  2.367 0.0000000000
56764  53.612  -20.819  3.674 0.0000000000
97726  52.879  -21.200  4.643 0.0000000000
56749  53.596  -20.636  4.523 0.0000000000
56748  54.309  -20.258  4.274 0.0000000000
57471  55.697  -19.460  5.533 0.0000000000
28632  30.918  -55.980  36.830 0.0000000000
28612  31.415  -56.493  36.867 0.0000000000
110847  19.011  -61.530  36.973 0.0000000000
22881  18.596  -62.322  36.868 0.0000000000
46214  45.773  -34.052  24.270 0.0000000000
46220  46.237  -33.374  23.771 0.0000000000
31819  33.490  -51.417  27.824 0.0000000000
32606  34.149  -50.914  28.234 0.0000000000
31806  33.750  -51.665  28.656 0.0000000000
30995  25.516  -53.189  30.038 0.0000000000
103841  25.071  -52.900  29.575 0.0000000000
30994  26.271  -53.354  29.785 0.0000000000
103494  22.395  -55.264  36.795 0.0000000000
55098  52.005  -22.273  9.214 0.0000000000
55099  51.364  -22.769  9.565 0.0000000000
53420  53.028  -24.694  15.994 0.0000000000
53429  53.508  -24.099  15.954 0.0000000000
53419  53.667  -24.372  16.643 0.0000000000
48719  45.791  -31.046  14.159 0.0000000000
99896  36.834  -37.782  22.680 0.0000000000
115057  37.078  -37.293  22.294 0.0000000000
42936  38.031  -37.583  23.545 0.0000000000
37211  38.501  -44.799  31.423 0.0000000000
103078  38.050  -44.017  31.148 0.0000000000
37203  38.435  -44.069  31.897 0.0000000000
55120  50.591  -23.120  7.700 0.0000000000
55119  51.476  -22.830  7.797 0.0000000000
58249  51.256  -18.088  0.428 0.0000000000
57547  51.979  -18.853  0.781 0.0000000000
108400  32.790  -54.214  33.353 0.0000000000
27042  19.952  -57.704  36.549 0.0000000000
26186  19.768  -58.373  37.024 0.0000000000
113336  47.021  -23.692  9.003 0.0000000000
52706  48.241  -25.249  11.350 0.0000000000
103916  49.133  -24.722  11.323 0.0000000000
51963  49.581  -26.274  11.533 0.0000000000
22003  15.847  -64.170  37.038 0.0000000000
47919  41.727  -31.977  13.983 0.0000000000
47134  41.333  -32.473  14.371 0.0000000000
45465  41.301  -34.625  18.709 0.0000000000
46289  41.947  -34.374  18.293 0.0000000000
114799  41.744  -34.502  18.875 0.0000000000
45425  42.275  -34.398  19.924 0.0000000000
33389  36.725  -48.982  29.598 0.0000000000
34241  36.881  -48.430  29.136 0.0000000000
34981  37.390  -47.697  29.460 0.0000000000
34232  37.338  -48.638  30.514 0.0000000000
32523  35.102  -51.230  34.125 0.0000000000
32537  34.995  -51.095  33.208 0.0000000000
112807  28.346  -54.476  34.193 0.0000000000
116507  28.031  -54.601  34.816 0.0000000000
30154  23.489  -53.879  33.521 0.0000000000
28679  20.868  -56.032  31.855 0.0000000000
31023  29.331  -53.490  27.948 0.0000000000
31022  30.116  -53.450  28.063 0.0000000000
30219  29.763  -53.832  29.457 0.0000000000
30149  28.129  -54.241  32.804 0.0000000000
29425  28.710  -54.377  33.432 0.0000000000
114388  26.425  -55.485  36.874 0.0000000000
22859  17.154  -63.293  41.902 0.0000000000
56716  54.708  -19.884  7.475 0.0000000000
57452  55.388  -19.293  8.002 0.0000000000
57431  54.719  -19.396  11.621 0.0000000000
57430  55.178  -19.563  11.928 0.0000000000
114639  55.387  -19.821  12.241 0.0000000000
57423  55.171  -19.749  12.620 0.0000000000
55079  51.437  -21.869  12.072 0.0000000000
50398  49.533  -28.633  14.311 0.0000000000
51211  50.094  -28.175  14.961 0.0000000000
48684  49.315  -30.605  17.852 0.0000000000
48673  49.591  -30.755  18.572 0.0000000000
102267  36.749  -35.381  19.051 0.0000000000
45380  40.539  -35.739  24.042 0.0000000000
45390  40.406  -35.447  23.425 0.0000000000
45379  41.909  -35.162  24.392 0.0000000000
45368  41.822  -35.355  25.210 0.0000000000
37255  34.596  -44.525  25.310 0.0000000000
38018  34.169  -43.648  24.438 0.0000000000
40260  36.099  -40.998  27.467 0.0000000000
40259  36.512  -40.730  28.064 0.0000000000
103229  36.419  -40.286  27.225 0.0000000000
98573  40.285  -38.578  30.974 0.0000000000
41975  40.246  -38.178  29.246 0.0000000000
42874  40.860  -37.702  29.572 0.0000000000
43732  40.701  -37.436  28.660 0.0000000000
42873  41.458  -37.341  29.892 0.0000000000
56768  49.901  -20.360  3.640 0.0000000000
56750  51.066  -21.148  3.885 0.0000000000
56717  54.013  -20.562  7.414 0.0000000000
57457  55.358  -19.420  7.185 0.0000000000
58995  56.486  -17.681  -1.625 0.0000000000
58256  57.335  -18.209  -0.632 0.0000000000
57507  55.859  -19.682  3.510 0.0000000000
116944  55.288  -20.036  3.445 0.0000000000
29390  31.429  -55.236  35.493 0.0000000000
110210  19.476  -60.161  36.113 0.0000000000
25332  19.479  -60.076  37.071 0.0000000000
24481  19.274  -60.933  38.357 0.0000000000
105462  19.347  -60.967  39.131 0.0000000000
24473  19.673  -60.587  39.696 0.0000000000
53472  45.401  -24.472  10.799 0.0000000000
53462  46.715  -24.661  11.239 0.0000000000
104818  45.835  -24.791  11.362 0.0000000000
47074  45.511  -32.927  21.325 0.0000000000
21216  13.778  -65.223  36.821 0.0000000000
99106  12.375  -65.929  38.712 0.0000000000
33446  33.549  -49.385  25.607 0.0000000000
34280  33.940  -48.867  25.863 0.0000000000
33434  33.868  -49.603  26.208 0.0000000000
32605  34.808  -50.396  28.630 0.0000000000
33391  35.545  -49.776  29.050 0.0000000000
30167  26.720  -53.928  32.509 0.0000000000
109367  25.560  -53.587  31.623 0.0000000000
30231  28.058  -53.465  28.183 0.0000000000
100639  28.055  -53.591  29.013 0.0000000000
112346  26.989  -53.831  30.999 0.0000000000
29380  24.527  -54.763  36.418 0.0000000000
29361  24.217  -54.991  36.995 0.0000000000
55941  53.359  -21.236  8.532 0.0000000000
56705  53.083  -20.479  10.042 0.0000000000
57433  52.923  -20.086  11.236 0.0000000000
49592  45.442  -29.375  12.319 0.0000000000
49567  47.293  -30.468  13.968 0.0000000000
114511  48.466  -29.733  14.076 0.0000000000
100094  48.625  -29.938  14.872 0.0000000000
44606  36.629  -35.947  20.452 0.0000000000
44599  36.960  -36.177  20.918 0.0000000000
44598  37.551  -35.901  21.314 0.0000000000
44572  38.998  -36.542  23.445 0.0000000000
44571  39.519  -36.372  23.817 0.0000000000
37232  36.940  -44.895  28.237 0.0000000000
37989  36.978  -43.883  28.398 0.0000000000
108781  36.995  -42.816  29.321 0.0000000000
38715  37.058  -42.309  29.767 0.0000000000
39453  37.239  -41.763  30.329 0.0000000000
55965  48.826  -21.378  6.740 0.0000000000
56727  48.340  -20.776  6.384 0.0000000000
55962  51.055  -22.139  5.734 0.0000000000
104018  53.045  -18.511  -0.524 0.0000000000
114574  53.755  -18.802  -0.566 0.0000000000
58259  54.582  -18.500  -0.893 0.0000000000
57555  54.301  -19.271  -0.195 0.0000000000
57533  53.347  -20.242  0.981 0.0000000000
56788  52.833  -20.631  1.622 0.0000000000
30993  32.929  -53.095  30.559 0.0000000000
30992  33.519  -52.505  30.815 0.0000000000
115769  33.217  -52.902  31.114 0.0000000000
30960  33.572  -53.048  33.224 0.0000000000
30967  33.614  -52.676  32.461 0.0000000000
31754  33.957  -52.358  33.833 0.0000000000
30954  33.963  -52.579  34.719 0.0000000000
27875  20.788  -56.651  36.530 0.0000000000
27030  20.419  -56.995  37.858 0.0000000000
27844  21.079  -57.265  38.594 0.0000000000
27006  20.944  -57.896  38.932 0.0000000000
26167  20.259  -58.872  38.998 0.0000000000
102610  49.777  -23.787  10.301 0.0000000000
55085  51.048  -23.212  10.924 0.0000000000
55086  50.424  -23.841  10.640 0.0000000000
54261  46.911  -24.302  10.415 0.0000000000
54260  47.958  -24.230  10.630 0.0000000000
53454  49.976  -24.508  11.256 0.0000000000
54243  49.914  -24.035  10.996 0.0000000000
97761  50.458  -24.057  11.140 0.0000000000
54242  50.981  -23.436  11.155 0.0000000000
102059  50.907  -23.834  11.398 0.0000000000
53452  51.381  -24.155  12.077 0.0000000000
52698  51.702  -25.376  13.311 0.0000000000
52693  52.242  -25.352  14.612 0.0000000000
47905  46.418  -31.755  15.708 0.0000000000
47878  47.209  -32.134  18.722 0.0000000000
111512  47.855  -31.824  18.582 0.0000000000
96698  48.193  -32.194  20.861 0.0000000000
97114  48.989  -31.909  20.634 0.0000000000
47869  49.127  -31.677  19.885 0.0000000000
47855  50.326  -31.357  20.938 0.0000000000
42046  34.460  -38.965  22.167 0.0000000000
42045  35.278  -38.597  22.324 0.0000000000
42035  35.674  -38.911  23.063 0.0000000000
55956  46.842  -20.970  7.552 0.0000000000
55955  47.548  -21.530  7.457 0.0000000000
54282  48.496  -23.473  8.509 0.0000000000
54290  49.387  -23.468  8.348 0.0000000000
22891  17.086  -63.360  35.911 0.0000000000
104187  17.311  -63.531  36.852 0.0000000000
21998  16.058  -63.991  38.831 0.0000000000
21997  16.784  -63.778  38.383 0.0000000000
21985  16.633  -63.650  40.373 0.0000000000
21207  14.777  -64.696  38.329 0.0000000000
48734  43.473  -30.568  13.191 0.0000000000
47908  42.694  -31.993  14.226 0.0000000000
48723  42.184  -31.331  13.537 0.0000000000
47918  43.512  -31.722  14.166 0.0000000000
48721  43.951  -31.291  13.661 0.0000000000
112223  44.918  -31.992  15.132 0.0000000000
47109  44.606  -33.011  17.162 0.0000000000
47110  43.805  -33.286  17.121 0.0000000000
46329  40.910  -33.702  15.773 0.0000000000
46328  41.795  -33.578  15.835 0.0000000000
102791  42.861  -34.068  18.540 0.0000000000
46288  43.630  -33.715  18.497 0.0000000000
46272  44.227  -33.566  19.814 0.0000000000
46242  43.423  -34.137  21.094 0.0000000000
46230  44.098  -33.857  21.775 0.0000000000
46229  44.567  -33.913  22.639 0.0000000000
106856  34.200  -45.683  24.704 0.0000000000
36480  33.970  -45.087  24.431 0.0000000000
35727  34.621  -45.823  25.245 0.0000000000
34279  34.445  -48.318  25.989 0.0000000000
35004  34.440  -47.733  25.474 0.0000000000
34988  36.357  -47.558  27.992 0.0000000000
35711  35.852  -46.662  26.942 0.0000000000
109129  35.590  -45.804  26.588 0.0000000000
36453  36.532  -45.823  28.024 0.0000000000
35688  38.066  -46.660  30.168 0.0000000000
36445  37.871  -46.111  29.707 0.0000000000
35681  38.434  -46.493  30.838 0.0000000000
36430  38.526  -45.624  31.044 0.0000000000
35680  38.738  -46.369  31.584 0.0000000000
31781  33.904  -51.900  31.281 0.0000000000
31800  34.476  -51.250  29.946 0.0000000000
31791  34.515  -51.312  30.861 0.0000000000
32550  35.616  -50.363  32.104 0.0000000000
32564  35.144  -50.724  31.374 0.0000000000
33359  35.778  -50.032  31.358 0.0000000000
33375  36.031  -49.739  30.600 0.0000000000
105237  36.064  -49.817  31.951 0.0000000000
34208  37.306  -48.958  34.530 0.0000000000
33334  36.737  -49.607  34.147 0.0000000000
34215  37.197  -48.971  33.576 0.0000000000
34221  37.125  -48.911  32.656 0.0000000000
34214  37.642  -48.324  33.055 0.0000000000
34220  37.687  -48.334  32.135 0.0000000000
34953  38.694  -47.186  33.896 0.0000000000
106887  39.061  -46.436  33.408 0.0000000000
109329  27.399  -54.558  35.125 0.0000000000
109582  26.556  -54.640  35.500 0.0000000000
106289  25.873  -54.036  33.462 0.0000000000
30139  24.658  -53.970  34.104 0.0000000000
29395  25.631  -54.609  35.510 0.0000000000
29396  24.819  -54.577  35.590 0.0000000000
30127  24.306  -54.304  34.872 0.0000000000
30141  23.072  -54.053  34.075 0.0000000000
29411  23.422  -54.459  34.938 0.0000000000
29398  22.766  -54.794  35.504 0.0000000000
30998  22.896  -53.001  30.159 0.0000000000
30210  22.586  -53.353  30.885 0.0000000000
29470  21.446  -54.153  29.184 0.0000000000
29465  21.285  -54.756  29.933 0.0000000000
112886  21.354  -54.853  31.609 0.0000000000
102250  21.520  -54.413  30.922 0.0000000000
29451  21.723  -54.279  31.659 0.0000000000
29427  21.875  -54.752  33.435 0.0000000000
28671  21.521  -55.384  33.975 0.0000000000
28664  21.081  -55.883  34.514 0.0000000000
27062  19.938  -57.631  34.464 0.0000000000
109437  19.800  -57.843  31.264 0.0000000000
25364  19.596  -59.497  32.598 0.0000000000
26217  19.788  -58.599  34.303 0.0000000000
109272  19.682  -59.496  34.698 0.0000000000
23686  18.341  -61.712  34.185 0.0000000000
114392  17.642  -62.223  34.236 0.0000000000
22903  17.280  -62.677  34.631 0.0000000000
32629  32.160  -51.245  25.804 0.0000000000
32637  32.583  -50.495  25.364 0.0000000000
31835  32.533  -51.643  26.553 0.0000000000
31838  30.086  -52.593  25.690 0.0000000000
105532  31.029  -53.514  28.107 0.0000000000
31039  31.612  -53.115  27.448 0.0000000000
31038  32.374  -52.710  27.810 0.0000000000
31007  32.788  -53.038  29.583 0.0000000000
31008  32.141  -53.599  29.162 0.0000000000
30204  30.892  -54.140  30.381 0.0000000000
30203  31.722  -54.074  30.623 0.0000000000
29450  31.271  -54.528  32.017 0.0000000000
103257  29.493  -53.909  30.898 0.0000000000
29424  29.719  -54.563  33.247 0.0000000000
29423  30.620  -54.842  33.411 0.0000000000
112570  30.992  -54.919  33.028 0.0000000000
29406  30.992  -54.926  34.099 0.0000000000
29392  29.870  -55.108  35.455 0.0000000000
29374  30.396  -55.755  36.330 0.0000000000
28615  28.796  -56.185  37.149 0.0000000000
28623  21.552  -56.043  37.951 0.0000000000
28622  22.313  -55.967  37.768 0.0000000000
108850  18.110  -62.655  38.841 0.0000000000
22866  17.933  -62.678  39.581 0.0000000000
22857  18.747  -62.486  41.833 0.0000000000
23643  18.585  -62.371  41.009 0.0000000000
23638  19.269  -61.970  41.850 0.0000000000
23642  19.311  -61.882  41.309 0.0000000000
23637  19.660  -62.075  42.057 0.0000000000
99133  55.171  -19.221  10.376 0.0000000000
56695  55.770  -19.803  10.813 0.0000000000
98950  51.103  -22.864  10.477 0.0000000000
55935  51.208  -22.433  10.424 0.0000000000
55912  51.638  -20.865  11.900 0.0000000000
56685  52.408  -20.490  12.059 0.0000000000
57426  53.063  -20.061  11.724 0.0000000000
55066  53.702  -21.613  14.345 0.0000000000
56677  55.170  -20.095  13.691 0.0000000000
56676  55.637  -20.486  13.970 0.0000000000
52708  46.737  -25.922  11.607 0.0000000000
50422  47.045  -28.483  11.928 0.0000000000
50420  48.782  -28.162  12.285 0.0000000000
51243  49.276  -27.696  12.218 0.0000000000
102890  49.126  -27.029  11.697 0.0000000000
51230  50.332  -27.171  13.144 0.0000000000
51934  51.028  -27.034  15.550 0.0000000000
51948  51.035  -26.591  14.606 0.0000000000
51933  51.577  -26.346  15.448 0.0000000000
47894  47.210  -31.507  15.982 0.0000000000
49550  49.128  -30.001  16.428 0.0000000000
50373  50.091  -29.490  16.812 0.0000000000
50363  51.660  -28.539  18.343 0.0000000000
50364  51.017  -29.083  17.984 0.0000000000
50371  51.285  -28.394  17.569 0.0000000000
51199  51.092  -27.501  16.387 0.0000000000
51188  51.481  -27.680  17.190 0.0000000000
98162  38.143  -35.527  18.179 0.0000000000
45468  38.891  -35.447  18.380 0.0000000000
45467  39.644  -35.189  18.678 0.0000000000
45415  38.437  -35.519  21.362 0.0000000000
97873  38.087  -35.495  20.667 0.0000000000
97073  39.104  -35.501  21.955 0.0000000000
45403  40.590  -35.217  22.685 0.0000000000
97075  40.823  -35.080  21.843 0.0000000000
97194  41.621  -34.762  21.641 0.0000000000
114770  42.183  -34.605  21.487 0.0000000000
45377  44.360  -34.992  24.177 0.0000000000
45365  44.281  -35.474  25.048 0.0000000000
38731  35.777  -42.673  26.885 0.0000000000
38737  35.600  -42.864  26.180 0.0000000000
39478  35.622  -42.264  26.643 0.0000000000
40270  35.502  -41.193  26.207 0.0000000000
39492  35.209  -41.616  25.461 0.0000000000
40279  34.771  -41.313  24.804 0.0000000000
40286  34.668  -40.840  24.530 0.0000000000
41073  35.121  -40.414  24.786 0.0000000000
96799  36.469  -39.701  25.624 0.0000000000
42014  37.056  -39.191  25.413 0.0000000000
37939  38.916  -43.277  33.996 0.0000000000
37951  38.586  -43.077  33.156 0.0000000000
38685  38.744  -42.514  33.796 0.0000000000
40209  38.375  -40.898  32.580 0.0000000000
39436  38.146  -41.518  32.397 0.0000000000
40219  37.954  -40.970  31.675 0.0000000000
40231  37.594  -40.747  30.820 0.0000000000
41969  39.062  -39.367  30.327 0.0000000000
41962  39.234  -39.494  31.079 0.0000000000
41013  38.410  -39.745  29.966 0.0000000000
41023  38.459  -39.616  29.050 0.0000000000
41035  37.775  -39.925  28.471 0.0000000000
41991  38.994  -38.648  27.587 0.0000000000
42890  38.911  -38.251  26.945 0.0000000000
42904  38.179  -38.195  25.690 0.0000000000
42903  38.818  -37.876  26.177 0.0000000000
42916  38.779  -37.598  25.383 0.0000000000
42902  39.357  -37.435  26.745 0.0000000000
43739  40.697  -36.675  27.756 0.0000000000
43750  40.328  -36.360  26.911 0.0000000000
44554  40.885  -36.098  26.390 0.0000000000
44548  41.144  -36.115  27.099 0.0000000000
43723  42.393  -36.254  29.844 0.0000000000
44525  42.940  -35.790  30.275 0.0000000000
44537  42.772  -35.451  28.577 0.0000000000
45334  43.103  -35.182  27.846 0.0000000000
45347  42.602  -35.261  27.090 0.0000000000
97841  43.046  -35.242  26.476 0.0000000000
45346  43.522  -35.238  27.051 0.0000000000
59709  49.613  -16.519  2.006 0.0000000000
57474  48.050  -19.502  5.254 0.0000000000
57473  48.564  -19.874  5.075 0.0000000000
57523  50.061  -19.107  2.421 0.0000000000
58226  49.972  -18.284  1.991 0.0000000000
57522  51.025  -20.056  1.904 0.0000000000
56766  51.501  -20.925  3.026 0.0000000000
56776  53.549  -20.934  2.560 0.0000000000
55969  52.356  -21.559  5.164 0.0000000000
56734  53.114  -21.140  5.400 0.0000000000
105066  54.259  -20.171  5.778 0.0000000000
56732  54.139  -20.085  5.023 0.0000000000
57472  54.993  -19.876  4.865 0.0000000000
101747  56.354  -19.066  6.179 0.0000000000
59007  53.841  -16.927  -1.977 0.0000000000
59006  54.831  -17.235  -2.288 0.0000000000
57543  55.831  -18.962  0.455 0.0000000000
110111  31.486  -55.873  36.659 0.0000000000
23660  18.958  -61.640  38.782 0.0000000000
46228  45.257  -33.436  22.775 0.0000000000
47048  45.964  -33.122  22.993 0.0000000000
32627  33.628  -50.400  26.569 0.0000000000
32615  33.923  -50.677  27.388 0.0000000000
30209  26.217  -53.665  31.158 0.0000000000
30221  27.195  -53.636  29.576 0.0000000000
30208  26.685  -53.667  30.405 0.0000000000
29362  23.585  -55.046  36.930 0.0000000000
29344  23.290  -55.592  37.401 0.0000000000
28621  22.972  -55.874  37.566 0.0000000000
55107  52.233  -22.435  8.283 0.0000000000
55942  52.740  -21.832  8.823 0.0000000000
55921  52.135  -21.174  10.499 0.0000000000
116660  53.271  -23.735  14.966 0.0000000000
54212  54.101  -23.564  16.465 0.0000000000
98579  45.907  -29.983  12.946 0.0000000000
48717  47.512  -30.779  14.772 0.0000000000
43800  37.279  -36.827  21.945 0.0000000000
43799  37.957  -36.453  22.294 0.0000000000
43790  38.431  -36.913  23.008 0.0000000000
43779  39.211  -36.845  24.207 0.0000000000
37218  37.525  -44.198  29.795 0.0000000000
37977  37.748  -43.857  30.466 0.0000000000
37970  37.784  -43.092  30.867 0.0000000000
55129  50.090  -22.536  6.985 0.0000000000
55127  51.576  -22.378  6.653 0.0000000000
58248  52.549  -18.710  0.040 0.0000000000
30178  32.589  -54.039  31.814 0.0000000000
30961  33.157  -53.786  33.068 0.0000000000
27876  20.310  -57.128  36.022 0.0000000000
107651  19.964  -57.643  38.163 0.0000000000
25304  19.814  -59.793  39.256 0.0000000000
26162  20.546  -59.303  39.320 0.0000000000
98966  48.798  -23.716  9.436 0.0000000000
51962  50.739  -25.655  11.916 0.0000000000
51955  51.070  -25.829  12.927 0.0000000000
47108  45.496  -32.831  17.101 0.0000000000
47887  46.309  -32.396  17.165 0.0000000000
47858  48.005  -32.267  21.738 0.0000000000
54283  47.433  -23.307  8.368 0.0000000000
110104  16.658  -63.849  37.405 0.0000000000
114508  15.551  -64.383  38.380 0.0000000000
47127  42.809  -32.721  15.038 0.0000000000
99689  42.739  -33.269  15.958 0.0000000000
46305  41.684  -34.288  17.361 0.0000000000
46259  43.011  -34.192  19.858 0.0000000000
34251  35.418  -49.013  27.513 0.0000000000
34262  35.649  -48.309  27.057 0.0000000000
34250  35.958  -48.336  27.764 0.0000000000
35697  37.111  -46.835  29.008 0.0000000000
34980  37.809  -47.333  30.037 0.0000000000
34973  38.142  -47.417  30.764 0.0000000000
31772  34.452  -51.515  32.673 0.0000000000
32536  35.557  -50.578  32.926 0.0000000000
34200  37.709  -48.881  35.277 0.0000000000
29393  29.110  -54.922  35.570 0.0000000000
29376  28.658  -55.201  36.271 0.0000000000
30152  25.126  -53.926  33.227 0.0000000000
30222  21.913  -53.440  29.480 0.0000000000
111569  20.785  -55.793  29.681 0.0000000000
29439  21.183  -55.359  32.224 0.0000000000
27896  20.651  -56.590  33.288 0.0000000000
27897  20.217  -57.248  32.917 0.0000000000
24525  18.573  -60.804  32.688 0.0000000000
31847  31.314  -51.546  25.523 0.0000000000
31041  29.143  -53.269  27.167 0.0000000000
109463  29.888  -52.985  27.022 0.0000000000
30227  31.354  -53.863  28.883 0.0000000000
30164  29.453  -54.015  31.730 0.0000000000
30148  29.042  -54.233  32.614 0.0000000000
22867  17.290  -63.194  39.961 0.0000000000
22858  17.906  -62.864  41.541 0.0000000000
98587  55.458  -20.272  12.238 0.0000000000
55914  51.213  -22.312  11.147 0.0000000000
55913  51.439  -21.453  11.379 0.0000000000
55905  51.909  -21.033  12.331 0.0000000000
49574  48.172  -29.538  13.236 0.0000000000
50405  48.641  -28.758  12.785 0.0000000000
99013  49.370  -28.416  13.383 0.0000000000
51210  50.545  -27.412  14.813 0.0000000000
48685  48.643  -30.981  17.593 0.0000000000
48697  48.541  -30.842  16.786 0.0000000000
45469  37.423  -35.461  18.624 0.0000000000
112458  38.149  -35.503  19.019 0.0000000000
97076  39.922  -35.458  23.030 0.0000000000
45402  41.213  -35.071  23.124 0.0000000000
97077  42.094  -34.834  22.859 0.0000000000
45389  41.952  -34.962  23.599 0.0000000000
97078  42.724  -35.083  24.055 0.0000000000
45366  43.501  -35.464  25.233 0.0000000000
39470  36.134  -41.881  27.941 0.0000000000
39477  35.783  -42.006  27.180 0.0000000000
114043  36.016  -41.561  27.536 0.0000000000
40261  35.772  -41.409  26.964 0.0000000000
40277  35.640  -40.612  26.038 0.0000000000
41045  37.022  -39.737  27.107 0.0000000000
39423  38.658  -41.836  33.675 0.0000000000
104193  38.761  -41.202  33.877 0.0000000000
40195  38.673  -40.759  33.334 0.0000000000
40208  38.735  -40.448  32.861 0.0000000000
116985  39.383  -38.994  30.045 0.0000000000
98699  39.014  -39.056  28.775 0.0000000000
41976  39.611  -38.679  28.971 0.0000000000
43740  40.151  -37.410  27.955 0.0000000000
43738  41.466  -36.576  28.571 0.0000000000
57488  49.016  -19.941  4.573 0.0000000000
57508  50.136  -19.897  2.937 0.0000000000
56779  50.817  -20.413  2.573 0.0000000000
56724  53.581  -20.733  6.088 0.0000000000
58270  55.263  -17.749  -1.657 0.0000000000
96887  56.574  -19.201  2.031 0.0000000000
57519  57.104  -19.191  2.704 0.0000000000
29405  31.824  -54.808  34.062 0.0000000000
29421  32.555  -54.427  34.055 0.0000000000
29353  32.220  -55.486  36.492 0.0000000000
25331  19.586  -59.246  36.585 0.0000000000
24463  20.077  -60.320  39.969 0.0000000000
24455  20.172  -60.816  40.501 0.0000000000
54251  47.312  -24.401  10.984 0.0000000000
53461  47.577  -24.755  11.264 0.0000000000
47093  45.655  -32.873  19.574 0.0000000000
96707  46.346  -32.648  19.750 0.0000000000
47088  45.934  -32.782  20.415 0.0000000000
47073  46.398  -32.708  21.105 0.0000000000
113839  46.720  -32.643  21.673 0.0000000000
47058  46.521  -32.783  22.371 0.0000000000
47057  47.181  -32.623  22.714 0.0000000000
47072  47.247  -32.488  22.034 0.0000000000
112621  13.980  -64.891  37.761 0.0000000000
113588  13.392  -65.501  39.400 0.0000000000
21201  13.313  -65.523  40.286 0.0000000000
45486  40.731  -34.560  17.285 0.0000000000
45466  40.496  -34.829  18.424 0.0000000000
101855  34.890  -49.102  26.994 0.0000000000
33421  34.333  -49.823  26.973 0.0000000000
33420  34.873  -49.572  27.490 0.0000000000
104400  35.833  -49.078  28.300 0.0000000000
33405  36.308  -49.057  29.020 0.0000000000
30150  27.296  -54.158  33.027 0.0000000000
30168  25.342  -53.728  32.314 0.0000000000
102729  23.235  -53.525  31.958 0.0000000000
27921  20.013  -57.330  30.880 0.0000000000
30230  28.754  -53.578  28.487 0.0000000000
111407  28.216  -53.825  30.603 0.0000000000
56712  53.968  -20.521  8.307 0.0000000000
55932  53.106  -21.120  9.253 0.0000000000
57425  54.096  -19.676  11.996 0.0000000000
55072  52.526  -22.678  13.144 0.0000000000
55067  53.136  -22.516  14.052 0.0000000000
106533  53.720  -22.261  14.763 0.0000000000
55058  54.163  -22.468  15.421 0.0000000000
50423  45.113  -28.594  11.834 0.0000000000
49591  46.840  -29.189  12.315 0.0000000000
49575  47.089  -29.883  13.042 0.0000000000
48660  49.753  -31.233  19.756 0.0000000000
45431  36.692  -35.584  20.097 0.0000000000
45430  37.320  -35.489  20.292 0.0000000000
45405  38.014  -35.702  21.628 0.0000000000
45404  38.632  -35.642  22.207 0.0000000000
44589  38.713  -35.818  22.628 0.0000000000
45392  39.100  -35.690  22.842 0.0000000000
45391  39.603  -35.715  23.239 0.0000000000
45381  40.029  -35.844  23.610 0.0000000000
44569  40.682  -35.970  24.796 0.0000000000
37239  35.828  -44.920  26.899 0.0000000000
37998  36.299  -44.058  27.173 0.0000000000
111000  36.114  -43.216  27.129 0.0000000000
117618  36.446  -42.682  28.140 0.0000000000
107658  37.122  -43.580  29.206 0.0000000000
37982  36.715  -42.899  28.637 0.0000000000
38723  36.382  -42.274  28.387 0.0000000000
39461  36.482  -41.736  28.630 0.0000000000
56751  50.506  -21.307  4.459 0.0000000000
114855  51.115  -21.437  4.401 0.0000000000
55961  52.547  -21.963  6.606 0.0000000000
55960  53.315  -21.224  6.821 0.0000000000
59008  53.158  -16.716  -1.262 0.0000000000
58272  53.340  -17.542  -1.265 0.0000000000
103087  52.908  -17.974  -0.890 0.0000000000
58246  56.402  -18.329  -0.038 0.0000000000
57545  53.853  -19.861  0.347 0.0000000000
56786  54.972  -20.323  1.377 0.0000000000
56775  54.781  -20.629  2.250 0.0000000000
31802  33.296  -52.378  29.103 0.0000000000
31801  33.910  -51.817  29.508 0.0000000000
100494  33.866  -51.974  32.169 0.0000000000
30134  32.955  -53.974  34.907 0.0000000000
30133  33.540  -53.316  34.805 0.0000000000
30947  33.954  -52.940  35.671 0.0000000000
28655  21.714  -55.485  35.766 0.0000000000
28649  21.864  -55.505  36.659 0.0000000000
112769  21.239  -57.243  38.440 0.0000000000
114542  19.769  -58.178  37.804 0.0000000000
27018  20.436  -58.081  38.775 0.0000000000
26166  20.772  -58.682  39.083 0.0000000000
54289  50.166  -23.458  8.321 0.0000000000
55090  51.160  -22.871  10.787 0.0000000000
100166  51.239  -22.745  11.541 0.0000000000
54273  47.536  -24.103  9.877 0.0000000000
54250  48.926  -24.096  11.122 0.0000000000
54249  49.590  -23.892  10.785 0.0000000000
54236  52.166  -23.629  12.698 0.0000000000
53447  52.565  -24.282  13.633 0.0000000000
53440  52.644  -24.676  14.488 0.0000000000
52670  52.562  -25.394  16.063 0.0000000000
48708  46.130  -31.415  14.936 0.0000000000
112986  47.409  -31.649  16.642 0.0000000000
47886  47.075  -31.891  17.267 0.0000000000
47885  47.945  -31.482  17.217 0.0000000000
47876  48.214  -31.478  18.086 0.0000000000
48661  49.183  -31.295  19.136 0.0000000000
47871  47.021  -32.374  19.541 0.0000000000
111964  48.615  -31.732  19.434 0.0000000000
115075  50.201  -31.145  20.270 0.0000000000
42056  35.709  -37.891  21.720 0.0000000000
37191  39.123  -44.590  33.632 0.0000000000
110540  38.764  -44.097  32.805 0.0000000000
37179  39.170  -44.121  34.357 0.0000000000
55123  48.035  -22.342  7.600 0.0000000000
59738  50.745  -16.738  0.736 0.0000000000
58984  50.483  -17.318  1.041 0.0000000000
22882  17.952  -62.934  37.289 0.0000000000
21979  16.571  -63.704  41.355 0.0000000000
21999  15.413  -64.440  39.132 0.0000000000
21993  15.292  -64.415  40.101 0.0000000000
21980  15.931  -64.247  41.578 0.0000000000
48720  44.870  -31.220  13.857 0.0000000000
47897  45.039  -32.424  15.695 0.0000000000
47119  44.432  -32.664  15.899 0.0000000000
47118  44.964  -32.791  16.402 0.0000000000
97851  45.056  -32.955  17.909 0.0000000000
96701  44.754  -33.170  18.569 0.0000000000
46317  43.037  -33.588  16.901 0.0000000000
47094  44.880  -33.184  19.324 0.0000000000
46241  44.715  -33.302  21.270 0.0000000000
108905  33.859  -44.329  24.137 0.0000000000
36473  34.778  -45.090  25.653 0.0000000000
35011  33.866  -47.889  25.023 0.0000000000
35721  34.296  -47.241  24.953 0.0000000000
35720  34.848  -46.784  25.431 0.0000000000
34995  35.601  -47.557  26.594 0.0000000000
107007  35.032  -45.853  25.952 0.0000000000
36466  35.273  -44.964  26.269 0.0000000000
36452  37.154  -45.394  28.874 0.0000000000
109457  36.963  -46.069  28.629 0.0000000000
36446  37.421  -46.067  29.198 0.0000000000
107389  37.685  -45.264  29.585 0.0000000000
36420  38.983  -45.515  32.500 0.0000000000
32593  35.542  -50.101  30.010 0.0000000000
33374  36.781  -49.162  30.363 0.0000000000
33341  36.033  -50.193  33.636 0.0000000000
33348  36.562  -49.422  32.256 0.0000000000
102446  37.095  -48.913  31.019 0.0000000000
34226  37.689  -48.338  31.148 0.0000000000
34966  38.241  -47.704  31.660 0.0000000000
34954  38.193  -47.777  33.463 0.0000000000
34965  38.688  -47.100  32.079 0.0000000000
35674  38.956  -46.298  32.472 0.0000000000
36412  39.262  -45.805  32.993 0.0000000000
37202  39.102  -45.066  32.969 0.0000000000
28633  29.956  -56.011  36.985 0.0000000000
28634  29.231  -55.826  37.026 0.0000000000
113784  28.347  -55.534  36.708 0.0000000000
29357  27.796  -55.727  36.877 0.0000000000
30136  27.052  -54.228  33.803 0.0000000000
29410  26.809  -54.322  34.595 0.0000000000
110047  26.011  -54.844  36.217 0.0000000000
31012  24.370  -52.823  29.499 0.0000000000
30171  22.764  -53.825  32.422 0.0000000000
29426  22.446  -54.384  33.767 0.0000000000
28656  21.120  -55.882  35.394 0.0000000000
113901  20.464  -56.878  35.339 0.0000000000
27883  20.080  -57.371  35.254 0.0000000000
27075  19.876  -57.925  33.456 0.0000000000
100236  19.827  -58.545  32.603 0.0000000000
25351  19.442  -60.303  34.166 0.0000000000
24489  19.248  -61.012  35.646 0.0000000000
22897  17.619  -62.815  35.457 0.0000000000
22010  16.350  -63.585  35.439 0.0000000000
22017  15.472  -63.893  35.322 0.0000000000
33448  32.166  -50.100  24.597 0.0000000000
31056  31.271  -52.750  26.649 0.0000000000
30202  32.399  -53.802  30.972 0.0000000000
30205  30.016  -53.918  30.269 0.0000000000
30163  30.411  -54.332  31.849 0.0000000000
29435  31.423  -54.762  32.740 0.0000000000
108655  31.459  -55.027  34.706 0.0000000000
29354  30.716  -55.971  36.699 0.0000000000
28641  22.184  -55.678  37.424 0.0000000000
28640  22.732  -55.759  37.555 0.0000000000
23670  18.476  -62.482  37.694 0.0000000000
23661  18.584  -62.324  38.408 0.0000000000
23647  18.482  -62.198  40.127 0.0000000000
24456  19.864  -61.532  40.911 0.0000000000
56691  51.821  -20.951  11.034 0.0000000000
57419  54.425  -19.716  12.598 0.0000000000
55899  52.747  -21.211  13.007 0.0000000000
56678  54.265  -20.008  13.228 0.0000000000
57418  54.957  -19.710  12.999 0.0000000000
52707  47.336  -25.385  11.464 0.0000000000
51964  48.677  -26.208  11.389 0.0000000000
51246  46.397  -27.627  11.742 0.0000000000
50421  47.998  -28.244  12.000 0.0000000000
51245  47.792  -27.278  11.668 0.0000000000
103082  48.361  -26.891  11.593 0.0000000000
51956  50.593  -26.462  12.493 0.0000000000
51947  51.356  -25.978  13.887 0.0000000000
52682  52.136  -25.705  15.373 0.0000000000
48716  48.228  -30.532  15.158 0.0000000000
48706  48.433  -30.695  15.951 0.0000000000
49558  49.177  -29.585  15.462 0.0000000000
50380  50.192  -28.488  15.771 0.0000000000
49539  50.394  -29.621  17.621 0.0000000000
99654  50.423  -28.782  16.471 0.0000000000
112429  50.636  -28.141  16.240 0.0000000000
51914  52.105  -27.056  17.564 0.0000000000
107260  52.083  -26.501  16.854 0.0000000000
51923  52.581  -25.806  16.799 0.0000000000
45445  40.818  -34.839  19.231 0.0000000000
102963  38.088  -35.384  19.945 0.0000000000
45414  39.364  -35.424  21.253 0.0000000000
45428  39.719  -35.304  20.339 0.0000000000
45427  40.720  -34.999  20.147 0.0000000000
45426  41.530  -34.685  20.296 0.0000000000
104888  42.029  -34.533  20.911 0.0000000000
45412  42.706  -34.509  21.327 0.0000000000
106876  42.970  -34.786  22.721 0.0000000000
45399  43.797  -34.455  22.660 0.0000000000
45388  44.400  -34.491  23.349 0.0000000000
45376  45.048  -34.369  23.892 0.0000000000
38007  35.299  -43.510  25.770 0.0000000000
38738  35.229  -42.870  25.400 0.0000000000
39485  35.086  -42.230  25.141 0.0000000000
41103  35.255  -39.609  23.609 0.0000000000
41072  35.712  -40.117  25.370 0.0000000000
41087  35.546  -39.837  24.420 0.0000000000
42026  36.013  -39.158  23.868 0.0000000000
42025  36.743  -38.617  24.105 0.0000000000
42024  37.601  -38.178  24.311 0.0000000000
37962  38.322  -43.284  32.259 0.0000000000
38703  37.917  -42.688  31.664 0.0000000000
116308  38.281  -41.842  32.795 0.0000000000
104483  37.817  -41.816  31.719 0.0000000000
38704  37.553  -42.162  31.015 0.0000000000
40232  37.220  -41.114  30.260 0.0000000000
40244  37.068  -40.880  29.547 0.0000000000
40997  39.029  -40.124  32.391 0.0000000000
41003  39.436  -39.616  31.894 0.0000000000
41004  38.774  -40.058  31.576 0.0000000000
41005  38.051  -40.329  31.275 0.0000000000
41014  37.819  -40.243  30.487 0.0000000000
41025  37.090  -40.553  28.723 0.0000000000
42001  37.719  -39.266  26.737 0.0000000000
41984  38.568  -39.235  28.109 0.0000000000
41992  38.428  -38.988  27.198 0.0000000000
97681  37.631  -38.893  25.958 0.0000000000
42013  37.643  -38.564  25.162 0.0000000000
42926  38.285  -37.669  24.238 0.0000000000
43770  38.762  -37.365  24.610 0.0000000000
43769  39.285  -37.029  25.047 0.0000000000
43760  39.797  -36.734  26.458 0.0000000000
43768  39.779  -36.670  25.561 0.0000000000
44561  40.249  -36.361  25.147 0.0000000000
44560  40.775  -36.067  25.674 0.0000000000
45359  41.254  -35.688  25.406 0.0000000000
43724  42.018  -36.930  30.254 0.0000000000
43731  41.815  -36.735  29.456 0.0000000000
44531  42.839  -35.682  29.449 0.0000000000
44538  42.047  -35.816  28.169 0.0000000000
44547  41.893  -35.624  27.303 0.0000000000
45348  42.012  -35.391  26.667 0.0000000000
45358  41.769  -35.423  26.011 0.0000000000
45367  42.283  -35.304  25.691 0.0000000000
97080  42.947  -35.349  25.803 0.0000000000
97875  44.632  -35.328  26.924 0.0000000000
45356  44.941  -35.338  25.798 0.0000000000
58241  50.428  -18.119  1.363 0.0000000000
57535  51.431  -19.533  1.336 0.0000000000
56763  54.628  -20.494  3.297 0.0000000000
98130  52.981  -21.079  4.004 0.0000000000
57487  55.270  -19.897  4.046 0.0000000000
57486  55.957  -19.491  4.803 0.0000000000
23641  19.782  -61.853  41.656 0.0000000000
34263  35.065  -48.406  26.539 0.0000000000
35702  36.730  -46.771  28.270 0.0000000000
37233  36.390  -44.983  27.538 0.0000000000
38686  38.474  -42.166  33.168 0.0000000000
43717  42.554  -36.431  30.667 0.0000000000
44536  43.299  -35.395  29.175 0.0000000000
44579  39.696  -36.021  23.578 0.0000000000
44607  36.048  -36.112  19.936 0.0000000000
45443  42.192  -34.366  19.065 0.0000000000
98566  46.973  -26.876  11.694 0.0000000000
104253  39.762  -38.712  29.745 0.0000000000
112306  41.255  -35.792  26.022 0.0000000000
115535  36.584  -39.892  26.778 0.0000000000
117454  38.895  -40.330  33.466 0.0000000000
