#!ascii label  , from subject sub-020 vox2ras=TkReg
898
57260  -24.471  -19.474  -31.566 0.5555555820
58039  -24.447  -18.805  -31.697 0.6666666865
58819  -25.033  -18.496  -31.925 0.7777777910
58839  -25.654  -18.229  -32.179 0.7777777910
59601  -24.847  -17.354  -32.191 0.8888888955
60382  -26.867  -16.585  -32.583 0.8888888955
57247  -23.404  -20.044  -31.047 0.5555555820
58038  -23.851  -19.067  -31.443 0.5555555820
58818  -23.882  -18.591  -31.485 0.6666666865
59584  -23.847  -18.019  -31.511 0.8888888955
59602  -26.066  -17.771  -32.516 0.8888888955
60380  -25.380  -16.953  -32.431 0.8888888955
97251  -26.040  -15.770  -32.375 1.0000000000
95168  -27.534  -15.904  -32.294 0.8888888955
61209  -26.996  -15.073  -32.245 1.0000000000
58817  -23.416  -18.408  -31.196 0.7777777910
60366  -23.734  -17.105  -31.518 1.0000000000
100530  -23.579  -16.203  -31.474 1.0000000000
60378  -24.123  -16.320  -31.947 1.0000000000
61208  -24.930  -15.401  -32.478 1.0000000000
99452  -25.716  -15.276  -32.430 1.0000000000
61989  -24.505  -14.722  -32.304 1.0000000000
61990  -25.438  -14.530  -32.517 1.0000000000
61991  -26.157  -14.681  -32.407 1.0000000000
61993  -27.174  -14.362  -32.258 1.0000000000
101301  -26.302  -14.060  -32.508 1.0000000000
109327  -27.074  -13.739  -32.405 1.0000000000
63397  -26.915  -13.124  -32.533 1.0000000000
63398  -27.114  -12.764  -32.489 0.7777777910
61195  -23.063  -15.597  -31.121 0.8888888955
61196  -23.640  -15.575  -31.631 1.0000000000
61980  -23.748  -14.799  -31.800 1.0000000000
103793  -24.012  -13.978  -32.038 1.0000000000
63396  -24.988  -12.967  -32.781 1.0000000000
63410  -25.908  -12.844  -32.634 1.0000000000
63411  -26.630  -12.719  -32.586 1.0000000000
63382  -27.792  -12.960  -31.697 0.8888888955
64058  -27.187  -11.997  -32.290 1.0000000000
64059  -27.875  -11.898  -31.137 0.7777777910
111610  -29.341  -12.266  -30.485 0.7777777910
61978  -22.141  -14.021  -31.053 0.5555555820
63381  -22.499  -12.334  -31.637 0.7777777910
62670  -23.016  -13.879  -31.693 0.8888888955
63395  -24.128  -12.819  -32.714 1.0000000000
114534  -24.127  -13.450  -32.387 1.0000000000
63394  -23.304  -12.284  -32.329 0.8888888955
113178  -24.491  -12.358  -32.959 1.0000000000
63409  -25.239  -12.256  -32.892 1.0000000000
64088  -26.244  -11.381  -32.696 1.0000000000
64076  -26.774  -11.262  -32.581 0.8888888955
64824  -27.327  -10.879  -31.860 0.8888888955
65612  -28.463  -9.957  -30.191 0.7777777910
65601  -30.610  -10.110  -29.990 0.6666666865
62653  -21.248  -13.333  -30.334 0.4444444478
62668  -21.892  -12.944  -31.006 0.7777777910
64057  -22.132  -11.832  -31.463 0.6666666865
64073  -22.866  -11.361  -31.980 0.7777777910
64074  -23.470  -11.393  -32.457 0.8888888955
64085  -24.007  -10.825  -32.719 0.8888888955
64087  -25.426  -11.476  -32.885 1.0000000000
64854  -24.727  -10.773  -32.878 1.0000000000
64855  -25.421  -10.670  -32.800 1.0000000000
64856  -26.095  -10.583  -32.602 1.0000000000
65610  -26.910  -9.896  -31.834 0.8888888955
99077  -27.624  -10.011  -31.043 0.7777777910
65599  -28.723  -9.127  -29.643 0.7777777910
66354  -29.672  -8.844  -29.538 0.6666666865
64055  -21.616  -10.920  -31.179 0.6666666865
64056  -21.549  -11.864  -30.919 0.6666666865
112736  -22.986  -10.303  -32.206 0.7777777910
64072  -22.306  -10.917  -31.692 0.7777777910
64841  -23.405  -10.428  -32.461 0.8888888955
105294  -24.227  -10.028  -32.849 0.8888888955
64853  -23.794  -9.621  -32.781 1.0000000000
65643  -24.012  -9.231  -32.850 1.0000000000
65645  -25.247  -9.866  -32.724 1.0000000000
65609  -26.475  -9.085  -31.846 0.8888888955
66364  -27.486  -8.721  -30.576 0.8888888955
65611  -27.883  -9.284  -30.360 0.7777777910
66377  -26.032  -8.374  -32.073 0.8888888955
66353  -26.918  -8.281  -31.276 0.7777777910
67122  -27.538  -8.194  -30.388 0.7777777910
66355  -30.595  -8.608  -29.976 0.6666666865
105394  -20.859  -11.184  -30.434 0.6666666865
64043  -20.800  -12.212  -30.288 0.5555555820
64823  -22.006  -10.078  -31.684 0.7777777910
64840  -22.813  -9.750  -32.285 0.8888888955
64852  -23.417  -9.304  -32.694 0.8888888955
65641  -23.188  -8.782  -33.365 1.0000000000
65642  -23.744  -8.739  -32.875 1.0000000000
66393  -24.571  -8.512  -32.878 1.0000000000
105414  -25.793  -8.947  -32.336 0.8888888955
67106  -27.319  -7.614  -30.556 0.7777777910
100444  -27.708  -7.179  -29.946 0.7777777910
67819  -29.551  -7.174  -29.356 0.6666666865
105940  -30.568  -7.076  -29.774 0.5555555820
67109  -30.922  -7.811  -30.214 0.5555555820
64822  -21.212  -10.172  -31.012 0.7777777910
66375  -22.981  -8.300  -33.333 1.0000000000
66391  -23.592  -8.343  -33.009 1.0000000000
67134  -24.797  -7.825  -32.904 0.8888888955
67135  -25.550  -7.709  -32.421 0.8888888955
67120  -24.966  -6.918  -32.664 0.8888888955
103843  -26.194  -7.768  -31.775 0.8888888955
103815  -27.067  -6.888  -30.488 0.7777777910
67817  -26.860  -6.071  -30.398 0.7777777910
67818  -27.864  -6.457  -29.750 0.7777777910
68518  -25.927  -5.629  -31.171 0.7777777910
68505  -28.497  -5.828  -29.527 0.5555555820
67820  -30.188  -6.189  -29.597 0.5555555820
68504  -27.628  -5.592  -29.689 0.6666666865
65578  -19.441  -9.651  -29.357 0.4444444478
65607  -20.796  -9.167  -30.846 0.5555555820
66363  -21.976  -8.365  -32.017 0.7777777910
66374  -22.899  -8.464  -32.826 1.0000000000
67132  -23.308  -7.822  -33.225 1.0000000000
67845  -23.674  -7.373  -33.104 0.8888888955
67846  -24.196  -6.469  -32.963 0.8888888955
67832  -25.457  -6.248  -31.907 0.8888888955
68503  -26.756  -5.245  -30.369 0.6666666865
108967  -29.406  -5.601  -29.474 0.5555555820
67829  -20.054  -6.418  -30.749 0.6666666865
67118  -20.302  -7.663  -30.818 0.6666666865
110796  -22.335  -6.609  -32.464 0.7777777910
67844  -23.271  -6.690  -32.929 0.8888888955
104755  -22.731  -6.127  -32.635 0.7777777910
68527  -23.661  -6.003  -32.890 0.7777777910
103863  -23.549  -4.923  -32.837 0.7777777910
68529  -24.712  -5.883  -32.514 0.8888888955
68516  -24.615  -4.960  -32.327 0.7777777910
69263  -25.348  -4.911  -31.558 0.6666666865
69986  -24.443  -3.645  -32.097 0.6666666865
69248  -25.652  -4.305  -30.957 0.6666666865
101837  -26.046  -4.917  -30.896 0.6666666865
99320  -25.188  -3.132  -30.549 0.6666666865
69969  -25.665  -3.694  -30.624 0.5555555820
105086  -27.612  -3.910  -29.686 0.5555555820
68494  -28.562  -5.017  -29.331 0.4444444478
69970  -26.498  -3.807  -30.200 0.5555555820
105993  -19.634  -4.713  -30.513 0.3333333433
106213  -19.257  -5.900  -30.400 0.3333333433
106959  -20.715  -4.813  -31.448 0.5555555820
68514  -20.869  -5.907  -31.366 0.6666666865
69260  -21.255  -4.092  -32.165 0.5555555820
68525  -22.335  -5.068  -32.574 0.7777777910
105451  -22.585  -3.555  -32.751 0.6666666865
69274  -23.057  -4.240  -32.939 0.6666666865
69275  -23.556  -4.231  -32.771 0.6666666865
69995  -23.748  -3.700  -32.541 0.6666666865
70725  -23.917  -3.139  -32.173 0.6666666865
70726  -24.502  -3.133  -31.505 0.6666666865
102559  -26.297  -3.154  -30.115 0.5555555820
70711  -25.994  -2.495  -29.904 0.5555555820
69258  -19.918  -3.772  -30.890 0.4444444478
69247  -19.543  -3.970  -30.518 0.4444444478
105081  -20.142  -4.525  -30.901 0.4444444478
69983  -20.447  -3.173  -31.706 0.5555555820
69259  -20.576  -3.920  -31.536 0.5555555820
69985  -21.789  -3.431  -32.580 0.6666666865
69272  -21.935  -4.253  -32.581 0.6666666865
69994  -23.122  -3.696  -32.816 0.6666666865
70737  -23.337  -3.293  -32.552 0.6666666865
70709  -24.004  -2.502  -31.608 0.6666666865
94653  -24.674  -2.016  -30.185 0.6666666865
94534  -25.588  -1.826  -29.703 0.5555555820
70721  -20.085  -2.973  -31.247 0.4444444478
69993  -21.549  -2.781  -32.488 0.6666666865
70736  -22.102  -2.871  -32.624 0.6666666865
70723  -22.496  -2.537  -32.453 0.6666666865
102067  -22.775  -3.139  -32.658 0.6666666865
110959  -24.209  -2.093  -30.866 0.6666666865
60367  -24.334  -17.036  -31.981 1.0000000000
60379  -24.729  -16.648  -32.288 1.0000000000
99136  -26.395  -15.148  -32.320 1.0000000000
63363  -21.294  -12.705  -30.503 0.5555555820
65627  -26.048  -9.723  -32.384 0.8888888955
66351  -19.571  -8.440  -29.861 0.5555555820
65608  -21.562  -9.474  -31.494 0.7777777910
67148  -23.408  -8.218  -33.169 1.0000000000
67833  -26.255  -6.557  -31.165 0.8888888955
65596  -19.387  -9.114  -29.433 0.2222222239
69249  -27.513  -4.791  -29.629 0.6666666865
68526  -23.071  -5.235  -32.877 0.7777777910
114743  -28.192  -4.433  -29.454 0.4444444478
103118  -20.993  -3.444  -32.168 0.6666666865
70735  -21.077  -2.493  -32.310 0.6666666865
94733  -26.671  -1.711  -29.531 0.5555555820
70712  -27.057  -2.438  -29.688 0.5555555820
69233  -18.418  -4.144  -28.827 0.2222222239
56460  -24.800  -20.460  -31.430 0.5555555820
57261  -25.406  -19.698  -31.634 0.5555555820
58061  -25.593  -18.660  -31.892 0.5555555820
59604  -27.412  -17.579  -32.445 0.7777777910
104389  -27.594  -16.835  -32.456 0.8888888955
56459  -23.962  -20.299  -31.291 0.5555555820
58062  -26.121  -18.614  -31.940 0.6666666865
58840  -26.362  -18.233  -32.305 0.6666666865
61210  -27.725  -15.085  -32.133 0.8888888955
57246  -22.845  -20.188  -30.536 0.4444444478
104440  -22.793  -19.359  -30.628 0.5555555820
61994  -27.793  -14.648  -32.040 1.0000000000
58805  -22.412  -18.156  -30.220 0.2222222239
113770  -23.407  -17.813  -31.197 0.6666666865
62672  -28.088  -13.930  -31.824 0.8888888955
63383  -28.773  -13.537  -31.164 0.6666666865
99494  -28.656  -12.596  -30.797 0.7777777910
60354  -22.561  -16.433  -30.581 0.5555555820
64044  -30.010  -11.873  -30.228 0.6666666865
61181  -21.861  -15.532  -30.370 0.4444444478
64816  -31.027  -11.208  -30.116 0.5555555820
65613  -31.718  -9.181  -31.210 0.5555555820
61962  -21.277  -14.202  -30.148 0.2222222239
65602  -31.096  -9.292  -30.315 0.5555555820
63362  -20.873  -12.814  -30.197 0.4444444478
66356  -31.295  -8.474  -30.671 0.5555555820
63333  -19.862  -12.366  -28.971 0.3333333433
67123  -31.455  -7.721  -31.030 0.5555555820
64813  -19.692  -10.024  -29.497 0.4444444478
67822  -31.389  -6.273  -30.965 0.4444444478
65577  -19.272  -9.952  -29.143 0.3333333433
68507  -30.915  -5.441  -29.818 0.5555555820
105164  -29.697  -4.760  -29.387 0.4444444478
67800  -18.327  -5.922  -29.490 0.3333333433
67816  -19.254  -6.453  -30.431 0.4444444478
70713  -28.057  -2.369  -29.777 0.4444444478
71515  -27.704  -1.563  -29.631 0.2222222239
69968  -19.699  -3.553  -30.677 0.3333333433
70722  -20.524  -2.563  -31.905 0.6666666865
71533  -22.012  -2.301  -32.485 0.6666666865
70724  -22.950  -2.003  -31.936 0.6666666865
94557  -23.008  -1.270  -31.170 0.6666666865
94632  -23.769  -1.027  -30.478 0.6666666865
108080  -24.278  -1.513  -30.384 0.6666666865
108118  -25.079  -1.218  -29.706 0.6666666865
94742  -26.254  -0.905  -29.396 0.4444444478
111153  -27.120  -1.055  -29.362 0.3333333433
113687  -20.727  -1.994  -32.035 0.5555555820
57259  -23.765  -19.553  -31.336 0.5555555820
58040  -25.151  -19.005  -31.802 0.6666666865
104691  -24.408  -18.283  -31.750 0.7777777910
99903  -24.952  -17.977  -32.056 0.8888888955
58838  -25.465  -17.629  -32.336 0.8888888955
60381  -26.084  -16.534  -32.490 0.8888888955
99862  -26.414  -17.209  -32.633 0.8888888955
57258  -23.273  -19.363  -31.077 0.5555555820
58027  -23.023  -18.838  -30.934 0.6666666865
58037  -23.469  -18.851  -31.247 0.6666666865
59585  -24.339  -17.662  -31.838 0.8888888955
115153  -25.888  -17.255  -32.517 0.8888888955
97596  -26.649  -15.815  -32.384 1.0000000000
98382  -25.325  -16.102  -32.452 1.0000000000
61992  -26.677  -14.456  -32.357 1.0000000000
58026  -22.529  -18.867  -30.323 0.5555555820
58806  -22.903  -18.120  -30.764 0.6666666865
59583  -23.090  -17.211  -30.918 0.8888888955
60365  -23.169  -16.369  -31.025 0.8888888955
99630  -24.633  -16.016  -32.323 1.0000000000
61207  -24.276  -15.523  -32.095 1.0000000000
62687  -27.531  -14.132  -32.132 0.8888888955
103477  -26.817  -13.797  -32.467 1.0000000000
62685  -25.682  -13.604  -32.605 1.0000000000
62684  -24.702  -13.755  -32.528 1.0000000000
62686  -26.503  -13.349  -32.551 1.0000000000
62671  -27.313  -13.466  -32.309 1.0000000000
61979  -22.929  -14.825  -31.331 1.0000000000
61963  -22.222  -14.991  -30.780 0.5555555820
61182  -22.582  -15.754  -30.721 0.6666666865
103220  -26.123  -12.143  -32.659 1.0000000000
63412  -26.802  -12.182  -32.607 1.0000000000
64060  -28.955  -11.587  -30.352 0.7777777910
64815  -29.904  -10.901  -29.893 0.6666666865
61180  -21.445  -14.723  -30.228 0.5555555820
100484  -21.493  -14.005  -30.429 0.6666666865
62669  -22.300  -13.140  -31.297 0.7777777910
63380  -21.829  -12.502  -31.026 0.6666666865
62682  -22.924  -12.961  -31.799 0.8888888955
62683  -23.602  -13.224  -32.152 1.0000000000
64075  -23.918  -11.948  -32.880 0.8888888955
64086  -24.592  -11.646  -32.962 1.0000000000
64842  -26.644  -10.478  -32.344 0.8888888955
64825  -28.164  -10.816  -30.745 0.7777777910
64826  -29.001  -10.623  -30.057 0.7777777910
65600  -29.529  -9.855  -29.744 0.6666666865
64827  -31.539  -10.161  -30.517 0.5555555820
105153  -30.318  -9.334  -29.856 0.6666666865
62652  -21.041  -13.245  -30.176 0.3333333433
111012  -21.168  -13.737  -30.135 0.3333333433
101831  -24.616  -9.926  -32.843 1.0000000000
100292  -27.182  -9.228  -31.143 0.7777777910
66365  -28.019  -8.575  -29.821 0.7777777910
65644  -24.404  -9.108  -32.848 1.0000000000
67107  -27.930  -7.836  -29.692 0.7777777910
109518  -28.887  -8.136  -29.271 0.7777777910
67108  -30.072  -7.963  -29.453 0.6666666865
63361  -20.331  -12.287  -29.942 0.4444444478
65625  -23.202  -8.865  -32.776 0.8888888955
66392  -24.028  -8.506  -32.931 1.0000000000
67150  -24.134  -8.132  -32.967 0.8888888955
67105  -26.586  -7.376  -31.195 0.7777777910
99558  -28.497  -7.214  -29.447 0.6666666865
67821  -31.017  -6.261  -30.095 0.5555555820
106858  -31.250  -7.022  -30.539 0.5555555820
64814  -20.423  -10.098  -30.243 0.5555555820
112283  -21.485  -8.860  -31.589 0.6666666865
65624  -22.352  -9.116  -32.197 0.8888888955
67149  -23.960  -7.976  -33.024 1.0000000000
67121  -25.839  -7.080  -31.869 0.8888888955
109133  -29.023  -6.400  -29.470 0.6666666865
68517  -25.176  -5.495  -31.952 0.8888888955
65598  -20.116  -8.983  -30.108 0.5555555820
66362  -20.910  -8.322  -31.263 0.5555555820
67130  -22.338  -7.842  -32.531 1.0000000000
67119  -21.298  -7.697  -31.671 0.7777777910
67843  -22.784  -7.225  -32.815 0.7777777910
68506  -30.258  -5.346  -29.569 0.5555555820
67117  -19.639  -7.073  -30.590 0.5555555820
67830  -20.680  -6.930  -31.291 0.6666666865
105454  -21.823  -6.038  -32.188 0.6666666865
67831  -21.833  -7.001  -32.055 0.7777777910
66352  -20.150  -8.339  -30.374 0.7777777910
67104  -19.351  -7.749  -30.154 0.6666666865
68528  -24.115  -5.442  -32.800 0.7777777910
69261  -24.221  -4.220  -32.454 0.6666666865
69262  -24.869  -4.267  -31.855 0.6666666865
69987  -25.001  -3.730  -31.320 0.6666666865
100846  -26.647  -4.500  -30.280 0.5555555820
69971  -27.343  -3.113  -29.848 0.4444444478
103847  -28.901  -4.033  -29.356 0.4444444478
68513  -19.960  -5.536  -30.667 0.4444444478
68515  -21.490  -5.003  -32.112 0.6666666865
69273  -22.528  -4.189  -32.804 0.7777777910
70710  -24.549  -2.590  -30.779 0.6666666865
94535  -25.113  -2.463  -30.176 0.6666666865
69984  -20.967  -2.956  -32.272 0.6666666865
103026  -23.308  -2.684  -32.255 0.6666666865
114831  -23.519  -2.273  -31.803 0.6666666865
107093  -23.700  -1.833  -31.233 0.6666666865
111767  -20.104  -10.871  -29.850 0.4444444478
66350  -19.259  -8.240  -29.709 0.3333333433
63353  -20.682  -12.658  -30.110 0.4444444478
64042  -20.127  -11.662  -29.886 0.4444444478
71516  -28.730  -1.583  -29.898 0.3333333433
99640  -27.049  -0.471  -29.346 0.3333333433
56446  -23.323  -21.051  -30.794 0.4444444478
56447  -24.152  -21.337  -31.152 0.5555555820
63364  -29.829  -12.937  -30.673 0.6666666865
61950  -21.238  -14.139  -30.101 0.1111111119
107873  -21.051  -13.911  -29.930 0.1111111119
63352  -20.123  -12.247  -29.720 0.4444444478
101399  -19.717  -11.761  -29.575 0.3333333433
64036  -19.562  -11.028  -29.536 0.3333333433
106231  -18.545  -7.087  -30.049 0.3333333433
94636  -24.609  -0.677  -29.893 0.6666666865
108105  -25.536  -0.320  -29.418 0.4444444478
96323  -28.056  -20.632  -31.498 0.4444444478
56466  -30.515  -20.643  -30.912 0.2222222239
56461  -25.666  -20.642  -31.483 0.4444444478
56462  -26.409  -20.861  -31.531 0.4444444478
57262  -26.200  -19.973  -31.648 0.4444444478
57263  -27.516  -19.908  -31.665 0.4444444478
58043  -28.072  -19.129  -31.616 0.4444444478
97174  -29.888  -19.289  -31.422 0.2222222239
106659  -26.498  -18.970  -31.751 0.4444444478
58042  -27.121  -19.120  -31.720 0.4444444478
58045  -30.644  -18.542  -31.389 0.1111111119
58046  -31.409  -18.996  -31.358 0.1111111119
58820  -27.443  -18.583  -31.833 0.4444444478
98751  -29.733  -18.534  -31.393 0.3333333433
58063  -26.729  -18.611  -31.965 0.4444444478
98496  -28.871  -18.546  -31.569 0.3333333433
58822  -29.561  -17.835  -31.424 0.3333333433
114096  -31.250  -18.284  -31.462 0.2222222239
58842  -27.807  -17.989  -31.921 0.4444444478
58821  -28.667  -17.893  -31.662 0.3333333433
58841  -27.056  -18.170  -32.274 0.4444444478
59589  -30.976  -16.708  -31.636 0.2222222239
59605  -31.647  -16.660  -31.694 0.1111111119
59607  -32.341  -16.415  -31.665 0.1111111119
59587  -29.362  -17.240  -31.599 0.3333333433
60369  -30.083  -16.665  -31.535 0.3333333433
60383  -28.482  -16.413  -32.000 0.4444444478
100057  -28.583  -15.691  -31.828 0.5555555820
61197  -29.580  -15.596  -31.472 0.6666666865
61199  -31.350  -15.580  -31.603 0.4444444478
109784  -28.564  -15.125  -31.760 0.6666666865
101675  -32.448  -14.623  -31.863 0.3333333433
61982  -29.545  -15.098  -31.384 0.6666666865
62675  -31.069  -14.410  -31.352 0.5555555820
61981  -28.373  -14.615  -31.774 0.6666666865
63385  -30.507  -13.755  -31.012 0.5555555820
63386  -31.435  -13.445  -31.337 0.5555555820
62676  -31.912  -14.023  -31.765 0.4444444478
63387  -32.347  -12.947  -31.682 0.3333333433
62673  -29.052  -14.374  -31.380 0.5555555820
112983  -31.999  -11.720  -31.161 0.4444444478
64828  -31.870  -11.081  -30.763 0.5555555820
110867  -31.787  -12.481  -31.227 0.4444444478
71524  -22.151  -1.898  -32.266 0.5555555820
95687  -22.417  -1.415  -31.777 0.5555555820
108117  -24.094  -0.127  -29.940 0.5555555820
110641  -27.404  -20.636  -31.606 0.4444444478
56465  -29.712  -20.656  -31.166 0.2222222239
113334  -30.814  -17.113  -31.587 0.2222222239
59590  -31.807  -17.190  -31.752 0.1111111119
60385  -30.729  -16.234  -31.594 0.4444444478
60370  -31.458  -16.266  -31.632 0.3333333433
60384  -29.626  -16.145  -31.563 0.4444444478
61983  -30.753  -15.155  -31.442 0.4444444478
64061  -32.434  -11.972  -31.590 0.3333333433
108381  -32.363  -11.164  -31.557 0.4444444478
109038  -22.233  -0.639  -31.300 0.5555555820
95079  -21.649  0.141  -31.146 0.5555555820
58041  -25.960  -19.145  -31.718 0.4444444478
61995  -31.932  -15.462  -31.672 0.2222222239
55648  -26.966  -22.489  -30.932 0.4444444478
55662  -27.204  -21.762  -31.266 0.4444444478
56448  -28.440  -21.411  -31.162 0.4444444478
56449  -29.303  -21.427  -30.944 0.2222222239
56450  -30.153  -21.418  -30.700 0.2222222239
102379  -30.981  -21.391  -30.556 0.1111111119
55659  -25.039  -21.509  -31.273 0.4444444478
55661  -26.612  -21.711  -31.308 0.4444444478
57266  -30.145  -19.988  -31.344 0.1111111119
58047  -32.210  -18.539  -31.434 0.1111111119
58825  -32.260  -17.693  -31.691 0.1111111119
106306  -32.765  -17.535  -31.681 0.1111111119
60371  -32.943  -16.401  -31.652 0.1111111119
112603  -32.717  -16.062  -31.606 0.1111111119
61996  -32.413  -15.354  -31.728 0.2222222239
62688  -32.732  -13.546  -31.980 0.1111111119
113649  -32.894  -12.888  -32.004 0.2222222239
63399  -33.087  -12.189  -32.098 0.2222222239
64077  -32.808  -11.422  -32.090 0.3333333433
65614  -32.119  -10.185  -31.621 0.4444444478
65628  -32.071  -9.348  -32.214 0.3333333433
66378  -32.411  -8.962  -33.193 0.3333333433
113928  -31.606  -8.338  -31.403 0.4444444478
66366  -31.886  -8.597  -32.184 0.3333333433
69960  -29.415  -3.146  -29.544 0.3333333433
94658  -25.007  0.208  -29.581 0.5555555820
71523  -21.461  -1.851  -32.241 0.5555555820
94562  -21.292  -0.433  -31.640 0.5555555820
94787  -22.373  0.056  -30.688 0.5555555820
94544  -23.624  0.425  -29.996 0.5555555820
63384  -29.624  -13.913  -31.019 0.5555555820
64045  -30.741  -12.170  -30.422 0.4444444478
109817  -31.731  -7.748  -31.972 0.4444444478
69972  -28.384  -3.119  -29.703 0.3333333433
59586  -28.352  -17.249  -32.005 0.3333333433
56464  -28.898  -20.673  -31.371 0.4444444478
57264  -28.496  -19.941  -31.588 0.4444444478
55660  -25.887  -21.601  -31.293 0.4444444478
98107  -26.873  -20.316  -31.663 0.4444444478
56463  -27.023  -21.102  -31.596 0.4444444478
98809  -26.682  -19.546  -31.682 0.4444444478
57265  -29.358  -19.974  -31.474 0.4444444478
58044  -29.059  -19.261  -31.542 0.4444444478
109767  -30.581  -19.364  -31.369 0.1111111119
100312  -31.702  -18.005  -31.578 0.1111111119
108864  -32.207  -19.353  -31.132 0.1111111119
59588  -30.257  -17.166  -31.493 0.3333333433
58823  -30.516  -17.676  -31.404 0.2222222239
58824  -31.223  -17.745  -31.533 0.2222222239
59606  -32.022  -16.660  -31.726 0.1111111119
60386  -31.962  -16.251  -31.634 0.1111111119
113460  -32.578  -16.661  -31.713 0.1111111119
60368  -29.198  -16.723  -31.699 0.3333333433
100452  -30.430  -15.885  -31.534 0.4444444478
61198  -30.546  -15.584  -31.492 0.4444444478
61984  -31.591  -14.979  -31.667 0.3333333433
61211  -31.149  -15.924  -31.614 0.4444444478
61212  -31.716  -15.924  -31.612 0.3333333433
62674  -30.091  -14.587  -31.119 0.5555555820
64829  -32.762  -10.655  -32.370 0.4444444478
94835  -21.716  -1.203  -31.966 0.5555555820
94689  -23.103  -0.352  -30.475 0.5555555820
55663  -27.645  -21.287  -31.369 0.4444444478
59591  -32.350  -16.970  -31.778 0.1111111119
94701  -21.000  0.222  -31.380 0.5555555820
61213  -32.118  -15.812  -31.613 0.2222222239
101974  -27.862  -22.229  -30.847 0.4444444478
55649  -28.892  -22.279  -30.722 0.4444444478
55650  -29.806  -22.290  -30.585 0.2222222239
55646  -25.321  -22.433  -31.038 0.4444444478
57267  -30.959  -19.965  -31.211 0.1111111119
56467  -31.345  -20.666  -30.685 0.1111111119
50856  -28.464  -29.011  -32.369 0.1111111119
113558  -26.500  -27.180  -30.691 0.3333333433
51628  -27.862  -27.921  -31.860 0.2222222239
50870  -28.099  -28.948  -32.641 0.2222222239
50871  -28.690  -28.734  -33.019 0.1111111119
51644  -29.130  -28.232  -33.206 0.1111111119
95730  -24.929  -25.168  -30.501 0.3333333433
52480  -25.175  -26.159  -30.515 0.3333333433
53305  -27.549  -25.942  -30.506 0.3333333433
53306  -28.456  -26.288  -30.691 0.2222222239
51643  -28.407  -28.399  -32.817 0.2222222239
52492  -29.058  -27.635  -32.843 0.2222222239
54091  -23.940  -24.026  -30.413 0.2222222239
54092  -24.764  -24.309  -30.542 0.2222222239
53303  -25.801  -25.412  -30.540 0.3333333433
52481  -26.149  -26.311  -30.575 0.3333333433
53304  -26.668  -25.648  -30.532 0.3333333433
96710  -29.211  -26.685  -31.401 0.1111111119
54869  -23.661  -23.107  -30.435 0.2222222239
54870  -24.740  -23.337  -30.695 0.3333333433
111557  -25.359  -23.874  -30.653 0.3333333433
54871  -25.685  -23.227  -30.842 0.3333333433
54093  -25.543  -24.574  -30.563 0.3333333433
97344  -26.048  -23.969  -30.668 0.3333333433
54095  -27.574  -24.400  -30.470 0.3333333433
54094  -26.861  -24.136  -30.559 0.3333333433
54096  -28.315  -24.281  -30.428 0.3333333433
95904  -29.091  -25.419  -30.566 0.1111111119
54097  -29.980  -25.086  -30.750 0.2222222239
109530  -23.574  -22.104  -30.690 0.2222222239
55645  -24.407  -22.342  -30.922 0.2222222239
55647  -26.152  -22.472  -31.050 0.3333333433
54872  -26.527  -23.285  -30.748 0.3333333433
54873  -27.507  -23.429  -30.573 0.3333333433
96090  -29.226  -24.166  -30.434 0.3333333433
114271  -23.026  -21.913  -30.288 0.3333333433
54874  -28.535  -23.243  -30.518 0.3333333433
65629  -32.685  -9.791  -32.713 0.2222222239
64843  -33.280  -10.291  -33.219 0.2222222239
106670  -31.582  -6.988  -31.505 0.3333333433
108787  -31.746  -6.974  -32.694 0.2222222239
51627  -27.152  -27.765  -31.240 0.3333333433
96077  -27.172  -24.993  -30.501 0.3333333433
50855  -27.835  -29.127  -32.092 0.1111111119
50104  -29.025  -29.031  -30.677 0.1111111119
103633  -25.782  -27.086  -30.560 0.3333333433
51626  -26.287  -28.081  -31.077 0.3333333433
51641  -27.017  -28.662  -31.635 0.3333333433
51642  -27.727  -28.657  -32.137 0.3333333433
110231  -29.789  -28.930  -30.357 0.1111111119
50872  -29.291  -28.457  -33.066 0.1111111119
114024  -29.594  -27.709  -33.275 0.1111111119
53307  -29.891  -26.135  -31.413 0.1111111119
55644  -23.076  -22.591  -30.183 0.2222222239
96089  -29.975  -24.076  -30.542 0.1111111119
56445  -22.779  -21.279  -30.049 0.1111111119
67834  -31.537  -6.243  -31.999 0.2222222239
59572  -22.540  -17.328  -30.459 0.5555555820
58018  -22.460  -19.672  -30.062 0.3333333433
66394  -32.086  -8.336  -34.318 0.2222222239
98565  -29.348  -28.682  -31.763 0.1111111119
110284  -27.000  -26.642  -30.608 0.3333333433
52482  -27.846  -27.031  -30.841 0.3333333433
52483  -28.525  -27.351  -31.570 0.2222222239
52484  -29.727  -27.061  -32.597 0.1111111119
96078  -26.349  -24.774  -30.539 0.3333333433
96076  -28.028  -25.191  -30.436 0.3333333433
54875  -29.460  -23.194  -30.503 0.1111111119
50103  -28.126  -29.262  -31.072 0.1111111119
51625  -25.429  -27.804  -30.625 0.2222222239
50869  -26.548  -28.954  -31.425 0.3333333433
50119  -27.383  -29.074  -31.879 0.3333333433
53302  -24.229  -25.728  -30.476 0.2222222239
65646  -32.943  -9.657  -33.685 0.1111111119
109534  -33.402  -10.101  -34.025 0.1111111119
65653  -33.391  -9.977  -35.208 0.1111111119
65652  -32.941  -9.726  -34.713 0.1111111119
66401  -32.290  -8.947  -35.160 0.1111111119
66409  -32.048  -8.453  -36.096 0.1111111119
101177  -32.066  -7.965  -33.019 0.1111111119
66400  -31.632  -8.124  -35.634 0.1111111119
69251  -31.244  -4.666  -30.185 0.2222222239
67151  -31.748  -7.402  -33.820 0.1111111119
67158  -31.279  -7.548  -35.032 0.1111111119
104516  -30.907  -4.027  -29.826 0.1111111119
69973  -30.145  -3.847  -29.421 0.2222222239
70702  -29.759  -2.468  -29.733 0.1111111119
70714  -30.911  -2.881  -30.505 0.1111111119
70701  -28.974  -2.412  -29.749 0.1111111119
94548  -20.096  -1.431  -31.335 0.4444444478
94814  -20.716  -1.185  -31.722 0.4444444478
108136  -25.780  0.431  -29.412 0.3333333433
94561  -26.527  0.163  -29.361 0.2222222239
105840  -28.268  -0.951  -29.849 0.1111111119
72202  -28.214  -0.241  -30.081 0.1111111119
94563  -21.242  0.812  -30.905 0.4444444478
94566  -21.687  1.523  -30.480 0.4444444478
94690  -22.871  0.566  -30.253 0.4444444478
100854  -22.590  1.436  -30.157 0.4444444478
94668  -23.500  1.252  -29.800 0.4444444478
108135  -25.055  1.612  -29.480 0.4444444478
108127  -25.415  0.989  -29.491 0.2222222239
94555  -25.739  1.680  -29.588 0.2222222239
100838  -26.195  1.005  -29.565 0.2222222239
72826  -27.028  0.960  -29.945 0.2222222239
75530  -24.949  5.298  -31.281 0.1111111119
74862  -25.760  4.025  -31.081 0.1111111119
73535  -27.638  1.273  -30.733 0.1111111119
95624  -19.421  -0.096  -30.758 0.4444444478
94550  -20.288  0.499  -30.941 0.4444444478
94570  -20.496  1.512  -30.584 0.4444444478
94542  -22.219  2.339  -30.191 0.4444444478
94623  -23.214  2.206  -29.672 0.4444444478
108107  -24.266  2.023  -29.501 0.4444444478
74842  -22.260  3.883  -29.856 0.3333333433
110414  -24.532  2.801  -29.435 0.3333333433
94756  -24.998  3.154  -29.585 0.1111111119
94556  -25.218  2.359  -29.528 0.1111111119
74200  -25.737  2.864  -29.864 0.1111111119
100211  -26.393  1.707  -29.847 0.2222222239
74201  -26.382  2.470  -30.211 0.1111111119
74850  -26.187  3.274  -30.574 0.1111111119
94529  -18.543  0.002  -30.044 0.2222222239
94567  -21.245  2.303  -30.239 0.3333333433
96357  -22.808  3.120  -29.834 0.3333333433
94543  -23.798  2.931  -29.400 0.4444444478
74843  -23.474  3.884  -29.565 0.2222222239
75516  -23.640  4.641  -29.549 0.1111111119
75517  -24.185  4.224  -29.487 0.1111111119
111602  -24.511  4.492  -29.770 0.1111111119
74849  -25.399  3.568  -30.139 0.1111111119
75519  -24.117  4.944  -29.640 0.1111111119
75521  -25.021  4.374  -30.516 0.1111111119
94704  -19.162  0.929  -30.609 0.3333333433
109091  -19.421  1.914  -30.421 0.3333333433
94568  -18.941  2.538  -29.873 0.3333333433
74847  -19.797  2.955  -29.570 0.3333333433
74196  -20.763  2.990  -29.772 0.3333333433
74197  -21.804  3.122  -30.117 0.3333333433
96788  -22.702  4.643  -29.578 0.2222222239
76129  -23.256  5.347  -29.529 0.1111111119
76131  -24.124  5.724  -29.854 0.1111111119
76783  -24.322  6.575  -32.212 0.1111111119
74188  -18.569  2.792  -27.992 0.1111111119
74832  -18.836  3.303  -27.911 0.1111111119
74836  -19.126  3.978  -28.264 0.2222222239
74840  -20.021  3.561  -29.175 0.3333333433
74837  -20.236  4.371  -28.785 0.2222222239
74841  -21.167  3.752  -29.609 0.3333333433
75513  -20.432  5.326  -28.443 0.2222222239
99430  -21.945  5.302  -29.167 0.1111111119
105287  -22.487  5.981  -29.141 0.1111111119
111242  -23.439  6.024  -29.670 0.1111111119
76771  -23.943  6.354  -30.055 0.1111111119
75520  -24.545  5.174  -30.209 0.1111111119
75537  -24.817  5.248  -32.592 0.1111111119
75500  -19.418  4.659  -26.568 0.1111111119
97168  -19.134  4.527  -27.523 0.1111111119
75510  -19.075  5.082  -27.265 0.1111111119
76123  -19.608  6.436  -27.524 0.1111111119
76126  -19.738  6.307  -27.975 0.1111111119
98007  -20.161  6.910  -27.947 0.1111111119
76127  -21.127  6.065  -28.464 0.1111111119
105225  -21.289  7.665  -28.544 0.1111111119
100869  -22.293  7.316  -29.235 0.1111111119
76769  -23.046  6.707  -29.615 0.1111111119
76114  -19.524  5.332  -26.872 0.1111111119
76102  -20.445  5.507  -26.475 0.1111111119
76115  -19.693  6.181  -27.024 0.1111111119
76765  -19.988  6.994  -27.386 0.1111111119
77415  -20.611  7.516  -27.621 0.1111111119
77391  -20.728  7.187  -26.766 0.1111111119
76744  -21.617  6.543  -26.546 0.1111111119
64857  -33.713  -10.291  -34.536 0.1111111119
66395  -32.549  -9.184  -34.245 0.1111111119
65661  -32.708  -9.320  -35.621 0.1111111119
65662  -33.322  -9.629  -36.017 0.1111111119
67847  -31.582  -6.149  -32.917 0.1111111119
67860  -31.395  -6.552  -33.786 0.1111111119
68530  -31.518  -5.534  -32.522 0.1111111119
69962  -30.414  -2.477  -30.064 0.1111111119
94549  -20.404  -0.312  -31.293 0.4444444478
94951  -27.400  0.050  -29.711 0.1111111119
101953  -28.892  -0.777  -30.198 0.1111111119
94558  -22.085  0.738  -30.578 0.4444444478
73534  -26.980  1.850  -30.539 0.2222222239
74210  -26.976  2.838  -31.106 0.1111111119
112775  -20.839  7.279  -28.129 0.1111111119
77423  -22.149  8.003  -29.487 0.1111111119
115077  -21.021  8.220  -27.281 0.1111111119
77404  -21.145  7.843  -26.930 0.1111111119
64870  -34.346  -9.968  -36.491 0.1111111119
68519  -31.428  -5.574  -31.474 0.2222222239
69250  -30.636  -4.683  -29.647 0.2222222239
71507  -29.445  -1.914  -29.889 0.1111111119
75493  -20.931  4.610  -26.393 0.1111111119
76103  -21.370  5.865  -26.437 0.1111111119
76756  -19.914  6.936  -27.041 0.1111111119
98340  -20.523  7.367  -27.144 0.1111111119
103609  -35.103  -10.496  -36.487 0.1111111119
64858  -33.807  -10.678  -33.759 0.1111111119
64097  -34.378  -10.899  -34.275 0.1111111119
108214  -33.957  -10.147  -35.516 0.1111111119
64885  -35.405  -9.559  -37.688 0.1111111119
95532  -35.716  -10.648  -37.046 0.1111111119
65680  -33.796  -8.701  -38.139 0.1111111119
66418  -31.854  -8.131  -36.834 0.1111111119
66417  -31.335  -7.653  -36.901 0.1111111119
104371  -31.074  -7.633  -35.933 0.1111111119
68540  -31.183  -5.611  -33.631 0.1111111119
68556  -30.649  -6.128  -34.439 0.1111111119
67879  -30.486  -7.071  -35.821 0.1111111119
96421  -31.495  -4.809  -33.096 0.1111111119
100210  -31.627  -4.102  -32.542 0.1111111119
70728  -31.272  -2.798  -31.293 0.1111111119
70727  -30.872  -2.188  -30.833 0.1111111119
71518  -30.347  -1.650  -30.419 0.1111111119
72828  -28.536  0.306  -30.604 0.1111111119
72203  -29.551  -0.467  -30.509 0.1111111119
94536  -19.345  -0.643  -30.670 0.4444444478
94916  -19.722  -0.797  -31.022 0.4444444478
73545  -28.255  1.419  -31.496 0.1111111119
73544  -27.498  1.989  -31.343 0.1111111119
95875  -18.274  0.981  -30.305 0.2222222239
94564  -18.120  2.178  -29.783 0.2222222239
74863  -26.495  3.677  -31.576 0.1111111119
94553  -17.891  2.349  -28.430 0.1111111119
74195  -18.261  2.633  -29.101 0.2222222239
75538  -25.112  4.673  -33.114 0.1111111119
94552  -18.605  1.342  -27.552 0.1111111119
97106  -20.401  2.104  -27.059 0.1111111119
74824  -19.696  4.087  -26.334 0.1111111119
74825  -20.845  3.970  -26.334 0.1111111119
76151  -24.180  5.668  -33.340 0.1111111119
75494  -21.751  5.069  -26.411 0.1111111119
77429  -23.787  7.771  -31.221 0.1111111119
77440  -23.535  7.538  -32.671 0.1111111119
98535  -20.938  8.166  -27.903 0.1111111119
78650  -21.532  9.379  -29.385 0.1111111119
68508  -31.264  -5.543  -30.474 0.1111111119
94547  -27.639  -0.697  -29.623 0.1111111119
94678  -24.455  0.915  -29.640 0.4444444478
69961  -30.132  -3.042  -29.620 0.2222222239
65670  -32.610  -8.900  -36.515 0.1111111119
66408  -31.213  -7.717  -36.515 0.1111111119
105974  -31.349  -4.991  -31.043 0.1111111119
69975  -31.195  -3.636  -30.609 0.1111111119
69264  -31.441  -4.288  -31.321 0.1111111119
71517  -29.648  -1.267  -30.175 0.1111111119
113659  -28.887  -0.213  -30.466 0.1111111119
109115  -25.930  2.235  -29.727 0.1111111119
75531  -25.370  4.671  -31.815 0.1111111119
74869  -25.853  4.234  -32.319 0.1111111119
113037  -28.211  0.853  -30.861 0.1111111119
101406  -20.136  2.417  -30.105 0.3333333433
74844  -24.294  3.470  -29.417 0.2222222239
74848  -24.733  3.861  -29.683 0.1111111119
94569  -18.521  1.740  -30.281 0.3333333433
94554  -17.629  2.084  -29.311 0.1111111119
74839  -19.072  3.141  -29.022 0.3333333433
75515  -21.504  4.554  -29.342 0.2222222239
76132  -24.534  6.227  -30.867 0.1111111119
76140  -24.557  5.921  -32.255 0.1111111119
77441  -24.213  7.121  -31.671 0.1111111119
94541  -19.498  1.822  -27.342 0.1111111119
74192  -18.336  2.702  -28.390 0.1111111119
74189  -19.059  3.373  -27.357 0.1111111119
74835  -18.757  3.255  -28.448 0.1111111119
75512  -19.432  4.760  -27.554 0.1111111119
76767  -21.689  6.787  -28.572 0.1111111119
113054  -23.974  7.027  -30.504 0.1111111119
74833  -19.025  4.127  -27.162 0.1111111119
76125  -19.403  5.746  -27.490 0.1111111119
76122  -19.328  5.805  -27.363 0.1111111119
77424  -23.173  7.565  -30.042 0.1111111119
76101  -19.957  4.826  -26.307 0.1111111119
76743  -20.482  6.463  -26.667 0.1111111119
101902  -21.200  8.540  -28.786 0.1111111119
64864  -34.175  -10.521  -34.931 0.1111111119
65671  -33.486  -9.272  -37.143 0.1111111119
69276  -31.467  -4.884  -32.001 0.1111111119
72827  -27.836  0.536  -30.294 0.1111111119
74214  -27.155  3.309  -32.082 0.1111111119
78020  -22.247  8.804  -29.957 0.1111111119
78636  -21.123  9.217  -27.245 0.1111111119
65672  -34.522  -9.428  -37.752 0.1111111119
69988  -31.549  -3.452  -31.841 0.1111111119
74211  -27.499  2.689  -31.806 0.1111111119
74870  -26.438  3.763  -32.750 0.1111111119
94565  -17.731  2.341  -28.750 0.1111111119
94790  -18.702  0.540  -27.938 0.1111111119
77428  -23.079  8.350  -30.652 0.1111111119
94825  -20.878  9.377  -28.334 0.1111111119
99792  -21.093  10.105  -28.823 0.1111111119
50101  -26.162  -29.180  -31.019 0.2222222239
60353  -22.139  -16.456  -30.307 0.2222222239
61164  -21.750  -15.583  -30.254 0.2222222239
71513  -20.325  -2.202  -31.566 0.3333333433
70708  -19.553  -2.399  -29.901 0.2222222239
94527  -19.099  -1.476  -29.847 0.1111111119
95112  -18.833  -0.266  -30.325 0.1111111119
94537  -19.053  -0.413  -30.476 0.2222222239
106991  -18.450  -7.173  -30.339 0.2222222239
67103  -18.763  -7.475  -30.077 0.1111111119
66318  -18.123  -7.511  -29.216 0.1111111119
69234  -18.718  -4.352  -28.497 0.1111111119
103984  -19.166  -2.690  -29.372 0.1111111119
94521  -19.771  -1.749  -29.888 0.1111111119
94528  -18.539  -0.856  -29.009 0.1111111119
69953  -18.504  -3.664  -28.623 0.1111111119
108035  -22.294  -19.194  -29.734 0.2222222239
62643  -20.885  -13.048  -30.169 0.2222222239
70696  -18.706  -3.057  -29.043 0.1111111119
103238  -21.067  -13.802  -29.373 0.1111111119
108832  -20.517  -12.631  -29.961 0.3333333433
71514  -19.485  -1.626  -30.281 0.3333333433
59571  -22.310  -17.549  -30.187 0.2222222239
94526  -19.582  -2.080  -29.956 0.1111111119
69225  -19.334  -4.318  -28.446 0.1111111119
69954  -18.877  -3.287  -28.702 0.1111111119
96550  -20.054  -3.032  -29.386 0.1111111119
102055  -33.001  -15.599  -31.721 0.1111111119
100859  -26.687  -29.322  -31.197 0.1111111119
50102  -27.340  -29.350  -31.261 0.1111111119
50079  -25.288  -29.739  -29.898 0.1111111119
50100  -25.535  -29.147  -30.544 0.1111111119
50854  -25.838  -28.684  -30.944 0.1111111119
109312  -25.041  -27.004  -30.493 0.1111111119
52479  -24.358  -26.556  -30.433 0.1111111119
57241  -22.376  -19.855  -29.637 0.1111111119
109670  -21.324  -15.971  -29.160 0.1111111119
64009  -19.466  -11.108  -29.452 0.2222222239
64803  -19.469  -10.294  -29.361 0.2222222239
63990  -19.465  -11.093  -28.736 0.2222222239
64763  -19.633  -10.410  -28.592 0.2222222239
61163  -21.424  -14.826  -30.179 0.1111111119
50080  -26.104  -29.532  -30.469 0.1111111119
50081  -26.743  -29.606  -30.297 0.1111111119
50099  -24.721  -29.061  -30.115 0.1111111119
50853  -25.057  -28.450  -30.446 0.1111111119
51624  -24.504  -27.493  -30.299 0.1111111119
108152  -23.607  -26.161  -30.303 0.1111111119
97432  -24.069  -24.882  -30.436 0.1111111119
108628  -23.198  -23.876  -30.189 0.1111111119
58003  -22.311  -19.302  -29.668 0.1111111119
60323  -21.580  -16.577  -29.045 0.1111111119
64764  -20.170  -10.261  -28.476 0.2222222239
65537  -19.290  -9.014  -28.662 0.1111111119
49334  -26.097  -30.189  -29.606 0.1111111119
65550  -19.099  -9.587  -28.872 0.2222222239
97358  -18.780  -8.728  -28.973 0.1111111119
105872  -22.280  -18.684  -29.883 0.1111111119
111156  -19.456  -11.585  -28.934 0.2222222239
103520  -23.261  -24.613  -30.247 0.1111111119
54868  -22.785  -23.337  -29.771 0.1111111119
57242  -22.547  -20.543  -29.783 0.1111111119
60339  -21.552  -16.548  -29.389 0.1111111119
59560  -21.765  -17.346  -29.216 0.1111111119
57229  -22.477  -20.379  -28.536 0.1111111119
63991  -20.234  -11.048  -28.461 0.1111111119
52478  -23.719  -26.827  -30.151 0.1111111119
57230  -22.500  -20.681  -29.559 0.1111111119
105542  -22.270  -18.883  -29.751 0.1111111119
65551  -20.612  -9.586  -28.626 0.1111111119
104132  -19.979  -8.983  -28.576 0.1111111119
101052  -18.390  -6.272  -29.203 0.1111111119
63310  -20.378  -12.603  -28.869 0.1111111119
67792  -18.305  -6.895  -29.149 0.1111111119
68473  -18.542  -6.191  -28.988 0.1111111119
68502  -18.600  -4.954  -29.439 0.1111111119
59603  -26.699  -17.760  -32.602 0.8888888955
60387  -32.364  -15.977  -31.596 0.1111111119
61214  -32.552  -15.571  -31.677 0.2222222239
63332  -19.692  -11.729  -29.622 0.2222222239
63365  -31.005  -12.848  -30.847 0.4444444478
63366  -31.471  -11.919  -30.677 0.4444444478
64010  -19.252  -11.084  -28.938 0.2222222239
64772  -19.459  -10.392  -29.369 0.3333333433
64773  -19.242  -10.467  -28.828 0.2222222239
64878  -35.247  -10.039  -37.291 0.1111111119
65538  -19.963  -9.754  -28.425 0.1111111119
65597  -19.488  -9.054  -29.510 0.4444444478
65626  -25.192  -9.095  -32.700 0.8888888955
65679  -32.716  -8.527  -37.400 0.1111111119
66330  -18.415  -8.080  -29.188 0.1111111119
66376  -25.328  -8.396  -32.657 1.0000000000
66390  -23.266  -8.283  -33.059 1.0000000000
67079  -18.298  -7.502  -29.007 0.1111111119
67131  -22.948  -8.005  -33.042 1.0000000000
67133  -24.195  -7.464  -33.034 1.0000000000
67147  -23.009  -8.407  -33.427 1.0000000000
67815  -18.697  -6.686  -30.209 0.2222222239
67867  -30.818  -6.799  -34.799 0.1111111119
68488  -18.616  -5.317  -28.967 0.1111111119
69235  -18.855  -3.831  -28.295 0.1111111119
69952  -18.388  -3.530  -29.014 0.1111111119
69974  -30.689  -3.309  -29.892 0.1111111119
71508  -29.983  -1.912  -29.942 0.1111111119
71532  -21.516  -2.390  -32.411 0.6666666865
74818  -20.088  4.369  -26.236 0.1111111119
99036  -18.861  3.977  -27.944 0.1111111119
103039  -23.981  -4.725  -32.691 0.7777777910
103559  -31.229  -17.118  -31.662 0.2222222239
104381  -19.389  -9.862  -28.680 0.2222222239
105425  -26.989  -17.220  -32.696 0.8888888955
106444  -24.078  -8.802  -32.880 1.0000000000
108282  -19.690  -8.597  -28.610 0.1111111119
111494  -28.862  -28.831  -32.874 0.1111111119
113404  -21.283  -6.498  -31.699 0.6666666865
114371  -31.374  -7.080  -34.335 0.1111111119
115166  -28.146  -18.443  -31.690 0.3333333433
115192  -31.615  -7.716  -37.154 0.1111111119
