#!ascii label  , from subject sub-044 vox2ras=TkReg
2200
114217  -43.804  21.020  12.563 0.6000000238
112516  -46.005  20.842  12.682 0.6000000238
83105  -46.866  21.615  11.985 0.5000000000
83709  -47.345  21.970  10.201 0.5000000000
121032  -46.463  22.239  9.505 0.4000000060
83719  -45.472  22.795  8.256 0.4000000060
121520  -45.476  22.479  8.920 0.4000000060
114731  -44.543  22.939  7.923 0.3000000119
83739  -43.135  22.949  6.998 0.4000000060
84291  -42.903  22.977  6.035 0.2000000030
83753  -41.173  22.829  5.760 0.2000000030
84315  -40.581  23.054  5.249 0.2000000030
114328  -44.932  20.883  12.802 0.6000000238
100189  -45.710  21.737  13.312 0.6999999881
82453  -46.740  21.451  12.469 0.6000000238
100370  -41.630  21.369  12.503 0.6000000238
100255  -42.682  21.139  12.530 0.6000000238
83091  -46.465  21.829  13.083 0.6000000238
99890  -42.377  22.186  12.664 0.6000000238
83701  -46.767  21.881  11.350 0.6000000238
83718  -44.301  22.705  8.739 0.4000000060
101053  -43.388  22.861  8.000 0.3000000119
83754  -41.974  22.804  5.815 0.2000000030
84316  -41.496  23.131  5.051 0.2000000030
83695  -46.684  22.130  12.846 0.6000000238
114352  -43.507  22.090  12.855 0.6999999881
100139  -44.674  21.879  13.276 0.6999999881
83700  -45.822  22.077  10.504 0.4000000060
83708  -44.900  22.341  9.628 0.4000000060
83738  -42.193  22.700  6.671 0.3000000119
100327  -46.202  22.498  13.300 0.6999999881
83083  -46.571  22.281  13.110 0.6999999881
114304  -46.410  22.789  13.093 0.6000000238
83694  -46.436  22.526  12.587 0.6000000238
83707  -43.630  22.454  9.602 0.4000000060
114288  -45.358  22.564  11.540 0.6999999881
105409  -43.197  22.593  8.881 0.5000000000
83699  -44.281  22.392  10.501 0.5000000000
83717  -42.383  22.604  8.619 0.4000000060
83737  -41.371  22.676  6.462 0.3000000119
107973  -42.189  22.645  7.652 0.4000000060
101232  -39.934  23.293  4.643 0.2000000030
83726  -41.565  22.626  7.123 0.4000000060
106320  -39.636  23.032  5.594 0.2000000030
83736  -40.418  22.774  6.298 0.4000000060
86389  -41.463  27.697  10.180 0.8000000119
100086  -43.216  23.118  13.184 0.6000000238
114386  -45.378  22.656  13.487 0.6999999881
99888  -45.184  23.331  13.488 0.8000000119
100202  -45.817  23.398  13.290 0.6999999881
100127  -46.061  23.505  13.063 0.8000000119
99889  -45.418  24.202  13.090 0.8999999762
100137  -44.542  24.752  13.446 0.8999999762
105906  -45.518  24.102  12.940 0.8999999762
83698  -43.054  22.528  10.345 0.5000000000
100264  -43.812  22.858  11.132 0.5000000000
118020  -44.941  24.752  13.254 0.8999999762
83706  -42.598  22.541  9.492 0.6000000238
99894  -44.785  24.250  12.561 0.8000000119
107503  -45.034  24.779  13.124 0.8999999762
99893  -43.556  23.630  11.770 0.8000000119
83716  -41.445  22.655  8.488 0.6000000238
83705  -41.701  22.696  9.315 0.6000000238
84260  -42.697  23.086  10.862 0.6999999881
114377  -44.289  24.697  12.542 0.8999999762
100298  -44.548  25.332  13.078 0.8999999762
85305  -44.495  25.734  13.388 0.8999999762
83697  -42.092  22.785  10.119 0.6999999881
118288  -41.191  22.662  7.741 0.5000000000
84259  -41.771  23.516  10.654 0.8000000119
115266  -42.938  24.156  11.910 0.8000000119
100455  -42.487  23.671  11.314 0.8000000119
84826  -43.102  24.775  12.347 0.8000000119
85320  -43.538  25.551  12.477 0.8999999762
83724  -39.890  22.653  7.315 0.4000000060
83714  -39.929  23.072  8.198 0.6999999881
84268  -39.386  23.612  8.676 0.6999999881
84262  -39.847  24.084  9.382 0.6999999881
84831  -40.268  24.709  9.847 0.6999999881
85323  -40.702  25.237  10.433 0.8000000119
85826  -40.693  26.154  10.287 0.8000000119
85827  -41.646  26.705  10.784 0.8000000119
86390  -42.652  27.568  10.867 0.8000000119
86944  -42.704  28.483  10.319 0.8000000119
108528  -41.992  28.230  10.189 0.8000000119
100080  -44.475  22.999  13.517 0.8000000119
119436  -44.121  23.614  13.569 0.8999999762
84235  -42.578  24.296  13.479 0.8000000119
100396  -43.662  24.109  13.550 0.8000000119
99887  -44.914  24.024  13.450 0.8999999762
84795  -42.053  24.794  13.528 0.8999999762
84796  -43.433  24.944  13.466 0.8999999762
85795  -42.047  26.071  13.729 0.8999999762
85296  -42.668  25.527  13.567 0.8999999762
114326  -44.378  25.308  13.337 0.8999999762
85297  -43.875  25.801  13.556 0.8999999762
114210  -44.775  24.980  13.264 0.8999999762
85797  -44.262  26.373  13.716 0.8999999762
83725  -40.822  22.632  7.123 0.5000000000
84264  -41.290  23.199  9.848 0.6999999881
84825  -42.076  24.282  11.393 0.8000000119
85804  -44.680  26.371  13.433 0.8999999762
117043  -40.499  22.756  7.769 0.4000000060
85816  -43.973  26.220  12.396 0.8000000119
85817  -44.639  26.854  12.879 0.8000000119
84269  -40.135  23.377  8.950 0.6999999881
107986  -41.583  26.727  13.639 0.8000000119
85796  -43.251  26.208  13.718 0.8999999762
86362  -43.831  26.825  13.984 0.8999999762
103620  -44.729  26.814  13.967 0.8999999762
83704  -40.871  22.975  9.161 0.6000000238
112526  -41.351  24.178  10.730 0.8000000119
111213  -42.273  25.043  11.699 0.8000000119
83715  -40.613  22.877  8.412 0.6000000238
84258  -41.011  23.831  10.186 0.8000000119
86372  -44.928  27.410  13.270 0.8999999762
113529  -40.583  23.593  9.577 0.6999999881
84828  -40.828  24.482  10.364 0.8000000119
120570  -41.775  25.344  11.299 0.8000000119
86381  -43.746  27.066  11.855 0.8000000119
85319  -42.386  25.881  11.639 0.8000000119
87522  -42.625  29.089  9.677 0.8000000119
113296  -42.618  26.600  13.772 0.8999999762
86912  -43.371  27.688  13.732 0.8999999762
86913  -44.265  28.119  13.693 1.0000000000
117101  -44.601  27.317  13.979 0.8999999762
88098  -43.442  29.686  12.900 1.0000000000
86363  -44.744  27.433  13.936 0.8999999762
88108  -43.339  30.434  12.223 1.0000000000
114961  -44.211  30.102  13.148 1.0000000000
88099  -44.512  29.471  13.520 1.0000000000
122077  -44.673  27.705  13.867 1.0000000000
87480  -44.861  28.132  13.684 1.0000000000
84829  -41.374  24.861  11.029 0.8000000119
88100  -45.245  30.089  13.535 1.0000000000
86922  -44.966  28.192  13.514 0.8999999762
84263  -40.492  24.124  9.873 0.8000000119
85828  -42.802  26.693  11.538 0.8000000119
86382  -44.456  27.627  12.121 0.8000000119
86936  -44.988  28.240  12.829 0.8000000119
87503  -46.543  29.749  12.945 0.8000000119
85324  -41.353  25.694  10.930 0.8000000119
120739  -43.591  27.599  11.447 0.8000000119
87516  -45.803  29.427  12.229 0.8000000119
86945  -44.448  28.594  11.608 0.8000000119
87515  -44.757  29.301  11.281 0.8000000119
117559  -43.580  28.133  11.063 0.8000000119
87524  -44.365  29.742  10.226 0.8000000119
87514  -43.632  29.016  10.475 0.8000000119
86920  -41.198  28.483  13.000 0.8000000119
86911  -42.079  28.151  13.504 0.8999999762
86361  -42.404  27.270  13.744 0.8999999762
86360  -41.121  27.621  13.314 0.8000000119
86921  -42.905  28.568  13.443 0.8999999762
87486  -43.707  29.017  13.427 0.8999999762
115217  -42.399  30.797  11.435 0.8999999762
88126  -42.414  31.772  10.928 1.0000000000
89388  -42.507  32.710  10.365 0.8999999762
88836  -43.166  32.345  10.989 1.0000000000
88826  -43.421  31.488  11.628 1.0000000000
88109  -44.304  30.804  12.578 1.0000000000
87487  -45.176  29.061  13.429 0.8999999762
88837  -44.039  32.386  11.309 1.0000000000
88827  -44.610  31.688  12.159 1.0000000000
88110  -45.255  30.973  12.924 1.0000000000
87488  -46.084  29.729  13.371 1.0000000000
87502  -45.571  29.101  13.142 0.8999999762
88127  -45.569  29.742  11.023 0.8000000119
88155  -45.049  30.528  9.032 0.8000000119
88142  -44.185  30.059  9.261 0.8000000119
119967  -41.929  28.775  13.172 0.8999999762
87484  -41.401  29.059  12.627 0.8999999762
87500  -41.712  29.508  12.054 0.8999999762
87501  -42.464  29.866  11.990 0.8999999762
87485  -42.437  29.272  12.908 0.8999999762
89389  -43.579  32.990  10.599 1.0000000000
117695  -42.578  33.498  9.369 0.8000000119
89408  -43.061  33.417  9.976 0.8000000119
89383  -45.108  32.429  11.719 1.0000000000
88828  -45.834  31.614  12.622 1.0000000000
87489  -46.771  30.060  13.193 1.0000000000
89409  -43.891  33.482  10.290 1.0000000000
89390  -44.456  33.017  10.953 1.0000000000
89384  -46.195  32.318  11.990 1.0000000000
88829  -46.712  31.450  12.514 1.0000000000
88111  -47.068  30.261  12.668 1.0000000000
88128  -46.788  29.912  11.903 0.8999999762
88143  -45.216  30.250  9.964 0.8000000119
89938  -43.229  33.590  9.536 0.8000000119
121200  -45.783  32.874  10.621 1.0000000000
89392  -46.452  32.455  11.168 1.0000000000
88838  -47.511  31.180  11.417 1.0000000000
88129  -47.342  30.586  11.779 1.0000000000
103345  -47.258  30.398  11.139 0.8999999762
88144  -46.499  30.180  10.673 0.8999999762
103379  -46.374  30.433  9.690 0.8999999762
88156  -46.344  30.481  8.764 0.8999999762
119513  -42.515  33.623  9.120 0.8000000119
109388  -43.603  33.586  8.864 0.8999999762
89939  -44.300  33.419  9.587 1.0000000000
89411  -45.436  32.918  9.853 1.0000000000
89412  -46.686  32.510  10.163 1.0000000000
88839  -47.820  31.074  10.333 0.8999999762
88130  -47.673  30.832  10.823 0.8999999762
88146  -48.085  30.930  9.863 0.8999999762
88145  -47.389  30.623  10.292 0.8999999762
88157  -47.714  30.593  9.441 0.8999999762
89956  -43.426  33.670  7.586 0.8999999762
89953  -44.366  33.337  8.369 1.0000000000
89958  -45.420  33.081  7.848 1.0000000000
89421  -46.311  32.504  8.485 1.0000000000
89952  -42.862  33.733  8.734 0.8999999762
115291  -45.223  32.862  8.910 1.0000000000
116389  -47.241  32.208  9.201 1.0000000000
89422  -47.622  32.087  8.375 1.0000000000
88850  -48.373  31.046  9.457 1.0000000000
88173  -48.565  30.887  8.053 1.0000000000
115814  -48.447  30.858  9.097 0.8999999762
114763  -47.550  30.624  7.745 1.0000000000
88172  -47.761  30.597  8.563 0.8999999762
88184  -46.504  30.555  7.001 0.8999999762
88171  -46.297  30.552  7.841 0.8999999762
89957  -44.540  33.373  7.329 0.8999999762
89963  -45.415  33.185  6.510 1.0000000000
89425  -46.622  32.516  7.400 1.0000000000
89426  -47.519  32.213  6.893 1.0000000000
89423  -48.435  31.430  8.225 1.0000000000
118708  -47.878  31.966  7.710 1.0000000000
100928  -45.534  30.651  5.296 0.8000000119
100933  -45.350  30.686  6.191 0.8999999762
89436  -47.850  32.168  5.879 1.0000000000
89427  -48.619  31.411  7.209 1.0000000000
88857  -48.786  30.939  7.659 1.0000000000
88185  -48.182  30.599  7.160 1.0000000000
88866  -49.472  30.947  6.716 1.0000000000
88193  -46.952  30.669  6.135 1.0000000000
101159  -46.827  30.577  5.096 0.8999999762
102997  -48.742  30.532  6.535 1.0000000000
88194  -48.088  30.641  5.790 1.0000000000
99891  -45.817  23.287  12.599 0.6999999881
100119  -44.809  23.407  12.093 0.6999999881
86371  -44.869  26.868  13.634 0.8999999762
117926  -44.666  28.725  13.571 1.0000000000
86946  -45.084  29.000  12.271 0.8000000119
88101  -46.220  30.522  13.217 1.0000000000
89391  -45.446  32.807  11.208 1.0000000000
121390  -46.494  31.060  12.941 1.0000000000
89410  -44.799  33.117  10.477 1.0000000000
89385  -47.067  31.767  11.844 1.0000000000
88830  -47.301  30.985  12.341 1.0000000000
89393  -47.302  31.784  10.836 1.0000000000
120026  -46.116  32.563  9.311 1.0000000000
89394  -47.711  31.635  9.822 1.0000000000
89413  -48.305  31.572  9.015 1.0000000000
118013  -48.604  30.960  8.698 1.0000000000
88186  -49.246  30.790  6.882 1.0000000000
88195  -49.455  30.582  6.000 1.0000000000
115774  -37.543  23.445  7.348 0.5000000000
84267  -37.971  23.670  8.034 0.5000000000
103179  -38.630  23.658  8.324 0.5000000000
84274  -39.172  23.037  7.916 0.6000000238
84841  -35.661  24.231  7.237 0.3000000119
102108  -36.206  24.455  7.703 0.3000000119
84271  -36.153  23.890  7.082 0.4000000060
85329  -37.628  24.982  8.470 0.5000000000
84836  -38.141  24.310  8.421 0.6000000238
85330  -38.367  25.062  8.738 0.6000000238
85326  -39.560  24.897  9.404 0.6999999881
115690  -34.680  24.822  7.164 0.2000000030
84840  -35.422  24.838  7.497 0.2000000030
120442  -36.082  25.160  7.899 0.2000000030
85336  -36.434  25.903  8.031 0.4000000060
84834  -36.768  24.961  8.211 0.4000000060
116551  -38.010  25.661  8.552 0.5000000000
85832  -39.472  25.765  9.222 0.6999999881
85327  -40.135  25.535  9.758 0.6999999881
85334  -34.877  25.680  7.336 0.1000000015
85839  -35.514  26.430  7.518 0.3000000119
115286  -41.233  23.245  12.887 0.6000000238
85335  -35.709  25.703  7.689 0.2000000030
85841  -37.126  26.625  8.079 0.5000000000
100445  -42.353  23.650  13.237 0.6000000238
85834  -38.021  26.483  8.351 0.6000000238
102007  -38.776  26.784  8.531 0.6000000238
105644  -39.406  26.637  8.910 0.6000000238
117155  -40.021  27.379  9.127 0.6999999881
86398  -40.060  26.451  9.537 0.6999999881
84257  -37.958  22.701  12.006 0.2000000030
83682  -38.664  22.643  12.273 0.2000000030
83693  -38.094  22.103  12.036 0.3000000119
83683  -39.550  22.788  12.524 0.3000000119
84245  -38.966  23.497  12.456 0.3000000119
83089  -39.674  21.882  12.402 0.5000000000
83684  -40.438  22.494  12.600 0.5000000000
84809  -41.584  24.071  13.319 0.6000000238
85838  -34.710  26.821  7.182 0.2000000030
86404  -35.548  27.288  7.349 0.3000000119
115859  -41.357  22.311  12.636 0.6000000238
85840  -36.277  26.824  7.705 0.3000000119
86406  -37.059  27.449  7.753 0.6000000238
86400  -37.710  27.171  8.026 0.6000000238
86401  -38.399  27.340  8.229 0.6000000238
86402  -39.228  27.504  8.604 0.6000000238
86955  -40.755  27.935  9.469 0.6000000238
85301  -37.424  25.872  12.294 0.1000000015
102267  -37.919  25.053  12.282 0.2000000030
119189  -36.798  24.348  11.747 0.1000000015
84805  -37.097  25.051  11.969 0.1000000015
84255  -36.162  23.040  11.606 0.1000000015
111407  -36.151  24.044  11.585 0.1000000015
107786  -36.849  23.594  11.702 0.1000000015
84806  -37.551  24.113  11.971 0.1000000015
83690  -35.225  22.659  11.520 0.1000000015
101364  -35.183  20.224  11.602 0.1000000015
101388  -35.941  22.151  11.612 0.1000000015
82459  -35.203  20.834  11.594 0.2000000030
84794  -40.943  24.702  13.381 0.5000000000
85294  -40.761  25.432  13.404 0.6000000238
85295  -41.506  25.410  13.602 0.6999999881
84807  -39.289  24.360  12.547 0.3000000119
84808  -40.143  24.495  12.770 0.5000000000
85304  -40.324  25.140  13.029 0.5000000000
83102  -37.483  21.593  11.755 0.2000000030
120685  -39.155  22.290  12.377 0.3000000119
111412  -39.834  23.691  12.613 0.4000000060
83088  -38.834  21.917  12.228 0.3000000119
117199  -40.337  23.199  12.695 0.4000000060
100720  -40.685  23.882  12.930 0.5000000000
113333  -34.982  27.693  7.038 0.2000000030
86415  -35.580  28.161  7.029 0.3000000119
86405  -36.296  27.802  7.387 0.5000000000
86965  -37.085  28.279  7.398 0.5000000000
86407  -37.881  27.954  7.800 0.6000000238
86967  -38.746  28.131  8.157 0.6000000238
86961  -39.518  28.284  8.476 0.6000000238
120477  -39.732  27.854  8.775 0.6000000238
86962  -40.185  28.197  8.846 0.6000000238
86943  -41.451  28.429  9.635 0.6000000238
115476  -42.038  28.730  9.834 0.6999999881
111148  -38.590  26.770  12.630 0.3000000119
109115  -38.270  25.910  12.473 0.2000000030
105814  -39.187  25.958  12.632 0.3000000119
85318  -36.280  24.924  11.790 0.1000000015
84254  -35.332  23.671  11.480 0.1000000015
84824  -35.415  24.721  11.591 0.1000000015
101093  -36.893  22.894  11.735 0.1000000015
108688  -38.434  24.244  12.338 0.2000000030
100941  -35.923  21.336  11.593 0.2000000030
83692  -37.318  22.369  11.839 0.2000000030
84256  -37.468  23.145  11.874 0.2000000030
83691  -36.615  22.436  11.695 0.2000000030
83101  -36.683  21.844  11.687 0.2000000030
84244  -38.172  23.366  12.152 0.3000000119
85794  -41.040  26.048  13.569 0.6999999881
86416  -36.306  28.858  7.018 0.4000000060
87539  -38.000  29.281  7.235 0.6000000238
115170  -38.396  28.711  7.657 0.6000000238
86968  -39.203  28.848  7.937 0.6000000238
88179  -38.859  30.389  6.312 0.6000000238
87546  -39.218  30.100  6.977 0.6000000238
119695  -40.140  29.014  8.307 0.6000000238
86963  -40.920  28.688  8.929 0.6000000238
88180  -39.663  30.471  6.341 0.6000000238
88166  -40.068  30.118  6.980 0.6000000238
87541  -40.514  29.751  7.651 0.6000000238
87532  -41.153  29.544  8.405 0.6000000238
87521  -41.737  29.177  9.194 0.6000000238
100932  -41.154  30.658  5.332 0.4000000060
100908  -41.039  30.626  6.165 0.5000000000
100924  -42.284  30.789  4.415 0.5000000000
100936  -41.858  30.802  5.948 0.5000000000
101880  -43.127  30.496  3.229 0.6000000238
88218  -43.783  30.731  4.002 0.6000000238
100923  -43.119  30.821  4.696 0.6000000238
100931  -42.510  30.846  5.338 0.5000000000
101878  -45.241  30.276  2.863 0.6000000238
107597  -45.225  30.117  2.036 0.6999999881
88219  -44.820  30.562  3.744 0.6999999881
88239  -46.238  30.049  2.310 0.6999999881
88220  -46.674  30.185  3.175 0.6999999881
100921  -45.685  30.529  4.402 0.8000000119
100920  -47.130  30.402  4.135 0.8000000119
88240  -47.730  29.757  2.599 0.6999999881
88221  -48.323  29.937  3.468 0.8000000119
88241  -49.215  29.540  2.687 0.6999999881
87568  -49.868  29.471  2.329 0.6999999881
87579  -50.188  29.120  1.769 0.6999999881
87577  -48.741  29.358  1.804 0.6999999881
116181  -37.803  26.628  12.473 0.1000000015
85300  -36.461  25.866  12.159 0.1000000015
85302  -38.777  25.117  12.479 0.2000000030
84823  -34.538  24.330  11.431 0.1000000015
85303  -39.668  25.177  12.665 0.4000000060
86370  -40.551  26.777  13.261 0.8000000119
88167  -40.917  30.319  6.976 0.6000000238
87542  -41.245  30.097  7.727 0.6000000238
88152  -41.927  30.184  8.171 0.6000000238
119683  -41.819  29.654  8.656 0.6000000238
87533  -42.544  29.655  8.841 0.6000000238
87523  -43.419  29.521  9.487 0.6999999881
88182  -41.567  30.659  6.665 0.5000000000
88168  -41.702  30.519  7.360 0.5000000000
88169  -42.347  30.573  7.607 0.6000000238
88153  -42.949  30.343  8.176 0.6999999881
87534  -43.394  29.920  8.776 0.6999999881
88183  -42.311  30.762  6.825 0.5000000000
100909  -43.044  30.662  7.383 0.6000000238
88154  -43.972  30.395  8.481 0.6999999881
100930  -43.392  30.846  5.630 0.5000000000
114937  -42.636  30.845  6.082 0.5000000000
88236  -42.850  30.511  2.426 0.4000000060
88238  -44.275  30.303  2.134 0.6000000238
100922  -44.626  30.717  4.616 0.6000000238
88261  -47.209  29.738  1.614 0.6000000238
116220  -48.748  30.370  4.219 0.6999999881
87578  -49.932  28.976  1.879 0.6999999881
115118  -35.747  25.470  11.915 0.1000000015
85802  -37.013  26.684  12.294 0.1000000015
112733  -38.286  27.486  12.503 0.4000000060
107041  -34.817  24.976  11.529 0.1000000015
85299  -35.006  25.616  11.773 0.1000000015
85800  -35.609  26.236  12.132 0.1000000015
85801  -36.170  26.838  12.308 0.1000000015
105425  -40.159  25.913  13.019 0.5000000000
88107  -41.405  30.147  11.366 0.8000000119
100938  -43.950  30.685  7.209 0.8000000119
88170  -43.696  30.598  7.860 0.6999999881
100934  -44.186  30.755  6.345 0.6000000238
100937  -45.095  30.609  7.078 0.8000000119
88257  -42.786  30.566  1.593 0.4000000060
100929  -44.430  30.783  5.479 0.6000000238
88259  -44.852  30.274  1.281 0.6000000238
113561  -43.728  30.440  1.158 0.4000000060
88282  -45.650  30.085  0.560 0.5000000000
88260  -45.923  30.097  1.417 0.6000000238
87585  -46.856  29.662  0.676 0.6000000238
87586  -48.301  29.211  0.784 0.6999999881
119314  -38.041  27.080  12.543 0.3000000119
85317  -34.288  25.233  11.518 0.1000000015
86366  -35.380  27.176  12.228 0.1000000015
84822  -33.664  24.666  11.295 0.1000000015
109624  -34.224  26.223  11.701 0.1000000015
86368  -39.095  27.457  12.652 0.5000000000
85803  -39.587  26.753  12.869 0.4000000060
86369  -40.014  27.500  12.909 0.8000000119
89405  -40.006  32.582  9.537 0.5000000000
122215  -40.534  33.053  9.548 0.6999999881
88834  -40.758  31.484  10.266 0.6000000238
88124  -40.630  30.638  10.661 0.8999999762
89934  -40.049  33.376  9.207 0.6000000238
88125  -41.537  31.122  10.787 0.6999999881
89406  -41.198  33.156  9.575 0.6000000238
89935  -40.790  33.687  9.249 0.5000000000
90435  -41.121  34.409  9.236 0.6000000238
89936  -41.482  33.742  9.185 0.5000000000
90447  -41.723  35.523  9.204 0.5000000000
90436  -41.599  34.643  9.212 0.6000000238
89937  -42.005  33.740  9.046 0.6999999881
90437  -41.852  34.480  9.049 0.5000000000
89951  -42.240  33.977  8.839 0.6999999881
88281  -44.566  30.217  0.404 0.5000000000
88297  -44.346  29.944  -0.457 0.5000000000
88298  -45.435  29.898  -0.271 0.5000000000
88206  -49.383  30.717  4.915 0.8999999762
88196  -49.637  30.895  5.514 0.8999999762
88872  -49.690  31.151  5.446 0.8999999762
89446  -49.108  31.902  5.280 0.8999999762
89437  -49.239  31.425  6.295 0.8999999762
87592  -46.597  29.574  -0.155 0.5000000000
87587  -49.741  28.689  0.993 0.6999999881
87593  -47.993  29.149  -0.135 0.6000000238
112295  -36.665  27.491  12.292 0.2000000030
86367  -37.533  27.384  12.390 0.2000000030
120034  -35.984  27.554  12.309 0.1000000015
87483  -40.543  28.831  12.420 0.6999999881
112528  -40.858  29.398  11.854 0.8000000119
90444  -39.205  34.842  8.695 0.4000000060
89949  -39.406  33.751  8.809 0.4000000060
106261  -40.081  31.760  9.755 0.6999999881
88106  -40.305  29.914  11.212 0.8000000119
89950  -40.305  34.438  8.953 0.4000000060
90946  -39.199  36.276  8.710 0.3000000119
90445  -40.137  35.796  8.994 0.4000000060
121897  -39.885  37.093  8.916 0.4000000060
90446  -41.145  35.536  9.370 0.4000000060
115917  -40.187  38.531  9.336 0.4000000060
90947  -40.694  37.054  9.161 0.4000000060
110127  -41.118  38.512  9.408 0.5000000000
90948  -41.418  36.902  9.168 0.5000000000
91450  -41.649  38.337  9.085 0.5000000000
90448  -42.132  34.994  8.828 0.5000000000
90449  -42.553  34.230  8.141 0.6000000238
90949  -41.979  36.592  8.723 0.5000000000
90451  -42.399  35.372  7.661 0.6000000238
90452  -42.900  34.487  6.886 0.6999999881
89435  -46.556  32.697  6.071 0.8999999762
89444  -47.079  33.633  5.187 0.8999999762
88222  -49.435  30.140  3.559 0.6999999881
88207  -49.499  30.816  4.545 0.8000000119
89447  -49.493  31.683  4.632 0.8999999762
87602  -46.499  29.482  -0.902 0.5000000000
86929  -34.673  28.500  11.755 0.1000000015
86931  -36.219  28.209  12.157 0.2000000030
86915  -37.080  28.102  12.188 0.2000000030
86378  -34.071  27.876  11.738 0.1000000015
86380  -35.561  27.912  12.259 0.2000000030
108816  -34.562  27.143  11.947 0.1000000015
86919  -40.346  28.207  12.777 0.6999999881
87499  -39.810  29.199  11.786 0.8999999762
90443  -37.693  34.612  8.514 0.4000000060
116574  -38.729  33.979  8.689 0.4000000060
89404  -38.522  32.402  9.037 0.4000000060
121116  -39.590  31.413  9.644 0.5000000000
102999  -39.844  30.317  10.615 0.5000000000
111495  -38.336  35.553  8.509 0.3000000119
110844  -39.319  32.857  9.120 0.4000000060
88847  -39.295  31.933  9.389 0.5000000000
90945  -38.538  36.824  8.650 0.3000000119
117661  -39.065  38.034  9.052 0.3000000119
91889  -41.598  39.383  9.333 0.5000000000
91890  -42.036  39.449  8.983 0.5000000000
91451  -42.161  38.285  8.311 0.5000000000
111610  -42.377  36.914  6.982 0.6000000238
88884  -49.424  30.573  3.081 0.8000000119
88890  -49.429  30.243  1.829 0.8000000119
88264  -50.309  29.095  1.482 0.6999999881
88242  -50.018  29.703  2.082 0.6999999881
88880  -49.609  31.162  4.189 0.8000000119
89453  -48.661  32.392  4.471 0.8000000119
87588  -50.303  28.822  1.192 0.6999999881
89445  -47.767  32.937  4.976 0.8999999762
87603  -47.652  29.150  -0.772 0.5000000000
87601  -45.256  29.711  -1.053 0.4000000060
86930  -35.428  28.463  12.005 0.1000000015
86916  -37.870  28.082  12.282 0.3000000119
86917  -38.669  28.084  12.390 0.5000000000
86935  -39.842  28.598  12.350 0.8000000119
91903  -42.291  39.253  8.155 0.5000000000
91453  -42.452  38.391  7.231 0.6000000238
88284  -50.258  29.083  0.130 0.6000000238
87594  -49.464  28.667  0.017 0.6999999881
87494  -35.212  28.982  11.526 0.1000000015
87495  -36.136  28.926  11.655 0.1000000015
111246  -36.772  28.598  11.895 0.3000000119
86918  -39.497  28.095  12.563 0.8000000119
88835  -41.572  32.083  10.466 0.6999999881
88849  -41.606  32.750  10.057 0.6999999881
100939  -44.811  30.641  8.055 0.8000000119
89407  -42.083  33.252  9.534 0.6999999881
88871  -49.710  31.131  6.053 0.8999999762
88187  -49.709  30.849  6.176 0.8999999762
88205  -48.319  30.608  5.010 0.8000000119
84835  -37.322  24.154  8.115 0.5000000000
84837  -38.961  24.410  8.866 0.6999999881
84272  -36.761  23.895  7.562 0.5000000000
119417  -36.746  24.351  7.966 0.4000000060
85331  -38.963  25.186  9.059 0.6999999881
85337  -37.310  25.784  8.357 0.3000000119
85835  -38.724  25.946  8.745 0.6999999881
120212  -35.978  26.226  7.744 0.3000000119
86388  -40.673  27.119  9.995 0.6999999881
85849  -34.038  26.036  7.022 0.1000000015
86966  -37.717  28.660  7.432 0.6000000238
86974  -37.218  29.071  7.033 0.6000000238
102477  -36.795  21.045  11.514 0.2000000030
110020  -37.630  29.648  6.613 0.6000000238
87545  -38.377  29.942  6.878 0.6000000238
100553  -38.796  29.431  7.410 0.6000000238
87555  -38.126  30.097  6.123 0.6000000238
87540  -39.661  29.531  7.552 0.6000000238
88181  -40.374  30.481  6.409 0.5000000000
100925  -41.412  30.677  4.494 0.5000000000
88217  -42.949  30.744  3.977 0.5000000000
120049  -41.835  30.786  5.104 0.5000000000
88237  -43.554  30.463  2.559 0.6000000238
101879  -44.117  30.532  3.062 0.6000000238
120182  -43.845  30.836  4.876 0.6000000238
118679  -45.810  30.366  3.654 0.6999999881
88223  -49.658  30.047  3.068 0.8000000119
88258  -43.435  30.477  1.982 0.4000000060
85815  -34.954  26.478  11.990 0.1000000015
100935  -43.213  30.778  6.577 0.6000000238
88280  -43.558  30.182  0.130 0.4000000060
88848  -40.802  32.432  9.964 0.6999999881
88833  -39.888  30.927  9.972 0.6000000238
88875  -49.677  31.205  4.828 0.8000000119
87595  -50.201  28.724  0.424 0.6999999881
86379  -34.901  27.921  12.160 0.1000000015
113326  -38.375  34.509  8.597 0.4000000060
117711  -49.591  31.509  4.483 0.8000000119
80389  -40.344  17.453  10.633 0.1000000015
105545  -40.943  18.039  10.379 0.1000000015
100753  -41.072  18.518  9.401 0.2000000030
81091  -41.640  18.748  10.102 0.2000000030
81097  -41.987  18.805  8.874 0.2000000030
80381  -38.803  17.109  11.116 0.1000000015
80387  -38.711  16.991  10.795 0.1000000015
80393  -39.709  17.528  9.959 0.1000000015
81090  -40.390  18.000  9.758 0.1000000015
79723  -37.322  16.407  10.591 0.1000000015
79724  -38.093  16.790  10.402 0.1000000015
80392  -38.829  17.199  10.080 0.1000000015
110472  -41.581  19.292  7.983 0.2000000030
120818  -37.595  16.534  9.887 0.1000000015
79728  -38.058  16.944  9.494 0.1000000015
79014  -36.323  15.764  9.957 0.1000000015
79727  -36.942  16.181  9.742 0.1000000015
79734  -37.400  16.641  9.048 0.1000000015
79019  -35.774  15.447  9.251 0.1000000015
79020  -36.369  15.880  9.186 0.1000000015
79733  -36.776  16.234  8.640 0.1000000015
81082  -41.370  18.170  11.155 0.1000000015
81087  -41.515  18.250  10.887 0.1000000015
81088  -42.367  18.715  10.724 0.2000000030
81092  -42.487  19.123  9.853 0.2000000030
114939  -43.329  19.374  9.667 0.2000000030
80382  -39.676  17.233  11.160 0.1000000015
80383  -40.273  17.311  11.074 0.1000000015
81086  -40.857  17.652  10.967 0.1000000015
81783  -42.919  19.329  8.899 0.2000000030
81784  -43.847  19.772  9.054 0.2000000030
80388  -39.590  17.125  10.860 0.1000000015
80386  -37.982  16.805  10.958 0.1000000015
81103  -41.064  19.049  7.447 0.2000000030
81791  -43.373  19.714  8.098 0.2000000030
81106  -40.575  18.723  6.801 0.2000000030
81777  -43.250  19.088  10.485 0.2000000030
106187  -39.072  17.725  11.394 0.1000000015
81081  -40.693  17.694  11.235 0.1000000015
81771  -43.125  18.790  11.187 0.4000000060
81772  -44.017  19.304  11.062 0.3000000119
81778  -44.262  19.524  10.070 0.2000000030
80380  -37.697  17.163  11.318 0.1000000015
81782  -42.344  19.512  8.052 0.2000000030
81790  -42.716  19.871  7.294 0.2000000030
81789  -41.803  19.525  7.165 0.2000000030
82479  -43.665  20.326  7.285 0.2000000030
107307  -44.849  19.538  11.635 0.4000000060
108931  -43.766  19.209  11.659 0.4000000060
81765  -39.987  19.087  11.751 0.2000000030
81767  -41.457  18.829  11.567 0.3000000119
110116  -42.070  18.716  11.369 0.2000000030
81773  -45.171  19.662  10.833 0.3000000119
81078  -37.691  17.932  11.499 0.2000000030
103458  -39.128  18.754  11.531 0.2000000030
81766  -40.730  18.345  11.523 0.2000000030
81768  -42.888  18.843  11.534 0.4000000060
81785  -44.959  20.136  9.332 0.2000000030
81077  -36.947  17.911  11.454 0.1000000015
82480  -44.543  20.329  8.293 0.2000000030
81076  -36.028  17.942  11.473 0.1000000015
82473  -45.848  20.732  8.883 0.2000000030
114817  -44.771  20.764  7.427 0.2000000030
82487  -44.258  20.752  6.772 0.2000000030
83117  -45.297  21.240  6.747 0.2000000030
83124  -45.564  21.464  5.862 0.1000000015
82494  -44.481  20.872  5.854 0.2000000030
81756  -43.480  19.317  12.030 0.4000000060
81757  -44.507  19.533  12.093 0.5000000000
82462  -39.595  20.244  11.857 0.3000000119
82463  -40.437  19.965  12.000 0.3000000119
81755  -42.318  19.316  11.900 0.5000000000
81769  -45.610  19.970  12.133 0.5000000000
101886  -37.196  18.739  11.413 0.2000000030
81079  -38.183  18.563  11.496 0.2000000030
109066  -39.120  19.669  11.621 0.2000000030
82465  -46.661  20.610  11.975 0.5000000000
81774  -46.002  20.116  11.431 0.4000000060
81779  -45.424  19.896  10.099 0.3000000119
81763  -37.490  19.597  11.408 0.2000000030
82461  -38.707  20.474  11.694 0.3000000119
82467  -47.071  20.766  11.207 0.4000000060
82470  -47.363  21.008  10.288 0.3000000119
82469  -46.279  20.529  9.731 0.3000000119
81074  -34.051  18.287  11.740 0.1000000015
105571  -34.419  18.935  11.694 0.1000000015
102358  -35.367  18.837  11.513 0.1000000015
81762  -35.706  19.610  11.478 0.2000000030
117234  -36.928  20.275  11.373 0.2000000030
82471  -47.529  21.790  9.792 0.3000000119
82474  -47.180  21.333  9.283 0.3000000119
83113  -47.533  22.030  8.801 0.3000000119
83112  -47.068  21.567  8.341 0.2000000030
119394  -46.511  21.151  8.659 0.2000000030
82481  -45.805  21.001  8.060 0.2000000030
121164  -46.510  22.862  7.932 0.2000000030
83730  -47.199  22.442  8.027 0.2000000030
83119  -47.348  22.176  7.778 0.2000000030
119974  -45.546  21.122  7.411 0.2000000030
84275  -45.174  23.459  6.560 0.2000000030
83728  -45.590  23.188  7.488 0.2000000030
83729  -46.889  23.126  7.386 0.2000000030
83740  -47.381  22.799  7.171 0.2000000030
83118  -46.606  21.577  7.351 0.2000000030
84276  -46.263  23.393  6.908 0.2000000030
84295  -47.098  23.219  6.682 0.2000000030
83125  -46.547  21.776  6.309 0.2000000030
107787  -47.439  22.935  6.283 0.2000000030
84294  -46.317  23.438  6.200 0.2000000030
84321  -47.178  23.198  5.770 0.2000000030
82448  -40.990  20.676  12.259 0.3000000119
82449  -41.966  20.321  12.359 0.5000000000
82450  -43.060  20.005  12.376 0.5000000000
82451  -44.160  19.983  12.385 0.5000000000
83104  -39.181  21.178  12.108 0.3000000119
82447  -40.066  20.943  12.233 0.3000000119
82452  -45.098  20.098  12.441 0.5000000000
82460  -37.715  20.584  11.542 0.2000000030
81761  -34.779  19.650  11.657 0.1000000015
100942  -36.046  20.432  11.495 0.1000000015
83710  -47.408  22.165  9.169 0.3000000119
83108  -47.215  21.352  10.845 0.3000000119
83727  -44.246  23.118  7.215 0.2000000030
84292  -43.903  23.298  6.345 0.2000000030
83090  -40.660  21.615  12.461 0.4000000060
83103  -38.340  21.374  11.899 0.2000000030
83720  -46.590  22.500  8.609 0.3000000119
99892  -42.087  22.976  12.733 0.5000000000
83723  -39.010  22.748  7.105 0.4000000060
86932  -37.467  28.623  11.908 0.2000000030
87511  -37.362  29.471  11.150 0.2000000030
86933  -38.269  28.658  11.981 0.3000000119
87498  -38.729  29.271  11.546 0.5000000000
87496  -37.029  29.052  11.542 0.2000000030
101114  -36.834  29.473  6.214 0.4000000060
117400  -37.496  29.845  5.897 0.4000000060
87563  -36.411  29.926  4.844 0.3000000119
87554  -37.069  29.932  5.275 0.4000000060
88189  -37.922  30.218  5.395 0.4000000060
100907  -38.316  30.490  3.942 0.3000000119
101142  -38.683  30.438  4.847 0.3000000119
88190  -38.582  30.382  5.658 0.4000000060
117590  -40.172  30.505  0.553 0.3000000119
88293  -41.134  30.354  0.162 0.3000000119
88279  -42.668  30.415  0.630 0.3000000119
88295  -42.596  30.276  -0.689 0.3000000119
104160  -42.834  30.268  -0.167 0.3000000119
100915  -41.890  30.322  -1.138 0.3000000119
88307  -42.833  30.316  -1.345 0.3000000119
88296  -43.410  30.140  -0.712 0.3000000119
88202  -36.613  30.224  4.240 0.3000000119
87564  -37.014  30.170  4.552 0.3000000119
88204  -39.677  30.499  4.779 0.3000000119
88192  -40.244  30.589  5.621 0.3000000119
88212  -38.029  30.536  3.134 0.3000000119
100468  -37.348  30.366  3.830 0.3000000119
88191  -39.283  30.523  5.607 0.3000000119
88231  -37.814  30.627  2.359 0.3000000119
88213  -38.858  30.549  3.271 0.3000000119
119911  -39.560  30.559  3.372 0.3000000119
88214  -40.035  30.601  3.942 0.3000000119
88215  -40.899  30.556  3.776 0.3000000119
88253  -38.454  30.542  1.239 0.3000000119
115870  -38.351  30.590  1.922 0.3000000119
101884  -39.420  30.532  2.686 0.3000000119
101883  -40.312  30.508  3.000 0.4000000060
101882  -41.347  30.442  2.977 0.4000000060
101881  -42.246  30.430  3.029 0.5000000000
122170  -42.467  30.608  3.637 0.5000000000
118688  -39.824  30.522  1.397 0.3000000119
88233  -40.026  30.535  2.097 0.3000000119
88234  -40.920  30.576  2.178 0.3000000119
88235  -41.947  30.653  2.121 0.3000000119
88254  -39.252  30.509  0.982 0.3000000119
88256  -41.360  30.512  1.416 0.3000000119
119692  -42.092  30.538  1.290 0.3000000119
88278  -41.706  30.382  0.662 0.3000000119
88316  -41.294  30.666  -2.106 0.2000000030
100914  -42.327  30.428  -2.104 0.3000000119
88308  -43.554  30.177  -1.441 0.3000000119
88309  -44.243  29.893  -1.203 0.3000000119
88201  -35.854  30.176  4.312 0.3000000119
88211  -36.487  30.382  3.578 0.3000000119
100926  -40.569  30.565  4.657 0.3000000119
88216  -41.763  30.610  3.714 0.4000000060
101123  -44.093  30.103  -2.000 0.3000000119
101413  -41.940  30.634  -3.045 0.2000000030
101129  -43.238  30.339  -2.115 0.3000000119
102478  -42.850  30.511  -2.956 0.3000000119
100913  -41.045  30.902  -3.180 0.2000000030
87610  -45.017  29.739  -1.793 0.3000000119
87611  -46.347  29.471  -1.684 0.3000000119
101132  -40.217  30.880  -3.310 0.2000000030
88328  -42.576  30.710  -3.900 0.2000000030
87612  -47.869  29.104  -1.380 0.4000000060
88317  -43.823  30.353  -2.968 0.3000000119
88318  -44.817  30.039  -2.651 0.3000000119
87625  -45.679  29.670  -2.346 0.3000000119
87596  -50.427  28.891  0.635 0.5000000000
88299  -49.168  28.901  -1.116 0.5000000000
88329  -43.298  30.565  -3.666 0.2000000030
108791  -48.852  28.889  -1.512 0.4000000060
104437  -47.575  29.368  -1.983 0.3000000119
87613  -48.688  29.426  -2.062 0.3000000119
87626  -46.721  29.551  -2.486 0.3000000119
87628  -49.077  29.430  -2.985 0.3000000119
87627  -48.079  29.433  -2.695 0.3000000119
89452  -47.406  32.934  4.590 0.6999999881
89460  -48.259  32.434  3.915 0.6999999881
88879  -48.931  31.624  3.596 0.6999999881
88883  -48.282  31.101  2.517 0.6999999881
88262  -49.352  29.976  0.458 0.6999999881
88897  -48.220  30.366  -0.259 0.6000000238
88904  -48.585  29.873  -1.424 0.6999999881
88908  -48.319  30.575  -2.017 0.6000000238
88310  -48.795  29.316  -2.131 0.6000000238
88330  -44.665  30.113  -3.586 0.3000000119
88331  -45.854  29.861  -3.280 0.3000000119
87640  -47.069  29.642  -3.231 0.3000000119
100473  -46.574  32.237  3.885 0.6999999881
88878  -46.003  31.663  3.021 0.6999999881
114012  -47.407  31.752  3.142 0.6999999881
88882  -46.790  31.337  2.393 0.6999999881
120783  -47.326  31.070  2.011 0.6999999881
88887  -45.750  31.561  2.014 0.6999999881
88888  -46.770  31.234  1.456 0.6999999881
88896  -46.873  31.265  0.307 0.6999999881
88340  -42.355  30.484  -4.672 0.2000000030
88341  -43.369  30.358  -4.488 0.2000000030
88342  -44.422  29.910  -4.441 0.2000000030
88320  -49.504  29.697  -3.199 0.4000000060
88319  -49.232  29.647  -2.669 0.4000000060
111620  -43.884  30.382  -3.860 0.2000000030
88343  -45.549  29.656  -4.340 0.3000000119
88344  -46.921  29.633  -4.269 0.3000000119
121139  -48.710  29.361  -3.178 0.3000000119
89961  -43.693  34.215  6.348 0.6000000238
89962  -44.386  33.710  6.417 0.6000000238
100782  -45.060  33.736  5.613 0.8000000119
89973  -46.163  33.854  5.143 0.8000000119
89974  -46.427  33.761  5.178 0.8000000119
89465  -45.034  31.925  2.528 0.6999999881
89470  -44.880  31.863  1.629 0.6999999881
88895  -45.584  31.613  0.879 0.6999999881
88339  -41.414  30.433  -4.682 0.2000000030
88910  -48.914  30.525  -2.489 0.6000000238
88911  -49.528  30.514  -3.024 0.5000000000
103354  -48.134  29.398  -4.480 0.3000000119
87642  -49.047  29.314  -3.782 0.3000000119
88321  -49.725  30.013  -3.462 0.3000000119
90456  -43.499  34.925  5.824 0.6000000238
90457  -44.529  34.663  5.228 0.6000000238
89473  -42.595  32.613  1.246 0.6999999881
89994  -41.971  32.732  2.015 0.6999999881
89468  -43.402  32.326  1.324 0.6999999881
89467  -42.907  32.551  2.227 0.6999999881
106341  -43.759  32.260  2.131 0.6999999881
89469  -44.151  32.084  1.420 0.6999999881
89451  -45.677  32.842  4.541 0.6999999881
89474  -43.133  32.457  0.476 0.6999999881
89475  -43.964  32.110  0.498 0.6999999881
113491  -44.650  31.914  0.933 0.6999999881
89482  -43.544  32.211  -0.300 0.6999999881
89476  -44.897  32.004  0.130 0.6999999881
88902  -45.860  31.576  -0.289 0.6999999881
88354  -41.123  29.780  -5.253 0.2000000030
89490  -44.831  32.694  -1.495 0.6999999881
89484  -45.149  31.914  -0.875 0.6999999881
88355  -42.101  29.992  -5.309 0.2000000030
88356  -43.137  29.857  -5.265 0.2000000030
89491  -45.847  32.597  -1.726 0.6999999881
119804  -46.451  31.884  -1.630 0.6999999881
88907  -47.347  31.303  -1.682 0.6999999881
87667  -41.832  29.108  -5.683 0.2000000030
87653  -44.261  29.420  -5.241 0.2000000030
89492  -46.925  32.505  -2.092 0.6999999881
89498  -48.565  32.929  -2.948 0.6000000238
89493  -48.113  31.900  -2.339 0.5000000000
120440  -48.991  31.636  -2.805 0.5000000000
87654  -45.333  29.056  -5.268 0.3000000119
87655  -46.400  29.044  -5.430 0.2000000030
87657  -48.639  29.395  -4.936 0.4000000060
88345  -49.439  29.761  -4.552 0.4000000060
87658  -49.238  29.502  -4.450 0.4000000060
89972  -45.349  34.356  4.579 0.6000000238
90467  -44.606  34.691  4.915 0.6000000238
121048  -44.832  32.527  4.267 0.6999999881
89459  -45.153  32.126  3.700 0.6999999881
89463  -43.509  32.379  2.971 0.6999999881
89999  -42.375  32.750  0.326 0.6999999881
89483  -44.254  32.059  -0.585 0.6999999881
89497  -47.814  33.605  -2.590 0.6000000238
87043  -40.873  28.760  -5.481 0.2000000030
89503  -49.038  31.970  -3.592 0.4000000060
87672  -46.701  28.904  -6.159 0.4000000060
87673  -48.154  29.346  -5.695 0.4000000060
88913  -49.528  30.872  -3.677 0.4000000060
90476  -43.871  35.128  4.842 0.6000000238
89979  -45.277  34.059  4.827 0.6000000238
90980  -42.360  36.279  4.964 0.5000000000
106987  -42.908  35.589  5.170 0.6000000238
89977  -43.209  34.347  4.604 0.6000000238
89978  -44.299  34.245  4.610 0.6999999881
90999  -41.379  35.429  4.637 0.5000000000
90475  -42.138  34.865  4.905 0.6000000238
90998  -40.683  35.529  4.235 0.5000000000
90480  -41.368  34.293  4.298 0.6000000238
90481  -42.133  33.905  4.370 0.6999999881
89983  -42.694  33.194  3.840 0.6999999881
89449  -43.688  33.290  4.201 0.6999999881
89450  -44.617  33.075  4.543 0.6999999881
107404  -40.814  34.878  4.011 0.5000000000
89982  -41.659  33.386  3.713 0.6999999881
89456  -42.888  32.625  3.139 0.6999999881
89457  -43.355  32.743  3.586 0.6999999881
89458  -44.149  32.526  3.794 0.6999999881
103142  -39.414  35.225  3.760 0.5000000000
90478  -39.585  34.862  3.261 0.5000000000
90479  -40.204  34.812  3.637 0.5000000000
89981  -40.713  33.871  3.519 0.6000000238
89987  -41.355  33.163  2.743 0.6000000238
89464  -44.289  32.146  2.865 0.6999999881
90000  -42.901  32.461  -0.507 0.6999999881
90017  -46.806  34.087  -2.306 0.6000000238
90037  -48.031  34.362  -2.964 0.5000000000
107998  -40.770  27.721  -5.452 0.2000000030
88916  -48.907  30.943  -4.820 0.3000000119
89505  -48.427  32.163  -3.967 0.3000000119
87668  -42.922  28.992  -5.726 0.2000000030
88925  -48.432  30.378  -5.649 0.3000000119
87669  -44.170  28.550  -5.952 0.2000000030
87686  -47.782  29.270  -6.053 0.3000000119
88926  -49.167  30.013  -5.278 0.3000000119
114061  -35.391  35.149  4.974 0.4000000060
90976  -36.407  35.093  5.238 0.4000000060
90975  -35.915  34.954  4.343 0.4000000060
121496  -36.734  34.999  4.317 0.4000000060
90996  -38.638  35.093  3.495 0.4000000060
91010  -37.892  34.752  2.882 0.5000000000
90977  -39.104  35.242  4.255 0.5000000000
120390  -39.199  35.002  3.005 0.5000000000
90484  -39.187  34.355  2.678 0.6000000238
89985  -39.715  33.602  2.187 0.6000000238
89992  -40.456  33.256  1.513 0.6000000238
89998  -41.143  33.122  0.999 0.6000000238
90485  -39.928  34.103  2.998 0.6999999881
89986  -40.513  33.407  2.507 0.6999999881
89993  -41.195  33.059  1.819 0.6000000238
89489  -43.768  32.506  -1.308 0.6999999881
104100  -44.672  33.485  -2.059 0.6000000238
90016  -45.746  33.986  -2.035 0.6000000238
90027  -46.486  35.172  -2.541 0.6000000238
90028  -47.515  35.017  -2.893 0.6999999881
89502  -48.523  33.185  -3.130 0.5000000000
87046  -43.884  28.049  -6.441 0.3000000119
87670  -45.261  28.158  -6.070 0.3000000119
87685  -46.055  28.528  -6.651 0.4000000060
88357  -47.730  29.678  -6.149 0.4000000060
87671  -45.935  28.441  -6.239 0.3000000119
88372  -46.924  29.126  -6.273 0.3000000119
90994  -36.424  34.860  3.593 0.4000000060
90995  -37.510  34.966  3.677 0.5000000000
107948  -38.689  34.850  2.859 0.5000000000
90483  -37.983  34.446  2.199 0.5000000000
90007  -42.174  32.849  -0.733 0.6000000238
101225  -41.558  32.897  0.233 0.6000000238
90015  -43.626  33.205  -2.037 0.6999999881
90044  -47.871  33.782  -3.488 0.4000000060
89511  -47.117  31.850  -5.226 0.4000000060
88924  -47.382  30.787  -5.780 0.4000000060
88371  -46.128  29.041  -6.690 0.4000000060
88939  -46.725  29.942  -6.330 0.4000000060
87047  -45.146  27.731  -6.832 0.3000000119
87048  -45.641  27.923  -6.908 0.3000000119
113043  -47.129  21.094  11.699 0.4000000060
88263  -50.169  29.412  1.041 0.6000000238
88889  -48.032  30.685  1.545 0.6999999881
87604  -49.021  28.719  -0.923 0.4000000060
86934  -39.119  28.655  12.125 0.6000000238
88300  -49.939  28.843  -0.175 0.5000000000
88283  -49.537  29.280  -0.509 0.5000000000
103134  -39.173  17.655  9.239 0.1000000015
79013  -35.646  15.424  10.103 0.1000000015
81080  -40.037  17.802  11.467 0.1000000015
81083  -42.223  18.596  11.126 0.3000000119
117786  -38.332  17.603  11.399 0.1000000015
115800  -40.798  19.157  11.743 0.3000000119
82464  -41.301  19.685  12.017 0.3000000119
101887  -36.305  18.786  11.407 0.1000000015
81780  -46.276  20.327  10.615 0.3000000119
81764  -38.379  19.646  11.514 0.2000000030
101410  -36.611  19.592  11.375 0.2000000030
81072  -33.355  18.390  11.895 0.1000000015
81760  -33.642  18.992  11.842 0.1000000015
81075  -35.002  17.961  11.550 0.1000000015
83126  -47.291  22.339  6.807 0.2000000030
83136  -47.164  22.453  5.802 0.2000000030
100684  -33.956  19.624  11.778 0.1000000015
88203  -37.726  30.327  4.618 0.3000000119
100927  -39.188  30.590  4.007 0.3000000119
114908  -40.561  30.480  -0.376 0.3000000119
115076  -41.312  30.368  -0.517 0.3000000119
88294  -42.006  30.272  -0.166 0.3000000119
101885  -38.609  30.552  2.539 0.3000000119
101237  -37.167  30.537  2.925 0.3000000119
88252  -37.702  30.683  1.568 0.3000000119
88232  -39.135  30.520  1.849 0.3000000119
88255  -40.539  30.499  1.428 0.3000000119
88277  -40.981  30.378  0.836 0.3000000119
103250  -47.777  30.747  0.716 0.6999999881
88903  -47.230  31.129  -0.765 0.6999999881
110250  -44.396  32.061  2.088 0.6999999881
100593  -41.825  32.941  1.110 0.6000000238
89988  -42.207  32.839  2.957 0.6999999881
88906  -46.171  31.598  -1.154 0.6999999881
87044  -41.582  28.060  -5.753 0.2000000030
87656  -47.558  29.203  -5.479 0.4000000060
90979  -41.483  36.289  4.684 0.5000000000
89512  -48.099  31.556  -5.127 0.3000000119
90993  -35.519  34.913  3.585 0.4000000060
101539  -38.554  34.231  2.239 0.5000000000
101325  -36.769  23.289  4.677 0.1000000015
84329  -37.526  23.245  4.181 0.1000000015
84330  -38.363  23.254  4.704 0.1000000015
84314  -39.190  23.262  4.773 0.1000000015
121565  -39.484  23.446  4.301 0.1000000015
84344  -38.304  23.345  3.659 0.1000000015
84331  -39.763  23.592  3.761 0.1000000015
84342  -35.960  22.997  3.520 0.1000000015
117095  -38.856  23.120  5.407 0.1000000015
84328  -35.998  23.288  4.212 0.1000000015
84333  -41.859  23.366  4.183 0.1000000015
84317  -42.598  23.272  5.028 0.1000000015
84332  -40.782  23.406  4.200 0.1000000015
84310  -35.378  23.403  4.706 0.1000000015
82512  -34.385  20.649  2.813 0.1000000015
83161  -34.658  21.319  3.039 0.1000000015
83761  -35.222  22.790  3.489 0.1000000015
84327  -35.277  23.229  3.941 0.1000000015
83162  -35.508  21.559  2.875 0.1000000015
84335  -43.642  23.583  4.550 0.1000000015
83135  -46.524  21.884  5.325 0.1000000015
84313  -38.246  23.136  5.754 0.1000000015
83147  -47.154  22.580  4.803 0.1000000015
83767  -34.621  22.513  3.588 0.1000000015
117356  -45.897  23.574  4.014 0.1000000015
84351  -46.588  23.276  3.579 0.1000000015
82511  -33.775  20.270  2.722 0.1000000015
83766  -34.134  21.779  3.479 0.1000000015
84336  -44.784  23.588  4.201 0.1000000015
116087  -47.117  23.194  4.048 0.1000000015
83157  -47.020  22.714  3.981 0.1000000015
83762  -47.283  23.036  4.345 0.1000000015
84293  -44.593  23.573  5.709 0.1000000015
84318  -43.621  23.426  5.467 0.1000000015
84320  -46.453  23.439  5.303 0.1000000015
83755  -47.417  22.979  5.273 0.1000000015
119833  -35.500  23.537  5.502 0.1000000015
116534  -36.033  23.649  6.155 0.2000000030
84311  -36.074  23.394  5.150 0.2000000030
103363  -36.804  23.432  5.685 0.2000000030
84289  -37.537  23.303  6.248 0.2000000030
84319  -45.432  23.580  4.919 0.1000000015
84338  -47.200  23.191  4.785 0.1000000015
83760  -34.659  23.026  3.884 0.1000000015
84288  -36.795  23.560  6.709 0.2000000030
111087  -38.273  23.056  6.743 0.2000000030
84337  -46.613  23.442  4.369 0.1000000015
102957  -44.338  23.634  5.007 0.1000000015
83153  -33.895  20.946  3.054 0.1000000015
84290  -38.913  22.907  6.219 0.1000000015
84326  -34.720  23.316  4.491 0.1000000015
116573  -34.856  23.528  5.360 0.1000000015
104480  -33.965  22.543  4.003 0.1000000015
83752  -34.189  23.101  4.393 0.1000000015
84287  -35.205  23.693  6.193 0.1000000015
121045  -35.588  23.889  6.771 0.2000000030
84273  -38.415  23.198  7.607 0.4000000060
83735  -39.558  22.750  6.546 0.3000000119
83751  -33.487  22.976  4.670 0.1000000015
84309  -34.043  23.417  5.227 0.1000000015
84286  -34.425  23.777  6.143 0.1000000015
84850  -34.953  24.149  6.942 0.1000000015
90466  -43.865  35.286  4.971 0.4000000060
90981  -42.871  36.524  4.999 0.4000000060
90982  -43.061  35.771  5.246 0.4000000060
91469  -42.239  37.366  5.039 0.4000000060
91470  -42.841  37.297  4.961 0.4000000060
90964  -43.107  35.900  5.287 0.4000000060
91478  -42.913  37.058  4.789 0.4000000060
90963  -43.118  36.992  4.975 0.4000000060
91477  -42.427  37.007  4.761 0.4000000060
91462  -42.793  37.716  5.885 0.5000000000
90955  -43.129  36.877  5.560 0.4000000060
90455  -42.932  35.740  6.231 0.5000000000
91476  -41.510  36.642  4.712 0.4000000060
91918  -42.273  38.840  7.245 0.4000000060
91917  -42.010  39.007  7.115 0.4000000060
91924  -41.749  37.855  6.144 0.4000000060
91925  -42.461  37.876  6.012 0.4000000060
91468  -41.063  37.066  5.360 0.4000000060
91475  -40.503  36.181  4.656 0.4000000060
90978  -40.680  35.927  4.309 0.4000000060
91916  -40.986  38.753  7.396 0.4000000060
92355  -42.100  39.714  7.898 0.4000000060
120666  -40.998  37.631  6.335 0.4000000060
91461  -40.255  37.411  6.579 0.4000000060
91467  -39.867  36.496  5.600 0.4000000060
109169  -39.939  35.510  4.169 0.4000000060
90997  -39.939  35.318  3.815 0.4000000060
108329  -41.895  40.092  9.266 0.4000000060
92349  -41.648  40.070  8.269 0.4000000060
91915  -39.574  38.661  7.854 0.4000000060
91466  -38.979  36.004  5.734 0.4000000060
105346  -44.450  34.266  -2.496 0.5000000000
91888  -40.963  39.693  9.429 0.4000000060
91460  -39.041  37.036  6.752 0.4000000060
90954  -38.213  35.971  6.256 0.4000000060
90962  -39.562  35.546  4.987 0.4000000060
101411  -40.532  33.063  0.360 0.4000000060
100576  -42.975  32.763  -1.359 0.6000000238
91901  -38.829  39.353  8.941 0.3000000119
104968  -39.507  39.338  9.180 0.3000000119
91914  -38.424  38.608  8.032 0.3000000119
91902  -40.304  39.951  8.923 0.3000000119
91459  -38.066  37.089  7.142 0.4000000060
90953  -37.379  36.118  6.585 0.4000000060
90960  -37.401  35.369  5.776 0.4000000060
90961  -38.486  35.250  5.225 0.4000000060
103382  -38.256  35.068  4.229 0.4000000060
89997  -39.513  33.173  0.077 0.4000000060
89991  -39.666  33.359  1.108 0.4000000060
90006  -41.215  33.034  -0.616 0.5000000000
90014  -41.755  33.113  -1.383 0.4000000060
118905  -42.559  33.204  -1.878 0.4000000060
113397  -37.970  36.612  8.543 0.2000000030
91449  -38.228  37.886  8.877 0.2000000030
91900  -38.189  38.807  8.712 0.2000000030
91887  -38.509  38.940  9.025 0.2000000030
91913  -37.846  38.436  7.890 0.2000000030
91458  -37.374  37.141  7.237 0.3000000119
101523  -37.468  35.004  4.808 0.3000000119
90489  -38.960  33.711  1.751 0.4000000060
90005  -40.193  33.217  -0.756 0.4000000060
90023  -41.646  33.556  -2.257 0.3000000119
90024  -42.521  33.845  -2.520 0.5000000000
90943  -36.466  35.758  8.431 0.2000000030
90944  -37.430  35.701  8.393 0.2000000030
91448  -37.442  37.303  8.599 0.2000000030
91886  -38.204  38.505  8.862 0.2000000030
120789  -37.684  38.323  8.652 0.2000000030
91899  -37.672  38.725  8.550 0.2000000030
91898  -37.240  38.758  8.384 0.2000000030
91912  -37.365  38.290  7.806 0.3000000119
106802  -36.657  37.189  7.149 0.3000000119
89996  -38.726  33.389  -0.279 0.4000000060
90004  -39.342  33.328  -0.686 0.4000000060
90488  -38.171  33.985  1.306 0.4000000060
89990  -38.824  33.463  0.696 0.4000000060
90022  -40.637  33.647  -2.271 0.3000000119
90442  -36.847  34.606  8.472 0.3000000119
89947  -37.258  33.780  8.567 0.3000000119
89419  -37.863  32.897  8.713 0.3000000119
91447  -36.188  37.438  8.621 0.2000000030
110568  -35.746  36.287  8.544 0.2000000030
89420  -38.643  33.234  8.766 0.3000000119
117360  -36.601  36.969  8.564 0.2000000030
91885  -37.162  38.099  8.535 0.2000000030
91884  -36.769  38.812  8.784 0.2000000030
90952  -36.743  36.329  6.734 0.4000000060
90959  -36.528  35.603  6.197 0.4000000060
90958  -35.606  35.400  5.837 0.3000000119
101723  -37.466  34.492  1.321 0.4000000060
90487  -37.272  34.659  2.099 0.4000000060
90493  -38.085  33.731  0.215 0.4000000060
101469  -36.949  34.716  2.844 0.4000000060
116029  -40.238  33.414  -1.633 0.3000000119
115270  -35.877  34.361  8.556 0.3000000119
89946  -36.488  33.577  8.614 0.3000000119
88846  -38.414  31.571  9.349 0.4000000060
111357  -35.437  35.270  8.486 0.2000000030
91883  -35.559  37.871  8.802 0.2000000030
92806  -36.976  41.119  9.620 0.2000000030
91879  -36.175  38.955  9.069 0.2000000030
92807  -37.888  40.724  9.121 0.2000000030
92824  -37.663  40.307  8.677 0.2000000030
92348  -37.784  39.690  8.830 0.2000000030
92347  -37.015  39.296  8.167 0.2000000030
108121  -36.709  38.227  7.673 0.2000000030
91911  -35.808  37.217  6.947 0.3000000119
91457  -35.828  36.127  6.562 0.3000000119
91009  -36.003  34.812  2.824 0.3000000119
90486  -36.770  34.806  1.268 0.4000000060
117724  -37.715  31.292  9.467 0.3000000119
88122  -38.086  30.177  10.405 0.3000000119
89402  -36.648  32.124  9.027 0.3000000119
88140  -38.316  30.789  9.733 0.3000000119
88123  -39.049  30.344  10.209 0.4000000060
93270  -35.959  41.822  9.297 0.2000000030
93271  -36.951  41.578  9.093 0.2000000030
92823  -36.701  40.251  8.325 0.2000000030
92822  -35.195  40.165  8.088 0.2000000030
92346  -35.504  39.077  7.746 0.2000000030
91897  -35.724  38.128  7.379 0.2000000030
91896  -34.307  37.898  7.128 0.2000000030
91910  -34.922  37.246  6.862 0.2000000030
91456  -34.919  36.404  6.563 0.3000000119
91464  -34.260  36.152  5.783 0.3000000119
91465  -35.034  35.782  6.143 0.3000000119
90974  -34.645  35.298  4.566 0.3000000119
120855  -35.173  34.995  4.244 0.3000000119
91008  -35.144  35.046  2.808 0.3000000119
91016  -35.581  34.882  2.076 0.3000000119
91021  -35.978  34.976  1.306 0.3000000119
90492  -37.037  34.545  0.522 0.3000000119
118403  -37.625  34.213  0.620 0.4000000060
91017  -36.449  34.820  2.039 0.4000000060
90497  -37.990  33.727  -0.838 0.3000000119
89417  -35.454  32.831  8.907 0.3000000119
89401  -35.863  32.141  9.094 0.3000000119
88845  -37.035  31.432  9.395 0.3000000119
87513  -38.549  29.813  10.953 0.2000000030
93268  -33.883  41.452  10.070 0.2000000030
93269  -34.905  41.884  9.682 0.2000000030
93258  -35.919  42.273  10.176 0.2000000030
92814  -34.930  41.159  8.681 0.2000000030
92821  -33.885  39.880  8.173 0.2000000030
113199  -33.184  38.916  7.717 0.2000000030
92354  -33.158  38.142  7.214 0.2000000030
92345  -34.115  38.988  7.628 0.2000000030
91909  -33.196  37.418  6.504 0.2000000030
120481  -33.643  36.252  5.115 0.2000000030
91473  -33.575  36.126  4.425 0.2000000030
91929  -32.480  37.039  4.381 0.2000000030
91455  -34.093  36.882  6.485 0.3000000119
91923  -33.287  36.775  5.688 0.3000000119
90973  -34.007  35.591  4.080 0.3000000119
90991  -33.855  35.559  3.210 0.3000000119
91006  -33.644  35.454  2.361 0.2000000030
90957  -34.804  35.494  5.419 0.3000000119
91474  -34.124  35.755  4.909 0.3000000119
90992  -34.626  35.180  3.619 0.3000000119
103462  -34.773  34.975  2.049 0.3000000119
119649  -35.231  35.001  1.442 0.3000000119
91020  -35.294  34.875  0.656 0.3000000119
87512  -37.903  29.703  11.027 0.2000000030
88105  -39.366  29.820  11.076 0.4000000060
92812  -32.659  39.733  8.928 0.2000000030
92803  -32.268  39.670  9.575 0.2000000030
109823  -33.069  40.468  9.515 0.2000000030
92813  -33.690  40.634  8.979 0.2000000030
92336  -32.728  39.193  8.228 0.2000000030
92343  -31.735  38.220  7.756 0.2000000030
91908  -32.208  37.653  6.609 0.2000000030
116937  -33.076  36.619  4.797 0.2000000030
91472  -33.097  36.558  4.043 0.2000000030
101623  -32.483  37.283  5.897 0.2000000030
106875  -33.481  36.008  3.653 0.2000000030
91481  -33.264  35.883  2.838 0.2000000030
106185  -34.107  35.166  1.992 0.3000000119
91015  -34.446  35.123  1.259 0.3000000119
121509  -38.242  29.507  11.282 0.2000000030
92335  -31.720  38.688  8.682 0.2000000030
92324  -30.210  37.953  9.702 0.2000000030
91875  -29.864  37.641  9.051 0.2000000030
92334  -30.588  37.925  8.867 0.2000000030
92342  -30.834  37.764  7.998 0.2000000030
91928  -31.643  37.367  4.605 0.2000000030
91932  -32.765  37.080  3.625 0.2000000030
91934  -32.924  37.304  2.968 0.2000000030
91938  -32.752  37.364  2.242 0.2000000030
91921  -31.553  37.445  5.567 0.2000000030
91480  -33.114  36.517  3.313 0.2000000030
91490  -32.945  36.548  2.570 0.2000000030
91491  -33.020  35.889  1.873 0.2000000030
103336  -33.741  35.264  0.832 0.2000000030
91019  -34.301  34.960  0.384 0.3000000119
91882  -29.976  37.498  8.292 0.2000000030
92375  -32.764  38.151  2.362 0.2000000030
92359  -30.195  37.920  5.183 0.2000000030
91927  -30.809  37.695  4.860 0.2000000030
91931  -32.027  37.479  3.789 0.2000000030
92370  -32.681  37.761  3.064 0.2000000030
110319  -32.642  36.621  1.800 0.2000000030
91920  -30.602  37.701  5.661 0.2000000030
91881  -29.281  37.872  8.662 0.2000000030
92850  -32.640  39.205  2.237 0.2000000030
112670  -33.046  38.779  2.117 0.2000000030
93310  -29.880  40.061  4.242 0.2000000030
93319  -30.467  39.884  3.630 0.2000000030
93320  -31.221  40.105  3.118 0.2000000030
92847  -31.671  39.175  2.582 0.2000000030
92374  -32.485  38.488  2.430 0.2000000030
92364  -30.253  38.323  4.441 0.2000000030
92368  -30.675  38.470  3.681 0.2000000030
92846  -30.871  39.192  3.271 0.2000000030
92369  -31.572  38.262  3.155 0.2000000030
91013  -33.087  35.626  0.886 0.2000000030
93719  -31.378  41.143  3.417 0.2000000030
93328  -32.761  40.005  2.216 0.2000000030
93311  -30.581  40.649  3.803 0.2000000030
93327  -31.986  39.849  2.465 0.2000000030
93321  -32.039  40.640  2.746 0.2000000030
89948  -38.000  33.745  8.629 0.3000000119
88141  -39.115  31.075  9.591 0.4000000060
107933  -45.558  23.559  5.771 0.1000000015
83154  -35.008  22.121  3.223 0.1000000015
89418  -37.069  32.907  8.668 0.3000000119
113314  -35.815  33.378  8.716 0.3000000119
110361  -36.198  32.792  8.825 0.3000000119
89403  -37.572  32.072  9.042 0.3000000119
92330  -37.379  39.904  9.231 0.2000000030
91007  -34.332  35.247  2.678 0.2000000030
91922  -32.365  37.060  5.163 0.2000000030
92365  -30.993  37.773  3.959 0.2000000030
92843  -30.239  39.206  3.941 0.2000000030
83098  -33.577  20.814  11.635 0.1000000015
83099  -34.275  21.329  11.569 0.1000000015
83100  -35.084  21.651  11.569 0.1000000015
85845  -30.490  26.085  6.353 0.1000000015
86411  -31.546  27.218  6.337 0.1000000015
86412  -32.343  27.552  6.405 0.1000000015
85847  -32.286  26.545  6.585 0.1000000015
85342  -31.056  25.525  6.461 0.1000000015
85848  -33.216  26.258  6.828 0.1000000015
105305  -33.826  26.926  6.853 0.1000000015
86970  -33.065  27.949  6.451 0.1000000015
86413  -33.063  27.147  6.630 0.1000000015
86410  -30.672  27.001  6.141 0.1000000015
115238  -33.612  27.628  6.678 0.1000000015
86414  -34.297  27.665  6.835 0.1000000015
86972  -34.798  28.524  6.743 0.1000000015
86973  -35.560  29.025  6.653 0.1000000015
88137  -35.893  30.589  9.728 0.2000000030
88120  -36.697  30.158  10.082 0.2000000030
85854  -29.887  27.314  5.734 0.1000000015
112980  -31.034  27.734  6.013 0.1000000015
86422  -31.687  28.022  6.018 0.1000000015
86971  -33.825  28.416  6.499 0.1000000015
86421  -30.441  27.802  5.767 0.1000000015
86423  -32.490  28.281  6.014 0.1000000015
122025  -33.145  28.512  6.049 0.1000000015
86976  -29.872  28.206  5.218 0.1000000015
86977  -30.920  28.402  5.503 0.1000000015
87549  -32.224  29.308  4.933 0.1000000015
86980  -33.577  29.062  5.805 0.1000000015
86981  -34.410  29.129  6.147 0.1000000015
117795  -35.098  29.192  6.275 0.1000000015
87552  -35.659  29.377  5.875 0.2000000030
87544  -36.106  29.284  6.233 0.3000000119
88844  -35.433  31.428  9.378 0.2000000030
107956  -36.277  31.448  9.351 0.2000000030
88138  -36.669  30.830  9.625 0.2000000030
86428  -29.088  27.947  4.528 0.1000000015
86983  -29.739  28.534  4.200 0.1000000015
86984  -30.545  28.792  4.681 0.1000000015
87550  -33.216  29.561  4.960 0.1000000015
87551  -34.198  29.575  5.373 0.1000000015
87562  -35.720  29.701  5.146 0.2000000030
87553  -36.284  29.575  5.556 0.3000000119
105272  -33.964  30.419  9.793 0.1000000015
105843  -33.870  31.181  9.454 0.1000000015
121474  -34.648  31.490  9.347 0.1000000015
89400  -35.049  32.161  9.121 0.1000000015
85864  -27.961  27.126  3.313 0.1000000015
86435  -28.487  27.564  3.893 0.1000000015
85867  -27.450  26.687  2.745 0.1000000015
110097  -31.723  29.473  4.236 0.1000000015
87560  -33.395  30.063  4.029 0.2000000030
88199  -34.285  30.324  3.970 0.2000000030
107604  -34.001  29.928  4.659 0.2000000030
87561  -34.905  29.987  4.769 0.2000000030
88200  -35.089  30.436  3.987 0.2000000030
88135  -33.234  30.640  9.716 0.2000000030
89945  -35.155  33.615  8.690 0.2000000030
86439  -28.611  27.495  2.988 0.1000000015
86436  -29.108  28.065  3.578 0.1000000015
86988  -30.484  29.010  3.628 0.1000000015
86442  -28.812  27.196  2.104 0.2000000030
86987  -29.744  28.535  3.149 0.2000000030
87574  -30.899  29.310  2.804 0.2000000030
87566  -31.261  29.459  3.547 0.1000000015
112581  -31.966  29.828  3.466 0.1000000015
87559  -32.532  29.757  4.162 0.1000000015
86993  -29.913  28.336  2.205 0.2000000030
110599  -30.313  28.859  2.721 0.2000000030
115663  -33.670  30.526  3.097 0.2000000030
88209  -34.726  30.608  3.193 0.2000000030
88210  -35.665  30.493  3.406 0.2000000030
88230  -36.298  30.660  2.727 0.2000000030
103817  -34.139  31.994  9.076 0.1000000015
89943  -33.121  33.856  8.707 0.1000000015
89416  -34.483  32.891  8.799 0.2000000030
89415  -33.617  33.258  8.681 0.1000000015
89944  -34.145  33.931  8.579 0.1000000015
90441  -34.972  34.498  8.519 0.1000000015
86994  -30.679  28.872  1.981 0.2000000030
87575  -31.394  29.513  2.206 0.2000000030
87576  -32.146  30.039  2.567 0.2000000030
88226  -32.924  30.466  2.654 0.2000000030
88228  -34.346  30.856  2.191 0.2000000030
88229  -35.380  30.822  2.515 0.2000000030
101049  -36.058  30.999  1.939 0.2000000030
88251  -36.941  30.844  2.045 0.2000000030
90440  -34.254  34.910  8.458 0.1000000015
120944  -34.844  35.094  8.449 0.1000000015
91446  -35.105  36.750  8.675 0.1000000015
90942  -34.707  35.742  8.471 0.1000000015
86997  -31.019  28.373  1.218 0.2000000030
116313  -31.299  29.108  1.555 0.2000000030
87584  -31.917  29.714  1.466 0.2000000030
87583  -31.610  28.720  0.876 0.2000000030
88247  -32.719  30.410  1.878 0.2000000030
88227  -33.440  30.662  2.262 0.2000000030
88269  -32.584  30.250  0.892 0.2000000030
88249  -34.493  30.985  1.159 0.2000000030
88250  -36.015  30.968  1.093 0.2000000030
120948  -36.487  30.947  1.564 0.2000000030
88271  -34.706  30.914  0.260 0.2000000030
88273  -36.621  30.957  0.240 0.2000000030
117250  -36.915  30.900  1.188 0.2000000030
88274  -37.661  30.751  0.604 0.2000000030
88275  -38.599  30.581  0.444 0.2000000030
88276  -39.311  30.530  0.286 0.2000000030
91433  -32.113  37.154  11.300 0.1000000015
91437  -32.068  36.890  10.353 0.1000000015
91869  -32.638  38.151  11.793 0.1000000015
120446  -33.450  38.653  13.356 0.1000000015
92288  -33.767  39.468  13.729 0.1000000015
112200  -33.896  40.078  14.187 0.1000000015
111256  -34.425  40.177  14.675 0.1000000015
92709  -33.510  39.688  15.801 0.1000000015
90940  -32.648  35.140  8.778 0.1000000015
106620  -32.772  36.771  9.195 0.1000000015
92326  -33.261  38.741  10.429 0.1000000015
92319  -33.148  39.169  11.422 0.1000000015
91855  -33.411  39.330  13.083 0.1000000015
92758  -33.295  39.968  13.490 0.1000000015
92741  -33.303  39.756  14.197 0.1000000015
92725  -33.104  39.567  14.993 0.1000000015
109341  -33.437  36.538  8.805 0.1000000015
91877  -33.629  38.481  9.704 0.1000000015
91442  -34.378  37.159  8.857 0.1000000015
91878  -34.771  38.421  9.232 0.1000000015
108172  -35.162  30.708  -0.552 0.2000000030
88289  -36.056  30.845  -0.578 0.1000000015
115666  -36.813  30.938  -0.598 0.2000000030
88272  -35.626  30.965  0.226 0.2000000030
102513  -37.318  30.924  -0.206 0.2000000030
100919  -38.341  30.837  -0.867 0.2000000030
88291  -38.840  30.623  -0.324 0.2000000030
88292  -39.686  30.573  -0.342 0.2000000030
92310  -33.232  39.335  12.377 0.1000000015
92311  -33.494  40.411  12.117 0.1000000015
106194  -33.261  40.575  12.794 0.1000000015
92740  -32.251  39.145  13.981 0.1000000015
92273  -32.304  39.059  14.743 0.1000000015
92327  -33.936  39.588  10.373 0.1000000015
92320  -33.755  40.314  11.193 0.1000000015
92329  -36.017  39.880  9.513 0.1000000015
92328  -34.697  39.728  9.934 0.1000000015
88302  -34.714  29.986  -1.261 0.1000000015
88303  -35.542  30.398  -1.379 0.1000000015
88288  -34.349  30.463  -0.517 0.1000000015
88304  -36.522  30.708  -1.458 0.1000000015
88290  -38.042  30.824  -0.230 0.2000000030
100917  -40.089  30.640  -1.091 0.2000000030
93245  -33.727  41.940  11.672 0.1000000015
92796  -34.313  41.907  11.647 0.1000000015
92784  -33.309  41.217  11.548 0.1000000015
109586  -35.685  41.175  10.177 0.1000000015
92805  -34.622  41.055  10.792 0.1000000015
101664  -37.520  30.959  -0.983 0.1000000015
88305  -38.204  30.868  -1.599 0.1000000015
100918  -39.105  30.731  -1.171 0.1000000015
100916  -40.947  30.524  -1.137 0.2000000030
93256  -33.827  42.109  11.150 0.1000000015
92795  -33.096  41.265  11.530 0.1000000015
115325  -34.354  42.176  11.368 0.1000000015
92782  -32.181  40.108  11.569 0.1000000015
106699  -36.186  41.963  10.186 0.1000000015
92794  -31.968  39.776  10.593 0.1000000015
92317  -29.912  37.912  10.650 0.1000000015
92768  -28.645  38.609  12.564 0.1000000015
93259  -36.617  41.773  9.795 0.1000000015
92323  -29.248  37.862  9.688 0.1000000015
92322  -28.355  38.419  10.044 0.1000000015
92793  -28.080  39.058  10.693 0.1000000015
93234  -28.208  40.022  11.702 0.1000000015
93222  -28.417  40.435  12.423 0.1000000015
92333  -28.529  38.347  9.044 0.1000000015
92802  -28.043  39.154  9.251 0.1000000015
117214  -28.014  39.336  9.966 0.1000000015
121518  -40.502  30.787  -1.722 0.1000000015
93982  -29.375  42.293  15.018 0.1000000015
108500  -29.080  41.993  14.155 0.1000000015
93991  -29.138  42.695  13.511 0.1000000015
93639  -28.902  42.489  12.545 0.1000000015
93626  -28.778  41.758  13.332 0.1000000015
117163  -30.813  38.674  10.325 0.1000000015
94010  -28.791  42.710  11.571 0.1000000015
92325  -31.214  38.774  9.597 0.1000000015
93244  -28.061  40.137  10.410 0.1000000015
105513  -28.508  42.066  10.153 0.1000000015
92820  -28.362  38.986  7.621 0.1000000015
93267  -28.083  40.019  8.626 0.1000000015
93675  -28.342  41.148  8.920 0.1000000015
93676  -28.765  41.800  8.165 0.1000000015
91894  -30.955  37.701  7.114 0.1000000015
91893  -30.098  37.559  7.354 0.1000000015
93289  -28.442  39.569  7.175 0.1000000015
93281  -28.616  40.466  7.068 0.1000000015
93685  -28.918  41.492  7.336 0.1000000015
94046  -29.168  42.398  7.538 0.1000000015
101130  -38.884  30.885  -2.138 0.1000000015
115467  -39.774  30.919  -1.875 0.1000000015
94376  -29.857  44.037  15.800 0.1000000015
94383  -29.659  43.998  14.765 0.1000000015
95177  -30.097  46.817  15.906 0.1000000015
107655  -29.727  47.165  14.384 0.1000000015
95193  -29.740  45.615  13.965 0.1000000015
102690  -29.567  44.406  13.218 0.1000000015
94388  -29.419  43.635  13.805 0.1000000015
94394  -29.399  43.962  12.468 0.1000000015
101978  -29.308  43.397  12.916 0.1000000015
106662  -29.166  43.360  12.060 0.1000000015
94009  -28.633  41.996  11.872 0.1000000015
95201  -29.607  45.486  12.898 0.1000000015
103185  -29.248  44.278  11.710 0.1000000015
102507  -29.143  44.257  10.782 0.1000000015
94402  -29.007  43.483  11.186 0.1000000015
94023  -28.688  42.822  10.698 0.1000000015
94033  -28.729  42.953  9.854 0.1000000015
94433  -29.434  43.208  7.771 0.1000000015
94434  -30.147  43.558  7.414 0.1000000015
101993  -28.841  42.940  9.069 0.1000000015
94435  -30.989  43.988  7.168 0.1000000015
91892  -29.316  37.852  7.651 0.1000000015
92353  -29.027  38.283  6.848 0.1000000015
94444  -30.524  43.266  6.735 0.1000000015
91906  -30.315  37.664  6.480 0.1000000015
102767  -29.304  38.205  6.258 0.1000000015
92830  -28.973  38.882  6.156 0.1000000015
93704  -29.374  40.933  5.792 0.1000000015
94054  -29.437  42.081  6.786 0.1000000015
94445  -31.385  43.598  6.456 0.1000000015
94823  -31.882  44.302  6.813 0.1000000015
92363  -29.710  38.390  5.177 0.1000000015
87624  -37.096  30.040  -2.891 0.1000000015
88314  -37.979  30.597  -2.527 0.1000000015
88324  -37.732  29.914  -3.331 0.1000000015
88315  -39.599  30.930  -2.685 0.1000000015
88306  -40.412  30.933  -2.468 0.1000000015
88326  -40.788  30.751  -4.004 0.1000000015
88327  -41.669  30.780  -3.975 0.1000000015
109604  -29.676  46.730  13.350 0.1000000015
94770  -29.424  44.645  12.487 0.1000000015
118775  -29.202  44.243  10.066 0.1000000015
94413  -29.003  43.565  10.335 0.1000000015
94419  -29.155  43.764  9.437 0.1000000015
94425  -29.258  43.520  8.536 0.1000000015
94426  -29.838  43.916  8.050 0.1000000015
94811  -30.898  44.736  7.646 0.1000000015
94797  -29.399  44.732  9.592 0.1000000015
94803  -29.604  44.506  8.771 0.1000000015
94804  -30.239  44.684  8.135 0.1000000015
94812  -31.512  44.687  7.283 0.1000000015
94824  -32.816  44.873  6.514 0.1000000015
92842  -29.741  39.138  4.640 0.1000000015
93705  -29.974  41.380  5.275 0.1000000015
93706  -30.552  42.189  5.521 0.1000000015
94056  -30.927  42.928  6.038 0.1000000015
94446  -32.262  43.898  6.168 0.1000000015
94834  -33.038  44.297  5.700 0.1000000015
94064  -31.231  42.749  5.352 0.1000000015
94457  -32.482  43.539  5.407 0.1000000015
87623  -36.418  29.011  -2.732 0.1000000015
87637  -37.207  28.769  -3.247 0.1000000015
101267  -38.643  30.481  -3.231 0.1000000015
87638  -38.163  29.078  -3.793 0.1000000015
87639  -39.061  29.944  -3.981 0.1000000015
88325  -39.494  30.650  -3.441 0.1000000015
87027  -38.437  27.830  -3.958 0.1000000015
87650  -38.902  28.967  -4.440 0.1000000015
88338  -39.924  30.496  -4.050 0.1000000015
110875  -39.503  28.884  -4.827 0.1000000015
87651  -39.624  29.715  -4.610 0.1000000015
90524  -46.184  35.889  -3.034 0.3000000119
90036  -47.658  34.846  -3.051 0.4000000060
87037  -40.033  28.007  -4.959 0.1000000015
87666  -40.211  29.320  -5.079 0.1000000015
87652  -40.484  30.206  -4.683 0.1000000015
118332  -44.643  35.566  -4.117 0.3000000119
90528  -46.166  35.252  -3.558 0.3000000119
90529  -47.034  34.580  -3.546 0.2000000030
90532  -44.577  35.106  -4.482 0.3000000119
90042  -45.253  34.660  -4.322 0.3000000119
90043  -46.011  33.801  -4.288 0.3000000119
116372  -47.089  33.601  -4.192 0.3000000119
119604  -45.060  33.550  -4.897 0.3000000119
89510  -45.473  32.599  -5.233 0.3000000119
112083  -46.514  32.640  -4.839 0.3000000119
104680  -47.549  32.641  -4.440 0.2000000030
89509  -44.412  32.833  -5.644 0.3000000119
88923  -46.240  31.404  -5.788 0.3000000119
119798  -45.538  27.837  -7.144 0.2000000030
87684  -45.712  28.132  -7.071 0.3000000119
95683  -29.385  48.092  13.774 0.1000000015
114663  -29.468  46.529  12.384 0.1000000015
104505  -29.259  45.377  12.018 0.1000000015
94777  -29.195  45.221  11.133 0.1000000015
94789  -29.301  45.001  10.313 0.1000000015
95259  -32.924  45.525  7.143 0.1000000015
95260  -33.680  45.729  6.932 0.1000000015
94825  -33.979  45.257  6.043 0.1000000015
118170  -30.559  41.673  4.838 0.1000000015
120903  -31.787  42.452  4.388 0.1000000015
94065  -31.956  42.821  4.958 0.1000000015
94458  -33.135  43.789  5.096 0.1000000015
94835  -33.748  44.359  5.171 0.1000000015
90496  -36.546  34.317  -0.363 0.2000000030
91036  -35.953  35.605  -3.423 0.1000000015
87025  -37.086  27.232  -2.767 0.1000000015
87026  -37.716  27.556  -3.438 0.1000000015
90516  -37.954  34.894  -3.347 0.1000000015
90508  -40.146  34.199  -2.873 0.2000000030
90519  -40.516  34.559  -3.716 0.2000000030
90509  -41.063  34.246  -2.918 0.2000000030
90510  -42.040  34.254  -3.061 0.4000000060
105401  -38.388  35.423  -4.093 0.1000000015
90517  -38.774  34.699  -3.447 0.1000000015
90520  -41.488  34.675  -3.780 0.2000000030
91040  -40.021  35.214  -4.198 0.1000000015
91041  -40.951  35.256  -4.351 0.2000000030
91042  -41.976  35.455  -4.370 0.3000000119
90521  -42.640  34.941  -3.797 0.4000000060
90512  -45.167  35.366  -2.854 0.4000000060
114007  -43.596  34.955  -3.593 0.4000000060
90523  -45.450  35.666  -3.181 0.3000000119
90514  -46.674  35.621  -2.884 0.4000000060
87036  -39.138  27.944  -4.510 0.1000000015
120426  -42.882  35.749  -4.417 0.3000000119
91043  -43.604  35.543  -4.114 0.3000000119
90522  -44.489  35.396  -3.557 0.4000000060
91051  -43.357  36.484  -4.752 0.2000000030
91044  -44.966  35.543  -3.717 0.3000000119
91052  -43.635  36.523  -5.042 0.3000000119
104349  -43.882  34.803  -5.268 0.3000000119
88922  -45.052  31.638  -6.073 0.3000000119
87062  -45.195  27.843  -7.117 0.2000000030
88370  -45.226  29.485  -6.937 0.3000000119
88938  -45.707  30.354  -6.565 0.3000000119
95273  -35.018  45.597  6.077 0.1000000015
94073  -31.711  42.065  3.820 0.1000000015
94465  -32.715  43.302  4.620 0.1000000015
94466  -33.559  43.746  4.378 0.1000000015
94844  -34.240  44.243  4.671 0.1000000015
94836  -34.784  44.862  5.289 0.1000000015
94082  -32.548  42.425  3.328 0.1000000015
94075  -33.008  43.114  3.760 0.1000000015
100597  -33.820  43.400  3.461 0.1000000015
94467  -34.515  43.892  4.006 0.1000000015
94459  -34.919  44.389  4.594 0.1000000015
115204  -32.469  35.705  -0.020 0.1000000015
91018  -33.366  35.186  0.157 0.1000000015
91024  -33.184  35.403  -0.716 0.1000000015
91025  -34.118  35.037  -0.430 0.1000000015
90495  -35.738  34.534  -0.073 0.2000000030
115430  -37.182  34.019  -0.953 0.2000000030
90003  -38.808  33.559  -1.120 0.3000000119
105372  -39.556  33.499  -1.374 0.3000000119
91520  -35.269  35.900  -3.443 0.1000000015
91033  -36.384  35.126  -2.898 0.1000000015
90506  -38.349  34.308  -2.475 0.2000000030
90502  -39.017  33.874  -1.903 0.2000000030
91037  -36.705  35.740  -3.774 0.1000000015
91034  -37.174  35.100  -3.131 0.2000000030
90507  -39.274  34.238  -2.730 0.1000000015
90012  -39.807  33.754  -2.157 0.2000000030
91038  -37.556  35.624  -4.078 0.1000000015
91039  -39.193  35.308  -4.044 0.1000000015
90025  -43.389  33.890  -2.522 0.4000000060
90026  -45.502  34.839  -2.459 0.4000000060
91046  -38.099  36.402  -4.380 0.1000000015
91047  -38.888  36.253  -4.262 0.1000000015
91048  -39.648  36.140  -4.320 0.1000000015
91049  -40.493  36.180  -4.467 0.1000000015
86486  -39.321  27.146  -4.760 0.1000000015
111470  -41.477  36.347  -4.533 0.1000000015
91050  -42.527  36.537  -4.552 0.2000000030
91530  -43.672  37.585  -4.852 0.3000000119
91053  -44.009  35.598  -4.701 0.3000000119
91057  -43.668  36.653  -5.927 0.3000000119
86493  -42.127  27.387  -6.114 0.2000000030
90531  -43.481  35.675  -5.592 0.3000000119
90051  -43.698  33.723  -5.819 0.3000000119
87045  -42.719  28.081  -6.060 0.2000000030
86501  -43.095  27.032  -6.379 0.2000000030
88937  -44.628  30.828  -6.602 0.3000000119
87054  -44.661  27.419  -7.104 0.2000000030
88369  -44.040  30.150  -6.902 0.3000000119
95261  -34.707  46.107  6.804 0.1000000015
95245  -34.402  46.792  7.519 0.1000000015
95262  -35.907  46.498  6.578 0.1000000015
95274  -36.254  45.658  5.715 0.1000000015
94837  -35.817  44.877  4.820 0.1000000015
93720  -32.234  41.574  3.038 0.1000000015
93721  -33.106  41.886  2.650 0.1000000015
94476  -34.672  43.411  3.203 0.1000000015
117482  -35.218  43.821  3.605 0.1000000015
94468  -35.502  44.314  4.125 0.1000000015
93329  -33.744  40.102  2.116 0.1000000015
93730  -33.885  41.032  2.234 0.1000000015
94090  -34.182  42.078  2.411 0.1000000015
94091  -35.073  42.738  2.458 0.1000000015
113526  -35.585  43.420  3.039 0.1000000015
94477  -36.094  44.073  3.552 0.1000000015
91946  -32.267  37.193  1.215 0.1000000015
92389  -32.434  38.197  0.811 0.1000000015
91506  -32.156  36.544  0.325 0.1000000015
91508  -32.128  36.500  -0.565 0.1000000015
91023  -32.463  35.859  -1.074 0.1000000015
90499  -35.604  34.256  -0.814 0.2000000030
90501  -38.333  33.890  -1.620 0.2000000030
91511  -32.720  36.208  -1.895 0.1000000015
102822  -34.009  35.338  -1.319 0.1000000015
100438  -34.811  34.721  -1.053 0.1000000015
90500  -36.436  34.217  -1.451 0.2000000030
107599  -37.527  34.135  -1.743 0.2000000030
91956  -33.281  37.261  -3.289 0.1000000015
91515  -33.746  36.040  -2.863 0.1000000015
91516  -34.522  35.581  -2.867 0.1000000015
106277  -35.472  35.186  -2.676 0.1000000015
90505  -37.577  34.559  -2.593 0.2000000030
91957  -33.998  37.239  -3.743 0.1000000015
110972  -35.330  36.759  -3.849 0.1000000015
92412  -34.484  38.175  -3.863 0.1000000015
91959  -35.919  37.673  -4.058 0.1000000015
91521  -36.160  36.619  -3.952 0.1000000015
91960  -36.808  37.798  -4.261 0.1000000015
91963  -37.622  38.135  -4.303 0.1000000015
91524  -37.995  37.440  -4.356 0.1000000015
91525  -38.662  37.309  -4.324 0.1000000015
91526  -39.409  37.122  -4.301 0.1000000015
91964  -38.369  38.369  -4.386 0.1000000015
91527  -40.972  37.483  -4.370 0.1000000015
108861  -40.015  37.753  -4.452 0.1000000015
91966  -40.756  38.159  -4.575 0.1000000015
91528  -42.159  37.569  -4.415 0.1000000015
91529  -43.151  37.649  -4.473 0.2000000030
86487  -40.189  26.970  -5.308 0.1000000015
91967  -41.758  38.124  -4.460 0.1000000015
91972  -43.249  38.237  -4.859 0.1000000015
85904  -39.276  26.458  -5.296 0.1000000015
91973  -43.847  38.014  -5.396 0.3000000119
86492  -41.261  27.041  -5.838 0.1000000015
91533  -43.865  37.394  -5.728 0.3000000119
90536  -43.198  34.508  -6.010 0.3000000119
90535  -42.737  35.103  -6.360 0.3000000119
86500  -42.199  26.668  -6.397 0.2000000030
87053  -43.791  27.463  -6.574 0.2000000030
104445  -43.338  32.010  -6.419 0.3000000119
86502  -44.150  26.776  -6.915 0.1000000015
87061  -44.569  27.673  -7.403 0.2000000030
87683  -44.715  28.868  -7.205 0.3000000119
87695  -44.140  28.603  -7.468 0.3000000119
95763  -37.464  46.781  6.344 0.1000000015
94845  -36.887  44.830  4.179 0.1000000015
94854  -37.166  44.425  3.314 0.1000000015
92376  -33.363  39.119  1.892 0.1000000015
92852  -34.215  39.860  1.925 0.1000000015
93330  -34.619  40.210  2.135 0.1000000015
103143  -35.220  41.713  2.216 0.1000000015
101472  -36.610  43.600  2.974 0.1000000015
92858  -34.006  39.783  1.559 0.1000000015
92853  -34.793  40.114  2.089 0.1000000015
92865  -33.691  39.794  0.867 0.1000000015
91952  -32.113  37.375  -0.995 0.1000000015
92400  -32.147  38.226  -0.370 0.1000000015
92404  -32.242  38.364  -1.525 0.1000000015
91954  -32.658  37.350  -2.666 0.1000000015
121997  -32.369  38.949  -2.244 0.1000000015
92407  -33.031  38.256  -3.202 0.1000000015
111380  -33.700  37.935  -3.656 0.1000000015
92413  -35.593  38.571  -3.960 0.1000000015
110627  -36.554  38.615  -4.090 0.1000000015
92421  -37.822  39.004  -4.353 0.1000000015
91965  -39.158  38.046  -4.468 0.1000000015
120020  -38.312  38.901  -4.529 0.1000000015
117414  -38.803  38.671  -4.656 0.1000000015
92423  -39.719  38.323  -4.738 0.1000000015
91970  -41.356  38.303  -4.651 0.1000000015
91971  -42.254  38.321  -4.700 0.2000000030
102165  -39.183  25.965  -6.026 0.1000000015
92434  -42.701  38.328  -5.791 0.2000000030
92446  -43.328  38.309  -6.967 0.2000000030
91979  -43.956  38.050  -6.374 0.2000000030
85905  -40.611  26.511  -6.018 0.1000000015
85906  -41.411  26.541  -6.388 0.1000000015
91536  -44.005  37.027  -6.717 0.2000000030
91056  -43.317  36.187  -6.582 0.3000000119
85913  -41.068  26.250  -6.744 0.1000000015
85914  -42.126  26.089  -6.766 0.1000000015
85915  -43.333  26.082  -6.759 0.1000000015
90058  -42.772  33.465  -6.417 0.3000000119
89520  -43.518  32.750  -6.279 0.3000000119
85916  -44.300  26.165  -7.512 0.1000000015
86508  -44.622  26.989  -7.428 0.1000000015
87682  -43.477  29.664  -7.246 0.3000000119
87060  -43.736  28.328  -7.827 0.3000000119
87694  -43.029  29.291  -7.657 0.3000000119
95285  -37.006  45.440  4.976 0.1000000015
94478  -37.722  43.879  2.906 0.1000000015
93731  -34.903  40.923  2.194 0.1000000015
93732  -35.821  40.944  2.155 0.1000000015
94485  -36.195  42.849  2.453 0.1000000015
92867  -35.015  40.285  1.318 0.1000000015
93331  -35.198  40.311  2.082 0.1000000015
93332  -35.955  40.752  1.905 0.1000000015
94092  -36.056  41.864  2.226 0.1000000015
94093  -37.016  42.009  2.288 0.1000000015
94486  -37.290  43.026  2.482 0.1000000015
92864  -32.685  39.131  0.292 0.1000000015
92879  -33.076  39.950  0.202 0.1000000015
104942  -32.333  38.984  -0.809 0.1000000015
92888  -32.326  39.491  -1.669 0.1000000015
92896  -32.484  39.654  -2.534 0.1000000015
92410  -33.108  39.186  -3.336 0.1000000015
92904  -32.846  39.803  -3.120 0.1000000015
92411  -33.914  38.904  -3.695 0.1000000015
92905  -33.664  39.868  -3.531 0.1000000015
92906  -34.777  39.750  -3.794 0.1000000015
92907  -35.594  39.438  -4.002 0.1000000015
92908  -36.319  39.205  -4.122 0.1000000015
92420  -37.034  39.145  -4.274 0.1000000015
92431  -38.203  39.064  -4.849 0.1000000015
92422  -39.325  38.673  -5.074 0.1000000015
111337  -40.468  38.411  -4.878 0.1000000015
92433  -41.484  38.357  -5.642 0.1000000015
118261  -43.667  38.095  -7.501 0.2000000030
91541  -43.708  36.890  -7.363 0.2000000030
91061  -42.959  36.428  -7.329 0.2000000030
85923  -41.867  25.867  -7.310 0.1000000015
91055  -42.328  35.579  -6.946 0.2000000030
90057  -41.803  33.691  -6.621 0.3000000119
85390  -42.770  25.640  -7.179 0.1000000015
121820  -44.207  25.606  -7.951 0.1000000015
89518  -41.793  32.833  -6.696 0.3000000119
88934  -41.906  31.945  -6.893 0.3000000119
86515  -44.529  26.581  -8.043 0.1000000015
87067  -44.310  27.416  -7.869 0.1000000015
88368  -42.970  30.621  -6.862 0.3000000119
87703  -42.768  28.966  -8.379 0.2000000030
95286  -38.243  45.601  4.749 0.1000000015
94846  -38.354  45.036  4.096 0.1000000015
94094  -38.538  42.621  2.058 0.1000000015
94487  -38.617  43.289  2.538 0.1000000015
93337  -35.500  40.881  1.038 0.1000000015
93338  -36.266  41.025  1.458 0.1000000015
93733  -36.606  41.421  2.112 0.1000000015
93335  -33.864  40.277  0.791 0.1000000015
93336  -34.623  40.639  0.959 0.1000000015
92878  -32.490  39.720  -0.654 0.1000000015
93341  -33.163  40.660  0.009 0.1000000015
93340  -32.672  40.348  -0.515 0.1000000015
93344  -32.451  40.353  -1.356 0.1000000015
93348  -32.495  40.324  -2.181 0.1000000015
93349  -32.903  40.986  -2.614 0.1000000015
93355  -34.344  40.491  -3.872 0.1000000015
93354  -33.322  40.702  -3.286 0.1000000015
117362  -36.013  39.548  -4.334 0.1000000015
92919  -36.597  39.434  -4.476 0.1000000015
92920  -37.290  39.286  -4.641 0.1000000015
92929  -37.328  39.341  -5.331 0.1000000015
92930  -37.935  39.162  -5.738 0.1000000015
92432  -38.662  38.937  -5.749 0.1000000015
103661  -40.281  38.428  -5.993 0.1000000015
92445  -42.465  38.412  -7.139 0.1000000015
91987  -43.009  38.079  -8.450 0.2000000030
105831  -43.222  37.213  -8.050 0.2000000030
90534  -41.821  34.506  -6.794 0.2000000030
106700  -41.071  33.354  -7.124 0.2000000030
89530  -41.180  32.423  -7.311 0.2000000030
88952  -42.100  31.029  -7.087 0.3000000119
88381  -42.455  30.139  -7.334 0.3000000119
87693  -42.257  29.777  -7.893 0.3000000119
95287  -38.527  45.774  4.565 0.1000000015
94847  -38.338  44.983  3.873 0.1000000015
94479  -38.765  44.102  2.951 0.1000000015
122198  -37.288  41.780  1.833 0.1000000015
93745  -36.231  41.477  1.034 0.1000000015
93734  -37.418  41.910  2.036 0.1000000015
93743  -33.791  41.091  0.599 0.1000000015
93744  -34.675  41.413  0.793 0.1000000015
94111  -34.791  42.359  0.466 0.1000000015
93749  -33.901  42.008  0.145 0.1000000015
93751  -32.875  41.770  -1.417 0.1000000015
93750  -32.631  41.060  -1.843 0.1000000015
94121  -33.205  42.570  -1.936 0.1000000015
93754  -33.014  41.785  -2.347 0.1000000015
93357  -33.910  41.322  -3.858 0.1000000015
93756  -33.368  41.754  -3.243 0.1000000015
93358  -34.548  40.738  -4.358 0.1000000015
90061  -40.485  33.848  -7.727 0.2000000030
89529  -40.639  32.965  -7.882 0.2000000030
91060  -42.012  36.224  -7.659 0.2000000030
118469  -41.028  34.209  -7.220 0.2000000030
88951  -41.451  31.574  -7.607 0.2000000030
88380  -41.758  30.605  -7.925 0.2000000030
94856  -38.057  44.313  3.037 0.1000000015
94104  -37.893  42.244  1.825 0.1000000015
94095  -39.759  43.395  2.317 0.1000000015
93746  -37.065  41.730  1.530 0.1000000015
94114  -38.020  42.423  1.325 0.1000000015
90063  -40.438  33.607  -8.490 0.2000000030
89549  -40.708  32.886  -8.637 0.2000000030
120943  -41.234  31.947  -8.920 0.2000000030
88963  -41.407  31.459  -8.544 0.2000000030
88390  -41.678  30.744  -9.005 0.1000000015
87702  -42.031  29.893  -8.622 0.1000000015
87713  -42.564  29.194  -9.476 0.1000000015
90546  -40.179  34.272  -9.227 0.1000000015
90065  -41.040  33.053  -9.935 0.1000000015
89561  -41.514  32.343  -10.104 0.1000000015
88973  -41.490  31.604  -9.512 0.1000000015
87712  -42.088  30.166  -9.418 0.1000000015
88398  -42.517  29.983  -10.046 0.1000000015
90566  -40.531  34.793  -11.087 0.1000000015
91095  -41.185  35.263  -11.940 0.1000000015
88982  -41.957  31.538  -10.296 0.1000000015
88405  -41.891  30.768  -9.889 0.1000000015
116558  -37.432  34.137  -0.165 0.3000000119
88139  -37.413  30.607  9.823 0.2000000030
90491  -36.269  34.736  0.556 0.2000000030
93257  -34.730  42.327  10.708 0.1000000015
92797  -35.183  42.143  10.826 0.1000000015
92344  -32.430  38.290  7.481 0.1000000015
91026  -34.940  34.504  -0.240 0.2000000030
91895  -31.690  37.834  7.053 0.1000000015
91907  -31.182  37.635  6.349 0.1000000015
92379  -32.815  38.197  1.762 0.1000000015
91500  -32.470  36.205  1.029 0.1000000015
92341  -28.676  38.371  8.138 0.1000000015
92851  -33.381  39.331  2.071 0.1000000015
93712  -30.919  41.479  4.180 0.1000000015
93729  -32.904  40.934  2.389 0.1000000015
93711  -30.150  40.999  4.494 0.1000000015
85846  -31.313  26.342  6.473 0.1000000015
85853  -29.312  26.695  5.782 0.1000000015
86978  -31.891  28.695  5.504 0.1000000015
86979  -32.741  28.938  5.550 0.1000000015
87558  -31.375  29.032  4.907 0.1000000015
102755  -35.048  29.514  5.616 0.2000000030
116956  -31.070  29.182  4.221 0.1000000015
88843  -33.255  31.849  9.223 0.1000000015
86440  -29.256  27.886  2.607 0.2000000030
86443  -29.477  27.525  1.688 0.2000000030
87567  -32.740  30.217  3.349 0.2000000030
104614  -31.505  29.697  2.905 0.2000000030
90439  -33.370  34.637  8.584 0.1000000015
101576  -35.239  30.995  1.634 0.2000000030
90941  -33.563  35.620  8.553 0.1000000015
91445  -34.184  36.343  8.591 0.1000000015
87590  -32.091  29.335  0.418 0.2000000030
88248  -33.515  30.753  1.358 0.2000000030
102729  -33.925  30.809  0.508 0.2000000030
105654  -35.211  31.006  0.883 0.2000000030
91428  -32.348  37.324  12.224 0.1000000015
91427  -31.733  36.512  11.886 0.1000000015
91872  -32.595  37.890  10.728 0.1000000015
91876  -32.705  37.507  9.730 0.1000000015
91864  -32.852  38.322  12.544 0.1000000015
92742  -34.038  40.310  14.868 0.1000000015
92726  -34.849  40.539  15.949 0.1000000015
90937  -32.680  35.983  8.951 0.1000000015
113182  -33.475  37.450  9.167 0.1000000015
92301  -33.420  40.389  12.823 0.1000000015
92255  -32.226  38.870  15.717 0.1000000015
92804  -33.064  40.778  10.427 0.1000000015
92316  -28.985  37.934  10.576 0.1000000015
92308  -30.260  38.162  11.590 0.1000000015
92755  -28.861  38.711  13.360 0.1000000015
118066  -28.718  38.276  11.822 0.1000000015
92781  -28.247  38.979  11.612 0.1000000015
104703  -28.343  39.497  12.295 0.1000000015
92315  -28.530  38.325  11.034 0.1000000015
109653  -28.119  39.701  11.099 0.1000000015
118913  -28.237  40.458  11.088 0.1000000015
93649  -28.461  41.123  11.616 0.1000000015
93625  -28.577  40.755  13.211 0.1000000015
93638  -28.600  41.454  12.520 0.1000000015
92811  -28.163  39.050  8.394 0.1000000015
93255  -28.029  40.156  9.496 0.1000000015
114791  -29.582  43.202  15.177 0.1000000015
93985  -29.351  42.952  14.379 0.1000000015
93665  -28.255  41.110  9.847 0.1000000015
94022  -28.572  42.017  11.090 0.1000000015
93658  -28.355  41.193  10.686 0.1000000015
94032  -28.615  42.401  9.480 0.1000000015
118387  -28.472  41.796  9.457 0.1000000015
115912  -28.741  38.443  7.431 0.1000000015
93280  -28.248  39.810  7.790 0.1000000015
93684  -28.484  40.814  7.983 0.1000000015
94039  -28.648  42.153  8.896 0.1000000015
94040  -28.965  42.707  8.304 0.1000000015
92358  -29.795  37.899  5.860 0.1000000015
91905  -29.590  37.812  6.731 0.1000000015
93290  -28.693  39.680  6.524 0.1000000015
111968  -28.962  40.473  6.319 0.1000000015
93694  -29.130  41.232  6.539 0.1000000015
95167  -29.780  46.871  16.615 0.1000000015
92837  -29.322  39.056  5.344 0.1000000015
93300  -29.110  39.926  5.689 0.1000000015
93309  -29.480  39.752  4.948 0.1000000015
93695  -29.780  41.731  6.059 0.1000000015
93301  -29.579  40.550  5.016 0.1000000015
94055  -30.148  42.524  6.360 0.1000000015
101771  -31.221  42.243  4.698 0.1000000015
112246  -44.038  35.600  -4.319 0.3000000119
110974  -29.436  45.577  9.889 0.1000000015
94074  -32.290  42.679  4.134 0.1000000015
90511  -43.048  34.323  -3.167 0.4000000060
121143  -44.915  35.474  -3.146 0.4000000060
89521  -44.069  31.876  -6.234 0.3000000119
94083  -33.412  42.715  3.037 0.1000000015
91030  -36.121  34.713  -2.211 0.2000000030
91522  -37.262  36.820  -4.314 0.1000000015
94084  -34.170  42.949  2.863 0.1000000015
91949  -32.049  37.326  0.058 0.1000000015
92390  -33.277  39.015  1.296 0.1000000015
91513  -32.485  36.760  -2.159 0.1000000015
91029  -35.519  34.674  -1.697 0.2000000030
91032  -33.890  35.592  -2.198 0.1000000015
91514  -33.042  36.547  -2.672 0.1000000015
100539  -34.718  35.196  -1.977 0.1000000015
112296  -34.940  39.031  -3.809 0.1000000015
88936  -43.609  31.200  -6.563 0.3000000119
89519  -42.681  32.438  -6.550 0.3000000119
92866  -34.430  40.120  1.250 0.1000000015
92859  -34.712  40.000  1.695 0.1000000015
92854  -35.218  40.220  1.805 0.1000000015
92453  -43.233  38.204  -8.022 0.1000000015
102429  -42.439  34.254  -6.416 0.3000000119
88935  -42.729  31.546  -6.648 0.3000000119
116795  -35.575  40.571  1.472 0.1000000015
90540  -41.339  35.137  -7.280 0.2000000030
106049  -35.465  41.627  0.837 0.1000000015
91540  -42.337  37.529  -8.512 0.2000000030
94113  -36.902  42.205  0.951 0.1000000015
94125  -33.403  42.547  -2.882 0.1000000015
107831  -40.641  33.315  -9.261 0.2000000030
89550  -41.045  32.466  -9.244 0.1000000015
90552  -40.165  34.462  -10.234 0.1000000015
84312  -37.539  23.262  5.203 0.1000000015
87509  -35.722  29.398  10.927 0.1000000015
88117  -33.502  29.814  10.175 0.1000000015
110987  -34.892  29.386  10.829 0.1000000015
88119  -35.299  29.920  10.223 0.1000000015
87510  -36.639  29.509  10.913 0.1000000015
87497  -37.847  29.191  11.507 0.1000000015
88134  -32.558  30.952  9.572 0.1000000015
88133  -31.754  30.984  9.565 0.1000000015
88136  -34.785  30.689  9.695 0.1000000015
88121  -37.364  29.898  10.549 0.1000000015
118609  -36.069  29.862  10.332 0.1000000015
88118  -34.432  29.881  10.190 0.1000000015
81101  -39.576  18.219  7.772 0.1000000015
80405  -39.107  17.851  7.256 0.1000000015
118003  -40.508  18.464  8.848 0.1000000015
81105  -39.808  18.303  6.827 0.1000000015
116575  -41.100  18.758  8.380 0.1000000015
80408  -39.200  17.787  6.351 0.1000000015
81102  -40.330  18.559  7.825 0.1000000015
80411  -39.378  17.584  5.566 0.1000000015
79753  -39.358  16.583  4.407 0.1000000015
81111  -39.804  18.154  5.930 0.1000000015
80419  -39.640  17.333  4.815 0.1000000015
109349  -40.300  18.468  6.212 0.1000000015
80412  -40.006  17.925  5.222 0.1000000015
81112  -40.424  18.421  5.569 0.1000000015
80420  -40.205  17.697  4.569 0.1000000015
81107  -41.168  19.153  6.598 0.1000000015
79754  -40.072  17.074  4.078 0.1000000015
115149  -41.240  19.162  5.931 0.1000000015
79761  -40.677  16.777  3.281 0.1000000015
80424  -40.755  17.810  3.913 0.1000000015
81793  -41.667  19.555  6.239 0.1000000015
81794  -42.304  19.906  6.519 0.1000000015
80425  -41.299  17.527  3.078 0.1000000015
81130  -41.594  18.304  3.491 0.1000000015
81131  -42.360  18.749  3.087 0.1000000015
81816  -42.788  19.484  3.411 0.1000000015
82492  -42.612  20.204  5.199 0.1000000015
82493  -43.455  20.501  5.446 0.1000000015
81817  -43.375  20.160  3.693 0.1000000015
81811  -43.318  20.450  4.563 0.1000000015
81122  -40.572  18.275  4.794 0.1000000015
106255  -40.805  18.778  6.055 0.1000000015
81113  -41.058  18.875  5.259 0.1000000015
81123  -41.259  18.623  4.339 0.1000000015
81800  -41.580  19.487  5.487 0.1000000015
81809  -41.658  19.362  4.715 0.1000000015
82485  -42.767  20.242  6.006 0.1000000015
119702  -42.940  20.208  6.703 0.1000000015
105824  -42.025  19.822  5.090 0.1000000015
82486  -43.555  20.441  6.357 0.1000000015
81124  -42.035  19.020  3.894 0.1000000015
81810  -42.432  19.896  4.339 0.1000000015
81801  -42.111  19.921  5.756 0.1000000015
82501  -44.242  20.992  4.787 0.1000000015
88270  -33.204  30.492  0.475 0.1000000015
119858  -34.144  30.685  0.012 0.1000000015
122110  -30.284  27.925  1.315 0.1000000015
111615  -42.388  38.588  -8.632 0.1000000015
90538  -39.970  35.429  -8.088 0.1000000015
91539  -41.472  36.643  -8.267 0.1000000015
92457  -42.011  38.862  -9.175 0.1000000015
91550  -42.190  38.399  -8.820 0.1000000015
91549  -41.184  37.417  -8.889 0.1000000015
90545  -39.700  35.169  -8.774 0.1000000015
90542  -40.068  34.506  -8.239 0.1000000015
92456  -41.224  39.115  -9.424 0.1000000015
91994  -41.335  38.422  -9.330 0.1000000015
91548  -40.093  36.701  -8.951 0.1000000015
91556  -39.466  36.518  -9.511 0.1000000015
92459  -39.732  38.445  -10.300 0.1000000015
92010  -39.474  37.519  -10.114 0.1000000015
92469  -39.587  38.957  -10.644 0.1000000015
91064  -40.365  36.256  -8.360 0.1000000015
90539  -40.478  34.807  -7.656 0.1000000015
91997  -40.227  37.555  -9.436 0.1000000015
92460  -40.408  38.482  -9.770 0.1000000015
83092  -46.723  21.969  12.959 0.6999999881
85391  -43.642  25.457  -7.650 0.1000000015
87569  -50.067  29.345  2.061 0.6999999881
87605  -50.327  28.861  0.236 0.5000000000
87641  -48.039  29.484  -3.560 0.3000000119
87674  -48.937  29.546  -5.184 0.4000000060
88332  -49.492  29.646  -3.757 0.3000000119
88346  -49.693  30.042  -3.963 0.3000000119
88358  -48.433  29.599  -5.753 0.3000000119
88823  -46.910  30.642  12.936 1.0000000000
88917  -49.495  30.441  -4.473 0.4000000060
89461  -49.314  31.979  4.197 0.8000000119
89499  -49.112  31.928  -3.224 0.5000000000
89506  -49.243  31.342  -4.138 0.4000000060
89538  -41.055  32.227  -8.296 0.2000000030
90013  -40.960  33.228  -1.519 0.3000000119
90029  -48.204  34.094  -2.924 0.5000000000
90052  -44.447  34.096  -5.086 0.3000000119
90067  -40.555  33.723  -10.011 0.1000000015
90504  -36.862  34.571  -2.333 0.2000000030
90513  -46.021  35.772  -2.834 0.4000000060
90518  -39.623  34.570  -3.589 0.1000000015
90525  -46.938  35.489  -2.900 0.4000000060
90527  -45.390  35.546  -3.671 0.3000000119
91011  -39.234  35.123  3.402 0.5000000000
91014  -33.619  35.371  1.534 0.2000000030
91028  -33.205  35.699  -1.599 0.1000000015
91059  -40.731  35.754  -7.724 0.1000000015
91063  -39.637  35.969  -8.679 0.1000000015
91510  -32.254  36.613  -1.478 0.1000000015
91518  -33.632  36.634  -3.290 0.1000000015
91519  -34.437  36.415  -3.515 0.1000000015
91542  -43.919  37.451  -7.437 0.2000000030
91953  -32.270  37.386  -1.903 0.1000000015
91958  -34.934  37.452  -3.925 0.1000000015
91968  -42.779  38.138  -4.423 0.2000000030
91988  -43.605  37.836  -7.896 0.2000000030
91989  -43.990  37.964  -7.194 0.2000000030
92337  -41.466  40.527  9.132 0.4000000060
92338  -42.216  39.865  8.693 0.5000000000
92350  -42.085  40.290  8.619 0.4000000060
92356  -42.259  39.699  8.161 0.5000000000
92414  -37.248  38.674  -4.193 0.1000000015
92435  -43.529  38.216  -5.981 0.2000000030
92447  -43.757  38.148  -6.835 0.2000000030
92815  -36.350  41.206  8.614 0.2000000030
92816  -37.491  41.103  8.798 0.2000000030
92829  -28.587  38.932  6.916 0.1000000015
92917  -35.318  40.049  -4.229 0.1000000015
92918  -36.008  39.754  -4.668 0.1000000015
93353  -32.740  40.291  -2.777 0.1000000015
93666  -36.632  41.829  9.581 0.2000000030
93667  -37.144  41.389  9.281 0.1000000015
93741  -36.813  41.393  1.869 0.1000000015
93747  -32.646  41.018  -0.924 0.1000000015
93748  -33.158  41.540  -0.359 0.1000000015
94047  -29.756  42.869  7.069 0.1000000015
94456  -31.700  43.268  5.731 0.1000000015
94813  -32.224  45.069  7.187 0.1000000015
94855  -38.066  44.509  3.279 0.1000000015
95186  -30.021  46.351  15.030 0.1000000015
105103  -32.420  38.211  -2.421 0.1000000015
105598  -32.626  39.022  -2.855 0.1000000015
106362  -37.808  42.469  2.203 0.1000000015
106520  -44.081  37.707  -6.509 0.2000000030
107542  -29.361  38.427  5.735 0.1000000015
110462  -40.086  36.987  -4.329 0.1000000015
111722  -39.829  26.356  -5.798 0.1000000015
114008  -44.184  34.743  -3.120 0.4000000060
116291  -33.297  36.003  -2.266 0.1000000015
116481  -43.503  38.094  -4.563 0.3000000119
117942  -47.458  29.128  -6.047 0.4000000060
118689  -41.366  33.906  -6.888 0.2000000030
119688  -49.367  29.567  -3.389 0.3000000119
120773  -36.803  27.849  -2.671 0.1000000015
120996  -37.526  33.297  8.615 0.3000000119
121109  -42.315  36.915  -8.183 0.2000000030
121932  -30.416  44.148  7.668 0.1000000015
