#!ascii label  , from subject sub-047 vox2ras=TkReg
845
98138  -20.986  -41.895  53.808 0.0000000000
112980  -42.710  -28.309  42.841 0.0000000000
51124  -47.581  -21.260  38.589 0.0000000000
52751  -53.227  -19.152  31.000 0.0000000000
105697  -41.158  -33.568  43.629 0.0000000000
97862  -51.378  -20.863  35.541 0.0000000000
55121  -50.231  -17.032  25.314 0.0000000000
56772  -54.956  -14.999  23.698 0.0000000000
44677  -45.490  -28.921  41.902 0.0000000000
46978  -47.557  -26.543  40.613 0.0000000000
48676  -45.769  -24.786  41.431 0.0000000000
116805  -24.035  -39.087  56.890 0.0000000000
36445  -28.918  -39.624  54.580 0.0000000000
35698  -31.198  -40.987  51.694 0.0000000000
35752  -33.015  -40.159  47.590 0.0000000000
34906  -38.556  -41.182  47.496 0.0000000000
37385  -42.481  -38.284  45.083 0.0000000000
41934  -43.661  -33.060  44.692 0.0000000000
48717  -50.084  -24.470  36.827 0.0000000000
55949  -55.754  -14.865  22.629 0.0000000000
117452  -43.832  -28.324  43.506 0.0000000000
46929  -45.598  -26.488  43.230 0.0000000000
46966  -43.629  -26.844  41.766 0.0000000000
37267  -23.640  -38.746  54.801 0.0000000000
36434  -26.184  -39.107  55.974 0.0000000000
37362  -39.871  -39.185  46.960 0.0000000000
35755  -40.835  -39.936  46.784 0.0000000000
38178  -41.268  -38.414  46.133 0.0000000000
98779  -41.678  -30.595  43.133 0.0000000000
107698  -42.708  -32.985  45.257 0.0000000000
43818  -42.544  -30.340  44.938 0.0000000000
42900  -43.828  -30.969  42.819 0.0000000000
50219  -47.698  -22.548  41.333 0.0000000000
48698  -47.973  -24.551  38.746 0.0000000000
103674  -49.608  -21.618  38.670 0.0000000000
102792  -52.277  -21.512  33.472 0.0000000000
50283  -53.107  -22.547  35.301 0.0000000000
50310  -54.558  -22.242  32.798 0.0000000000
51217  -55.008  -21.513  30.983 0.0000000000
54326  -52.000  -17.442  26.721 0.0000000000
53580  -50.616  -18.526  26.770 0.0000000000
113313  -40.856  -35.956  43.410 0.0000000000
50334  -50.485  -22.486  30.726 0.0000000000
55922  -52.312  -16.204  25.115 0.0000000000
54342  -54.454  -17.151  25.373 0.0000000000
55959  -53.926  -15.903  21.350 0.0000000000
42924  -46.923  -30.905  39.853 0.0000000000
45428  -46.873  -28.254  41.580 0.0000000000
48658  -47.363  -24.512  43.063 0.0000000000
100253  -22.797  -40.768  56.357 0.0000000000
34851  -29.821  -41.550  53.082 0.0000000000
35665  -30.270  -40.581  53.509 0.0000000000
33143  -30.834  -43.063  51.056 0.0000000000
33160  -32.229  -43.559  49.410 0.0000000000
33186  -32.380  -43.310  46.904 0.0000000000
34944  -33.598  -41.642  44.607 0.0000000000
34904  -36.186  -40.978  47.381 0.0000000000
34066  -39.722  -41.881  44.491 0.0000000000
39513  -42.135  -35.443  45.226 0.0000000000
38859  -43.360  -35.559  44.661 0.0000000000
38877  -43.235  -36.323  42.557 0.0000000000
41106  -43.321  -33.373  41.852 0.0000000000
42922  -43.906  -31.028  40.363 0.0000000000
50257  -51.738  -22.435  36.805 0.0000000000
52787  -49.907  -19.907  26.980 0.0000000000
52041  -52.432  -19.718  29.544 0.0000000000
33897  -21.026  -41.993  55.487 0.0000000000
46149  -43.094  -28.437  43.375 0.0000000000
107522  -43.881  -27.110  43.035 0.0000000000
46172  -42.970  -27.898  42.496 0.0000000000
37382  -40.070  -38.786  46.249 0.0000000000
38177  -40.983  -38.552  47.298 0.0000000000
38201  -40.633  -38.260  45.625 0.0000000000
103819  -41.886  -29.778  43.451 0.0000000000
44652  -41.887  -30.094  45.001 0.0000000000
105857  -42.285  -29.294  43.834 0.0000000000
110095  -43.107  -29.520  44.161 0.0000000000
50243  -48.567  -21.701  39.207 0.0000000000
51125  -48.594  -20.897  38.997 0.0000000000
52017  -53.542  -20.016  32.381 0.0000000000
116245  -54.094  -20.723  33.423 0.0000000000
52027  -54.581  -19.789  31.964 0.0000000000
51196  -55.325  -22.078  31.576 0.0000000000
52033  -54.869  -20.194  30.949 0.0000000000
53597  -51.558  -18.357  26.201 0.0000000000
52797  -51.058  -18.757  26.680 0.0000000000
52804  -50.621  -19.065  25.938 0.0000000000
55946  -51.274  -15.447  22.858 0.0000000000
55923  -53.349  -15.822  24.291 0.0000000000
55916  -54.344  -16.533  25.965 0.0000000000
55925  -54.698  -16.679  25.099 0.0000000000
54351  -53.987  -17.168  24.214 0.0000000000
55145  -55.694  -15.716  23.860 0.0000000000
55960  -55.224  -15.465  21.488 0.0000000000
110532  -46.262  -30.202  40.947 0.0000000000
44686  -46.969  -29.695  41.249 0.0000000000
44678  -46.437  -28.929  41.580 0.0000000000
48655  -45.450  -25.229  42.910 0.0000000000
112673  -46.691  -25.596  43.237 0.0000000000
49447  -46.535  -23.840  42.375 0.0000000000
49448  -46.993  -23.037  42.145 0.0000000000
97864  -46.232  -23.879  41.257 0.0000000000
34808  -24.355  -40.618  55.517 0.0000000000
35646  -24.872  -40.182  55.787 0.0000000000
37249  -27.531  -39.422  55.643 0.0000000000
36481  -30.853  -40.204  51.788 0.0000000000
35687  -30.934  -40.864  52.440 0.0000000000
34838  -30.576  -41.141  53.156 0.0000000000
33943  -31.006  -42.001  52.254 0.0000000000
32390  -31.833  -43.263  49.761 0.0000000000
33964  -31.581  -42.470  50.099 0.0000000000
100608  -32.240  -41.446  46.747 0.0000000000
34913  -32.454  -41.768  45.967 0.0000000000
34914  -32.865  -41.200  46.107 0.0000000000
107583  -38.216  -40.548  47.959 0.0000000000
35724  -37.079  -40.464  48.263 0.0000000000
98709  -37.050  -41.071  47.775 0.0000000000
34917  -36.522  -41.391  46.101 0.0000000000
34019  -37.991  -41.596  45.920 0.0000000000
34042  -38.267  -41.924  45.045 0.0000000000
34021  -39.659  -41.710  46.255 0.0000000000
35756  -41.884  -39.305  46.250 0.0000000000
34046  -41.206  -40.646  45.388 0.0000000000
35760  -41.955  -39.872  44.850 0.0000000000
36573  -42.553  -38.693  44.364 0.0000000000
39521  -41.846  -35.586  45.029 0.0000000000
41059  -41.830  -34.114  44.719 0.0000000000
41904  -43.542  -33.132  45.078 0.0000000000
40275  -43.644  -34.551  45.555 0.0000000000
40298  -43.810  -34.282  44.682 0.0000000000
39538  -43.635  -35.524  43.823 0.0000000000
40330  -43.678  -34.792  43.453 0.0000000000
41944  -43.640  -33.009  43.357 0.0000000000
44676  -44.618  -29.390  42.592 0.0000000000
42911  -44.049  -30.838  41.857 0.0000000000
43865  -44.684  -30.083  41.326 0.0000000000
43874  -44.668  -30.372  40.511 0.0000000000
37244  -22.562  -39.197  56.589 0.0000000000
36415  -22.764  -39.795  57.040 0.0000000000
35618  -22.482  -40.116  57.219 0.0000000000
114975  -47.526  -28.054  40.514 0.0000000000
46196  -47.839  -28.311  39.283 0.0000000000
48709  -48.796  -24.271  37.523 0.0000000000
102339  -50.239  -20.907  36.210 0.0000000000
51992  -50.579  -20.800  37.590 0.0000000000
51157  -51.755  -20.830  36.203 0.0000000000
48733  -53.584  -24.044  34.538 0.0000000000
48726  -53.207  -23.984  35.258 0.0000000000
52788  -50.303  -19.352  26.721 0.0000000000
53579  -50.194  -18.942  26.969 0.0000000000
102670  -50.077  -20.220  27.190 0.0000000000
52782  -51.550  -19.850  29.435 0.0000000000
114985  -51.297  -20.712  28.629 0.0000000000
51230  -52.688  -20.913  29.487 0.0000000000
56790  -53.410  -14.330  22.052 0.0000000000
56780  -55.343  -14.827  22.879 0.0000000000
56791  -54.745  -14.395  22.205 0.0000000000
57602  -55.312  -13.837  21.734 0.0000000000
45415  -44.443  -28.534  43.228 0.0000000000
45416  -45.307  -27.857  42.932 0.0000000000
46151  -44.634  -27.175  43.304 0.0000000000
46938  -44.314  -26.650  42.989 0.0000000000
47820  -44.680  -25.890  41.909 0.0000000000
37246  -24.395  -38.933  56.472 0.0000000000
36433  -25.284  -39.056  56.499 0.0000000000
37269  -27.264  -38.809  55.219 0.0000000000
36505  -39.196  -40.319  47.412 0.0000000000
34907  -39.834  -40.954  46.903 0.0000000000
36517  -40.570  -39.566  47.375 0.0000000000
36519  -41.618  -39.111  47.267 0.0000000000
110280  -42.213  -38.629  45.926 0.0000000000
41943  -41.199  -32.162  44.001 0.0000000000
41917  -41.972  -32.391  45.303 0.0000000000
42863  -41.856  -31.865  45.651 0.0000000000
42850  -42.551  -31.440  45.245 0.0000000000
112753  -43.426  -31.779  44.702 0.0000000000
41945  -43.587  -32.475  43.977 0.0000000000
43831  -43.229  -30.338  44.624 0.0000000000
44664  -44.158  -29.393  43.434 0.0000000000
37265  -22.329  -39.305  55.024 0.0000000000
48690  -47.982  -23.754  41.263 0.0000000000
110552  -47.774  -25.092  39.449 0.0000000000
48699  -48.237  -23.579  40.161 0.0000000000
49477  -48.789  -23.093  38.523 0.0000000000
48710  -50.322  -23.542  37.301 0.0000000000
51181  -51.651  -21.755  34.049 0.0000000000
51169  -52.454  -21.091  35.230 0.0000000000
51170  -52.933  -21.365  34.673 0.0000000000
50299  -53.902  -22.375  33.752 0.0000000000
55113  -51.393  -17.102  26.516 0.0000000000
54333  -50.500  -17.415  26.142 0.0000000000
54316  -51.281  -18.139  26.765 0.0000000000
52789  -50.925  -18.720  26.831 0.0000000000
45424  -42.228  -28.813  41.958 0.0000000000
104292  -41.695  -30.709  42.220 0.0000000000
51981  -48.445  -20.751  38.072 0.0000000000
50296  -49.893  -22.857  33.546 0.0000000000
50308  -50.601  -22.868  32.804 0.0000000000
50309  -51.629  -22.140  32.171 0.0000000000
52023  -51.493  -20.898  30.882 0.0000000000
55133  -51.354  -16.453  25.217 0.0000000000
106093  -52.682  -16.826  26.568 0.0000000000
54334  -53.393  -17.289  26.389 0.0000000000
53608  -51.764  -18.258  25.253 0.0000000000
117069  -55.657  -15.385  23.322 0.0000000000
98322  -53.842  -16.370  22.008 0.0000000000
42926  -47.520  -30.907  39.676 0.0000000000
45438  -47.409  -29.518  40.751 0.0000000000
46968  -47.421  -26.369  41.565 0.0000000000
46165  -46.611  -26.637  42.660 0.0000000000
47808  -47.405  -25.564  42.687 0.0000000000
47823  -47.941  -24.852  42.451 0.0000000000
50208  -47.459  -22.964  42.002 0.0000000000
51087  -47.246  -22.147  41.276 0.0000000000
46976  -43.521  -26.911  40.933 0.0000000000
46977  -44.188  -26.477  40.372 0.0000000000
106789  -45.915  -25.227  39.935 0.0000000000
33898  -22.308  -41.555  55.266 0.0000000000
33899  -22.914  -41.361  54.770 0.0000000000
33952  -29.115  -41.969  51.083 0.0000000000
37279  -27.462  -38.518  53.632 0.0000000000
37270  -28.761  -38.965  54.538 0.0000000000
36446  -29.588  -39.783  54.343 0.0000000000
33940  -30.072  -42.008  52.187 0.0000000000
31736  -32.565  -45.160  48.387 0.0000000000
33176  -32.770  -44.256  47.607 0.0000000000
36514  -34.392  -39.413  48.342 0.0000000000
35741  -35.621  -40.031  48.279 0.0000000000
35753  -34.528  -40.458  47.148 0.0000000000
34916  -34.739  -41.124  45.930 0.0000000000
99461  -35.095  -41.453  45.180 0.0000000000
108101  -40.483  -41.230  45.961 0.0000000000
38858  -41.515  -36.495  44.898 0.0000000000
39509  -41.928  -36.377  45.231 0.0000000000
38180  -42.342  -37.410  45.228 0.0000000000
116267  -42.371  -33.826  45.257 0.0000000000
39515  -43.215  -35.124  45.291 0.0000000000
38853  -42.732  -36.415  44.774 0.0000000000
115151  -43.173  -36.698  43.982 0.0000000000
38231  -43.085  -36.899  43.138 0.0000000000
40366  -43.172  -34.047  40.337 0.0000000000
42889  -43.585  -31.961  43.116 0.0000000000
41968  -43.436  -32.369  41.471 0.0000000000
41992  -43.488  -32.351  39.555 0.0000000000
42957  -44.250  -31.519  38.963 0.0000000000
34799  -22.108  -41.217  56.609 0.0000000000
51983  -49.926  -20.710  38.210 0.0000000000
50250  -50.699  -22.073  38.187 0.0000000000
49484  -51.337  -23.313  36.860 0.0000000000
50268  -52.426  -21.924  36.176 0.0000000000
49492  -52.298  -23.447  36.106 0.0000000000
47878  -51.517  -24.415  36.188 0.0000000000
51214  -50.160  -21.702  29.876 0.0000000000
52031  -51.261  -19.844  30.123 0.0000000000
53587  -49.904  -18.716  26.518 0.0000000000
52795  -49.606  -19.571  26.498 0.0000000000
52768  -49.980  -20.305  28.044 0.0000000000
52756  -51.334  -19.519  29.850 0.0000000000
52771  -53.201  -19.094  30.192 0.0000000000
117304  -53.666  -20.980  29.966 0.0000000000
99958  -20.990  -41.903  54.645 0.0000000000
46161  -43.023  -28.054  42.987 0.0000000000
37408  -39.852  -38.951  45.469 0.0000000000
38207  -40.233  -38.383  44.658 0.0000000000
45413  -42.255  -29.151  43.558 0.0000000000
45414  -42.608  -28.776  43.359 0.0000000000
45405  -42.543  -29.335  44.035 0.0000000000
98153  -47.441  -21.592  39.250 0.0000000000
51114  -48.107  -21.511  39.679 0.0000000000
107312  -47.968  -21.171  39.180 0.0000000000
52025  -52.865  -19.917  31.561 0.0000000000
52018  -54.084  -19.773  32.361 0.0000000000
52752  -53.981  -19.368  31.509 0.0000000000
116595  -54.947  -20.063  31.535 0.0000000000
52759  -53.611  -19.100  30.707 0.0000000000
53596  -51.080  -18.832  25.382 0.0000000000
56771  -53.880  -15.254  23.489 0.0000000000
55937  -54.516  -15.609  24.164 0.0000000000
55924  -53.938  -15.877  25.078 0.0000000000
55144  -55.221  -16.230  24.427 0.0000000000
55938  -55.219  -15.824  24.230 0.0000000000
115121  -46.135  -29.530  41.317 0.0000000000
45426  -45.906  -28.357  42.235 0.0000000000
48666  -45.467  -25.199  42.297 0.0000000000
48667  -45.943  -24.530  42.716 0.0000000000
49455  -46.163  -24.195  41.958 0.0000000000
35628  -24.123  -39.786  56.439 0.0000000000
35634  -24.333  -40.150  56.124 0.0000000000
36444  -27.984  -39.757  55.233 0.0000000000
35638  -27.881  -39.829  55.509 0.0000000000
35686  -30.994  -40.527  51.975 0.0000000000
34852  -31.043  -41.280  52.238 0.0000000000
34863  -31.218  -41.299  51.589 0.0000000000
33955  -31.337  -41.831  51.258 0.0000000000
99355  -31.499  -41.908  50.692 0.0000000000
34902  -32.189  -40.727  47.520 0.0000000000
35751  -32.650  -40.758  46.881 0.0000000000
34888  -38.338  -40.423  47.852 0.0000000000
34887  -37.889  -40.750  48.049 0.0000000000
101226  -38.410  -41.176  47.457 0.0000000000
34905  -37.616  -41.323  47.279 0.0000000000
34001  -38.229  -41.628  46.766 0.0000000000
34020  -38.806  -41.792  46.086 0.0000000000
34002  -39.109  -41.476  46.838 0.0000000000
115279  -42.235  -39.264  45.744 0.0000000000
35759  -41.867  -39.464  45.843 0.0000000000
36545  -42.202  -39.358  45.507 0.0000000000
36558  -42.303  -39.399  44.750 0.0000000000
36559  -42.509  -38.969  44.736 0.0000000000
40282  -41.201  -34.792  44.235 0.0000000000
41074  -41.354  -33.842  44.117 0.0000000000
41918  -43.720  -33.500  44.955 0.0000000000
41061  -43.801  -33.926  44.940 0.0000000000
41076  -43.807  -33.731  44.814 0.0000000000
40316  -43.757  -34.837  44.004 0.0000000000
106858  -43.813  -34.307  43.939 0.0000000000
111307  -43.736  -33.812  43.538 0.0000000000
41086  -43.732  -33.548  44.239 0.0000000000
43858  -44.385  -30.116  42.351 0.0000000000
44685  -44.998  -29.417  41.655 0.0000000000
43866  -45.491  -29.748  41.167 0.0000000000
37237  -24.061  -38.803  56.764 0.0000000000
37236  -22.801  -39.400  56.950 0.0000000000
36424  -23.958  -39.531  56.866 0.0000000000
35619  -23.120  -39.989  57.041 0.0000000000
105639  -47.367  -27.449  40.868 0.0000000000
46190  -47.639  -27.572  40.063 0.0000000000
107301  -48.844  -24.820  36.907 0.0000000000
47876  -49.585  -25.376  36.297 0.0000000000
47877  -50.669  -24.804  36.308 0.0000000000
97620  -50.530  -21.161  35.593 0.0000000000
51156  -50.937  -20.723  36.195 0.0000000000
54332  -49.765  -17.394  25.527 0.0000000000
114800  -50.348  -20.419  27.657 0.0000000000
52056  -51.165  -20.209  28.783 0.0000000000
45408  -44.362  -27.902  43.387 0.0000000000
46953  -43.846  -26.840  42.613 0.0000000000
112589  -44.389  -26.336  42.669 0.0000000000
47807  -44.810  -25.881  42.600 0.0000000000
47819  -44.168  -26.345  42.216 0.0000000000
37255  -23.740  -38.744  55.677 0.0000000000
104027  -26.939  -38.514  54.436 0.0000000000
106990  -39.760  -39.048  46.925 0.0000000000
37345  -39.561  -39.542  47.286 0.0000000000
37332  -38.922  -39.812  47.515 0.0000000000
36516  -39.871  -39.840  47.277 0.0000000000
35728  -39.918  -40.060  47.248 0.0000000000
37346  -40.632  -38.942  47.480 0.0000000000
37364  -41.242  -39.052  46.999 0.0000000000
37365  -41.784  -38.925  46.798 0.0000000000
38179  -41.873  -38.540  46.214 0.0000000000
42888  -41.367  -31.234  43.788 0.0000000000
42876  -41.674  -31.597  44.636 0.0000000000
101917  -41.987  -31.182  45.300 0.0000000000
44644  -42.377  -30.026  45.643 0.0000000000
43802  -42.079  -30.687  46.073 0.0000000000
43804  -42.494  -30.544  45.302 0.0000000000
42851  -43.295  -32.097  45.022 0.0000000000
42864  -43.047  -30.980  44.857 0.0000000000
108442  -43.560  -31.074  44.465 0.0000000000
45406  -43.226  -28.831  43.636 0.0000000000
44654  -43.508  -29.757  44.183 0.0000000000
45407  -43.724  -28.964  43.545 0.0000000000
106543  -23.006  -38.940  54.984 0.0000000000
49464  -48.133  -22.793  40.886 0.0000000000
49473  -48.494  -22.618  39.564 0.0000000000
50249  -48.994  -22.268  38.750 0.0000000000
49482  -49.252  -23.576  37.773 0.0000000000
49478  -49.899  -22.708  38.228 0.0000000000
111046  -52.451  -21.313  34.436 0.0000000000
51182  -53.120  -21.085  33.841 0.0000000000
51184  -54.241  -21.269  33.483 0.0000000000
49519  -54.163  -23.285  33.313 0.0000000000
50311  -55.275  -22.673  32.051 0.0000000000
55114  -51.956  -16.930  26.853 0.0000000000
54325  -51.189  -17.650  26.701 0.0000000000
52069  -50.187  -20.087  27.087 0.0000000000
97800  -41.996  -29.889  41.887 0.0000000000
50297  -50.823  -22.419  33.745 0.0000000000
98372  -49.889  -23.089  31.042 0.0000000000
51205  -51.249  -22.133  31.378 0.0000000000
51193  -51.994  -21.127  31.785 0.0000000000
51215  -50.845  -21.195  30.387 0.0000000000
55935  -51.965  -15.746  23.610 0.0000000000
55921  -51.195  -16.055  24.259 0.0000000000
55123  -51.929  -16.643  26.280 0.0000000000
107065  -52.884  -16.565  26.171 0.0000000000
54335  -54.368  -16.950  26.185 0.0000000000
55125  -54.205  -16.733  26.224 0.0000000000
54341  -53.701  -17.437  25.802 0.0000000000
53598  -52.707  -17.914  25.948 0.0000000000
54340  -52.701  -17.758  25.046 0.0000000000
103205  -53.632  -17.519  24.936 0.0000000000
55143  -54.888  -16.589  23.868 0.0000000000
55173  -54.996  -16.083  22.252 0.0000000000
100454  -46.857  -31.429  39.322 0.0000000000
42942  -47.443  -31.505  39.372 0.0000000000
42925  -47.076  -30.974  39.686 0.0000000000
44679  -46.970  -29.003  41.424 0.0000000000
44687  -47.251  -29.621  41.029 0.0000000000
45437  -47.187  -28.853  41.226 0.0000000000
46184  -47.077  -27.596  41.481 0.0000000000
46164  -46.007  -26.962  43.053 0.0000000000
45417  -46.270  -27.566  42.486 0.0000000000
46940  -46.424  -26.074  43.107 0.0000000000
48646  -46.874  -25.057  43.244 0.0000000000
47797  -47.010  -25.528  42.919 0.0000000000
47798  -47.557  -25.129  43.071 0.0000000000
47822  -47.609  -25.558  42.439 0.0000000000
48659  -48.001  -24.278  43.037 0.0000000000
48668  -48.060  -24.322  42.754 0.0000000000
49441  -47.630  -23.638  42.630 0.0000000000
50230  -46.862  -22.263  41.167 0.0000000000
100555  -47.109  -22.549  41.797 0.0000000000
34806  -22.340  -41.243  55.927 0.0000000000
33910  -22.291  -41.683  54.514 0.0000000000
34807  -22.886  -41.057  55.522 0.0000000000
35636  -26.518  -39.608  55.900 0.0000000000
34850  -28.894  -41.241  52.671 0.0000000000
33939  -29.463  -41.753  52.093 0.0000000000
37280  -28.414  -38.619  53.814 0.0000000000
35664  -30.037  -39.893  54.020 0.0000000000
34824  -29.833  -40.856  53.853 0.0000000000
33942  -30.626  -41.823  52.299 0.0000000000
33941  -30.368  -41.850  52.364 0.0000000000
33954  -30.560  -42.453  51.694 0.0000000000
33142  -30.532  -42.930  50.970 0.0000000000
33152  -30.876  -43.450  50.404 0.0000000000
32396  -32.173  -43.612  49.460 0.0000000000
32395  -31.787  -43.724  49.504 0.0000000000
32403  -32.115  -44.216  49.299 0.0000000000
31726  -32.212  -44.643  49.000 0.0000000000
32404  -32.287  -44.001  49.301 0.0000000000
109484  -32.120  -42.368  47.260 0.0000000000
115949  -32.061  -42.457  48.138 0.0000000000
116205  -32.426  -43.366  48.083 0.0000000000
106510  -32.643  -44.175  48.454 0.0000000000
34928  -32.726  -41.704  45.417 0.0000000000
34040  -32.458  -42.296  45.395 0.0000000000
34059  -32.687  -42.252  44.663 0.0000000000
33215  -32.758  -42.764  43.973 0.0000000000
34895  -36.485  -40.486  48.045 0.0000000000
35723  -35.956  -39.975  48.587 0.0000000000
35754  -35.484  -40.441  47.601 0.0000000000
35740  -34.720  -40.013  48.005 0.0000000000
34915  -34.368  -40.805  46.481 0.0000000000
34903  -35.276  -40.970  46.774 0.0000000000
34931  -36.061  -41.504  45.187 0.0000000000
34946  -35.385  -41.652  44.179 0.0000000000
102274  -39.008  -42.197  44.397 0.0000000000
34065  -38.197  -42.186  43.916 0.0000000000
34908  -40.074  -40.864  47.031 0.0000000000
34004  -40.228  -41.046  46.639 0.0000000000
34023  -40.473  -41.021  46.284 0.0000000000
38864  -41.028  -36.496  44.081 0.0000000000
38851  -42.419  -36.133  45.100 0.0000000000
41048  -42.277  -32.846  45.201 0.0000000000
41060  -42.194  -33.457  45.116 0.0000000000
41049  -42.849  -33.789  45.427 0.0000000000
39522  -43.680  -34.856  44.935 0.0000000000
39516  -43.693  -34.769  45.584 0.0000000000
104261  -43.291  -35.242  45.177 0.0000000000
99563  -43.060  -36.478  44.378 0.0000000000
38865  -43.498  -35.878  44.168 0.0000000000
38878  -43.487  -36.115  43.248 0.0000000000
99813  -43.469  -34.317  42.222 0.0000000000
40354  -43.182  -34.157  41.347 0.0000000000
42890  -43.782  -31.219  43.892 0.0000000000
42899  -43.677  -31.692  42.153 0.0000000000
42910  -43.712  -31.425  41.225 0.0000000000
41981  -43.466  -32.091  40.417 0.0000000000
42939  -43.783  -31.589  39.578 0.0000000000
42923  -45.869  -30.466  40.241 0.0000000000
42941  -45.894  -31.021  39.408 0.0000000000
112629  -22.976  -40.468  56.716 0.0000000000
34784  -22.298  -40.579  57.251 0.0000000000
34790  -22.457  -40.888  56.962 0.0000000000
109433  -47.573  -25.838  39.272 0.0000000000
47867  -47.589  -25.776  37.864 0.0000000000
51998  -48.868  -20.785  37.349 0.0000000000
51982  -48.970  -20.729  38.531 0.0000000000
51137  -51.186  -21.263  37.495 0.0000000000
50251  -51.066  -21.648  37.861 0.0000000000
50256  -51.355  -22.456  37.356 0.0000000000
51158  -52.730  -21.735  35.478 0.0000000000
50269  -52.628  -22.598  35.824 0.0000000000
49500  -52.772  -23.803  35.742 0.0000000000
48720  -52.541  -24.042  35.923 0.0000000000
48719  -52.132  -24.183  36.074 0.0000000000
47888  -52.467  -24.548  35.546 0.0000000000
52040  -50.551  -20.232  29.507 0.0000000000
54324  -50.204  -18.040  26.534 0.0000000000
52794  -48.933  -20.095  25.863 0.0000000000
52786  -49.026  -20.483  26.812 0.0000000000
52068  -49.435  -20.598  27.528 0.0000000000
115519  -52.008  -19.376  29.565 0.0000000000
114935  -51.929  -19.005  29.856 0.0000000000
52770  -52.518  -19.021  29.826 0.0000000000
52042  -53.340  -19.749  29.895 0.0000000000
117660  -43.509  -28.128  43.383 0.0000000000
46150  -43.890  -27.798  43.434 0.0000000000
46162  -43.604  -27.663  43.183 0.0000000000
46173  -43.472  -27.477  42.827 0.0000000000
46952  -43.315  -27.383  42.139 0.0000000000
37363  -40.826  -38.592  47.650 0.0000000000
37383  -40.519  -39.001  46.909 0.0000000000
38190  -40.862  -38.522  46.469 0.0000000000
115975  -41.018  -38.135  45.876 0.0000000000
43830  -41.839  -30.667  44.607 0.0000000000
44663  -41.884  -29.634  43.879 0.0000000000
45404  -42.340  -29.572  44.453 0.0000000000
45397  -42.321  -29.836  45.270 0.0000000000
44653  -43.077  -30.152  44.639 0.0000000000
45398  -42.587  -29.973  44.674 0.0000000000
51100  -47.835  -22.028  40.677 0.0000000000
50231  -48.180  -22.068  40.327 0.0000000000
51115  -48.864  -21.120  39.065 0.0000000000
51194  -52.885  -20.834  32.754 0.0000000000
52012  -53.825  -20.422  33.198 0.0000000000
52019  -54.410  -20.420  32.815 0.0000000000
100437  -54.791  -21.083  32.755 0.0000000000
51195  -55.166  -21.539  32.163 0.0000000000
51206  -54.990  -20.505  32.158 0.0000000000
112635  -55.186  -20.918  31.525 0.0000000000
53589  -52.365  -17.691  26.564 0.0000000000
53588  -51.511  -18.159  26.730 0.0000000000
55915  -53.624  -16.330  25.662 0.0000000000
55135  -54.685  -16.738  25.360 0.0000000000
55134  -55.085  -16.973  24.571 0.0000000000
56793  -56.295  -14.223  21.997 0.0000000000
55961  -56.002  -14.726  22.036 0.0000000000
55971  -52.850  -15.695  20.555 0.0000000000
43867  -46.932  -30.282  40.981 0.0000000000
45427  -46.599  -28.252  41.850 0.0000000000
101591  -45.476  -25.968  43.232 0.0000000000
47796  -46.325  -25.774  43.287 0.0000000000
47795  -45.730  -25.363  43.210 0.0000000000
48656  -46.089  -24.479  42.990 0.0000000000
49439  -46.809  -23.727  42.557 0.0000000000
114174  -47.303  -23.212  42.310 0.0000000000
49456  -46.641  -23.053  41.821 0.0000000000
49463  -46.452  -22.970  40.857 0.0000000000
118161  -23.520  -40.528  56.283 0.0000000000
100840  -23.509  -40.623  55.883 0.0000000000
34800  -24.017  -40.233  56.219 0.0000000000
34835  -29.386  -41.010  53.500 0.0000000000
34825  -30.323  -41.024  53.353 0.0000000000
34839  -30.929  -41.001  52.845 0.0000000000
33926  -30.833  -41.227  52.803 0.0000000000
33137  -31.074  -42.503  51.452 0.0000000000
33144  -31.002  -43.134  51.001 0.0000000000
33138  -31.419  -42.436  50.846 0.0000000000
33146  -31.812  -43.004  49.839 0.0000000000
33153  -32.207  -43.295  49.785 0.0000000000
34018  -32.245  -42.358  46.293 0.0000000000
34929  -33.302  -41.437  45.343 0.0000000000
36503  -37.964  -39.949  48.184 0.0000000000
37330  -37.245  -39.362  48.195 0.0000000000
35725  -37.807  -40.596  48.142 0.0000000000
34896  -37.488  -40.801  48.137 0.0000000000
115538  -36.073  -41.212  46.677 0.0000000000
34041  -37.161  -41.614  45.321 0.0000000000
34043  -39.296  -41.848  45.316 0.0000000000
108128  -41.455  -39.771  45.975 0.0000000000
34910  -41.070  -40.195  46.285 0.0000000000
115630  -41.560  -39.674  45.986 0.0000000000
34933  -41.688  -40.010  45.320 0.0000000000
36572  -42.406  -39.374  44.148 0.0000000000
36588  -42.606  -38.700  43.915 0.0000000000
39537  -40.912  -35.269  43.414 0.0000000000
39520  -41.518  -35.632  44.492 0.0000000000
40283  -41.803  -34.903  44.921 0.0000000000
40272  -42.069  -34.928  45.259 0.0000000000
41903  -43.209  -32.632  45.145 0.0000000000
41050  -43.310  -33.475  45.321 0.0000000000
41051  -43.675  -33.960  45.281 0.0000000000
40284  -43.789  -34.386  45.327 0.0000000000
39527  -43.688  -35.092  44.408 0.0000000000
39551  -43.609  -35.333  43.309 0.0000000000
40329  -43.558  -35.037  42.643 0.0000000000
41097  -43.667  -34.338  43.101 0.0000000000
41096  -43.609  -33.598  42.747 0.0000000000
43845  -44.110  -30.185  43.332 0.0000000000
106148  -44.135  -30.688  41.066 0.0000000000
108844  -45.399  -30.061  40.807 0.0000000000
37228  -22.120  -39.355  57.212 0.0000000000
35627  -23.126  -40.233  56.753 0.0000000000
48708  -48.081  -24.873  37.770 0.0000000000
47868  -48.041  -25.649  37.107 0.0000000000
51146  -49.483  -20.952  36.573 0.0000000000
51991  -49.788  -20.612  37.480 0.0000000000
51147  -50.375  -20.751  36.832 0.0000000000
51993  -51.096  -20.878  36.858 0.0000000000
51148  -51.677  -21.399  36.843 0.0000000000
49510  -53.372  -23.323  35.030 0.0000000000
49501  -52.929  -23.307  35.583 0.0000000000
52055  -50.627  -20.431  28.343 0.0000000000
51229  -51.791  -20.201  29.188 0.0000000000
56779  -54.262  -14.733  22.872 0.0000000000
56792  -55.849  -14.350  22.209 0.0000000000
57603  -56.309  -13.772  21.806 0.0000000000
44665  -44.917  -28.694  42.668 0.0000000000
46152  -45.186  -27.230  43.239 0.0000000000
46163  -44.141  -27.094  43.209 0.0000000000
46939  -44.794  -26.506  43.170 0.0000000000
47794  -44.930  -25.962  43.015 0.0000000000
47821  -45.258  -25.463  41.504 0.0000000000
37238  -24.558  -38.960  56.846 0.0000000000
36425  -24.599  -39.159  56.777 0.0000000000
37239  -25.060  -38.876  56.632 0.0000000000
37247  -25.662  -39.003  56.216 0.0000000000
113155  -26.367  -38.986  55.957 0.0000000000
100551  -26.809  -38.884  55.721 0.0000000000
37259  -27.389  -38.947  55.391 0.0000000000
37260  -28.004  -38.996  55.011 0.0000000000
36504  -38.679  -40.042  47.979 0.0000000000
35726  -38.701  -40.492  47.627 0.0000000000
34898  -39.213  -40.828  47.283 0.0000000000
109986  -39.287  -41.040  47.238 0.0000000000
34899  -39.899  -40.693  46.939 0.0000000000
35742  -40.261  -40.121  47.066 0.0000000000
35743  -40.676  -39.770  47.125 0.0000000000
37347  -41.030  -38.779  47.386 0.0000000000
36518  -41.062  -39.369  46.976 0.0000000000
36531  -41.044  -39.427  46.663 0.0000000000
36532  -41.794  -38.999  46.325 0.0000000000
37366  -42.062  -39.008  46.145 0.0000000000
37384  -42.200  -38.487  45.716 0.0000000000
41942  -41.225  -32.906  43.417 0.0000000000
41932  -41.479  -32.966  44.018 0.0000000000
41933  -41.751  -32.377  44.718 0.0000000000
41901  -42.024  -31.908  45.984 0.0000000000
43817  -41.920  -30.526  45.866 0.0000000000
42848  -41.883  -31.223  46.042 0.0000000000
41902  -42.195  -32.106  45.696 0.0000000000
42877  -43.540  -32.042  44.502 0.0000000000
43832  -43.874  -30.288  44.134 0.0000000000
37254  -22.761  -39.024  55.813 0.0000000000
37245  -23.302  -38.931  56.282 0.0000000000
47838  -47.711  -25.585  41.090 0.0000000000
47849  -47.729  -25.734  40.119 0.0000000000
48689  -47.929  -24.683  40.481 0.0000000000
116576  -48.042  -24.330  39.560 0.0000000000
103280  -48.282  -23.648  39.065 0.0000000000
48703  -48.513  -24.021  38.208 0.0000000000
103683  -49.488  -24.130  37.275 0.0000000000
109308  -51.844  -21.067  34.945 0.0000000000
117596  -52.043  -20.808  35.581 0.0000000000
51171  -53.194  -21.836  34.720 0.0000000000
51183  -53.530  -21.258  33.799 0.0000000000
51172  -53.569  -21.829  34.033 0.0000000000
50284  -53.481  -22.520  34.585 0.0000000000
49511  -53.742  -23.281  34.241 0.0000000000
55122  -50.971  -16.825  25.783 0.0000000000
102988  -42.406  -28.688  42.852 0.0000000000
45425  -42.578  -28.259  42.237 0.0000000000
45436  -42.528  -28.154  41.496 0.0000000000
42887  -41.361  -32.141  43.133 0.0000000000
42898  -41.504  -31.400  42.696 0.0000000000
43857  -41.924  -30.075  42.697 0.0000000000
44675  -42.119  -29.310  42.793 0.0000000000
51133  -47.092  -21.563  37.842 0.0000000000
51134  -47.626  -21.080  38.031 0.0000000000
51135  -47.940  -21.190  37.366 0.0000000000
51145  -48.481  -21.418  36.579 0.0000000000
51155  -49.689  -21.385  35.766 0.0000000000
50282  -49.921  -21.845  35.045 0.0000000000
51168  -50.898  -21.560  34.732 0.0000000000
50298  -51.455  -22.271  32.997 0.0000000000
116321  -51.145  -22.647  32.179 0.0000000000
106537  -52.022  -21.642  32.655 0.0000000000
52024  -51.998  -19.929  30.802 0.0000000000
55132  -50.450  -16.494  24.651 0.0000000000
55115  -52.851  -16.914  26.627 0.0000000000
55124  -53.609  -16.713  26.365 0.0000000000
54328  -53.720  -16.877  26.460 0.0000000000
54327  -52.916  -17.174  26.583 0.0000000000
54350  -52.816  -17.633  24.097 0.0000000000
56773  -55.585  -15.305  23.463 0.0000000000
55159  -55.544  -16.028  23.391 0.0000000000
55158  -54.407  -16.456  22.865 0.0000000000
55948  -55.607  -15.376  22.602 0.0000000000
43876  -47.146  -30.525  40.293 0.0000000000
43877  -47.306  -30.387  40.197 0.0000000000
44693  -47.535  -30.090  40.243 0.0000000000
45444  -47.425  -28.560  40.826 0.0000000000
46174  -46.780  -27.414  42.074 0.0000000000
46941  -46.832  -25.882  42.797 0.0000000000
46954  -47.129  -26.359  42.312 0.0000000000
110526  -47.702  -25.426  41.901 0.0000000000
47839  -47.881  -24.719  41.623 0.0000000000
48677  -47.977  -24.022  42.204 0.0000000000
49457  -47.817  -23.177  41.825 0.0000000000
50207  -47.304  -22.825  41.978 0.0000000000
50218  -47.290  -22.598  41.771 0.0000000000
51088  -47.498  -22.232  41.204 0.0000000000
46183  -42.829  -27.810  41.774 0.0000000000
46967  -44.109  -26.416  41.374 0.0000000000
47836  -44.784  -25.920  41.014 0.0000000000
47837  -45.524  -25.364  40.754 0.0000000000
112494  -45.976  -24.595  40.571 0.0000000000
51123  -47.098  -21.688  38.497 0.0000000000
33909  -21.679  -41.813  54.222 0.0000000000
33911  -22.871  -41.500  53.895 0.0000000000
35629  -24.929  -39.198  56.257 0.0000000000
35635  -25.316  -39.336  56.005 0.0000000000
104026  -27.828  -38.734  54.510 0.0000000000
37261  -28.873  -39.386  54.643 0.0000000000
35651  -29.348  -40.178  54.542 0.0000000000
33925  -30.307  -41.331  53.011 0.0000000000
33953  -30.009  -42.355  51.539 0.0000000000
32394  -31.247  -43.717  49.671 0.0000000000
33963  -31.756  -42.746  49.839 0.0000000000
33159  -32.237  -43.379  49.623 0.0000000000
33167  -32.412  -43.769  49.080 0.0000000000
32416  -32.399  -44.346  48.937 0.0000000000
33197  -32.441  -43.317  45.815 0.0000000000
33198  -32.723  -43.803  45.142 0.0000000000
103032  -33.282  -39.486  48.164 0.0000000000
35739  -33.863  -39.847  48.005 0.0000000000
109046  -35.729  -39.492  48.446 0.0000000000
36515  -35.260  -39.697  48.440 0.0000000000
115678  -33.907  -40.181  47.489 0.0000000000
35758  -33.531  -40.602  46.758 0.0000000000
99832  -33.810  -41.073  45.965 0.0000000000
34930  -34.169  -41.368  45.245 0.0000000000
113341  -35.646  -41.237  45.970 0.0000000000
34945  -34.444  -41.599  44.444 0.0000000000
34003  -39.828  -41.251  46.766 0.0000000000
34022  -40.233  -41.357  46.332 0.0000000000
34044  -40.105  -41.594  45.483 0.0000000000
34045  -40.702  -40.973  45.799 0.0000000000
107271  -40.644  -41.258  45.211 0.0000000000
34067  -40.374  -41.611  44.423 0.0000000000
38208  -40.915  -37.477  44.816 0.0000000000
38849  -41.248  -37.530  45.499 0.0000000000
38850  -41.648  -36.401  45.027 0.0000000000
38841  -41.438  -37.427  45.361 0.0000000000
38842  -41.850  -37.340  45.441 0.0000000000
38843  -42.160  -37.310  45.364 0.0000000000
100860  -42.171  -34.329  45.204 0.0000000000
40273  -42.486  -34.543  45.374 0.0000000000
40274  -43.028  -34.551  45.574 0.0000000000
39514  -42.865  -35.140  45.397 0.0000000000
38852  -42.614  -36.157  44.945 0.0000000000
38191  -42.433  -37.558  45.125 0.0000000000
37409  -42.533  -38.279  44.764 0.0000000000
117791  -42.681  -38.045  44.266 0.0000000000
37453  -42.694  -38.077  43.669 0.0000000000
38869  -43.471  -36.174  43.748 0.0000000000
38218  -42.843  -37.420  43.539 0.0000000000
41955  -43.514  -32.649  42.442 0.0000000000
42012  -44.514  -31.902  38.219 0.0000000000
42940  -44.633  -30.851  39.591 0.0000000000
33888  -21.705  -41.656  55.920 0.0000000000
46985  -47.614  -26.588  39.631 0.0000000000
51968  -48.212  -20.855  38.652 0.0000000000
51126  -49.374  -20.900  38.622 0.0000000000
51136  -50.734  -21.018  38.022 0.0000000000
51127  -50.346  -21.201  38.360 0.0000000000
49483  -50.818  -22.775  37.616 0.0000000000
48718  -51.041  -24.066  36.682 0.0000000000
105203  -52.436  -21.152  35.951 0.0000000000
115263  -52.161  -21.427  36.429 0.0000000000
51149  -51.987  -22.007  36.663 0.0000000000
50260  -52.204  -22.700  36.317 0.0000000000
49485  -51.826  -23.012  36.601 0.0000000000
48711  -52.020  -23.655  36.319 0.0000000000
107122  -51.698  -23.914  36.439 0.0000000000
52750  -52.527  -19.229  30.581 0.0000000000
117083  -49.732  -17.763  26.048 0.0000000000
53595  -49.368  -18.217  26.194 0.0000000000
53586  -49.161  -19.002  26.130 0.0000000000
52039  -49.977  -20.128  29.015 0.0000000000
52769  -50.542  -20.128  29.246 0.0000000000
52757  -51.805  -19.000  30.135 0.0000000000
52758  -52.616  -18.922  30.196 0.0000000000
52032  -54.077  -19.511  30.498 0.0000000000
51216  -54.339  -20.519  30.422 0.0000000000
102257  -54.360  -21.782  30.358 0.0000000000
31725  -31.891  -44.877  49.008 0.0000000000
32389  -31.290  -43.319  50.047 0.0000000000
33136  -30.685  -42.446  51.634 0.0000000000
33145  -31.416  -42.956  50.494 0.0000000000
34005  -40.388  -41.104  46.476 0.0000000000
34024  -40.830  -40.832  45.738 0.0000000000
34060  -33.098  -42.034  44.127 0.0000000000
34897  -38.155  -41.075  47.864 0.0000000000
34900  -40.356  -40.451  46.864 0.0000000000
34909  -40.572  -40.610  46.598 0.0000000000
34918  -37.388  -41.486  46.415 0.0000000000
34919  -40.700  -40.871  46.118 0.0000000000
34920  -41.298  -40.209  45.902 0.0000000000
34943  -32.929  -41.769  44.816 0.0000000000
35727  -39.520  -40.549  47.240 0.0000000000
36436  -27.589  -39.895  55.962 0.0000000000
36533  -42.078  -39.094  46.286 0.0000000000
36546  -42.351  -39.021  45.518 0.0000000000
37229  -23.375  -39.499  56.836 0.0000000000
37331  -38.126  -39.754  48.039 0.0000000000
37432  -42.801  -37.715  43.934 0.0000000000
38202  -42.595  -37.359  44.711 0.0000000000
39526  -41.105  -35.593  43.934 0.0000000000
39550  -43.478  -35.680  42.610 0.0000000000
41075  -41.896  -33.201  44.650 0.0000000000
42849  -42.077  -31.289  46.105 0.0000000000
42865  -43.542  -32.670  44.821 0.0000000000
43803  -42.336  -30.523  46.011 0.0000000000
43844  -41.600  -30.313  43.876 0.0000000000
43868  -47.216  -30.171  40.770 0.0000000000
43875  -46.884  -30.602  40.480 0.0000000000
44638  -42.388  -30.158  45.841 0.0000000000
44639  -42.517  -30.048  45.731 0.0000000000
44645  -42.386  -30.157  45.375 0.0000000000
44688  -47.383  -29.965  40.603 0.0000000000
45396  -42.459  -29.734  45.521 0.0000000000
46191  -47.675  -28.572  40.133 0.0000000000
46930  -46.668  -25.702  43.106 0.0000000000
46990  -47.529  -26.407  38.562 0.0000000000
47787  -46.378  -25.090  43.303 0.0000000000
47809  -47.942  -24.994  42.813 0.0000000000
47859  -47.638  -25.408  38.594 0.0000000000
48647  -47.005  -25.399  43.147 0.0000000000
48657  -46.842  -24.486  43.031 0.0000000000
49440  -47.224  -23.809  42.748 0.0000000000
49449  -47.473  -23.104  42.136 0.0000000000
49450  -47.791  -23.589  42.453 0.0000000000
51138  -51.568  -21.910  37.246 0.0000000000
52026  -54.449  -19.517  31.172 0.0000000000
52746  -53.589  -19.580  31.767 0.0000000000
55126  -54.469  -16.770  25.905 0.0000000000
100895  -42.760  -37.388  44.265 0.0000000000
101804  -28.071  -39.001  54.786 0.0000000000
102254  -42.263  -38.900  46.169 0.0000000000
102417  -43.149  -36.795  43.600 0.0000000000
103207  -37.765  -41.034  47.874 0.0000000000
103246  -21.702  -41.825  55.029 0.0000000000
106997  -43.416  -34.040  45.505 0.0000000000
108587  -43.541  -34.956  45.733 0.0000000000
110481  -40.883  -38.561  47.650 0.0000000000
110873  -37.188  -39.828  48.318 0.0000000000
113510  -32.652  -41.945  45.038 0.0000000000
114057  -47.327  -22.866  42.001 0.0000000000
116973  -41.460  -40.305  45.397 0.0000000000
117417  -42.347  -35.717  45.172 0.0000000000
