#!ascii label  , from subject sub-047 vox2ras=TkReg
408
57274  -28.262  -14.500  -26.168 0.0000000000
61161  -24.947  -9.741  -28.143 0.0000000000
71266  -24.270  3.541  -30.773 0.0000000000
108661  -26.878  -0.812  -29.639 0.0000000000
64069  -29.189  -5.572  -26.436 0.0000000000
60442  -31.115  -10.632  -28.052 0.0000000000
117382  -22.814  6.046  -33.648 0.0000000000
65621  -28.417  -3.163  -27.444 0.0000000000
64078  -26.256  -5.173  -29.373 0.0000000000
59666  -26.632  -11.933  -26.595 0.0000000000
61132  -29.073  -10.676  -27.007 0.0000000000
58885  -29.458  -12.061  -27.106 0.0000000000
54059  -24.754  -18.399  -24.492 0.0000000000
57271  -25.502  -14.216  -26.338 0.0000000000
75662  -25.652  10.201  -27.737 0.0000000000
75042  -25.447  8.566  -28.372 0.0000000000
101121  -25.817  7.099  -28.074 0.0000000000
72905  -27.073  4.951  -28.031 0.0000000000
71246  -28.226  3.017  -28.117 0.0000000000
69596  -25.392  1.511  -30.638 0.0000000000
68724  -30.582  0.403  -27.709 0.0000000000
67171  -31.295  -1.425  -27.793 0.0000000000
115998  -32.008  -4.435  -28.169 0.0000000000
63323  -32.461  -6.956  -29.630 0.0000000000
62573  -27.102  -7.409  -27.248 0.0000000000
108244  -30.130  -8.156  -27.430 0.0000000000
64868  -25.757  -4.152  -30.110 0.0000000000
64102  -24.779  -5.050  -29.906 0.0000000000
98792  -28.140  -13.620  -26.376 0.0000000000
100305  -28.553  -12.216  -26.795 0.0000000000
57275  -29.213  -13.828  -26.349 0.0000000000
50886  -24.271  -22.732  -21.827 0.0000000000
51765  -24.759  -21.746  -22.630 0.0000000000
51766  -25.229  -21.126  -22.534 0.0000000000
58096  -24.490  -12.749  -26.888 0.0000000000
57269  -23.531  -14.147  -26.673 0.0000000000
74329  -25.095  7.738  -28.642 0.0000000000
72132  -23.217  5.055  -31.559 0.0000000000
112515  -25.116  4.978  -29.550 0.0000000000
72121  -25.491  4.184  -29.684 0.0000000000
72112  -28.093  3.917  -27.977 0.0000000000
71254  -26.597  3.077  -29.867 0.0000000000
67976  -26.563  -0.014  -29.723 0.0000000000
69583  -27.060  1.471  -29.106 0.0000000000
67965  -28.657  -0.121  -28.213 0.0000000000
67952  -31.136  -0.354  -27.660 0.0000000000
67183  -28.797  -1.457  -27.703 0.0000000000
102010  -28.563  -4.721  -26.810 0.0000000000
64836  -30.393  -3.921  -26.791 0.0000000000
107832  -30.931  -4.888  -27.089 0.0000000000
64080  -32.105  -6.049  -28.950 0.0000000000
63297  -31.795  -6.961  -28.320 0.0000000000
61859  -24.632  -8.993  -28.170 0.0000000000
62591  -25.156  -7.584  -28.595 0.0000000000
115921  -25.682  -8.671  -27.982 0.0000000000
107431  -30.108  -10.498  -28.338 0.0000000000
61843  -29.870  -9.944  -27.702 0.0000000000
61163  -30.825  -9.599  -28.646 0.0000000000
117933  -31.779  -8.358  -28.965 0.0000000000
61150  -32.391  -9.613  -28.031 0.0000000000
54046  -26.061  -18.608  -23.683 0.0000000000
54817  -25.006  -17.796  -25.025 0.0000000000
54061  -26.224  -17.964  -24.247 0.0000000000
55616  -26.091  -16.832  -25.347 0.0000000000
67208  -25.767  -2.184  -30.399 0.0000000000
66415  -28.151  -2.339  -27.910 0.0000000000
65642  -26.413  -3.801  -29.849 0.0000000000
64844  -27.250  -4.386  -28.726 0.0000000000
64067  -27.314  -5.579  -28.151 0.0000000000
60439  -26.014  -10.645  -27.227 0.0000000000
61146  -26.639  -9.910  -27.093 0.0000000000
59683  -27.443  -11.062  -26.539 0.0000000000
59684  -29.317  -11.109  -27.363 0.0000000000
59685  -30.044  -11.346  -27.796 0.0000000000
53327  -25.902  -19.809  -22.774 0.0000000000
59694  -24.463  -10.247  -27.912 0.0000000000
59681  -24.950  -11.249  -27.480 0.0000000000
58882  -26.419  -12.711  -26.491 0.0000000000
57272  -26.509  -14.303  -26.083 0.0000000000
76945  -27.142  11.139  -27.856 0.0000000000
104452  -22.831  10.007  -28.620 0.0000000000
75674  -25.187  9.445  -28.192 0.0000000000
106641  -28.475  8.954  -28.295 0.0000000000
74321  -28.344  7.699  -27.918 0.0000000000
73644  -28.646  7.002  -27.996 0.0000000000
73662  -24.047  6.354  -30.588 0.0000000000
72904  -26.344  5.364  -28.411 0.0000000000
73631  -28.937  6.170  -27.993 0.0000000000
72113  -29.728  5.017  -28.022 0.0000000000
72102  -30.328  3.877  -28.254 0.0000000000
71248  -31.042  2.671  -28.561 0.0000000000
70433  -24.805  2.706  -30.692 0.0000000000
70424  -27.138  2.302  -29.201 0.0000000000
69554  -29.408  1.909  -27.972 0.0000000000
69569  -31.171  1.435  -28.609 0.0000000000
68754  -31.484  0.506  -29.000 0.0000000000
66438  -32.125  -2.634  -30.183 0.0000000000
66405  -30.315  -2.366  -27.119 0.0000000000
65624  -31.660  -3.121  -27.794 0.0000000000
106692  -25.151  -5.834  -29.675 0.0000000000
63308  -26.728  -6.213  -28.424 0.0000000000
63294  -27.654  -6.378  -27.211 0.0000000000
104290  -27.195  -8.728  -26.782 0.0000000000
62575  -29.069  -8.260  -26.623 0.0000000000
63296  -30.296  -6.965  -26.959 0.0000000000
62595  -31.686  -7.797  -28.824 0.0000000000
109762  -33.017  -7.541  -29.581 0.0000000000
56428  -24.865  -15.021  -26.192 0.0000000000
117066  -26.505  -15.595  -25.620 0.0000000000
55618  -27.964  -15.852  -25.082 0.0000000000
58085  -28.880  -13.316  -26.624 0.0000000000
109678  -28.733  -14.035  -26.400 0.0000000000
57260  -29.433  -14.275  -25.829 0.0000000000
57259  -28.867  -14.672  -26.090 0.0000000000
50887  -25.112  -22.841  -20.688 0.0000000000
104179  -24.852  -22.469  -21.601 0.0000000000
107819  -25.266  -22.150  -21.240 0.0000000000
71265  -23.419  4.208  -31.380 0.0000000000
72133  -24.037  4.416  -30.651 0.0000000000
72134  -24.984  3.786  -30.077 0.0000000000
71253  -25.989  3.344  -29.937 0.0000000000
71267  -25.479  3.092  -30.255 0.0000000000
67195  -25.712  -0.976  -30.385 0.0000000000
107962  -26.355  -0.689  -30.047 0.0000000000
67977  -27.202  -0.082  -29.226 0.0000000000
67182  -27.463  -0.859  -28.927 0.0000000000
118049  -28.928  -0.690  -27.848 0.0000000000
110195  -28.244  -0.803  -28.307 0.0000000000
105197  -29.786  -4.754  -26.448 0.0000000000
64071  -31.462  -5.914  -27.614 0.0000000000
64070  -30.404  -5.867  -26.663 0.0000000000
61860  -25.102  -8.678  -28.288 0.0000000000
61162  -25.588  -9.441  -27.838 0.0000000000
60441  -30.302  -10.836  -28.233 0.0000000000
61148  -30.303  -10.085  -28.360 0.0000000000
60453  -30.570  -10.247  -28.498 0.0000000000
61149  -31.448  -9.856  -28.496 0.0000000000
60443  -32.084  -10.361  -27.696 0.0000000000
61134  -32.706  -9.740  -27.053 0.0000000000
66436  -25.123  -2.602  -30.679 0.0000000000
66426  -26.619  -2.856  -29.475 0.0000000000
66437  -25.685  -3.157  -30.513 0.0000000000
64855  -26.173  -4.458  -29.760 0.0000000000
65632  -26.711  -4.310  -29.478 0.0000000000
64843  -26.672  -4.828  -29.317 0.0000000000
109488  -27.122  -5.049  -28.781 0.0000000000
64079  -26.665  -5.380  -28.991 0.0000000000
116841  -26.677  -11.297  -26.702 0.0000000000
59667  -27.676  -11.774  -26.528 0.0000000000
58884  -29.027  -12.538  -26.928 0.0000000000
59669  -29.154  -11.801  -27.193 0.0000000000
114035  -29.587  -11.406  -27.529 0.0000000000
58897  -29.845  -11.772  -27.367 0.0000000000
59670  -30.463  -11.768  -26.985 0.0000000000
58886  -29.966  -12.283  -26.824 0.0000000000
50005  -23.662  -23.327  -21.662 0.0000000000
50004  -22.962  -23.702  -21.747 0.0000000000
52530  -25.090  -20.311  -22.889 0.0000000000
60437  -24.717  -10.444  -27.869 0.0000000000
58082  -25.164  -13.394  -26.606 0.0000000000
58881  -25.424  -12.715  -26.746 0.0000000000
58083  -26.028  -13.474  -26.401 0.0000000000
75661  -24.608  10.587  -27.849 0.0000000000
76305  -25.920  10.917  -27.482 0.0000000000
76306  -26.936  10.625  -27.743 0.0000000000
75041  -24.745  8.725  -28.651 0.0000000000
75040  -23.927  8.978  -28.831 0.0000000000
75043  -26.213  9.033  -28.187 0.0000000000
101070  -26.825  9.810  -27.820 0.0000000000
75663  -27.816  9.117  -27.926 0.0000000000
75030  -26.758  8.265  -27.840 0.0000000000
74319  -26.797  7.353  -27.796 0.0000000000
74320  -27.817  7.185  -27.767 0.0000000000
73629  -27.247  6.592  -27.803 0.0000000000
72919  -23.428  6.173  -31.756 0.0000000000
72109  -25.818  4.814  -29.158 0.0000000000
117003  -25.787  5.401  -28.800 0.0000000000
73643  -27.085  5.810  -27.836 0.0000000000
72899  -28.413  5.453  -27.730 0.0000000000
72900  -29.160  5.451  -27.881 0.0000000000
72099  -27.870  4.734  -27.750 0.0000000000
71245  -27.420  3.364  -28.610 0.0000000000
71234  -28.982  3.663  -27.738 0.0000000000
71235  -29.791  3.384  -27.903 0.0000000000
71236  -30.545  3.119  -28.182 0.0000000000
70402  -29.178  2.815  -27.860 0.0000000000
68765  -25.062  0.663  -30.916 0.0000000000
69595  -24.749  1.394  -31.129 0.0000000000
104278  -25.019  2.049  -30.784 0.0000000000
103107  -26.408  2.518  -30.052 0.0000000000
69582  -26.618  1.908  -29.782 0.0000000000
69567  -29.232  1.027  -28.061 0.0000000000
99869  -28.543  1.600  -28.243 0.0000000000
69555  -30.019  1.144  -27.837 0.0000000000
106750  -30.248  1.849  -28.116 0.0000000000
69556  -30.749  1.123  -28.181 0.0000000000
68741  -31.242  0.771  -28.498 0.0000000000
68725  -31.125  0.370  -27.964 0.0000000000
67170  -30.617  -1.043  -27.386 0.0000000000
67967  -31.502  -0.711  -28.162 0.0000000000
67185  -31.754  -1.483  -28.724 0.0000000000
114939  -32.011  -1.912  -29.646 0.0000000000
66427  -31.984  -2.431  -29.084 0.0000000000
104416  -27.647  -3.057  -28.228 0.0000000000
65622  -29.734  -3.065  -26.816 0.0000000000
108490  -31.460  -4.037  -27.572 0.0000000000
65623  -30.953  -3.116  -27.074 0.0000000000
113725  -32.118  -3.874  -28.324 0.0000000000
109409  -32.011  -3.114  -28.635 0.0000000000
65635  -32.401  -3.845  -29.243 0.0000000000
103051  -32.473  -6.471  -29.798 0.0000000000
63324  -32.748  -6.683  -30.165 0.0000000000
107039  -23.970  -6.117  -29.490 0.0000000000
62593  -26.196  -7.019  -28.343 0.0000000000
62608  -25.605  -6.717  -28.905 0.0000000000
61131  -27.951  -10.369  -26.453 0.0000000000
61841  -27.579  -9.719  -26.546 0.0000000000
61828  -28.631  -10.214  -26.710 0.0000000000
106807  -29.724  -9.084  -27.232 0.0000000000
63295  -29.346  -7.212  -26.631 0.0000000000
62576  -31.123  -7.647  -27.901 0.0000000000
62594  -31.019  -8.448  -28.570 0.0000000000
61863  -32.293  -8.503  -28.798 0.0000000000
61876  -32.265  -7.825  -29.143 0.0000000000
61877  -32.993  -7.900  -29.050 0.0000000000
55602  -26.799  -16.880  -24.964 0.0000000000
111623  -26.632  -16.215  -25.347 0.0000000000
55617  -27.331  -16.107  -25.172 0.0000000000
56415  -27.174  -15.560  -25.538 0.0000000000
55603  -27.510  -16.533  -24.730 0.0000000000
65655  -25.412  -3.626  -30.460 0.0000000000
64867  -25.217  -4.426  -30.117 0.0000000000
64092  -25.260  -5.116  -29.792 0.0000000000
58883  -27.655  -12.673  -26.450 0.0000000000
113904  -28.529  -12.881  -26.668 0.0000000000
58086  -29.461  -12.891  -26.596 0.0000000000
58087  -30.094  -12.799  -26.203 0.0000000000
58073  -29.750  -13.475  -26.024 0.0000000000
50006  -24.453  -23.140  -21.196 0.0000000000
51776  -24.515  -21.245  -22.952 0.0000000000
50897  -25.242  -21.781  -22.011 0.0000000000
58894  -24.347  -11.796  -27.285 0.0000000000
58095  -23.836  -12.297  -27.016 0.0000000000
58880  -23.670  -13.157  -26.782 0.0000000000
57270  -24.442  -13.897  -26.611 0.0000000000
75660  -23.782  10.809  -27.937 0.0000000000
75054  -24.375  8.062  -29.426 0.0000000000
74330  -25.962  7.972  -28.051 0.0000000000
74328  -24.656  7.258  -29.455 0.0000000000
73641  -24.857  6.958  -29.177 0.0000000000
72920  -23.913  5.400  -30.641 0.0000000000
72120  -24.640  4.695  -29.987 0.0000000000
72110  -26.560  4.421  -28.747 0.0000000000
72111  -27.281  4.134  -28.362 0.0000000000
72122  -26.250  3.860  -29.498 0.0000000000
71244  -26.842  3.574  -29.167 0.0000000000
70412  -27.059  2.976  -29.507 0.0000000000
68752  -26.287  0.859  -29.970 0.0000000000
68753  -26.779  0.802  -29.368 0.0000000000
108563  -28.379  0.699  -28.419 0.0000000000
68740  -29.105  0.372  -28.040 0.0000000000
108094  -29.408  -0.186  -27.718 0.0000000000
67966  -29.671  -0.878  -27.471 0.0000000000
105542  -30.718  -1.782  -27.403 0.0000000000
64835  -29.086  -3.884  -26.837 0.0000000000
108731  -31.810  -5.032  -27.999 0.0000000000
64845  -32.341  -4.797  -28.950 0.0000000000
63309  -32.167  -6.966  -29.078 0.0000000000
106733  -24.434  -7.162  -29.058 0.0000000000
61875  -24.670  -7.902  -28.505 0.0000000000
62592  -25.596  -7.774  -28.323 0.0000000000
62572  -26.254  -8.116  -27.727 0.0000000000
61133  -29.611  -10.734  -27.682 0.0000000000
61829  -29.424  -10.362  -27.325 0.0000000000
61147  -29.892  -10.490  -28.045 0.0000000000
61844  -30.422  -9.267  -28.294 0.0000000000
61861  -31.069  -8.951  -28.704 0.0000000000
61164  -31.479  -8.962  -28.786 0.0000000000
113525  -32.038  -9.214  -28.562 0.0000000000
61845  -32.768  -8.926  -28.210 0.0000000000
61846  -33.432  -8.541  -27.707 0.0000000000
61135  -33.098  -9.149  -27.444 0.0000000000
54060  -25.542  -18.492  -24.061 0.0000000000
54818  -25.591  -17.909  -24.720 0.0000000000
54832  -25.535  -17.317  -25.211 0.0000000000
54833  -26.187  -17.416  -24.901 0.0000000000
54819  -26.652  -17.442  -24.574 0.0000000000
67207  -25.064  -1.530  -30.641 0.0000000000
67196  -26.351  -1.436  -30.014 0.0000000000
100197  -27.771  -1.609  -28.428 0.0000000000
105640  -26.353  -2.269  -29.930 0.0000000000
66414  -27.295  -2.544  -28.677 0.0000000000
65633  -27.065  -3.576  -29.010 0.0000000000
65656  -25.927  -3.783  -30.238 0.0000000000
65634  -27.616  -3.657  -28.205 0.0000000000
64834  -27.992  -4.080  -27.593 0.0000000000
64833  -27.671  -4.882  -27.886 0.0000000000
64068  -28.124  -5.548  -27.036 0.0000000000
61144  -25.121  -10.138  -27.944 0.0000000000
61145  -25.729  -10.088  -27.576 0.0000000000
60440  -26.988  -10.479  -26.721 0.0000000000
60423  -28.389  -10.886  -26.680 0.0000000000
59668  -28.599  -11.493  -26.833 0.0000000000
60424  -29.837  -10.863  -27.949 0.0000000000
59671  -30.811  -11.212  -27.507 0.0000000000
60425  -31.691  -10.979  -27.156 0.0000000000
59657  -31.210  -11.431  -26.588 0.0000000000
49268  -23.310  -24.225  -21.335 0.0000000000
53338  -24.069  -19.142  -23.960 0.0000000000
53325  -24.601  -19.699  -23.450 0.0000000000
53339  -24.905  -18.952  -23.819 0.0000000000
53326  -25.511  -19.262  -23.373 0.0000000000
98310  -26.254  -19.060  -23.167 0.0000000000
60452  -24.811  -10.013  -28.111 0.0000000000
60438  -25.142  -10.505  -27.747 0.0000000000
59682  -25.770  -11.227  -27.146 0.0000000000
58895  -24.937  -12.108  -27.153 0.0000000000
58896  -25.648  -11.969  -26.926 0.0000000000
58084  -27.079  -13.518  -26.198 0.0000000000
57273  -27.480  -14.345  -26.058 0.0000000000
76944  -26.082  11.573  -27.505 0.0000000000
112939  -22.945  10.629  -27.878 0.0000000000
104998  -23.482  9.879  -28.417 0.0000000000
75673  -24.283  9.713  -28.312 0.0000000000
75675  -27.598  9.968  -27.890 0.0000000000
108192  -27.630  8.132  -27.758 0.0000000000
75044  -28.971  8.425  -28.520 0.0000000000
74331  -28.942  7.713  -28.294 0.0000000000
74332  -29.483  7.773  -28.783 0.0000000000
73645  -29.466  6.854  -28.491 0.0000000000
73651  -24.596  6.500  -29.800 0.0000000000
72911  -24.552  5.601  -29.911 0.0000000000
72912  -25.197  5.694  -29.208 0.0000000000
100838  -25.829  5.966  -28.480 0.0000000000
73630  -27.990  6.249  -27.757 0.0000000000
73646  -30.120  6.221  -28.841 0.0000000000
106938  -29.697  5.849  -28.339 0.0000000000
72906  -30.315  5.215  -28.735 0.0000000000
72100  -28.855  4.638  -27.701 0.0000000000
118204  -30.169  4.551  -28.284 0.0000000000
71277  -23.936  2.967  -31.215 0.0000000000
70422  -26.347  2.824  -30.034 0.0000000000
70423  -26.679  2.714  -29.914 0.0000000000
109174  -27.462  2.791  -28.761 0.0000000000
69566  -27.709  1.503  -28.654 0.0000000000
70413  -27.918  2.250  -28.447 0.0000000000
70414  -28.650  2.314  -28.071 0.0000000000
70403  -29.969  2.592  -27.956 0.0000000000
113577  -31.276  2.031  -28.839 0.0000000000
67953  -31.429  0.022  -28.246 0.0000000000
104606  -31.625  -0.446  -29.074 0.0000000000
67209  -32.008  -1.804  -30.547 0.0000000000
66446  -32.081  -2.414  -31.211 0.0000000000
67184  -29.878  -1.641  -27.304 0.0000000000
66406  -31.195  -2.365  -27.521 0.0000000000
66416  -31.667  -2.331  -28.179 0.0000000000
64094  -32.534  -5.608  -29.882 0.0000000000
64091  -24.644  -5.682  -29.735 0.0000000000
117822  -25.543  -5.694  -29.538 0.0000000000
63321  -25.367  -6.202  -29.426 0.0000000000
63322  -25.880  -5.782  -29.342 0.0000000000
63307  -26.315  -5.674  -29.107 0.0000000000
109711  -28.679  -6.363  -26.519 0.0000000000
61840  -26.418  -9.147  -27.424 0.0000000000
61842  -28.783  -9.444  -26.622 0.0000000000
62574  -28.079  -8.281  -26.345 0.0000000000
109043  -28.298  -7.306  -26.484 0.0000000000
106802  -29.583  -6.354  -26.531 0.0000000000
118248  -31.051  -6.659  -27.401 0.0000000000
61862  -31.574  -8.260  -28.899 0.0000000000
62609  -32.172  -7.507  -29.140 0.0000000000
62610  -32.621  -7.225  -29.633 0.0000000000
105213  -24.014  -14.716  -26.539 0.0000000000
56414  -25.954  -16.060  -25.618 0.0000000000
56429  -25.942  -15.149  -25.900 0.0000000000
56430  -26.907  -15.004  -25.860 0.0000000000
56431  -27.729  -15.040  -25.928 0.0000000000
56432  -28.320  -15.071  -25.941 0.0000000000
50896  -24.567  -22.277  -22.348 0.0000000000
53312  -26.423  -19.459  -22.610 0.0000000000
56416  -27.886  -15.498  -25.562 0.0000000000
62607  -24.998  -6.969  -29.078 0.0000000000
64093  -25.730  -5.182  -29.588 0.0000000000
66404  -29.178  -2.324  -27.313 0.0000000000
66425  -26.116  -3.084  -30.214 0.0000000000
67197  -26.882  -1.770  -29.258 0.0000000000
67951  -30.302  -0.254  -27.433 0.0000000000
67964  -27.896  -0.089  -28.674 0.0000000000
67975  -25.990  -0.041  -30.197 0.0000000000
68723  -29.819  0.434  -27.691 0.0000000000
68739  -27.464  0.698  -28.858 0.0000000000
68751  -25.700  0.765  -30.450 0.0000000000
69568  -30.890  1.925  -28.436 0.0000000000
69581  -26.059  1.697  -30.216 0.0000000000
70404  -30.568  2.436  -28.251 0.0000000000
70434  -25.715  2.394  -30.361 0.0000000000
72101  -29.661  4.198  -27.912 0.0000000000
72898  -27.670  5.443  -27.733 0.0000000000
73642  -26.459  6.328  -27.990 0.0000000000
75031  -28.407  8.351  -28.074 0.0000000000
103007  -31.404  1.318  -28.964 0.0000000000
106588  -27.106  8.864  -27.828 0.0000000000
106722  -26.134  -6.209  -28.924 0.0000000000
107291  -32.138  -3.127  -29.493 0.0000000000
111386  -25.678  -4.620  -29.841 0.0000000000
113635  -23.270  3.849  -31.546 0.0000000000
114500  -30.368  -12.243  -26.353 0.0000000000
117426  -25.364  -15.770  -25.878 0.0000000000
