#!ascii label  , from subject sub-047 vox2ras=TkReg
1475
28130  36.094  -47.464  -16.193 0.6000000238
28129  37.506  -47.317  -16.239 0.5000000000
29565  35.318  -45.010  -14.759 0.6999999881
29566  34.499  -45.336  -14.882 0.6000000238
28865  36.698  -45.982  -15.127 0.6999999881
28111  35.599  -46.710  -15.377 0.6000000238
27322  34.762  -47.698  -15.710 0.5000000000
109424  34.449  -47.043  -15.201 0.5000000000
28867  34.512  -46.239  -14.924 0.6000000238
30298  33.807  -44.966  -15.179 0.6000000238
28110  37.105  -46.621  -15.707 0.5000000000
27334  38.734  -48.169  -16.629 0.5000000000
28127  38.934  -48.024  -16.029 0.5000000000
31678  35.231  -42.283  -16.584 0.6000000238
113256  35.445  -42.467  -17.367 0.6999999881
30282  35.561  -43.671  -14.554 0.6000000238
30989  35.261  -43.018  -15.047 0.6999999881
31671  35.180  -42.403  -15.693 0.6000000238
30990  34.740  -43.331  -15.657 0.6000000238
30297  34.152  -44.180  -15.567 0.6000000238
104097  36.096  -44.472  -14.276 0.6000000238
29549  36.281  -45.187  -14.674 0.6999999881
30998  34.201  -43.643  -16.145 0.6000000238
28853  37.118  -45.782  -14.596 0.5000000000
116928  36.692  -45.148  -14.235 0.5000000000
30300  33.608  -43.997  -16.429 0.6000000238
28109  38.237  -47.112  -15.450 0.5000000000
30301  33.255  -44.604  -15.800 0.6000000238
116832  33.147  -44.267  -16.382 0.6000000238
30312  33.243  -43.940  -17.023 0.6999999881
104184  32.791  -44.397  -16.353 0.6000000238
30328  33.641  -43.952  -18.102 0.6999999881
30302  32.073  -44.616  -16.285 0.6000000238
30314  31.805  -43.892  -16.695 0.6000000238
104491  31.261  -45.096  -16.072 0.6000000238
32381  30.121  -41.656  -17.812 0.5000000000
33134  29.957  -40.691  -19.041 0.6999999881
32395  29.568  -41.466  -18.595 0.6000000238
102451  30.490  -40.009  -19.482 0.8000000119
32411  29.342  -41.107  -19.697 0.6999999881
31689  36.222  -42.193  -17.650 0.6000000238
31710  35.684  -42.900  -18.104 0.6999999881
31658  35.581  -42.253  -14.867 0.6999999881
32365  35.642  -41.664  -16.090 0.6000000238
31691  34.837  -42.836  -17.035 0.6999999881
31690  34.944  -43.230  -17.699 0.6999999881
30281  35.923  -43.676  -13.889 0.6000000238
32337  35.980  -41.525  -14.719 0.6000000238
31024  35.201  -43.710  -18.256 0.8000000119
30271  36.247  -43.625  -13.080 0.5000000000
30972  35.924  -42.793  -13.447 0.5000000000
30326  35.036  -44.535  -18.789 0.8000000119
31025  34.492  -43.933  -18.083 0.6000000238
116862  37.083  -45.530  -13.916 0.5000000000
29540  36.476  -44.550  -13.637 0.5000000000
30311  33.832  -43.895  -17.598 0.8000000119
28099  38.235  -46.985  -14.674 0.5000000000
30327  34.207  -44.305  -18.610 0.8000000119
113676  33.453  -43.732  -18.480 0.6999999881
30345  33.869  -44.360  -19.069 0.6999999881
31711  33.222  -43.165  -18.835 0.6999999881
31041  33.543  -43.813  -19.194 0.6999999881
112546  33.103  -43.707  -17.627 0.6999999881
31692  32.181  -42.650  -17.584 0.6000000238
31007  32.398  -43.399  -17.213 0.6000000238
114049  32.099  -41.886  -17.815 0.6999999881
31008  31.408  -43.006  -16.970 0.6999999881
32393  31.667  -40.650  -18.141 0.6999999881
31694  30.509  -42.321  -17.313 0.6000000238
113162  30.609  -40.497  -18.602 0.8000000119
33122  31.026  -40.757  -18.039 0.8000000119
32380  30.825  -41.473  -17.648 0.6000000238
34056  31.230  -39.677  -19.352 0.8999999762
32425  29.041  -40.878  -20.737 0.6999999881
34069  30.823  -39.366  -20.285 0.8000000119
32412  28.915  -41.507  -20.314 0.6999999881
31709  36.562  -42.762  -18.394 0.6000000238
31023  36.978  -43.618  -19.057 0.6999999881
31040  36.908  -44.545  -19.492 0.6999999881
32378  35.871  -41.762  -16.918 0.6000000238
103970  36.901  -40.891  -15.643 0.4000000060
32354  36.139  -41.263  -15.473 0.6000000238
32377  36.721  -41.537  -17.110 0.6000000238
101413  35.905  -43.686  -18.634 0.6999999881
102364  36.629  -40.905  -14.793 0.6000000238
30325  36.050  -44.601  -19.174 0.8000000119
30964  36.351  -42.807  -12.618 0.4000000060
31645  36.362  -41.988  -13.097 0.5000000000
31657  35.881  -42.067  -14.024 0.6000000238
30343  35.375  -45.179  -19.576 0.8000000119
29533  36.574  -44.324  -12.666 0.5000000000
111890  36.652  -45.013  -13.119 0.4000000060
30357  34.566  -45.063  -20.473 0.8000000119
31057  33.806  -44.092  -19.870 0.8000000119
31073  34.002  -43.411  -20.851 0.8000000119
30358  34.182  -44.631  -19.860 0.8000000119
31724  33.215  -42.363  -19.134 0.8000000119
31723  33.546  -43.071  -19.760 0.6999999881
32441  33.722  -41.611  -20.933 0.8999999762
32410  32.989  -41.460  -18.901 0.8999999762
106470  32.623  -40.670  -18.760 0.8999999762
31712  32.714  -42.309  -18.346 0.6999999881
32392  32.318  -41.162  -18.225 0.6000000238
34055  31.840  -39.735  -19.046 0.8999999762
33144  32.463  -40.037  -19.091 0.8999999762
33155  29.258  -39.313  -21.988 0.8000000119
33156  28.511  -40.664  -21.456 0.8000000119
33145  29.953  -39.733  -20.964 0.8000000119
108154  29.093  -40.080  -21.331 0.8000000119
34080  31.260  -38.702  -20.837 0.8000000119
33146  29.694  -40.416  -20.210 0.6999999881
31039  37.778  -44.228  -19.537 0.6999999881
29604  37.885  -45.770  -20.627 0.6000000238
31708  37.600  -42.705  -18.541 0.6000000238
31022  38.190  -43.423  -19.084 0.5000000000
30355  37.031  -45.790  -20.414 0.6999999881
32376  37.697  -41.507  -17.151 0.4000000060
31688  37.164  -42.107  -17.792 0.6000000238
30342  36.365  -45.349  -19.867 0.6999999881
32353  37.480  -40.668  -15.027 0.5000000000
29605  35.686  -45.588  -20.283 0.6999999881
32321  37.890  -41.155  -13.441 0.5000000000
32323  36.434  -41.348  -13.962 0.6000000238
31630  38.423  -41.973  -12.102 0.4000000060
32313  37.659  -41.563  -12.609 0.4000000060
29630  35.286  -45.726  -22.285 0.8000000119
29619  35.037  -45.576  -21.206 0.8000000119
30943  37.482  -42.983  -11.544 0.4000000060
30371  34.681  -44.966  -21.720 0.8000000119
30344  34.541  -44.922  -19.487 0.8000000119
99882  36.763  -45.778  -12.936 0.3000000119
31750  34.270  -43.274  -22.070 0.8000000119
31056  34.238  -44.428  -20.681 0.8000000119
31751  34.004  -42.441  -21.442 0.8000000119
32453  34.074  -41.185  -22.281 0.8999999762
32424  33.397  -41.756  -19.884 0.8999999762
33168  33.696  -40.733  -21.466 0.8999999762
33153  33.342  -40.577  -20.439 0.8999999762
33182  33.845  -39.917  -22.298 0.8999999762
117146  33.169  -39.724  -20.395 0.8999999762
34090  29.552  -38.619  -22.124 0.8000000119
33169  28.477  -39.698  -21.814 0.8000000119
34079  32.888  -39.009  -20.324 0.8999999762
105088  32.115  -38.896  -20.200 0.8999999762
34081  30.171  -39.036  -21.580 0.8000000119
34919  32.216  -38.464  -20.954 0.8000000119
31038  38.832  -44.181  -19.475 0.6000000238
30340  38.394  -44.930  -20.059 0.6000000238
28912  38.264  -46.767  -21.538 0.6000000238
32375  38.681  -41.551  -17.119 0.4000000060
31686  39.150  -42.114  -17.880 0.4000000060
31687  38.174  -42.146  -17.802 0.4000000060
29616  37.269  -46.547  -21.146 0.6999999881
32362  38.162  -41.071  -16.430 0.4000000060
29627  36.828  -46.812  -21.680 0.6999999881
32334  39.190  -41.216  -14.618 0.5000000000
32352  38.478  -40.874  -15.477 0.4000000060
29628  36.125  -46.600  -21.861 0.6999999881
30384  35.754  -45.441  -23.698 0.8000000119
29629  35.516  -46.068  -21.762 0.8000000119
31090  35.247  -43.933  -23.711 0.8000000119
30385  35.183  -45.245  -22.990 0.8000000119
32452  34.734  -42.317  -23.378 0.8000000119
114280  33.937  -41.659  -21.727 0.8999999762
33181  34.294  -40.845  -23.053 0.8999999762
34078  33.422  -39.420  -21.052 0.8999999762
34918  32.993  -38.508  -21.262 1.0000000000
34921  30.406  -38.425  -21.900 0.8000000119
114888  32.813  -38.298  -22.188 1.0000000000
34920  31.279  -38.370  -21.769 0.8000000119
29615  39.068  -45.887  -20.913 0.6000000238
28922  39.654  -47.562  -22.999 0.6000000238
30339  39.465  -44.898  -20.122 0.6000000238
28930  39.000  -47.442  -23.167 0.6999999881
31706  39.605  -42.756  -18.578 0.4000000060
31021  39.218  -43.507  -18.974 0.4000000060
32361  39.076  -41.214  -16.355 0.4000000060
28924  36.918  -47.057  -22.510 0.6999999881
32350  40.431  -41.533  -15.655 0.5000000000
32374  39.729  -41.572  -17.118 0.4000000060
28925  36.352  -46.801  -22.865 0.8000000119
30388  35.341  -44.747  -23.533 0.8000000119
30383  36.569  -45.863  -23.633 0.8000000119
31089  35.850  -43.615  -24.272 0.8000000119
31084  34.660  -44.259  -22.768 0.8000000119
32457  35.433  -42.221  -24.153 0.8000000119
31761  34.616  -43.209  -23.144 0.8000000119
115837  34.403  -41.627  -22.891 0.8999999762
33200  35.134  -40.515  -24.343 0.8999999762
34101  34.386  -39.945  -23.575 1.0000000000
34102  33.755  -38.964  -22.991 1.0000000000
34944  33.034  -38.136  -22.816 1.0000000000
34934  30.818  -38.080  -22.306 0.8000000119
34091  28.861  -38.827  -22.153 0.8000000119
34945  32.018  -37.744  -22.861 0.8000000119
34933  31.879  -38.207  -22.173 0.8000000119
30354  40.244  -45.725  -20.896 0.6000000238
28911  39.336  -47.099  -22.034 0.6000000238
28931  37.795  -47.322  -23.057 0.6999999881
29640  38.299  -47.106  -23.302 0.6999999881
31020  40.147  -43.488  -19.160 0.5000000000
31037  39.794  -44.196  -19.524 0.5000000000
29641  37.105  -46.690  -23.384 0.8000000119
30382  37.473  -46.365  -23.261 0.8000000119
31685  40.086  -42.076  -18.051 0.4000000060
32373  40.687  -41.663  -17.419 0.4000000060
32391  40.976  -41.904  -18.295 0.4000000060
100189  35.872  -44.620  -23.991 0.8000000119
30387  36.144  -45.439  -23.818 0.8000000119
31766  35.995  -42.803  -24.538 0.8000000119
33192  34.781  -40.841  -23.787 0.8999999762
32462  36.664  -41.541  -24.960 0.8000000119
34954  34.333  -38.865  -23.818 1.0000000000
34117  35.279  -39.689  -24.598 1.0000000000
35782  33.260  -37.361  -23.819 1.0000000000
34946  31.221  -37.739  -22.623 0.8999999762
34936  29.207  -38.240  -22.161 0.8000000119
35767  30.173  -37.820  -22.056 0.8999999762
35774  31.875  -37.103  -23.176 1.0000000000
35775  31.100  -37.336  -22.518 1.0000000000
36618  33.487  -36.754  -24.004 1.0000000000
35788  34.491  -36.637  -24.603 1.0000000000
36619  33.233  -36.360  -23.528 1.0000000000
119023  34.721  -35.825  -24.515 1.0000000000
108588  34.001  -35.918  -23.927 1.0000000000
28921  40.563  -47.317  -23.252 0.6999999881
28929  39.894  -47.354  -23.192 0.6999999881
30380  40.111  -46.667  -23.470 0.6999999881
29614  40.961  -46.495  -22.022 0.6000000238
29625  41.341  -47.053  -23.108 0.6000000238
30381  38.742  -46.644  -23.220 0.6999999881
30338  40.470  -44.879  -20.258 0.6000000238
31036  41.213  -43.563  -19.717 0.5000000000
31070  37.429  -44.148  -22.043 0.8000000119
31704  41.415  -42.456  -19.133 0.4000000060
30370  36.918  -45.068  -23.316 0.8000000119
31083  36.515  -44.062  -23.727 0.8000000119
31088  36.223  -43.921  -24.157 0.8000000119
101933  36.804  -42.554  -24.386 0.8000000119
31765  36.585  -43.257  -24.077 0.8000000119
114598  36.163  -42.093  -24.620 0.6999999881
32461  36.786  -42.244  -24.713 0.8000000119
33199  36.097  -40.669  -24.922 0.8999999762
33198  37.354  -40.738  -25.251 0.8000000119
34116  36.578  -39.918  -25.309 0.8999999762
34119  38.128  -40.028  -25.246 1.0000000000
34115  37.583  -39.849  -25.469 1.0000000000
114492  35.934  -39.098  -24.894 1.0000000000
34961  37.082  -39.007  -25.455 1.0000000000
34965  37.974  -38.305  -25.558 1.0000000000
34963  34.989  -38.572  -24.390 1.0000000000
35790  37.905  -37.566  -25.525 1.0000000000
34962  35.848  -38.237  -24.809 1.0000000000
110495  35.594  -36.544  -24.869 1.0000000000
36615  31.528  -36.861  -22.745 1.0000000000
36608  31.424  -36.798  -21.966 1.0000000000
36624  35.199  -36.058  -24.800 1.0000000000
36613  32.788  -36.358  -23.155 1.0000000000
37468  33.512  -35.696  -23.043 1.0000000000
37475  34.799  -35.197  -24.123 1.0000000000
38305  34.316  -35.053  -23.344 1.0000000000
30368  39.084  -45.642  -22.660 0.6999999881
30365  42.649  -45.875  -23.237 0.5000000000
30366  41.480  -46.483  -23.582 0.6999999881
30369  37.928  -45.447  -22.589 0.6999999881
30353  41.265  -45.657  -21.319 0.6000000238
31051  42.330  -44.246  -21.074 0.5000000000
31052  41.397  -44.718  -20.549 0.5000000000
31071  36.833  -43.760  -22.588 0.8000000119
31760  36.704  -43.226  -23.158 0.6999999881
108309  37.335  -41.777  -24.541 0.8000000119
98340  36.945  -42.564  -23.866 0.8000000119
33197  37.798  -40.861  -24.920 0.6999999881
34114  38.340  -39.696  -25.014 0.8999999762
104299  38.108  -39.189  -24.185 0.8000000119
35772  37.353  -37.541  -23.194 0.8000000119
36605  36.713  -36.986  -22.288 0.8000000119
34960  38.248  -39.048  -25.200 0.8999999762
34953  38.117  -38.152  -24.201 0.8000000119
34120  38.032  -39.154  -25.466 1.0000000000
35780  38.669  -37.427  -24.952 0.8999999762
35781  38.455  -36.982  -24.225 0.8999999762
36612  37.711  -36.516  -23.266 0.8000000119
36620  38.742  -36.831  -25.242 1.0000000000
36622  37.016  -36.877  -25.188 1.0000000000
35787  35.659  -37.282  -24.855 1.0000000000
36623  36.431  -36.021  -24.805 1.0000000000
37478  37.240  -35.337  -24.848 1.0000000000
38296  34.053  -34.730  -22.557 1.0000000000
101447  38.747  -34.816  -25.355 1.0000000000
37479  35.770  -35.370  -24.566 1.0000000000
38308  37.053  -34.505  -24.831 1.0000000000
38303  35.831  -34.061  -24.514 1.0000000000
31082  42.153  -45.481  -23.702 0.6999999881
30367  40.770  -45.742  -23.357 0.6999999881
31068  39.579  -44.463  -22.188 0.6999999881
31069  38.270  -44.365  -21.812 0.6999999881
30379  42.486  -45.732  -23.573 0.6000000238
31054  37.745  -43.309  -21.259 0.6999999881
102215  42.213  -45.413  -21.968 0.5000000000
30352  43.014  -45.020  -22.739 0.5000000000
31055  37.045  -43.136  -21.552 0.8000000119
31749  36.696  -42.751  -22.029 0.6999999881
113273  36.516  -41.578  -22.366 0.6999999881
32440  36.517  -41.872  -21.524 0.6999999881
108481  37.141  -41.776  -23.602 0.6999999881
33180  36.702  -40.734  -22.836 0.6999999881
34108  38.277  -39.854  -24.650 0.6999999881
33190  37.807  -40.819  -24.350 0.6999999881
35764  36.365  -37.963  -22.213 0.8000000119
35765  35.947  -37.381  -21.357 0.8000000119
101806  35.694  -36.141  -20.703 0.8000000119
36606  36.105  -36.421  -21.546 0.8000000119
37460  36.586  -35.740  -22.177 0.8000000119
36616  39.174  -36.444  -24.932 1.0000000000
37467  37.791  -35.479  -23.351 0.8999999762
102255  36.603  -35.025  -22.185 0.8000000119
36617  38.905  -36.035  -24.310 1.0000000000
36625  38.452  -36.916  -25.356 1.0000000000
37472  39.200  -36.201  -25.231 1.0000000000
100178  38.276  -35.985  -25.308 1.0000000000
38306  39.034  -34.021  -25.263 1.0000000000
38295  34.473  -34.153  -23.086 1.0000000000
38307  38.495  -33.830  -25.405 1.0000000000
39119  38.276  -33.305  -25.412 1.0000000000
101372  37.178  -33.637  -25.128 1.0000000000
39118  35.067  -33.699  -23.716 1.0000000000
39120  37.084  -33.015  -25.167 1.0000000000
31748  40.036  -43.357  -21.731 0.6999999881
31736  38.106  -42.615  -20.656 0.6000000238
31737  37.319  -42.520  -20.881 0.6000000238
32423  36.833  -41.907  -20.678 0.6999999881
33167  36.273  -41.004  -21.496 0.6999999881
103029  36.431  -41.248  -20.640 0.6999999881
34932  35.834  -38.296  -21.138 0.8000000119
34100  36.649  -39.682  -22.591 0.6999999881
34931  36.255  -38.972  -21.857 0.8000000119
37453  35.516  -35.491  -20.275 0.8000000119
37461  35.985  -35.590  -21.320 0.8000000119
38294  37.482  -34.503  -23.246 0.8000000119
38287  36.510  -34.104  -21.912 0.8000000119
104821  39.137  -34.902  -25.117 1.0000000000
38302  38.884  -34.629  -24.381 1.0000000000
109195  37.287  -33.834  -23.086 0.6999999881
101252  38.533  -33.951  -24.103 1.0000000000
38301  39.180  -34.025  -25.010 1.0000000000
39115  38.887  -33.407  -25.287 1.0000000000
105039  38.835  -32.983  -24.992 1.0000000000
38289  33.765  -34.328  -21.774 1.0000000000
39110  34.522  -33.366  -23.089 1.0000000000
39111  34.124  -33.546  -22.380 1.0000000000
39117  35.844  -33.348  -24.566 1.0000000000
31053  38.753  -43.365  -21.330 0.6999999881
33142  36.446  -40.800  -19.967 0.6000000238
33152  36.134  -40.527  -20.529 0.6999999881
34087  36.148  -40.010  -21.427 0.6999999881
118075  35.886  -39.864  -20.379 0.6999999881
34917  35.663  -38.530  -20.161 0.8000000119
36599  35.621  -36.937  -20.442 0.6999999881
104114  35.541  -36.268  -20.004 0.6999999881
107365  35.548  -33.813  -19.688 0.6999999881
100538  35.780  -33.952  -20.679 0.6999999881
39100  36.056  -33.307  -21.226 0.6999999881
39099  36.712  -33.293  -22.301 0.8000000119
39887  36.263  -32.722  -21.592 0.6999999881
39109  37.780  -33.235  -23.725 0.8999999762
39116  38.959  -33.584  -24.812 1.0000000000
39902  37.820  -32.429  -23.993 1.0000000000
39908  38.725  -32.746  -25.315 1.0000000000
110933  35.041  -32.968  -23.630 1.0000000000
32421  38.502  -41.776  -20.309 0.6000000238
32408  37.740  -41.194  -19.846 0.6000000238
34065  37.539  -39.864  -19.036 0.6000000238
32409  36.939  -41.305  -20.053 0.6000000238
33141  36.974  -40.557  -19.493 0.6000000238
34066  36.684  -39.675  -19.123 0.6000000238
34067  36.095  -39.378  -19.333 0.6000000238
34077  35.739  -39.350  -19.870 0.6000000238
35746  35.680  -37.755  -19.590 0.6999999881
36590  35.627  -36.818  -19.431 0.6999999881
102701  35.405  -35.143  -19.485 0.6999999881
38274  35.478  -34.596  -20.061 0.6999999881
39069  35.697  -33.000  -19.305 0.6999999881
39084  35.680  -33.154  -20.251 0.6999999881
114558  41.189  -27.499  -17.313 0.3000000119
40735  36.136  -31.992  -21.345 0.6999999881
39872  35.842  -32.528  -20.765 0.6999999881
103434  41.445  -26.947  -17.668 0.3000000119
100740  36.422  -31.573  -21.926 0.8000000119
38249  30.836  -34.751  -18.714 0.8999999762
106362  32.839  -33.896  -20.041 1.0000000000
39101  33.746  -33.262  -21.332 1.0000000000
103135  38.867  -32.204  -25.615 1.0000000000
39916  37.726  -32.045  -25.601 1.0000000000
112890  38.368  -32.730  -25.453 1.0000000000
39910  35.723  -32.666  -24.527 1.0000000000
39917  36.835  -32.359  -25.164 1.0000000000
32407  38.863  -40.857  -20.013 0.6000000238
33140  38.006  -40.457  -19.481 0.6000000238
34052  38.204  -39.257  -18.803 0.6000000238
116854  37.855  -38.820  -18.548 0.6000000238
34897  37.585  -38.368  -18.378 0.6000000238
35729  37.252  -37.667  -18.112 0.6999999881
103550  36.430  -37.393  -18.395 0.6999999881
34909  36.399  -38.873  -18.895 0.6000000238
117811  36.408  -36.783  -18.243 0.6999999881
38218  41.708  -34.502  -15.993 0.3000000119
110220  41.269  -33.653  -15.792 0.3000000119
36573  35.912  -36.642  -18.611 0.6999999881
100341  35.506  -35.224  -18.725 0.6999999881
39060  35.664  -33.742  -18.749 0.6999999881
43529  40.902  -28.301  -17.477 0.3000000119
44445  41.300  -27.688  -18.127 0.4000000060
43540  41.329  -28.633  -18.661 0.4000000060
37431  29.586  -35.677  -18.095 0.6999999881
38251  28.876  -34.830  -18.696 0.6999999881
45386  43.086  -27.053  -19.953 0.3000000119
44444  41.761  -27.164  -18.552 0.3000000119
40734  36.127  -31.072  -21.043 0.6999999881
39071  31.169  -33.380  -19.444 0.8999999762
105025  43.067  -26.514  -19.755 0.3000000119
44453  42.092  -28.072  -19.077 0.3000000119
39070  32.043  -33.678  -19.560 0.8999999762
44451  42.857  -27.200  -19.666 0.3000000119
44452  42.547  -27.545  -19.389 0.3000000119
40753  36.961  -31.502  -22.974 0.8000000119
40766  37.948  -31.840  -24.475 1.0000000000
39889  33.975  -32.559  -21.898 1.0000000000
39911  34.942  -32.217  -23.630 1.0000000000
39903  34.386  -32.625  -22.834 1.0000000000
39915  38.741  -32.090  -25.494 1.0000000000
40773  37.187  -31.499  -25.728 1.0000000000
40774  36.362  -31.720  -25.129 1.0000000000
36572  37.805  -37.074  -17.858 0.6999999881
36555  37.283  -36.376  -17.582 0.6999999881
37394  41.137  -35.249  -16.275 0.3000000119
98179  36.917  -36.924  -17.989 0.6999999881
114391  36.339  -36.270  -17.969 0.6999999881
37428  35.730  -35.909  -18.449 0.6999999881
39031  40.500  -33.518  -15.898 0.4000000060
38248  35.722  -34.527  -18.286 0.6999999881
39823  40.829  -32.802  -15.804 0.3000000119
39032  39.814  -33.747  -16.111 0.5000000000
39837  36.684  -33.091  -17.608 0.6999999881
39849  36.112  -32.961  -18.412 0.6999999881
39824  40.198  -32.345  -16.171 0.5000000000
39863  35.933  -32.063  -18.954 0.6999999881
41601  40.683  -30.248  -16.432 0.4000000060
40675  39.347  -31.486  -17.034 0.6000000238
42595  40.448  -29.981  -17.591 0.5000000000
42587  40.467  -29.750  -16.835 0.3000000119
40708  35.817  -31.611  -19.664 0.6999999881
114296  43.106  -28.440  -21.122 0.4000000060
42605  40.636  -30.329  -18.775 0.4000000060
40723  35.819  -31.711  -20.409 0.6999999881
38262  29.018  -34.161  -19.158 0.6999999881
44460  43.090  -27.755  -20.451 0.4000000060
42604  41.397  -29.763  -19.374 0.4000000060
99746  27.845  -35.635  -18.345 0.6000000238
46199  43.274  -26.932  -20.301 0.3000000119
44459  43.337  -27.655  -20.159 0.3000000119
45393  43.117  -27.185  -20.284 0.4000000060
43550  42.543  -29.186  -19.776 0.4000000060
41652  36.332  -30.349  -20.433 0.6999999881
38250  29.879  -34.627  -18.713 0.6999999881
43560  43.756  -28.624  -20.677 0.4000000060
42613  42.551  -30.316  -20.515 0.4000000060
99332  36.424  -30.939  -21.960 0.8000000119
43549  43.260  -28.501  -19.966 0.3000000119
42612  43.571  -29.552  -20.622 0.4000000060
41671  36.617  -30.480  -22.567 0.8000000119
39085  33.180  -33.009  -20.455 1.0000000000
41683  37.318  -30.881  -23.703 0.8999999762
103327  38.328  -31.344  -25.213 1.0000000000
104308  35.553  -31.959  -24.475 1.0000000000
41693  38.002  -31.133  -26.351 1.0000000000
39918  38.431  -31.662  -25.958 1.0000000000
40772  38.581  -31.611  -25.676 1.0000000000
108661  35.998  -31.206  -25.248 1.0000000000
40767  35.409  -31.263  -24.533 1.0000000000
41694  36.498  -30.775  -25.709 1.0000000000
41690  35.502  -30.479  -24.719 1.0000000000
36571  38.869  -37.160  -18.038 0.6000000238
36553  39.256  -36.458  -17.439 0.6000000238
36554  38.267  -36.468  -17.450 0.6000000238
108979  37.667  -35.701  -17.043 0.6999999881
37415  39.662  -35.851  -16.851 0.5000000000
37396  39.151  -35.243  -16.422 0.6000000238
118620  37.074  -35.088  -17.120 0.6999999881
37395  40.123  -35.225  -16.365 0.5000000000
38220  39.588  -34.535  -16.209 0.4000000060
37418  36.710  -35.619  -17.475 0.6999999881
38247  36.420  -34.652  -17.542 0.6999999881
117504  39.118  -33.934  -16.245 0.6000000238
38234  37.158  -34.384  -16.999 0.6999999881
39033  39.095  -33.154  -16.322 0.6000000238
39046  36.744  -33.836  -17.374 0.6999999881
40666  39.171  -31.949  -16.786 0.6000000238
39848  36.733  -32.214  -18.082 0.6999999881
41602  40.035  -30.934  -16.763 0.5000000000
41612  39.635  -31.065  -17.596 0.6000000238
40687  39.032  -31.430  -17.909 0.6000000238
40690  36.546  -31.549  -18.657 0.6000000238
44461  42.019  -27.765  -20.839 0.4000000060
43541  40.823  -29.339  -18.077 0.4000000060
41621  40.102  -30.692  -18.183 0.4000000060
41622  39.752  -31.011  -18.814 0.5000000000
40688  38.182  -31.478  -17.994 0.6000000238
40707  36.139  -31.208  -19.225 0.6999999881
109572  40.485  -30.880  -19.237 0.5000000000
41637  36.516  -30.573  -19.579 0.6999999881
44473  42.229  -28.780  -21.637 0.5000000000
41632  41.295  -30.723  -19.880 0.4000000060
38261  30.539  -33.936  -19.102 0.8999999762
105757  29.570  -33.666  -19.396 0.6999999881
43548  43.402  -28.005  -20.016 0.4000000060
42628  43.357  -30.232  -21.244 0.4000000060
42656  36.610  -29.613  -22.371 0.6999999881
41659  36.418  -30.169  -21.484 0.6999999881
42627  43.852  -29.778  -21.290 0.4000000060
39874  32.377  -32.348  -20.259 0.8999999762
100648  37.444  -30.211  -24.178 0.8999999762
39873  33.523  -32.219  -21.009 0.8999999762
40768  34.947  -31.462  -23.668 1.0000000000
40737  33.874  -31.829  -21.617 1.0000000000
41682  38.111  -30.521  -25.258 1.0000000000
40754  34.539  -31.749  -22.838 1.0000000000
98912  38.718  -31.322  -25.990 1.0000000000
40736  34.131  -31.170  -21.921 1.0000000000
41692  38.643  -30.619  -26.340 1.0000000000
114166  37.482  -29.138  -27.166 0.8999999762
42686  38.040  -29.849  -27.190 1.0000000000
100285  37.217  -30.515  -26.376 1.0000000000
116354  35.812  -30.167  -25.225 1.0000000000
41684  34.977  -30.551  -23.599 1.0000000000
107327  37.077  -29.761  -26.692 1.0000000000
43618  35.929  -29.080  -25.889 1.0000000000
42679  35.431  -29.416  -24.693 0.8999999762
37397  38.261  -35.160  -16.564 0.6000000238
37417  37.581  -34.978  -16.762 0.6999999881
37398  37.911  -34.375  -16.606 0.6999999881
110458  38.422  -33.723  -16.478 0.6999999881
39045  37.482  -33.402  -16.907 0.6999999881
39826  38.728  -32.449  -16.675 0.6000000238
39836  37.267  -32.618  -17.407 0.6999999881
39835  37.953  -32.532  -17.025 0.6999999881
40677  37.619  -31.994  -17.612 0.6000000238
40689  37.271  -31.499  -18.267 0.6000000238
45395  41.166  -26.900  -20.822 0.3000000119
40676  38.534  -31.908  -17.244 0.6000000238
41623  37.838  -31.001  -18.656 0.6000000238
106519  41.124  -27.820  -21.534 0.4000000060
45405  40.557  -26.832  -21.420 0.4000000060
40705  38.924  -31.143  -18.663 0.6000000238
41634  39.736  -30.883  -19.491 0.5000000000
41636  37.391  -30.429  -19.281 0.6000000238
41633  40.831  -30.979  -20.017 0.4000000060
43575  41.360  -28.876  -21.927 0.5000000000
41649  41.658  -30.719  -21.036 0.4000000060
106304  41.868  -30.716  -20.684 0.4000000060
41651  36.949  -29.952  -19.963 0.6000000238
104608  42.330  -29.715  -22.057 0.5000000000
42643  43.130  -30.233  -21.750 0.4000000060
42646  36.833  -29.170  -21.406 0.6000000238
42644  42.145  -30.447  -21.811 0.4000000060
39865  31.734  -32.876  -19.820 0.8999999762
43598  36.891  -29.206  -23.320 0.8999999762
40725  32.866  -31.564  -20.676 0.8999999762
41661  33.447  -30.530  -21.424 0.8999999762
40724  33.504  -31.304  -21.206 0.8999999762
41689  38.732  -31.127  -25.913 1.0000000000
41695  38.084  -30.404  -26.766 1.0000000000
41685  34.560  -30.850  -22.744 1.0000000000
42670  35.160  -29.837  -23.829 0.8999999762
101235  35.776  -27.994  -25.854 1.0000000000
43614  35.254  -28.359  -25.030 1.0000000000
42680  34.698  -29.067  -23.546 0.8999999762
44512  35.019  -27.488  -25.214 0.8999999762
39034  38.301  -33.021  -16.626 0.6999999881
46201  41.309  -26.111  -20.670 0.3000000119
46202  40.421  -25.950  -20.833 0.3000000119
41635  38.548  -30.615  -19.236 0.6000000238
44474  40.486  -27.933  -22.006 0.5000000000
44485  40.365  -27.089  -22.614 0.4000000060
101626  40.561  -30.669  -20.451 0.5000000000
41650  39.266  -30.244  -19.935 0.5000000000
42614  37.971  -29.926  -19.782 0.5000000000
42629  41.211  -30.398  -21.326 0.5000000000
42630  39.984  -29.676  -20.848 0.5000000000
43576  40.473  -28.600  -21.883 0.5000000000
116044  36.714  -29.763  -20.727 0.6000000238
42645  41.167  -29.620  -21.838 0.5000000000
105281  39.288  -28.317  -21.690 0.5000000000
43562  39.933  -28.985  -21.532 0.5000000000
43585  36.792  -28.874  -22.344 0.6000000238
42678  38.577  -30.036  -25.928 0.8999999762
43620  38.324  -28.932  -27.316 0.8999999762
42685  38.683  -29.573  -27.148 0.8999999762
41691  38.733  -30.045  -26.925 0.8999999762
42682  38.836  -29.967  -26.691 1.0000000000
104851  34.514  -30.146  -22.708 0.8999999762
42671  34.629  -29.664  -23.065 0.8999999762
43617  36.616  -28.645  -26.653 0.8000000119
44522  36.348  -27.520  -26.568 0.6999999881
42657  34.110  -29.545  -22.376 0.8999999762
43615  34.836  -28.356  -24.043 0.8999999762
103602  40.703  -25.144  -20.637 0.3000000119
46214  40.075  -26.130  -21.358 0.4000000060
46203  39.642  -25.556  -20.943 0.3000000119
45417  40.242  -26.438  -22.329 0.4000000060
44486  40.253  -27.241  -22.999 0.4000000060
42631  38.507  -29.370  -20.371 0.5000000000
44475  39.856  -27.864  -22.359 0.5000000000
43564  37.771  -28.705  -20.946 0.5000000000
113991  38.297  -28.337  -21.444 0.5000000000
43577  38.549  -27.931  -22.064 0.5000000000
43578  37.528  -28.377  -21.864 0.5000000000
43583  37.939  -27.899  -22.599 0.5000000000
43584  37.222  -28.331  -22.889 0.6000000238
44511  37.922  -27.610  -24.647 0.6999999881
43597  37.347  -28.365  -23.975 0.6999999881
42669  37.537  -29.406  -24.607 0.6999999881
44521  38.338  -27.893  -25.750 0.8000000119
43613  37.840  -28.559  -25.193 0.8000000119
41660  34.006  -30.191  -22.037 0.8999999762
43616  38.921  -28.829  -26.946 0.8999999762
107278  38.695  -29.062  -26.507 0.8999999762
43621  37.426  -28.082  -27.149 0.6999999881
43586  34.141  -28.904  -22.698 0.8999999762
43599  34.139  -28.262  -23.259 0.8999999762
45444  35.367  -26.909  -26.010 1.0000000000
46204  38.897  -25.309  -21.099 0.3000000119
46215  39.590  -25.867  -21.859 0.4000000060
46216  38.687  -25.444  -21.830 0.3000000119
45424  40.571  -26.603  -23.672 0.4000000060
115185  40.521  -26.357  -23.408 0.4000000060
46232  40.339  -25.899  -23.305 0.4000000060
46231  40.760  -26.129  -23.988 0.4000000060
44494  40.041  -26.878  -23.788 0.4000000060
116404  38.713  -27.153  -23.623 0.5000000000
44487  38.935  -27.373  -22.928 0.5000000000
44520  38.866  -27.837  -26.737 0.8000000119
43622  38.766  -28.401  -27.175 0.6999999881
44525  37.085  -26.918  -26.994 0.6999999881
44497  34.248  -27.621  -23.910 0.8999999762
45434  34.661  -26.809  -25.304 0.8999999762
45435  34.079  -26.464  -24.951 0.8000000119
44513  34.421  -27.126  -24.621 0.8000000119
45445  34.523  -26.218  -25.868 0.6999999881
46264  34.305  -25.373  -26.574 0.8000000119
46205  38.149  -25.225  -21.282 0.3000000119
46233  39.315  -25.545  -22.751 0.3000000119
112523  38.306  -25.431  -22.366 0.4000000060
46247  40.582  -25.796  -24.158 0.4000000060
46248  39.975  -25.444  -23.862 0.4000000060
46254  40.236  -25.473  -24.982 0.5000000000
45425  40.688  -26.332  -24.108 0.5000000000
45443  40.138  -25.882  -25.568 0.5000000000
45426  40.276  -26.403  -24.646 0.5000000000
44510  38.995  -26.841  -25.510 0.5000000000
103199  39.511  -26.426  -26.523 0.6000000238
43619  38.885  -28.447  -27.066 0.6999999881
44523  39.084  -27.290  -27.168 0.6999999881
45452  38.009  -26.407  -27.570 0.6999999881
45457  37.677  -25.379  -27.814 0.6999999881
46273  36.920  -25.846  -27.434 0.6999999881
46274  35.952  -25.401  -27.315 0.8000000119
47046  38.352  -24.837  -20.579 0.3000000119
47047  37.570  -24.965  -20.708 0.3000000119
46217  37.551  -25.388  -21.704 0.4000000060
46234  37.634  -25.438  -22.703 0.4000000060
100208  38.718  -25.369  -23.295 0.4000000060
101592  38.998  -25.153  -24.421 0.3000000119
46262  39.753  -25.314  -26.274 0.6000000238
46255  39.363  -24.854  -25.776 0.3000000119
113448  39.256  -24.655  -26.664 0.4000000060
45450  39.522  -25.902  -27.101 0.6999999881
46272  39.294  -24.955  -27.244 0.6000000238
45451  39.041  -26.378  -27.640 0.6999999881
44524  38.460  -27.609  -27.374 0.6999999881
46278  38.749  -24.918  -27.701 0.6999999881
47108  38.301  -24.536  -27.497 0.6000000238
46218  36.552  -25.491  -22.083 0.3000000119
100558  37.914  -25.356  -23.544 0.3000000119
46249  37.320  -25.369  -24.147 0.3000000119
46235  36.858  -25.535  -23.139 0.3000000119
46250  36.070  -25.513  -23.678 0.3000000119
46256  37.928  -25.073  -25.260 0.3000000119
46257  36.374  -25.303  -24.833 0.4000000060
47092  38.764  -24.391  -27.170 0.5000000000
47093  38.375  -24.434  -26.470 0.5000000000
46263  37.153  -24.773  -25.797 0.5000000000
47102  37.891  -24.273  -27.217 0.6000000238
47109  37.366  -24.504  -27.498 0.6000000238
114573  37.084  -23.885  -19.688 0.4000000060
47048  35.931  -24.617  -20.452 0.3000000119
47060  36.706  -25.114  -21.024 0.3000000119
100603  35.796  -25.099  -21.403 0.3000000119
116856  35.778  -25.357  -22.035 0.3000000119
46219  35.140  -25.023  -22.006 0.3000000119
113804  35.875  -25.468  -22.653 0.3000000119
46236  35.280  -25.033  -23.065 0.3000000119
47083  35.310  -25.194  -24.106 0.3000000119
47088  35.446  -24.938  -24.924 0.4000000060
47094  37.140  -24.404  -26.709 0.6000000238
47095  36.093  -24.647  -25.871 0.4000000060
47096  35.199  -24.395  -25.418 0.4000000060
109757  36.332  -24.172  -26.904 0.5000000000
47103  36.828  -24.360  -27.312 0.6000000238
46275  34.863  -24.343  -27.374 0.6999999881
45446  33.651  -25.923  -25.611 0.8000000119
47901  36.305  -23.894  -19.820 0.4000000060
47902  35.357  -23.731  -20.278 0.3000000119
47049  35.117  -24.491  -21.042 0.3000000119
47061  34.735  -24.102  -21.644 0.3000000119
47071  34.740  -24.319  -22.542 0.3000000119
47084  34.751  -24.445  -23.484 0.4000000060
47089  34.791  -24.390  -24.504 0.4000000060
103635  34.727  -23.773  -25.480 0.4000000060
47944  35.420  -23.926  -26.527 0.4000000060
47948  35.914  -24.019  -27.356 0.5000000000
102087  34.796  -23.294  -26.509 0.4000000060
47110  36.239  -24.264  -27.405 0.6000000238
47955  35.497  -23.825  -27.444 0.4000000060
114575  35.019  -23.415  -27.457 0.4000000060
47104  34.266  -23.760  -27.433 0.5000000000
46276  33.756  -24.655  -26.882 0.6000000238
46265  33.251  -25.316  -26.143 0.6999999881
46277  32.819  -24.746  -26.379 0.6999999881
48774  36.363  -22.342  -19.427 0.3000000119
113391  35.283  -22.918  -20.083 0.3000000119
47903  34.824  -23.073  -20.654 0.3000000119
47923  34.602  -23.407  -22.200 0.3000000119
47934  34.537  -23.589  -23.012 0.3000000119
109898  34.516  -23.778  -23.776 0.4000000060
47942  34.455  -23.408  -24.495 0.3000000119
48828  34.279  -22.396  -24.290 0.3000000119
48837  34.367  -22.806  -25.576 0.3000000119
47949  35.033  -23.447  -27.428 0.4000000060
48840  34.575  -22.651  -27.079 0.3000000119
113250  34.375  -22.518  -27.617 0.3000000119
48842  34.576  -22.866  -27.572 0.3000000119
118866  34.488  -22.517  -27.631 0.4000000060
47950  33.838  -23.298  -27.442 0.5000000000
47105  33.299  -24.026  -26.914 0.5000000000
48775  35.524  -22.323  -19.726 0.3000000119
48802  34.871  -22.370  -20.283 0.3000000119
48803  34.535  -22.353  -21.189 0.3000000119
48814  34.576  -22.675  -21.955 0.3000000119
48823  34.480  -22.698  -22.687 0.3000000119
105820  34.315  -21.378  -24.168 0.3000000119
105720  34.058  -21.938  -25.009 0.3000000119
102794  34.090  -21.896  -26.135 0.3000000119
49743  34.089  -21.889  -27.193 0.3000000119
48843  33.827  -22.564  -27.560 0.4000000060
47951  32.944  -23.268  -26.877 0.5000000000
47106  32.252  -24.123  -26.411 0.5000000000
49706  35.012  -21.668  -19.873 0.3000000119
108984  34.628  -21.783  -20.595 0.3000000119
49720  34.512  -21.447  -21.386 0.3000000119
108249  34.432  -21.876  -22.224 0.3000000119
112911  34.398  -21.873  -23.278 0.3000000119
49738  33.992  -21.098  -25.111 0.3000000119
103193  34.158  -22.235  -27.526 0.4000000060
102889  33.582  -21.963  -27.496 0.4000000060
48844  32.614  -22.324  -27.064 0.4000000060
47952  31.486  -23.304  -26.420 0.5000000000
113631  36.413  -20.800  -19.074 0.3000000119
49681  35.813  -21.470  -19.324 0.3000000119
49725  34.396  -21.004  -22.213 0.3000000119
112553  34.474  -21.198  -22.815 0.3000000119
49732  34.476  -20.839  -23.438 0.3000000119
50619  34.380  -20.317  -24.237 0.3000000119
109580  33.781  -21.076  -26.216 0.3000000119
49744  33.603  -21.093  -26.939 0.3000000119
49746  33.522  -21.495  -27.290 0.4000000060
50551  35.764  -20.564  -19.083 0.3000000119
49682  35.174  -20.856  -19.564 0.3000000119
50553  34.771  -20.348  -19.908 0.3000000119
49707  34.686  -21.008  -20.471 0.3000000119
108989  34.485  -20.647  -21.515 0.3000000119
108799  34.511  -20.498  -22.857 0.3000000119
109120  34.558  -19.657  -22.768 0.3000000119
50613  34.547  -19.960  -23.440 0.3000000119
50623  34.014  -20.223  -25.297 0.3000000119
50552  35.275  -19.938  -19.345 0.3000000119
50574  34.564  -20.137  -20.768 0.3000000119
117317  34.666  -19.617  -19.985 0.3000000119
50594  34.407  -19.849  -21.769 0.3000000119
114916  34.614  -19.512  -23.948 0.3000000119
51483  34.498  -19.471  -24.657 0.3000000119
51426  34.977  -19.054  -19.460 0.3000000119
117186  34.599  -18.900  -20.056 0.3000000119
51454  34.402  -19.184  -20.935 0.3000000119
102603  34.462  -19.005  -22.137 0.3000000119
102676  34.794  -18.708  -23.077 0.3000000119
110854  34.719  -19.145  -23.510 0.3000000119
52230  34.484  -18.351  -21.506 0.4000000060
52218  34.479  -18.312  -20.484 0.4000000060
52247  34.748  -18.179  -22.516 0.4000000060
52210  34.717  -18.282  -19.700 0.3000000119
53052  34.524  -17.638  -21.005 0.4000000060
34955  33.454  -38.115  -23.508 1.0000000000
111231  33.843  -37.250  -24.313 1.0000000000
45453  36.079  -26.447  -26.797 0.6999999881
45454  35.190  -25.918  -26.638 0.8000000119
116528  35.172  -25.111  -27.192 0.6999999881
30296  34.958  -43.811  -15.069 0.6000000238
107450  34.677  -44.593  -14.992 0.6000000238
31006  34.267  -43.584  -17.060 0.6000000238
28864  37.643  -46.416  -15.033 0.5000000000
28852  37.651  -46.369  -14.358 0.5000000000
32338  35.649  -41.773  -15.362 0.6000000238
33132  32.069  -40.265  -18.509 0.8999999762
32363  37.255  -41.100  -16.450 0.5000000000
30954  36.834  -42.812  -11.932 0.4000000060
32322  37.011  -41.334  -13.229 0.5000000000
29618  35.594  -45.900  -21.000 0.6999999881
31739  33.742  -42.464  -20.583 0.8999999762
32335  38.188  -40.918  -14.388 0.5000000000
31643  38.449  -41.465  -12.859 0.5000000000
28933  36.067  -46.509  -23.269 0.8000000119
29532  36.689  -45.087  -12.081 0.4000000060
110590  37.578  -47.190  -22.124 0.6999999881
118513  39.855  -41.444  -16.264 0.4000000060
32458  34.812  -41.532  -23.598 0.8000000119
34947  30.620  -37.793  -22.337 0.8000000119
101227  40.011  -46.471  -21.605 0.6000000238
31705  40.542  -42.660  -18.836 0.4000000060
32360  40.531  -41.527  -16.551 0.4000000060
108506  40.599  -44.178  -19.770 0.5000000000
35783  32.642  -36.849  -23.486 1.0000000000
29636  41.952  -46.535  -23.406 0.6999999881
114168  34.017  -37.943  -24.083 1.0000000000
38304  34.955  -34.471  -23.823 1.0000000000
38309  35.606  -34.719  -24.370 1.0000000000
34109  37.605  -39.906  -23.659 0.8000000119
38288  35.872  -34.775  -21.066 0.8000000119
37474  39.126  -35.342  -24.579 1.0000000000
37477  39.184  -35.721  -25.270 1.0000000000
109825  36.782  -32.405  -22.517 0.8000000119
39909  38.718  -32.517  -25.116 1.0000000000
34053  37.269  -39.042  -18.683 0.6000000238
109555  36.064  -38.097  -18.786 0.6999999881
106999  41.306  -29.949  -15.936 0.4000000060
38260  31.497  -34.390  -19.126 1.0000000000
43530  40.565  -29.119  -17.096 0.4000000060
40664  40.666  -31.109  -16.237 0.4000000060
41611  40.063  -30.353  -17.077 0.5000000000
43561  43.292  -29.376  -21.577 0.4000000060
43563  38.896  -28.778  -21.038 0.5000000000
44496  37.838  -27.559  -23.544 0.6000000238
44495  38.693  -27.012  -24.318 0.5000000000
45433  40.726  -25.975  -24.497 0.5000000000
46280  36.872  -24.805  -27.689 0.6999999881
47111  35.534  -23.928  -27.492 0.6000000238
108540  34.386  -22.947  -23.547 0.3000000119
30999  30.931  -43.835  -16.592 0.5000000000
31000  30.162  -43.935  -16.626 0.5000000000
31693  31.462  -42.079  -17.432 0.5000000000
28134  30.156  -46.891  -16.532 0.5000000000
29581  29.787  -45.277  -16.543 0.5000000000
106251  30.800  -47.149  -16.107 0.5000000000
29580  30.511  -45.546  -16.146 0.5000000000
30304  30.490  -44.645  -16.379 0.5000000000
28883  31.312  -46.604  -15.737 0.5000000000
28870  32.032  -46.798  -15.481 0.4000000060
109397  32.055  -45.462  -15.732 0.5000000000
28869  32.691  -46.971  -15.225 0.4000000060
109584  32.608  -44.914  -15.903 0.5000000000
29567  33.581  -45.762  -14.968 0.5000000000
29578  32.973  -45.336  -15.426 0.5000000000
108810  28.874  -38.919  -18.862 0.6999999881
34899  28.425  -38.846  -18.031 0.6999999881
35748  29.915  -38.009  -19.568 0.8000000119
35759  29.644  -37.810  -21.106 0.8000000119
34922  29.008  -38.213  -21.007 0.8000000119
35766  30.775  -37.393  -21.828 0.8999999762
112444  28.539  -38.124  -17.698 0.6999999881
35747  30.616  -37.541  -19.856 0.8999999762
35757  30.977  -37.326  -20.656 0.8999999762
36556  29.533  -36.848  -17.825 0.6000000238
35732  29.653  -37.853  -18.277 0.8000000119
36592  31.414  -36.814  -19.596 0.8999999762
36600  32.224  -36.400  -20.903 0.8999999762
117929  33.090  -35.755  -21.835 0.8999999762
37463  32.863  -36.068  -22.607 0.8999999762
34075  40.648  -39.874  -20.451 0.5000000000
117418  39.675  -40.820  -20.325 0.5000000000
32419  40.426  -42.382  -21.470 0.6000000238
31735  39.231  -42.452  -20.960 0.5000000000
31067  41.088  -44.446  -22.816 0.6000000238
36557  28.528  -36.904  -17.683 0.6000000238
36575  30.441  -36.415  -18.201 0.8999999762
36593  30.929  -36.919  -18.776 0.8999999762
36591  31.965  -36.384  -20.025 0.8999999762
37455  32.967  -35.787  -20.969 0.8999999762
37462  33.506  -35.304  -22.190 0.8999999762
34907  39.553  -38.359  -19.163 0.5000000000
35727  39.057  -37.975  -18.645 0.5000000000
102119  39.568  -38.844  -19.452 0.5000000000
34064  39.075  -39.462  -19.477 0.5000000000
99290  38.316  -39.867  -19.258 0.5000000000
99845  40.248  -38.494  -19.558 0.5000000000
33151  39.657  -40.165  -20.064 0.5000000000
37429  31.342  -35.307  -18.809 0.8999999762
37430  30.615  -35.489  -18.388 0.6999999881
36574  31.193  -36.153  -18.653 0.8999999762
37443  32.446  -35.639  -19.958 0.8999999762
38276  33.113  -34.905  -20.333 0.8999999762
37454  33.501  -35.083  -21.242 0.8999999762
113850  39.594  -37.472  -18.483 0.5000000000
34896  38.312  -38.519  -18.551 0.5000000000
35745  39.884  -37.868  -19.033 0.5000000000
35744  40.698  -37.845  -19.224 0.5000000000
107104  31.951  -35.162  -19.241 0.8999999762
38275  33.485  -34.087  -20.783 0.8999999762
36570  39.826  -36.946  -18.043 0.5000000000
36569  40.694  -36.863  -18.105 0.5000000000
37414  40.638  -35.835  -16.866 0.4000000060
39074  28.584  -33.498  -19.788 0.6000000238
39072  30.235  -32.974  -19.719 0.8000000119
103858  29.770  -32.545  -20.537 0.6999999881
39877  29.040  -32.486  -20.997 0.6999999881
39890  29.116  -31.919  -21.501 0.6999999881
39891  28.439  -32.188  -21.476 0.6999999881
39876  30.503  -32.370  -20.464 0.8000000119
39866  30.986  -32.702  -19.854 0.8000000119
40728  29.849  -31.993  -21.239 0.6999999881
40741  29.505  -31.476  -21.780 0.6999999881
41664  30.524  -30.845  -21.952 0.6999999881
41665  29.866  -30.897  -22.073 0.6999999881
40738  32.214  -30.941  -21.114 0.8000000119
40739  31.187  -31.062  -21.500 0.8000000119
41653  33.000  -30.832  -20.997 0.8000000119
41673  30.450  -30.326  -22.217 0.6999999881
41663  31.131  -30.410  -21.959 0.6999999881
99667  32.325  -29.366  -22.138 0.8000000119
41662  32.586  -30.358  -21.390 0.8000000119
41672  31.180  -29.701  -22.282 0.6999999881
43588  32.331  -28.741  -22.573 0.8000000119
43602  31.430  -28.597  -23.028 0.6000000238
42658  33.381  -29.513  -22.003 0.8000000119
43587  33.278  -29.024  -22.304 0.8000000119
43601  32.370  -28.177  -23.132 0.6000000238
44500  31.665  -27.993  -23.627 0.6000000238
113191  31.216  -27.658  -24.066 0.6000000238
44515  32.763  -27.185  -24.219 0.6000000238
44516  31.869  -27.423  -24.183 0.6000000238
43600  33.292  -28.392  -22.760 0.8000000119
45437  32.069  -26.658  -24.824 0.6000000238
44498  33.305  -27.714  -23.495 0.6999999881
45436  33.208  -26.440  -24.811 0.6000000238
45447  32.605  -25.855  -25.479 0.6999999881
46266  32.506  -25.261  -25.933 0.6000000238
44514  33.717  -27.043  -24.279 0.6999999881
28112  33.912  -47.532  -15.305 0.4000000060
28868  33.515  -46.756  -15.046 0.5000000000
29579  31.216  -45.855  -15.781 0.5000000000
36607  32.286  -36.331  -22.071 0.8999999762
40726  31.796  -31.578  -20.725 0.8000000119
28884  30.621  -46.348  -16.058 0.5000000000
34911  29.376  -38.534  -19.238 0.8000000119
33150  40.457  -40.819  -20.707 0.5000000000
40727  30.801  -31.769  -21.062 0.8000000119
40740  30.252  -31.354  -21.692 0.6999999881
42648  31.956  -29.962  -21.828 0.8000000119
43589  30.949  -29.140  -22.686 0.6999999881
116337  31.571  -29.096  -22.503 0.6999999881
31722  42.016  -43.076  -20.030 0.4000000060
31721  42.645  -42.525  -20.285 0.4000000060
31734  42.617  -43.355  -21.007 0.4000000060
31733  43.106  -42.904  -21.691 0.4000000060
32418  43.349  -41.906  -20.607 0.4000000060
31746  42.305  -43.169  -22.726 0.5000000000
31066  42.528  -44.389  -23.359 0.5000000000
31758  43.134  -43.779  -23.148 0.5000000000
31745  43.227  -43.468  -22.799 0.4000000060
31050  42.855  -44.101  -22.184 0.4000000060
31732  43.603  -42.350  -22.300 0.4000000060
32417  43.935  -41.632  -21.330 0.4000000060
31747  41.340  -43.289  -22.447 0.5000000000
31759  43.033  -43.813  -23.272 0.5000000000
31744  43.231  -42.566  -22.722 0.4000000060
32449  43.956  -41.569  -23.109 0.4000000060
33177  45.016  -40.399  -23.554 0.4000000060
32448  44.421  -41.114  -23.206 0.4000000060
32436  44.145  -41.678  -22.687 0.4000000060
33163  44.991  -40.773  -23.019 0.4000000060
32439  41.639  -42.283  -22.283 0.5000000000
32438  42.314  -41.735  -22.496 0.5000000000
32450  42.930  -42.812  -22.990 0.4000000060
36597  47.511  -36.556  -20.823 0.3000000119
32437  43.233  -41.936  -22.899 0.4000000060
35750  47.116  -37.298  -21.270 0.3000000119
98858  47.479  -37.393  -22.421 0.3000000119
34940  46.881  -37.915  -23.240 0.3000000119
102262  45.936  -38.584  -22.944 0.3000000119
34941  44.975  -38.999  -23.018 0.3000000119
34097  44.584  -39.846  -23.447 0.4000000060
33178  44.484  -40.603  -23.545 0.4000000060
33179  44.104  -40.823  -23.367 0.4000000060
34950  46.553  -38.593  -23.870 0.3000000119
34951  45.665  -39.126  -23.405 0.3000000119
34096  45.243  -39.742  -23.529 0.4000000060
33166  41.366  -41.287  -21.614 0.4000000060
33165  41.935  -40.960  -21.952 0.4000000060
33164  42.618  -41.185  -22.512 0.4000000060
37452  47.785  -35.806  -20.495 0.3000000119
36598  46.755  -36.923  -20.307 0.3000000119
35751  46.287  -37.597  -20.785 0.3000000119
106573  45.430  -38.436  -22.040 0.3000000119
34928  44.536  -38.625  -22.089 0.4000000060
34942  44.159  -39.233  -22.863 0.4000000060
34098  44.005  -40.073  -23.366 0.4000000060
34926  46.422  -37.967  -21.925 0.3000000119
112294  40.712  -41.641  -21.251 0.4000000060
35740  44.291  -37.378  -19.689 0.3000000119
35754  43.803  -37.958  -20.264 0.3000000119
99322  43.365  -38.538  -20.968 0.4000000060
34915  42.471  -38.618  -20.884 0.4000000060
34073  42.235  -39.250  -21.461 0.4000000060
34086  42.245  -40.278  -21.870 0.4000000060
36586  46.379  -36.496  -19.529 0.3000000119
35739  45.145  -37.308  -19.778 0.3000000119
35753  44.658  -37.847  -20.389 0.3000000119
34914  44.193  -38.379  -21.112 0.4000000060
34930  42.989  -38.996  -21.755 0.4000000060
34085  42.950  -39.840  -22.302 0.4000000060
35752  45.483  -37.732  -20.504 0.3000000119
34929  43.736  -38.763  -21.973 0.4000000060
114326  43.536  -39.501  -22.596 0.4000000060
34913  45.023  -38.244  -21.183 0.3000000119
34099  43.591  -40.272  -22.996 0.4000000060
35743  41.551  -37.774  -19.364 0.4000000060
34906  40.837  -38.995  -20.263 0.4000000060
35742  42.428  -37.708  -19.414 0.3000000119
34905  42.011  -38.233  -20.056 0.4000000060
34916  41.626  -38.739  -20.677 0.4000000060
33149  41.325  -40.429  -21.232 0.4000000060
35755  42.920  -38.145  -20.122 0.4000000060
34074  41.466  -39.526  -20.998 0.4000000060
107875  29.868  -30.265  -22.417 0.6000000238
100038  29.323  -30.583  -22.428 0.6000000238
103787  30.894  -28.179  -23.686 0.5000000000
43603  30.557  -28.822  -23.208 0.5000000000
109722  31.233  -27.087  -24.554 0.5000000000
115778  31.249  -26.454  -24.956 0.5000000000
108515  31.960  -25.446  -25.687 0.5000000000
47097  31.960  -24.853  -25.978 0.4000000060
100940  34.721  -18.638  -25.022 0.3000000119
52280  34.771  -18.002  -25.594 0.3000000119
52286  34.543  -17.750  -26.529 0.3000000119
52262  34.972  -18.384  -23.784 0.3000000119
110702  35.041  -18.241  -24.390 0.3000000119
52271  35.138  -17.798  -24.940 0.3000000119
53122  35.025  -17.322  -25.640 0.3000000119
53129  34.381  -16.969  -26.981 0.3000000119
100016  35.070  -17.896  -23.392 0.3000000119
98823  35.298  -17.625  -24.251 0.3000000119
53113  35.399  -17.044  -25.012 0.3000000119
53994  35.159  -16.384  -25.757 0.3000000119
54002  34.729  -16.205  -26.648 0.3000000119
54893  33.917  -15.597  -27.213 0.3000000119
53068  34.642  -17.700  -21.890 0.3000000119
53084  34.893  -17.210  -22.692 0.3000000119
53099  35.335  -16.964  -23.739 0.3000000119
113188  35.489  -16.746  -24.487 0.3000000119
53969  35.483  -15.635  -24.290 0.3000000119
53980  35.493  -15.988  -25.037 0.3000000119
102549  34.932  -15.576  -26.174 0.3000000119
54886  34.515  -15.259  -26.720 0.3000000119
118166  34.573  -16.959  -20.750 0.3000000119
53948  34.778  -16.241  -22.222 0.3000000119
53957  35.202  -16.085  -23.237 0.3000000119
53979  35.259  -15.260  -25.589 0.3000000119
54857  35.517  -14.581  -25.013 0.3000000119
53937  34.511  -16.274  -21.193 0.3000000119
101700  35.063  -15.197  -22.877 0.3000000119
54844  35.364  -14.026  -24.743 0.3000000119
54810  34.408  -15.463  -20.761 0.3000000119
54822  34.650  -15.412  -21.828 0.3000000119
55642  34.615  -14.494  -21.583 0.3000000119
113590  34.930  -14.560  -22.572 0.3000000119
100686  34.448  -13.822  -21.028 0.3000000119
100593  34.404  -13.822  -20.195 0.3000000119
32435  44.771  -41.210  -22.221 0.4000000060
32406  42.207  -42.207  -19.275 0.4000000060
114060  42.819  -41.924  -19.508 0.4000000060
99823  44.420  -41.375  -21.044 0.4000000060
114711  45.430  -40.468  -23.307 0.4000000060
35763  47.972  -36.804  -21.842 0.3000000119
35771  47.966  -37.236  -23.690 0.3000000119
34107  45.974  -39.582  -23.801 0.3000000119
33189  45.615  -40.250  -23.549 0.3000000119
36596  48.270  -36.186  -21.433 0.3000000119
36585  47.132  -36.176  -19.930 0.3000000119
36587  45.561  -36.693  -19.304 0.3000000119
35725  41.137  -37.366  -18.688 0.4000000060
35724  41.989  -37.340  -18.745 0.4000000060
36589  44.014  -36.946  -19.115 0.3000000119
40755  29.147  -31.150  -22.105 0.6000000238
53927  34.482  -16.367  -20.155 0.3000000119
55630  34.372  -14.608  -20.297 0.3000000119
56451  34.671  -13.335  -19.660 0.3000000119
30378  43.042  -45.222  -23.532 0.5000000000
112957  43.296  -40.914  -22.838 0.4000000060
104387  34.644  -17.026  -21.615 0.3000000119
104129  35.368  -14.927  -23.798 0.3000000119
32390  41.828  -41.742  -18.438 0.3000000119
32426  28.641  -41.503  -20.986 0.6000000238
32442  28.218  -41.424  -21.506 0.6999999881
31752  28.090  -42.215  -21.533 0.6999999881
32405  43.336  -41.653  -19.275 0.3000000119
30247  37.537  -43.842  -11.183 0.3000000119
31621  38.032  -42.548  -11.580 0.3000000119
32428  26.804  -41.448  -20.843 0.6999999881
32359  41.328  -41.594  -16.846 0.3000000119
32444  26.955  -41.727  -21.314 0.6999999881
31753  27.455  -42.134  -21.523 0.6999999881
117542  42.205  -41.504  -17.920 0.3000000119
102642  42.670  -41.683  -18.575 0.3000000119
33170  28.008  -40.552  -21.724 0.6999999881
32371  42.847  -41.547  -17.857 0.3000000119
32387  44.588  -41.630  -18.966 0.3000000119
32388  43.859  -41.476  -19.006 0.3000000119
32416  45.701  -41.479  -20.479 0.3000000119
100629  44.895  -41.375  -20.358 0.3000000119
32403  44.430  -41.474  -19.792 0.3000000119
31642  39.361  -41.803  -12.846 0.3000000119
32333  40.176  -41.527  -14.769 0.4000000060
34083  27.709  -39.869  -21.360 0.6999999881
31677  41.887  -41.789  -16.301 0.3000000119
33171  27.577  -40.541  -21.492 0.6999999881
34093  28.007  -39.908  -21.731 0.6999999881
32358  42.156  -41.590  -17.210 0.3000000119
32370  43.554  -41.682  -18.213 0.3000000119
32369  44.125  -41.708  -18.479 0.3000000119
32404  43.904  -41.545  -20.079 0.3000000119
31720  45.819  -42.204  -19.557 0.3000000119
31656  39.817  -41.569  -13.846 0.4000000060
34071  27.584  -40.013  -20.215 0.6999999881
30988  41.948  -42.422  -15.076 0.3000000119
31670  41.161  -41.778  -15.008 0.3000000119
31676  42.581  -42.073  -16.510 0.3000000119
34092  28.293  -39.168  -21.815 0.6999999881
31682  44.080  -42.198  -17.858 0.3000000119
32434  45.423  -41.020  -21.771 0.3000000119
32433  46.270  -41.225  -21.416 0.3000000119
34082  28.026  -39.260  -20.931 0.6999999881
31669  42.331  -42.302  -15.769 0.3000000119
111502  29.101  -37.985  -21.874 0.6999999881
30996  43.548  -43.347  -16.372 0.3000000119
31675  43.271  -42.430  -16.716 0.3000000119
34923  28.737  -38.416  -21.973 0.6999999881
109032  42.619  -43.052  -15.358 0.3000000119
35768  29.597  -37.894  -21.944 0.6999999881
33162  45.859  -40.744  -22.502 0.3000000119
36567  42.469  -36.865  -18.214 0.3000000119
31726  28.729  -42.220  -20.494 0.5000000000
30373  28.090  -43.920  -21.668 0.6999999881
31740  28.481  -42.313  -21.115 0.6000000238
114845  28.593  -43.759  -21.482 0.6000000238
33157  27.172  -40.687  -20.843 0.6999999881
31629  39.290  -42.352  -12.120 0.3000000119
33147  27.308  -40.866  -19.383 0.6999999881
31641  40.303  -42.143  -13.287 0.4000000060
34070  28.283  -39.482  -19.221 0.6999999881
31654  41.417  -42.549  -14.372 0.4000000060
31655  40.658  -41.965  -14.147 0.4000000060
30971  42.189  -43.339  -14.573 0.3000000119
30279  42.655  -44.262  -14.398 0.3000000119
34912  28.673  -38.873  -20.208 0.6999999881
31058  28.508  -43.160  -21.240 0.6000000238
114880  43.216  -43.628  -15.751 0.3000000119
104538  41.554  -43.328  -13.844 0.3000000119
30305  29.633  -44.469  -16.730 0.5000000000
31027  29.082  -43.062  -17.869 0.5000000000
31011  28.836  -43.789  -17.852 0.5000000000
31009  30.397  -43.227  -16.863 0.4000000060
26575  26.989  -49.258  -20.417 0.4000000060
25706  25.956  -50.350  -20.083 0.5000000000
105755  29.799  -42.853  -17.292 0.4000000060
31010  29.514  -43.634  -17.070 0.5000000000
31713  28.880  -42.573  -18.745 0.5000000000
24091  24.824  -52.777  -20.375 0.4000000060
105603  24.341  -53.459  -20.331 0.4000000060
115039  26.656  -49.890  -20.256 0.5000000000
31714  28.754  -42.880  -19.920 0.4000000060
24092  23.916  -52.773  -19.890 0.4000000060
99507  23.749  -54.148  -20.293 0.4000000060
24907  24.600  -51.490  -19.762 0.4000000060
24906  25.551  -51.248  -20.044 0.4000000060
111099  26.850  -48.040  -20.484 0.5000000000
115116  27.745  -45.966  -21.561 0.4000000060
102594  28.772  -43.147  -20.860 0.5000000000
30372  28.892  -44.354  -21.531 0.4000000060
29632  28.287  -45.259  -21.707 0.4000000060
107324  28.959  -43.916  -21.281 0.4000000060
23290  23.528  -53.487  -20.043 0.4000000060
24068  20.399  -53.484  -18.344 0.4000000060
25699  21.394  -50.945  -18.797 0.4000000060
26566  25.324  -49.699  -19.743 0.5000000000
25695  24.991  -50.568  -19.730 0.4000000060
25686  21.766  -50.135  -18.812 0.4000000060
26576  26.167  -49.453  -20.082 0.5000000000
27359  22.692  -48.267  -18.648 0.4000000060
26560  22.420  -49.267  -18.734 0.4000000060
27376  26.499  -48.670  -20.220 0.5000000000
28167  26.790  -47.402  -20.559 0.5000000000
28148  22.959  -47.429  -18.535 0.4000000060
117178  22.458  -46.929  -18.270 0.4000000060
28916  26.985  -46.614  -20.914 0.6000000238
103558  28.534  -44.633  -21.688 0.5000000000
108153  20.654  -53.840  -19.188 0.4000000060
24082  20.796  -52.859  -18.951 0.4000000060
24080  23.161  -52.175  -19.618 0.4000000060
24910  21.723  -51.599  -19.205 0.4000000060
105136  24.747  -49.071  -19.477 0.5000000000
26567  24.406  -49.874  -19.552 0.4000000060
25698  22.191  -50.817  -19.166 0.4000000060
27377  25.663  -48.841  -19.757 0.5000000000
27370  23.338  -48.806  -18.969 0.4000000060
28168  26.098  -47.916  -19.877 0.5000000000
29621  27.084  -45.343  -21.222 0.5000000000
29598  23.352  -46.005  -17.877 0.4000000060
29633  27.648  -44.580  -21.580 0.6000000238
24081  21.356  -52.990  -19.496 0.4000000060
25696  24.051  -50.677  -19.538 0.4000000060
104557  22.060  -52.257  -19.498 0.4000000060
24909  22.628  -51.486  -19.430 0.4000000060
26568  23.883  -49.283  -19.323 0.4000000060
28917  26.197  -46.949  -19.985 0.5000000000
28160  23.583  -47.983  -18.831 0.4000000060
28147  23.833  -47.191  -18.647 0.4000000060
28897  24.075  -46.436  -18.361 0.4000000060
31075  27.347  -43.259  -21.396 0.6000000238
30374  27.067  -43.834  -21.253 0.6000000238
30360  26.733  -44.500  -20.792 0.6000000238
24093  22.659  -53.071  -19.743 0.4000000060
107636  23.549  -50.007  -19.367 0.4000000060
118402  23.196  -49.493  -19.091 0.4000000060
27368  25.090  -48.220  -19.433 0.5000000000
27369  24.174  -48.507  -19.188 0.5000000000
28159  24.446  -47.681  -19.064 0.5000000000
28907  24.686  -46.852  -18.931 0.5000000000
29607  26.284  -45.089  -20.162 0.5000000000
28158  25.346  -47.328  -19.431 0.5000000000
28905  26.332  -45.987  -20.319 0.6000000238
102918  24.270  -45.645  -18.064 0.4000000060
31754  27.023  -42.530  -21.346 0.6000000238
31076  26.736  -43.045  -20.908 0.6000000238
30347  26.218  -44.401  -19.929 0.6000000238
29608  25.631  -45.556  -19.416 0.5000000000
29609  24.922  -46.033  -18.718 0.5000000000
31059  26.426  -43.701  -20.253 0.6000000238
30348  25.779  -44.763  -19.299 0.6000000238
106526  26.614  -42.256  -20.712 0.6000000238
33135  27.088  -40.999  -17.986 0.5000000000
32396  26.844  -41.559  -18.950 0.6000000238
32397  26.408  -41.731  -17.944 0.5000000000
103066  26.343  -42.212  -18.811 0.6000000238
31029  25.642  -43.576  -18.181 0.5000000000
98952  25.061  -44.353  -17.955 0.5000000000
111710  25.541  -44.384  -18.536 0.5000000000
30330  25.151  -45.131  -18.459 0.5000000000
30331  24.317  -44.844  -17.855 0.5000000000
99279  27.622  -40.192  -18.629 0.5000000000
34057  27.872  -39.505  -17.961 0.5000000000
31715  26.068  -42.840  -18.730 0.6000000238
32413  26.655  -41.917  -19.891 0.6000000238
31727  26.399  -42.573  -19.668 0.6000000238
30329  28.643  -44.520  -19.551 0.4000000060
31042  28.933  -43.914  -20.583 0.4000000060
106045  26.459  -42.931  -20.228 0.6000000238
29588  29.138  -45.101  -17.143 0.5000000000
29597  28.585  -45.185  -18.717 0.5000000000
30315  28.966  -44.383  -17.375 0.5000000000
30316  28.628  -44.417  -18.362 0.5000000000
113799  24.561  -52.259  -19.960 0.4000000060
24079  24.018  -52.054  -19.646 0.4000000060
26561  21.314  -49.414  -18.493 0.4000000060
24908  23.620  -51.438  -19.524 0.4000000060
23292  21.720  -53.858  -19.715 0.4000000060
31043  26.182  -43.267  -19.370 0.6000000238
24911  21.145  -51.875  -18.661 0.3000000119
27360  21.769  -48.564  -18.407 0.3000000119
25687  20.843  -50.243  -18.440 0.3000000119
28149  21.974  -47.591  -18.321 0.3000000119
108949  21.225  -48.044  -18.185 0.3000000119
26562  20.590  -49.468  -18.157 0.3000000119
25697  23.130  -50.743  -19.348 0.4000000060
25700  20.931  -51.038  -18.406 0.3000000119
26569  22.714  -50.082  -19.068 0.4000000060
27333  39.042  -48.361  -16.578 0.5000000000
27361  20.937  -48.746  -18.205 0.3000000119
28108  38.771  -47.668  -15.533 0.5000000000
28128  38.500  -47.663  -16.078 0.5000000000
28866  35.560  -45.708  -14.959 0.6999999881
28898  23.199  -46.722  -18.290 0.4000000060
28906  25.503  -46.428  -19.447 0.5000000000
28923  38.605  -47.476  -22.639 0.6999999881
28926  35.747  -46.406  -22.601 0.8000000119
28932  36.545  -46.638  -23.339 0.8000000119
29550  35.537  -44.403  -14.679 0.6999999881
29568  32.624  -46.160  -15.228 0.4000000060
29569  31.827  -46.174  -15.557 0.5000000000
29589  28.698  -44.962  -17.844 0.5000000000
29613  41.945  -46.416  -22.707 0.6000000238
29617  36.383  -46.106  -20.870 0.6999999881
29626  40.363  -47.115  -22.613 0.6000000238
29637  41.229  -47.002  -23.376 0.6999999881
29638  40.524  -47.114  -23.408 0.6999999881
29639  39.486  -47.182  -23.337 0.6999999881
29642  35.656  -46.023  -23.245 0.8000000119
29644  36.273  -46.142  -23.610 0.8000000119
30260  36.828  -44.149  -11.788 0.4000000060
30261  36.592  -43.529  -12.248 0.4000000060
30295  42.871  -43.964  -15.155 0.3000000119
30303  31.329  -44.431  -16.384 0.6000000238
30313  32.621  -43.960  -16.810 0.6000000238
30341  37.386  -45.083  -19.937 0.6000000238
30356  35.026  -45.481  -20.254 0.8000000119
30973  35.616  -42.871  -14.299 0.6000000238
30997  43.000  -42.755  -16.008 0.3000000119
31026  32.857  -43.233  -18.035 0.6999999881
31028  28.637  -43.574  -18.981 0.4000000060
31044  26.028  -44.047  -19.171 0.6000000238
31065  43.184  -44.448  -23.201 0.5000000000
31072  34.320  -44.079  -21.624 0.8000000119
31074  27.913  -43.000  -21.533 0.6999999881
31081  43.059  -44.607  -23.411 0.5000000000
31620  38.816  -42.677  -11.559 0.3000000119
31628  40.025  -42.531  -12.519 0.3000000119
31631  37.369  -42.187  -11.956 0.4000000060
31632  36.730  -42.269  -12.356 0.4000000060
31640  40.920  -42.732  -13.657 0.4000000060
31644  36.953  -41.793  -12.556 0.4000000060
31679  34.653  -42.961  -16.332 0.6999999881
31683  43.438  -41.999  -17.453 0.3000000119
31684  42.842  -41.813  -17.145 0.3000000119
31695  29.516  -42.208  -17.891 0.5000000000
31707  38.658  -42.763  -18.490 0.4000000060
31725  28.946  -41.904  -19.450 0.4000000060
31738  36.799  -42.410  -21.263 0.6999999881
31762  34.280  -42.252  -22.399 0.8000000119
31767  35.250  -43.064  -24.035 0.8000000119
31769  36.401  -43.098  -24.445 0.8000000119
32320  38.836  -41.311  -13.657 0.5000000000
32336  37.211  -40.858  -14.110 0.6000000238
32349  41.200  -41.638  -15.959 0.3000000119
32351  39.545  -41.287  -15.534 0.5000000000
32364  36.394  -41.294  -16.307 0.6000000238
32372  41.532  -41.569  -17.680 0.3000000119
32379  31.595  -41.292  -17.777 0.6000000238
32389  43.246  -41.624  -18.540 0.3000000119
32394  30.329  -41.049  -18.205 0.6000000238
32420  39.708  -41.526  -20.628 0.5000000000
32422  37.530  -41.894  -20.338 0.6000000238
32427  26.977  -41.341  -20.068 0.6000000238
32443  27.593  -41.334  -21.540 0.6999999881
32451  36.675  -42.360  -22.677 0.6999999881
33133  31.278  -40.140  -18.618 0.8000000119
33143  33.017  -40.713  -19.439 0.8999999762
33154  32.866  -39.946  -19.878 0.8999999762
33158  27.131  -41.083  -21.295 0.6999999881
33191  35.562  -41.364  -24.415 0.8000000119
34043  27.303  -40.066  -17.500 0.5000000000
34054  32.287  -39.466  -19.676 0.8999999762
34063  40.029  -39.312  -19.846 0.5000000000
34068  31.617  -39.288  -19.822 0.8999999762
34076  36.123  -40.109  -19.684 0.6999999881
34088  35.862  -39.180  -20.735 0.6999999881
34089  33.395  -38.740  -21.971 1.0000000000
34885  29.038  -38.348  -18.160 0.6999999881
34898  36.770  -38.267  -18.443 0.6000000238
34908  38.973  -38.747  -18.984 0.5000000000
34910  35.854  -38.699  -19.360 0.6999999881
34927  45.752  -38.070  -21.225 0.3000000119
34935  29.993  -38.116  -22.045 0.8000000119
34943  37.127  -38.762  -23.141 0.8000000119
34952  38.452  -38.849  -24.895 0.8999999762
34959  38.400  -37.492  -25.364 1.0000000000
34964  38.240  -38.243  -25.372 1.0000000000
35723  42.753  -37.313  -18.793 0.4000000060
35726  40.306  -37.405  -18.602 0.5000000000
35728  38.161  -37.810  -18.209 0.6000000238
35730  35.871  -37.349  -18.893 0.6999999881
35731  30.323  -37.348  -18.525 0.8999999762
35738  46.004  -37.249  -19.894 0.3000000119
35741  43.385  -37.491  -19.390 0.4000000060
35756  35.666  -37.776  -20.524 0.8000000119
35758  30.223  -37.630  -21.376 0.8000000119
35773  32.608  -37.499  -23.341 1.0000000000
35779  38.943  -36.722  -25.097 1.0000000000
35784  38.595  -37.196  -25.187 0.8999999762
35785  38.419  -37.999  -25.186 1.0000000000
35786  36.940  -37.887  -25.296 1.0000000000
35789  38.406  -37.599  -25.383 1.0000000000
36552  40.199  -36.371  -17.490 0.5000000000
36601  31.496  -36.878  -20.810 0.8999999762
36614  32.163  -36.578  -22.989 1.0000000000
36621  39.037  -36.318  -25.367 1.0000000000
37416  38.692  -35.855  -16.869 0.6000000238
37427  35.895  -35.386  -17.956 0.6999999881
37432  28.607  -35.449  -18.346 0.6000000238
37442  35.481  -35.943  -19.242 0.6999999881
37444  31.778  -35.908  -19.268 0.8999999762
37473  39.364  -35.761  -25.047 1.0000000000
38219  40.596  -34.391  -15.973 0.5000000000
38221  38.728  -34.528  -16.351 0.6000000238
38258  35.459  -34.492  -19.143 0.6999999881
38259  32.405  -34.607  -19.584 0.8999999762
39059  36.155  -33.778  -17.959 0.6999999881
39073  29.278  -32.969  -20.127 0.6999999881
39086  32.466  -33.145  -19.956 0.8999999762
39087  28.611  -32.952  -20.518 0.6999999881
39825  39.506  -32.402  -16.436 0.6000000238
39864  35.672  -32.313  -19.863 0.6999999881
39875  31.358  -32.235  -20.317 0.8000000119
39878  28.215  -32.712  -21.021 0.6999999881
39888  34.170  -31.997  -22.241 1.0000000000
40665  39.944  -31.701  -16.510 0.6000000238
40706  36.870  -30.933  -18.857 0.6999999881
40722  35.923  -30.989  -20.010 0.6999999881
40742  28.756  -31.624  -21.821 0.6999999881
41658  42.604  -30.652  -21.339 0.4000000060
42632  37.381  -29.418  -20.485 0.6000000238
42647  32.979  -29.816  -21.628 0.8000000119
42659  30.296  -29.598  -22.697 0.6000000238
42681  38.918  -29.552  -26.964 0.8999999762
42683  36.309  -29.964  -25.720 1.0000000000
42684  38.824  -29.074  -27.103 0.8999999762
44499  32.371  -27.712  -23.701 0.6000000238
45448  31.629  -25.944  -25.328 0.5000000000
45455  39.139  -25.504  -27.619 0.6999999881
45456  38.506  -25.522  -27.824 0.6999999881
46279  37.946  -24.862  -27.818 0.6000000238
46281  35.817  -24.458  -27.476 0.6999999881
47107  38.822  -24.620  -27.456 0.5000000000
47877  36.778  -23.178  -19.502 0.4000000060
47913  34.642  -23.223  -21.409 0.3000000119
47956  34.519  -22.913  -27.609 0.3000000119
53993  34.964  -14.620  -26.052 0.3000000119
101280  36.924  -47.009  -23.158 0.6999999881
101912  37.661  -40.832  -15.811 0.4000000060
101937  41.141  -38.321  -19.882 0.4000000060
101988  34.771  -27.756  -24.515 0.8999999762
102764  36.906  -36.220  -22.515 0.8000000119
102807  34.710  -37.628  -24.477 1.0000000000
103247  37.370  -41.540  -24.984 0.6999999881
104109  44.990  -41.172  -21.129 0.3000000119
104480  31.402  -37.343  -22.916 0.8999999762
106604  36.783  -30.008  -23.174 0.8999999762
106847  40.743  -31.919  -16.006 0.5000000000
108302  42.852  -45.192  -23.687 0.6000000238
108532  39.984  -32.976  -16.102 0.5000000000
109382  31.800  -30.498  -21.569 0.8000000119
110149  38.200  -40.261  -24.939 0.8000000119
110490  36.274  -44.866  -23.879 0.8000000119
111008  37.024  -43.443  -11.667 0.4000000060
112996  41.726  -41.941  -15.597 0.3000000119
113215  34.416  -20.346  -22.282 0.3000000119
114075  34.839  -16.950  -26.317 0.3000000119
115676  28.441  -38.697  -21.436 0.6999999881
116259  37.745  -27.303  -27.309 0.6999999881
116462  38.773  -40.129  -19.712 0.6000000238
116998  26.985  -45.969  -21.078 0.6000000238
117260  27.320  -47.114  -21.090 0.4000000060
117401  39.782  -25.788  -26.355 0.6999999881
117939  38.126  -25.394  -21.804 0.3000000119
118040  21.332  -52.322  -19.207 0.4000000060
118050  34.799  -23.769  -20.941 0.3000000119
118381  29.147  -41.993  -18.595 0.4000000060
118958  33.052  -32.261  -20.518 0.8999999762
