#!ascii label  , from subject sub-019 vox2ras=TkReg
768
19073  -34.177  -62.178  -32.750 0.5000000000
19971  -33.338  -62.023  -32.831 0.8000000119
20819  -31.925  -60.523  -33.746 0.8000000119
125806  -32.425  -61.073  -33.223 0.8000000119
19970  -32.533  -61.855  -33.032 0.8000000119
19972  -35.861  -62.071  -32.984 0.5000000000
20820  -33.068  -61.121  -32.840 0.6000000238
20835  -30.955  -60.317  -34.830 0.6999999881
20836  -31.628  -59.965  -34.555 0.6999999881
115120  -32.590  -60.341  -33.397 0.8000000119
19962  -36.273  -61.392  -32.681 0.6000000238
19960  -34.630  -61.679  -32.327 0.5000000000
20809  -34.287  -61.026  -31.992 0.6000000238
20864  -29.933  -60.397  -36.676 0.6999999881
19959  -33.827  -61.480  -32.451 0.6000000238
20808  -33.549  -60.713  -32.302 0.6000000238
20865  -30.686  -59.988  -36.644 0.6999999881
20853  -30.461  -60.224  -35.740 0.6999999881
21693  -33.024  -60.238  -32.924 0.6000000238
21683  -32.895  -59.473  -32.879 0.6000000238
20837  -32.136  -59.738  -34.102 0.8000000119
21692  -32.562  -59.666  -33.606 0.8000000119
20810  -35.791  -61.003  -32.089 0.4000000060
106650  -35.015  -61.253  -31.956 0.6000000238
20880  -30.202  -60.386  -38.049 0.6999999881
21684  -33.361  -59.919  -32.097 0.6000000238
20881  -30.749  -59.945  -37.524 0.6999999881
20866  -31.225  -59.494  -36.706 0.6999999881
21708  -31.956  -59.434  -35.010 0.6999999881
22593  -32.498  -59.004  -33.648 0.6999999881
23483  -31.856  -57.654  -34.261 0.5000000000
22623  -31.697  -59.178  -35.930 0.6000000238
22624  -32.090  -58.923  -35.177 0.6000000238
23495  -31.789  -58.148  -35.145 0.6000000238
24314  -31.635  -57.203  -35.107 0.6000000238
21671  -35.612  -59.683  -31.482 0.4000000060
20797  -34.991  -60.510  -31.665 0.5000000000
21760  -29.959  -60.054  -39.570 0.6999999881
21670  -34.577  -59.662  -31.445 0.6000000238
21669  -33.802  -59.425  -31.556 0.6000000238
21743  -31.276  -59.421  -37.618 0.6999999881
22582  -32.652  -58.595  -32.679 0.6000000238
21728  -31.570  -59.036  -36.765 0.6999999881
23465  -32.182  -58.130  -33.445 0.5000000000
24299  -31.880  -57.061  -33.250 0.6000000238
124857  -31.662  -58.844  -36.271 0.6999999881
117929  -31.689  -58.592  -35.853 0.6000000238
24315  -31.678  -56.676  -34.235 0.5000000000
23494  -31.494  -57.750  -36.009 0.5000000000
23531  -28.728  -58.808  -38.934 0.6000000238
23532  -29.280  -58.330  -39.903 0.6000000238
21686  -36.747  -59.547  -31.940 0.5000000000
114378  -35.142  -59.012  -31.226 0.5000000000
22667  -29.544  -59.024  -40.546 0.6999999881
21759  -29.111  -60.012  -39.406 0.6999999881
110929  -33.760  -58.470  -31.259 0.5000000000
23437  -33.410  -57.493  -31.055 0.4000000060
21761  -30.867  -59.588  -39.543 0.6999999881
22564  -32.964  -58.095  -31.768 0.5000000000
21742  -30.670  -60.008  -38.563 0.6999999881
105814  -31.466  -59.246  -38.562 0.6999999881
22646  -31.625  -58.624  -37.508 0.6999999881
23506  -31.661  -57.921  -36.888 0.6000000238
106614  -31.741  -56.227  -33.552 0.5000000000
23520  -31.779  -57.690  -37.670 0.5000000000
24339  -31.647  -57.015  -36.776 0.5000000000
25209  -31.549  -56.142  -36.146 0.5000000000
26075  -31.619  -55.218  -34.872 0.5000000000
25196  -31.589  -56.180  -35.136 0.5000000000
26076  -31.736  -54.524  -34.642 0.3000000119
24276  -34.683  -57.108  -30.628 0.3000000119
23519  -29.140  -57.549  -38.406 0.6000000238
22565  -34.683  -58.394  -30.977 0.4000000060
23438  -34.219  -57.699  -30.758 0.4000000060
115440  -30.043  -58.599  -41.293 0.6000000238
23436  -32.684  -57.214  -31.559 0.5000000000
21767  -30.195  -59.543  -40.306 0.6999999881
24286  -32.197  -56.789  -32.213 0.5000000000
105064  -31.789  -58.367  -38.508 0.5000000000
106976  -31.922  -56.156  -32.787 0.5000000000
103346  -31.739  -54.969  -34.003 0.4000000060
25197  -31.677  -55.785  -34.181 0.3000000119
26104  -31.666  -55.342  -36.441 0.5000000000
122516  -31.732  -54.503  -35.668 0.4000000060
24354  -29.124  -56.484  -37.308 0.6000000238
107428  -29.556  -57.017  -39.527 0.6000000238
103702  -29.605  -57.509  -40.628 0.6000000238
24386  -29.732  -57.277  -41.777 0.6000000238
125268  -32.687  -55.998  -31.304 0.3000000119
125780  -32.556  -56.525  -31.533 0.4000000060
22674  -30.580  -58.555  -41.673 0.6000000238
25158  -32.577  -55.233  -31.626 0.3000000119
22668  -31.414  -58.529  -40.712 0.6000000238
22660  -31.632  -58.856  -39.591 0.6999999881
117454  -32.200  -54.727  -32.222 0.3000000119
25168  -32.061  -55.380  -32.494 0.3000000119
23533  -31.891  -58.145  -40.021 0.6000000238
108545  -31.945  -53.614  -33.129 0.3000000119
26062  -31.826  -54.642  -33.056 0.3000000119
24379  -32.109  -57.325  -39.650 0.5000000000
122270  -31.924  -58.094  -39.245 0.5000000000
24367  -31.932  -57.501  -38.595 0.5000000000
26916  -32.158  -52.893  -34.706 0.3000000119
109112  -31.800  -54.165  -33.935 0.3000000119
24355  -31.857  -56.678  -37.904 0.5000000000
25220  -31.745  -56.030  -37.053 0.5000000000
103718  -31.925  -53.823  -34.759 0.3000000119
25247  -32.145  -56.038  -38.777 0.5000000000
26943  -32.055  -53.792  -36.575 0.4000000060
26933  -32.065  -53.421  -35.596 0.3000000119
25234  -29.539  -55.580  -37.460 0.5000000000
24366  -29.538  -56.298  -38.352 0.6000000238
25254  -29.909  -55.743  -39.486 0.5000000000
23554  -30.311  -58.126  -42.049 0.6000000238
24390  -30.477  -56.801  -42.514 0.5000000000
106089  -32.314  -51.932  -33.206 0.3000000119
22675  -31.236  -58.253  -41.780 0.6000000238
28417  -32.452  -51.245  -33.853 0.3000000119
27696  -32.131  -52.781  -33.680 0.3000000119
108691  -31.831  -57.504  -41.049 0.6000000238
120449  -32.070  -56.786  -38.855 0.5000000000
26123  -32.297  -55.171  -38.839 0.5000000000
26105  -31.896  -54.645  -36.872 0.4000000060
119415  -32.222  -54.084  -37.628 0.4000000060
25246  -29.787  -55.378  -38.354 0.5000000000
25255  -30.073  -55.580  -40.879 0.5000000000
24377  -29.745  -56.527  -40.795 0.5000000000
25257  -30.361  -55.536  -41.740 0.5000000000
29973  -32.861  -50.046  -32.729 0.3000000119
29170  -32.693  -50.444  -33.436 0.3000000119
24391  -31.458  -57.046  -42.462 0.6000000238
24387  -32.055  -57.030  -42.080 0.6000000238
24380  -32.311  -56.768  -40.485 0.5000000000
25248  -32.584  -55.584  -39.857 0.5000000000
105090  -32.309  -52.910  -36.403 0.4000000060
108214  -32.694  -52.445  -37.273 0.4000000060
26122  -29.900  -54.626  -38.864 0.5000000000
26125  -30.128  -54.768  -39.907 0.5000000000
26126  -30.416  -54.869  -40.949 0.5000000000
29974  -33.246  -49.388  -32.445 0.4000000060
114478  -33.306  -49.012  -33.130 0.4000000060
25259  -30.617  -55.922  -42.319 0.5000000000
25260  -31.573  -56.009  -42.479 0.5000000000
29991  -33.307  -49.143  -33.858 0.4000000060
30008  -32.943  -49.840  -34.130 0.3000000119
26128  -31.154  -55.209  -41.958 0.4000000060
29184  -32.722  -50.617  -34.405 0.3000000119
24392  -32.275  -56.337  -42.202 0.5000000000
25258  -32.827  -55.785  -41.579 0.4000000060
116023  -33.238  -55.373  -40.985 0.4000000060
27720  -32.986  -52.935  -38.468 0.4000000060
26947  -29.596  -53.059  -39.090 0.5000000000
26949  -29.790  -53.159  -39.839 0.5000000000
116121  -30.166  -54.055  -40.252 0.5000000000
31611  -34.341  -47.466  -32.272 0.4000000060
115209  -30.951  -54.237  -41.145 0.4000000060
31625  -34.376  -47.216  -33.648 0.4000000060
30821  -33.618  -48.574  -34.381 0.4000000060
26953  -31.727  -53.673  -41.195 0.4000000060
26131  -32.185  -55.303  -42.058 0.4000000060
30009  -33.328  -49.306  -34.703 0.4000000060
125894  -33.155  -55.230  -41.464 0.4000000060
26127  -33.532  -54.769  -41.129 0.4000000060
26951  -34.079  -54.149  -40.834 0.4000000060
109032  -33.077  -54.018  -39.596 0.4000000060
28445  -32.909  -51.578  -37.135 0.4000000060
28449  -33.623  -51.463  -38.029 0.4000000060
27721  -29.551  -52.270  -39.332 0.5000000000
123839  -34.814  -46.459  -32.665 0.4000000060
31612  -34.486  -47.054  -32.802 0.4000000060
27724  -30.100  -52.465  -40.234 0.5000000000
27726  -31.179  -52.754  -40.822 0.4000000060
26954  -33.100  -54.088  -41.446 0.4000000060
32502  -34.758  -46.761  -35.068 0.4000000060
26130  -33.112  -54.956  -41.552 0.4000000060
26955  -33.900  -54.204  -41.128 0.4000000060
28446  -33.289  -50.684  -36.999 0.3000000119
26948  -33.530  -53.506  -39.690 0.4000000060
28453  -29.834  -51.613  -39.846 0.4000000060
28457  -30.712  -51.844  -40.405 0.5000000000
32470  -34.973  -45.966  -33.951 0.4000000060
110609  -31.938  -52.242  -40.842 0.4000000060
119938  -32.606  -51.863  -40.891 0.4000000060
27727  -32.592  -53.187  -41.245 0.4000000060
27728  -33.917  -53.581  -41.338 0.4000000060
26952  -34.412  -53.517  -40.658 0.4000000060
29207  -33.950  -50.853  -37.950 0.4000000060
108368  -34.121  -52.156  -39.027 0.4000000060
29208  -34.594  -50.659  -38.507 0.4000000060
29217  -30.755  -50.475  -40.126 0.4000000060
28454  -31.420  -51.213  -40.483 0.4000000060
29221  -32.736  -51.109  -40.656 0.4000000060
107972  -33.335  -52.741  -41.232 0.4000000060
27725  -34.544  -53.064  -41.096 0.4000000060
30034  -33.990  -50.164  -37.407 0.4000000060
28455  -35.238  -52.731  -40.882 0.4000000060
27723  -34.758  -53.053  -40.782 0.4000000060
28456  -35.798  -52.529  -40.699 0.4000000060
28451  -35.110  -52.604  -40.153 0.4000000060
29212  -34.610  -51.599  -39.114 0.4000000060
29220  -31.498  -50.311  -40.333 0.4000000060
122007  -32.266  -50.110  -40.404 0.4000000060
30047  -33.556  -50.585  -40.662 0.4000000060
30048  -34.720  -50.713  -40.977 0.4000000060
29222  -34.305  -51.843  -41.008 0.4000000060
109317  -35.161  -51.720  -41.121 0.4000000060
28459  -34.807  -52.565  -41.047 0.4000000060
29223  -36.075  -52.225  -41.027 0.4000000060
29219  -36.744  -51.835  -40.942 0.4000000060
121167  -35.773  -49.599  -38.621 0.3000000119
30039  -36.579  -50.557  -39.635 0.4000000060
122192  -35.439  -50.397  -38.926 0.4000000060
105611  -32.384  -49.361  -40.139 0.4000000060
30856  -33.942  -48.663  -40.077 0.4000000060
30043  -33.715  -49.570  -40.415 0.4000000060
30861  -35.203  -49.970  -41.061 0.4000000060
119968  -36.596  -51.296  -41.326 0.4000000060
30050  -37.261  -51.275  -41.114 0.4000000060
123419  -35.004  -48.529  -37.395 0.4000000060
115400  -34.974  -49.232  -37.749 0.3000000119
30044  -37.248  -51.332  -40.712 0.4000000060
30852  -36.517  -49.468  -39.063 0.5000000000
30040  -37.421  -50.411  -40.204 0.5000000000
31688  -35.310  -46.972  -40.310 0.4000000060
31687  -34.938  -47.754  -40.268 0.4000000060
30857  -34.673  -48.537  -40.391 0.4000000060
32528  -36.210  -47.299  -40.688 0.4000000060
31691  -35.554  -48.959  -40.897 0.4000000060
30045  -37.623  -50.702  -40.888 0.4000000060
30853  -37.402  -49.384  -39.505 0.5000000000
32525  -35.076  -46.046  -39.981 0.4000000060
123543  -35.698  -46.391  -40.384 0.4000000060
108579  -36.403  -46.398  -40.669 0.4000000060
30858  -37.858  -49.949  -40.495 0.4000000060
31690  -38.578  -48.635  -39.939 0.5000000000
33419  -35.808  -45.551  -40.238 0.4000000060
34246  -37.309  -44.510  -40.711 0.4000000060
33421  -37.288  -45.412  -40.890 0.4000000060
124412  -39.302  -48.299  -40.486 0.5000000000
110354  -38.799  -41.736  -40.427 0.4000000060
118650  -36.733  -44.032  -40.386 0.4000000060
35069  -37.328  -43.643  -40.435 0.4000000060
34245  -36.470  -44.789  -40.433 0.4000000060
35928  -38.224  -43.134  -40.448 0.4000000060
105815  -39.180  -43.089  -40.828 0.5000000000
35068  -36.599  -43.364  -40.112 0.4000000060
25235  -31.915  -55.674  -37.888 0.5000000000
26117  -32.037  -54.857  -37.830 0.5000000000
19074  -35.033  -62.252  -32.748 0.5000000000
19969  -31.673  -61.530  -33.328 0.8000000119
20818  -31.190  -60.930  -33.718 0.8000000119
20817  -30.428  -60.761  -34.015 0.6999999881
19973  -36.622  -61.758  -33.321 0.5000000000
20852  -29.522  -60.380  -35.743 0.6999999881
19974  -37.260  -61.286  -33.701 0.5000000000
107473  -29.004  -60.495  -36.764 0.6999999881
20811  -36.776  -60.558  -32.460 0.4000000060
120459  -36.924  -61.134  -33.058 0.4000000060
20897  -29.656  -60.383  -38.767 0.6999999881
22584  -36.769  -58.569  -31.953 0.4000000060
23518  -28.369  -58.209  -38.170 0.6000000238
23439  -35.149  -57.682  -30.793 0.4000000060
25219  -29.267  -55.742  -36.496 0.5000000000
26116  -29.725  -54.642  -37.810 0.5000000000
26945  -29.634  -53.612  -38.353 0.5000000000
28450  -29.470  -51.438  -39.168 0.4000000060
29211  -29.688  -50.190  -38.933 0.4000000060
29216  -30.147  -50.293  -39.657 0.4000000060
30854  -31.335  -49.126  -39.714 0.4000000060
30855  -32.905  -48.581  -39.824 0.4000000060
32524  -34.477  -46.666  -39.776 0.4000000060
33415  -35.020  -45.212  -39.648 0.4000000060
35064  -37.223  -42.752  -40.090 0.4000000060
19961  -35.449  -61.649  -32.415 0.5000000000
121699  -31.277  -60.486  -34.126 0.6999999881
20854  -31.288  -59.746  -35.641 0.6999999881
21685  -33.988  -60.258  -31.711 0.6000000238
21709  -32.233  -59.223  -34.367 0.6999999881
22583  -33.203  -59.032  -31.954 0.6000000238
22612  -32.145  -58.579  -34.387 0.6000000238
21776  -29.863  -59.199  -40.687 0.6999999881
23453  -32.356  -57.672  -32.451 0.5000000000
23541  -29.710  -58.212  -41.082 0.6000000238
22566  -35.573  -58.321  -31.120 0.5000000000
24275  -33.097  -56.562  -30.934 0.3000000119
24378  -29.957  -56.202  -41.889 0.6000000238
24368  -32.295  -56.404  -39.674 0.5000000000
109355  -31.848  -55.324  -37.196 0.5000000000
112472  -32.725  -53.659  -38.545 0.4000000060
26124  -33.050  -54.733  -40.068 0.4000000060
27722  -34.100  -52.917  -39.631 0.4000000060
26956  -34.401  -53.587  -41.019 0.4000000060
30041  -30.801  -49.755  -39.888 0.4000000060
29214  -36.621  -51.724  -40.146 0.4000000060
103636  -38.111  -44.146  -40.763 0.4000000060
14676  -28.024  -67.205  -42.653 0.4000000060
15598  -28.315  -66.517  -42.826 0.4000000060
16479  -28.810  -65.426  -42.455 0.4000000060
16480  -29.547  -65.170  -42.515 0.4000000060
15571  -27.848  -66.245  -41.810 0.4000000060
16466  -28.374  -65.706  -41.739 0.4000000060
16467  -29.159  -65.382  -41.580 0.4000000060
122681  -29.857  -65.437  -40.275 0.4000000060
16453  -31.009  -65.258  -40.693 0.5000000000
15556  -27.983  -66.121  -41.167 0.4000000060
16450  -28.586  -65.701  -40.956 0.4000000060
16435  -29.594  -65.594  -39.647 0.5000000000
16436  -30.454  -65.308  -39.978 0.5000000000
16420  -31.152  -65.324  -39.175 0.6000000238
15555  -27.635  -66.617  -40.436 0.4000000060
15545  -28.140  -66.351  -39.788 0.4000000060
16418  -29.146  -65.850  -38.924 0.4000000060
16437  -31.296  -65.125  -39.998 0.5000000000
20821  -37.370  -60.488  -33.371 0.3000000119
21687  -37.334  -59.679  -32.962 0.4000000060
23454  -36.647  -57.796  -32.041 0.3000000119
17298  -32.674  -64.707  -39.264 0.5000000000
19117  -36.881  -62.836  -35.260 0.5000000000
19982  -37.618  -61.496  -34.425 0.4000000060
15509  -26.881  -66.399  -37.728 0.4000000060
16419  -29.782  -65.549  -38.668 0.5000000000
112126  -30.299  -65.438  -39.190 0.5000000000
15528  -27.207  -66.654  -38.540 0.4000000060
15529  -27.962  -66.401  -38.905 0.4000000060
17286  -31.999  -64.999  -38.667 0.6000000238
118000  -33.265  -64.487  -37.914 0.6000000238
17268  -33.844  -64.076  -36.681 0.6999999881
19104  -36.600  -62.691  -34.450 0.5000000000
17280  -33.944  -64.107  -37.429 0.6999999881
108162  -35.394  -63.523  -37.161 0.6999999881
18180  -36.095  -63.168  -34.968 0.6999999881
107599  -34.479  -63.784  -36.911 0.6999999881
118151  -34.944  -63.629  -36.304 0.6999999881
16405  -29.942  -65.341  -37.704 0.5000000000
16406  -30.848  -65.096  -37.737 0.6000000238
16407  -31.635  -64.924  -37.814 0.6000000238
17279  -31.995  -64.631  -37.106 0.6000000238
15510  -27.733  -66.262  -38.021 0.4000000060
16404  -28.366  -65.787  -37.455 0.5000000000
17278  -30.483  -64.959  -36.960 0.6000000238
109292  -32.407  -64.736  -37.893 0.6000000238
17266  -32.605  -64.492  -36.552 0.6000000238
17248  -33.341  -64.322  -35.984 0.6000000238
22567  -36.244  -58.251  -31.492 0.3000000119
118221  -32.718  -64.540  -37.298 0.6000000238
18205  -34.230  -63.971  -36.079 0.6999999881
19103  -35.788  -63.007  -34.157 0.6000000238
19089  -36.244  -62.423  -33.686 0.5000000000
17261  -27.324  -65.004  -35.856 0.6000000238
17262  -28.282  -64.886  -35.936 0.6000000238
17263  -29.233  -64.859  -35.982 0.6999999881
17264  -30.140  -64.711  -36.152 0.6000000238
17265  -31.060  -64.607  -36.311 0.6000000238
17247  -32.395  -64.455  -35.637 0.6000000238
16403  -27.385  -65.952  -37.188 0.5000000000
119887  -29.169  -65.505  -37.316 0.6000000238
18195  -33.911  -64.104  -35.151 0.6999999881
18178  -34.426  -63.659  -34.492 0.6999999881
18196  -34.797  -63.675  -35.448 0.6999999881
19088  -35.418  -62.667  -33.420 0.6000000238
18156  -34.945  -63.236  -33.898 0.6999999881
17243  -27.766  -64.452  -35.255 0.6000000238
17244  -28.808  -64.463  -35.086 0.6999999881
117234  -29.780  -64.415  -35.364 0.6999999881
17246  -31.534  -64.404  -35.523 0.6000000238
17232  -32.983  -64.316  -34.908 0.6999999881
18177  -33.518  -63.912  -34.244 0.6999999881
19087  -34.555  -62.765  -33.260 0.6000000238
18151  -29.685  -62.729  -33.678 0.6999999881
18153  -31.336  -63.107  -33.580 0.6999999881
125474  -29.528  -64.076  -34.708 0.6999999881
18174  -30.803  -63.511  -34.204 0.6000000238
18175  -31.696  -63.757  -34.088 0.5000000000
17229  -30.295  -63.976  -34.794 0.6999999881
17230  -31.175  -64.072  -34.792 0.6000000238
18176  -32.588  -63.947  -34.074 0.6999999881
19086  -33.665  -62.730  -33.200 0.5000000000
17231  -32.061  -64.291  -34.758 0.6000000238
18155  -33.118  -63.406  -33.549 0.6999999881
113036  -34.054  -63.362  -33.714 0.6000000238
19083  -30.082  -62.119  -33.483 0.6999999881
19084  -30.996  -62.301  -33.406 0.6999999881
103791  -32.778  -62.663  -33.172 0.6000000238
19085  -31.895  -62.530  -33.197 0.6999999881
19981  -37.026  -62.062  -33.997 0.5000000000
18154  -32.215  -63.327  -33.475 0.6000000238
16478  -28.231  -65.904  -42.358 0.4000000060
15544  -27.514  -66.748  -39.429 0.4000000060
16434  -28.797  -65.889  -40.045 0.4000000060
16417  -28.514  -66.060  -38.425 0.4000000060
18197  -35.621  -63.428  -36.252 0.6999999881
121843  -35.550  -63.407  -35.513 0.6999999881
114209  -31.255  -64.781  -37.110 0.6000000238
115851  -31.849  -64.541  -36.288 0.6000000238
16391  -28.756  -65.326  -36.665 0.6999999881
17277  -29.624  -65.175  -36.777 0.6000000238
17245  -30.664  -64.362  -35.492 0.6000000238
18173  -29.811  -63.440  -34.168 0.6999999881
18152  -30.444  -62.891  -33.714 0.6000000238
17228  -28.926  -63.792  -34.334 0.5000000000
16389  -26.894  -65.530  -36.442 0.4000000060
18172  -28.264  -63.235  -34.094 0.6000000238
16388  -25.914  -65.559  -36.291 0.4000000060
117242  -25.443  -64.958  -35.755 0.5000000000
17260  -26.362  -64.997  -35.797 0.5000000000
17242  -26.806  -64.398  -35.297 0.5000000000
110558  -27.615  -63.362  -34.334 0.5000000000
19080  -27.708  -61.895  -33.751 0.5000000000
17227  -28.108  -63.912  -34.633 0.5000000000
18150  -29.008  -63.013  -33.748 0.6000000238
19082  -29.121  -62.038  -33.532 0.5000000000
19081  -28.337  -62.418  -33.711 0.5000000000
120390  -28.820  -61.261  -33.854 0.6999999881
19980  -27.893  -61.120  -33.989 0.6000000238
20833  -28.530  -60.699  -34.356 0.6000000238
17259  -24.604  -65.103  -35.915 0.5000000000
17240  -24.736  -64.301  -35.481 0.5000000000
18193  -25.584  -63.497  -34.795 0.5000000000
19101  -26.293  -62.404  -34.193 0.5000000000
106909  -26.834  -63.066  -34.253 0.5000000000
19967  -29.727  -61.352  -33.706 0.6000000238
118262  -27.190  -61.483  -34.020 0.6000000238
125044  -28.348  -60.390  -34.978 0.5000000000
17239  -23.859  -64.256  -35.854 0.5000000000
121603  -24.442  -62.944  -35.003 0.5000000000
19115  -24.654  -62.264  -34.936 0.5000000000
19100  -25.510  -62.100  -34.472 0.5000000000
19979  -26.379  -61.550  -34.289 0.5000000000
20816  -29.403  -60.789  -34.192 0.6000000238
103821  -27.750  -60.573  -34.707 0.5000000000
120770  -28.641  -60.417  -35.757 0.6000000238
18191  -23.464  -63.331  -36.012 0.5000000000
19114  -23.874  -62.521  -35.491 0.5000000000
113605  -24.313  -61.698  -35.464 0.5000000000
20002  -24.210  -61.201  -36.029 0.5000000000
20859  -24.683  -60.737  -36.486 0.6000000238
19994  -24.860  -61.097  -35.713 0.4000000060
20876  -25.316  -60.182  -37.104 0.4000000060
20860  -25.418  -60.638  -36.129 0.5000000000
20849  -26.073  -60.547  -35.729 0.5000000000
19978  -25.690  -61.320  -34.701 0.4000000060
21738  -25.629  -59.287  -37.664 0.4000000060
21726  -26.075  -59.873  -37.184 0.5000000000
20861  -26.489  -60.318  -36.461 0.5000000000
22643  -26.479  -58.419  -37.495 0.4000000060
20862  -27.265  -60.337  -36.541 0.6000000238
105969  -27.828  -60.405  -35.636 0.6000000238
20863  -28.102  -60.449  -36.710 0.6000000238
20896  -28.746  -60.289  -38.621 0.6000000238
120306  -25.891  -60.319  -36.518 0.5000000000
22644  -27.136  -58.885  -37.907 0.5000000000
21758  -27.634  -59.427  -38.387 0.5000000000
21727  -26.776  -59.958  -37.321 0.5000000000
23504  -27.110  -58.083  -37.104 0.4000000060
23517  -27.706  -58.214  -37.664 0.5000000000
21741  -27.893  -59.998  -38.356 0.6000000238
20877  -27.560  -60.205  -37.551 0.6000000238
22645  -27.848  -58.940  -38.419 0.5000000000
118846  -28.350  -56.317  -35.715 0.3000000119
24337  -28.097  -56.976  -36.195 0.4000000060
23505  -27.758  -57.645  -36.761 0.4000000060
22658  -28.393  -59.602  -38.838 0.6000000238
112495  -29.509  -52.580  -38.469 0.3000000119
109458  -29.597  -52.881  -37.559 0.3000000119
26942  -29.633  -53.873  -37.186 0.4000000060
107068  -29.578  -54.865  -36.761 0.4000000060
29210  -29.406  -50.847  -38.539 0.3000000119
120621  -30.663  -49.171  -39.322 0.3000000119
30038  -30.155  -49.615  -39.183 0.3000000119
31685  -32.492  -47.837  -39.326 0.3000000119
31684  -31.899  -48.494  -39.514 0.3000000119
32522  -33.170  -47.195  -39.195 0.3000000119
33413  -33.976  -46.177  -39.353 0.3000000119
33414  -34.418  -45.749  -39.504 0.3000000119
34240  -35.648  -44.603  -39.830 0.3000000119
24353  -28.499  -57.373  -37.194 0.5000000000
121775  -29.412  -51.720  -38.518 0.3000000119
17241  -25.747  -64.227  -35.279 0.5000000000
20850  -26.938  -60.514  -35.423 0.5000000000
20878  -28.415  -60.456  -37.750 0.6000000238
19105  -37.359  -62.286  -34.757 0.3000000119
18206  -36.305  -63.197  -36.761 0.6000000238
18198  -36.292  -63.184  -35.818 0.6000000238
22625  -37.539  -58.046  -35.227 0.3000000119
114748  -37.807  -59.002  -34.996 0.3000000119
21710  -38.073  -59.945  -34.948 0.3000000119
21694  -37.709  -59.607  -34.035 0.3000000119
117388  -38.275  -59.787  -35.753 0.3000000119
20855  -38.068  -60.872  -34.810 0.3000000119
20838  -37.776  -60.609  -34.182 0.3000000119
19123  -37.167  -62.797  -36.184 0.5000000000
22632  -37.749  -57.835  -36.284 0.3000000119
116089  -37.338  -57.904  -34.385 0.3000000119
22613  -37.537  -58.619  -34.327 0.3000000119
109922  -37.471  -58.984  -33.538 0.3000000119
20856  -38.283  -60.664  -35.468 0.3000000119
19996  -37.995  -61.676  -35.236 0.3000000119
19119  -37.995  -62.215  -36.009 0.4000000060
16402  -26.521  -66.066  -36.949 0.4000000060
23496  -37.377  -56.968  -35.895 0.3000000119
23484  -37.237  -57.225  -34.833 0.3000000119
17331  -31.223  -64.816  -42.842 0.5000000000
17332  -32.820  -64.570  -42.582 0.5000000000
16490  -28.610  -65.675  -43.075 0.4000000060
16492  -30.171  -64.842  -43.319 0.4000000060
17344  -31.094  -64.537  -43.811 0.5000000000
17314  -34.307  -64.185  -40.592 0.5000000000
17326  -33.614  -64.483  -41.262 0.5000000000
110924  -31.359  -65.004  -41.948 0.5000000000
104147  -32.090  -64.730  -42.311 0.5000000000
17324  -30.473  -65.081  -42.333 0.4000000060
18222  -35.396  -63.559  -38.990 0.6000000238
18228  -34.963  -63.744  -39.438 0.6000000238
17299  -33.895  -64.364  -39.765 0.5000000000
17313  -33.423  -64.516  -40.378 0.5000000000
16469  -30.742  -65.254  -41.484 0.3000000119
125656  -31.447  -65.133  -41.225 0.4000000060
105159  -32.765  -64.705  -40.909 0.5000000000
18223  -35.953  -63.275  -38.839 0.6000000238
18221  -34.833  -63.846  -38.641 0.6000000238
107341  -34.111  -64.210  -38.305 0.6000000238
17312  -32.648  -64.692  -40.069 0.4000000060
105098  -33.217  -64.532  -39.687 0.5000000000
110708  -37.070  -62.860  -37.227 0.6000000238
20867  -38.508  -60.403  -36.204 0.3000000119
19124  -37.864  -62.474  -36.811 0.4000000060
17288  -33.465  -64.452  -38.948 0.4000000060
116224  -38.456  -59.626  -36.342 0.3000000119
21721  -38.283  -59.098  -36.120 0.3000000119
19997  -38.400  -61.381  -36.023 0.3000000119
18213  -34.698  -63.835  -37.774 0.6000000238
18214  -36.274  -63.212  -37.861 0.6000000238
108161  -35.428  -63.540  -38.212 0.6000000238
20003  -38.774  -61.130  -36.855 0.3000000119
113028  -36.324  -63.065  -39.415 0.5000000000
19142  -37.057  -62.825  -39.616 0.5000000000
19129  -37.099  -62.895  -38.040 0.5000000000
109341  -37.656  -62.658  -38.686 0.4000000060
122953  -36.859  -62.742  -40.227 0.5000000000
18229  -36.391  -62.934  -40.093 0.5000000000
19143  -37.930  -62.360  -39.579 0.4000000060
19144  -38.350  -62.194  -38.929 0.4000000060
19137  -38.417  -62.205  -38.177 0.4000000060
19130  -37.800  -62.592  -37.701 0.5000000000
105253  -34.992  -63.664  -40.223 0.5000000000
118018  -35.680  -63.306  -39.795 0.5000000000
19131  -38.458  -62.088  -37.294 0.4000000060
14782  -31.144  -66.984  -50.019 0.3000000119
14788  -31.325  -67.904  -50.164 0.3000000119
16551  -31.587  -65.459  -49.325 0.3000000119
111891  -31.439  -64.391  -48.994 0.3000000119
17401  -32.315  -63.781  -48.538 0.4000000060
16550  -30.760  -65.066  -49.322 0.3000000119
106044  -30.178  -64.883  -49.035 0.3000000119
18318  -33.141  -63.100  -48.283 0.4000000060
18308  -32.004  -62.716  -48.127 0.4000000060
17400  -30.537  -64.102  -48.779 0.3000000119
123923  -29.909  -64.425  -48.476 0.3000000119
109090  -33.509  -61.386  -47.400 0.4000000060
19211  -33.400  -60.940  -46.790 0.4000000060
18307  -31.194  -62.537  -47.737 0.4000000060
18316  -30.612  -63.219  -48.099 0.4000000060
17394  -29.850  -64.332  -47.711 0.4000000060
17395  -30.255  -63.348  -47.624 0.4000000060
20093  -36.013  -60.247  -45.650 0.3000000119
20100  -34.077  -60.517  -46.570 0.4000000060
122493  -33.569  -60.869  -46.346 0.4000000060
115630  -32.841  -61.376  -46.538 0.4000000060
19202  -32.200  -61.727  -46.367 0.4000000060
18305  -30.888  -62.466  -46.668 0.4000000060
18304  -30.357  -63.043  -46.955 0.4000000060
123404  -37.228  -60.504  -43.951 0.3000000119
19205  -35.055  -61.127  -45.480 0.4000000060
19194  -34.593  -62.152  -45.118 0.4000000060
19204  -33.918  -61.109  -45.833 0.4000000060
18296  -33.640  -62.239  -45.553 0.4000000060
18284  -34.254  -63.161  -44.688 0.4000000060
18295  -32.638  -62.309  -45.856 0.4000000060
18283  -33.281  -63.297  -45.040 0.4000000060
18293  -31.094  -62.664  -46.133 0.4000000060
18292  -30.624  -63.153  -46.308 0.4000000060
20076  -36.281  -61.610  -43.488 0.4000000060
120831  -35.796  -62.022  -43.749 0.4000000060
18270  -33.757  -63.925  -44.012 0.4000000060
17360  -32.770  -64.024  -44.233 0.4000000060
18280  -30.758  -63.592  -45.615 0.4000000060
18281  -31.387  -63.416  -45.475 0.4000000060
17375  -30.353  -63.935  -45.718 0.4000000060
19186  -35.842  -62.258  -42.903 0.4000000060
18271  -34.634  -63.567  -43.562 0.4000000060
17347  -34.007  -64.153  -43.127 0.4000000060
17346  -33.230  -64.360  -43.245 0.4000000060
17358  -30.906  -64.109  -44.742 0.4000000060
17345  -32.161  -64.503  -43.336 0.4000000060
18258  -35.480  -62.887  -42.411 0.4000000060
18247  -35.015  -63.472  -41.949 0.4000000060
17327  -34.403  -64.090  -41.610 0.4000000060
19151  -37.387  -62.377  -40.402 0.4000000060
18248  -35.572  -62.931  -41.465 0.4000000060
120552  -35.449  -63.250  -40.640 0.4000000060
20027  -38.635  -61.719  -39.501 0.3000000119
20014  -38.881  -61.524  -38.689 0.3000000119
17333  -33.681  -64.407  -42.304 0.4000000060
18237  -35.941  -62.823  -40.697 0.4000000060
20006  -38.891  -61.440  -37.780 0.3000000119
18236  -34.987  -63.609  -41.067 0.4000000060
120223  -32.578  -62.195  -47.809 0.4000000060
19213  -31.849  -61.939  -47.357 0.4000000060
19210  -32.000  -61.686  -46.682 0.4000000060
19209  -31.282  -62.058  -46.956 0.4000000060
20088  -36.331  -60.414  -44.982 0.4000000060
104549  -35.213  -60.411  -45.906 0.4000000060
20947  -36.999  -60.114  -44.649 0.3000000119
19203  -33.054  -61.419  -46.215 0.4000000060
104285  -36.942  -61.142  -43.126 0.3000000119
20087  -35.936  -61.258  -44.571 0.4000000060
18285  -34.957  -62.891  -44.328 0.4000000060
19175  -36.342  -61.925  -42.524 0.4000000060
124366  -35.058  -63.380  -42.752 0.4000000060
17359  -31.775  -64.087  -44.493 0.4000000060
113750  -36.305  -62.363  -41.556 0.4000000060
20102  -35.789  -61.184  -47.402 0.3000000119
18319  -34.754  -63.327  -48.301 0.3000000119
17402  -33.619  -64.344  -48.356 0.3000000119
106495  -33.951  -62.927  -48.177 0.3000000119
20101  -34.852  -60.651  -47.026 0.3000000119
18309  -33.360  -62.183  -47.838 0.3000000119
19215  -34.123  -61.003  -47.267 0.3000000119
20095  -34.860  -60.392  -46.342 0.3000000119
19161  -36.917  -61.706  -42.093 0.3000000119
19162  -37.067  -62.088  -41.258 0.3000000119
19152  -38.288  -61.806  -40.262 0.3000000119
20957  -35.692  -60.250  -46.130 0.3000000119
15530  -28.630  -66.110  -39.268 0.4000000060
15684  -30.888  -66.031  -49.769 0.3000000119
16390  -27.833  -65.436  -36.589 0.5000000000
16451  -29.322  -65.530  -40.573 0.4000000060
16452  -30.077  -65.376  -40.915 0.4000000060
16468  -29.967  -65.262  -41.779 0.4000000060
16557  -30.255  -65.553  -49.361 0.3000000119
17257  -23.212  -64.117  -36.651 0.5000000000
17267  -33.283  -64.332  -36.980 0.6000000238
17287  -32.758  -64.673  -38.539 0.6000000238
17289  -34.318  -64.170  -39.151 0.5000000000
17297  -31.960  -64.977  -39.625 0.5000000000
17300  -34.506  -64.041  -39.833 0.6000000238
17311  -31.906  -64.983  -40.560 0.4000000060
17325  -32.854  -64.637  -41.791 0.5000000000
17334  -34.507  -63.912  -42.532 0.4000000060
17374  -30.073  -64.377  -45.844 0.4000000060
18170  -25.902  -62.970  -34.414 0.5000000000
18171  -27.248  -63.843  -34.750 0.5000000000
18179  -35.272  -63.385  -34.722 0.6999999881
18192  -24.109  -63.506  -35.384 0.5000000000
18194  -26.347  -63.700  -34.770 0.5000000000
18272  -35.376  -62.792  -43.444 0.4000000060
18282  -32.289  -63.371  -45.316 0.4000000060
18294  -31.714  -62.372  -46.026 0.4000000060
18303  -30.105  -63.721  -47.285 0.4000000060
18310  -34.322  -62.188  -47.892 0.3000000119
18317  -31.264  -63.351  -48.520 0.4000000060
19099  -25.033  -61.527  -34.987 0.4000000060
19102  -27.613  -62.695  -33.946 0.5000000000
19116  -25.122  -62.884  -34.707 0.5000000000
19118  -37.531  -62.427  -35.468 0.3000000119
19125  -38.398  -61.953  -36.562 0.4000000060
19136  -36.698  -63.005  -38.741 0.5000000000
19150  -36.608  -62.562  -40.718 0.4000000060
19174  -35.898  -62.464  -42.142 0.4000000060
19195  -35.371  -62.111  -44.489 0.4000000060
19201  -31.516  -62.035  -46.467 0.4000000060
19214  -32.688  -61.458  -47.156 0.4000000060
19966  -28.363  -61.697  -33.697 0.6999999881
19968  -30.654  -61.453  -33.560 0.8000000119
19995  -25.531  -60.937  -35.283 0.4000000060
20092  -34.323  -60.534  -46.112 0.4000000060
20096  -35.605  -60.489  -46.721 0.3000000119
20798  -36.052  -60.323  -31.793 0.4000000060
20831  -26.225  -60.825  -34.872 0.5000000000
20832  -27.045  -60.886  -34.475 0.5000000000
20834  -29.992  -60.458  -34.841 0.6999999881
20851  -29.061  -60.416  -34.894 0.6000000238
20879  -29.452  -60.548  -37.792 0.6999999881
21672  -36.077  -58.925  -31.392 0.5000000000
21720  -38.111  -59.252  -35.509 0.3000000119
21739  -26.437  -59.143  -37.653 0.5000000000
21740  -27.228  -59.571  -37.952 0.5000000000
21766  -29.559  -59.543  -40.043 0.6999999881
21768  -30.944  -59.207  -40.478 0.6999999881
21777  -30.378  -59.077  -41.030 0.6000000238
21778  -30.918  -58.828  -41.226 0.6000000238
22595  -37.329  -58.193  -33.569 0.3000000119
22626  -37.966  -58.601  -35.776 0.3000000119
22631  -31.616  -58.477  -36.552 0.6999999881
22659  -29.083  -59.366  -39.655 0.6000000238
23548  -29.932  -57.986  -41.806 0.6000000238
23549  -31.592  -57.560  -42.127 0.6000000238
23555  -30.711  -57.644  -42.436 0.6000000238
23556  -31.179  -57.780  -42.320 0.6000000238
24274  -32.319  -56.006  -31.976 0.4000000060
24326  -31.527  -56.853  -35.831 0.5000000000
24338  -28.775  -56.488  -36.347 0.3000000119
24388  -32.435  -56.565  -41.492 0.5000000000
24389  -30.115  -57.608  -42.268 0.6000000238
25182  -31.767  -55.518  -33.339 0.4000000060
25256  -32.729  -56.077  -40.737 0.4000000060
25261  -32.584  -55.591  -41.924 0.5000000000
26048  -32.102  -54.133  -32.400 0.3000000119
26090  -31.559  -55.464  -35.649 0.4000000060
26118  -32.523  -54.388  -38.713 0.4000000060
26129  -32.131  -54.563  -41.644 0.4000000060
26900  -31.951  -53.448  -34.044 0.3000000119
26946  -32.459  -53.284  -37.437 0.4000000060
26950  -30.521  -53.365  -40.629 0.5000000000
28448  -33.322  -52.213  -38.221 0.4000000060
28452  -35.774  -52.332  -40.046 0.4000000060
28458  -33.796  -52.239  -41.107 0.4000000060
28460  -35.370  -52.413  -41.015 0.4000000060
29157  -32.662  -50.693  -32.546 0.3000000119
29185  -33.050  -50.064  -34.987 0.3000000119
29213  -35.750  -51.731  -39.564 0.4000000060
29215  -29.661  -50.864  -39.441 0.4000000060
29218  -36.295  -52.270  -40.505 0.4000000060
29990  -32.994  -49.619  -33.288 0.4000000060
30035  -34.601  -49.914  -37.844 0.4000000060
30042  -31.576  -49.662  -40.156 0.4000000060
30049  -35.977  -51.568  -41.349 0.4000000060
30792  -33.636  -48.582  -32.643 0.4000000060
30807  -33.636  -48.493  -33.487 0.4000000060
30846  -35.696  -48.690  -37.904 0.3000000119
30859  -38.310  -49.343  -40.583 0.4000000060
31595  -34.034  -48.072  -32.094 0.4000000060
31624  -34.083  -47.835  -32.978 0.4000000060
31644  -33.989  -47.892  -33.989 0.4000000060
31645  -34.357  -47.311  -34.550 0.4000000060
31657  -33.942  -47.962  -34.929 0.4000000060
31686  -34.036  -47.605  -39.742 0.4000000060
31689  -38.110  -49.309  -39.872 0.5000000000
31692  -35.902  -48.127  -40.688 0.4000000060
32469  -34.696  -46.534  -33.385 0.4000000060
32523  -33.793  -46.736  -39.426 0.3000000119
33361  -35.441  -45.421  -33.689 0.4000000060
33420  -36.607  -45.656  -40.662 0.4000000060
34241  -36.143  -43.956  -40.016 0.3000000119
104384  -37.289  -46.397  -40.944 0.4000000060
105070  -30.667  -62.647  -47.337 0.4000000060
107321  -35.723  -60.612  -45.396 0.4000000060
110983  -34.346  -59.002  -31.273 0.5000000000
111061  -36.690  -60.910  -44.193 0.4000000060
111068  -30.252  -60.329  -37.370 0.6999999881
111988  -30.300  -51.000  -40.079 0.4000000060
112925  -29.159  -65.704  -38.070 0.4000000060
112979  -33.277  -47.914  -39.633 0.4000000060
115659  -32.086  -64.866  -41.451 0.5000000000
115853  -29.825  -53.833  -39.377 0.5000000000
116426  -24.914  -63.586  -35.038 0.5000000000
118580  -31.533  -64.637  -36.692 0.6000000238
119003  -30.541  -65.343  -38.469 0.5000000000
119054  -34.078  -63.598  -48.323 0.3000000119
119690  -30.810  -58.152  -42.204 0.6000000238
120057  -29.049  -65.849  -39.477 0.4000000060
120362  -26.981  -62.203  -33.968 0.5000000000
121918  -29.961  -63.869  -47.895 0.4000000060
122207  -28.210  -66.116  -40.506 0.4000000060
122392  -31.245  -65.187  -38.372 0.6000000238
122698  -25.271  -65.394  -35.974 0.5000000000
122708  -35.225  -63.530  -35.893 0.6999999881
124742  -30.153  -63.755  -48.222 0.4000000060
