#!ascii label  , from subject sub-019 vox2ras=TkReg
302
21388  49.115  -61.035  -28.716 0.0000000000
18470  40.942  -63.577  -34.441 0.0000000000
15459  46.703  -67.099  -30.985 0.0000000000
21479  47.098  -60.952  -34.600 0.0000000000
13508  43.618  -68.665  -36.946 0.0000000000
14491  45.916  -67.368  -34.312 0.0000000000
10586  42.040  -71.673  -35.902 0.0000000000
20457  44.976  -61.623  -34.673 0.0000000000
108575  46.337  -58.342  -33.776 0.0000000000
19389  48.402  -63.796  -29.674 0.0000000000
18448  47.116  -63.599  -33.203 0.0000000000
17497  46.218  -64.450  -35.532 0.0000000000
16537  42.854  -65.708  -35.372 0.0000000000
122345  41.166  -68.740  -39.297 0.0000000000
23432  46.154  -58.617  -29.637 0.0000000000
20383  45.810  -61.902  -29.369 0.0000000000
17435  44.820  -64.966  -30.399 0.0000000000
24431  49.217  -57.925  -32.672 0.0000000000
11510  42.932  -71.412  -34.528 0.0000000000
106837  43.208  -62.474  -34.362 0.0000000000
21465  43.922  -60.335  -33.842 0.0000000000
17433  47.495  -65.094  -30.070 0.0000000000
17461  46.974  -65.014  -31.878 0.0000000000
13493  44.927  -68.016  -35.966 0.0000000000
15524  46.146  -66.200  -35.143 0.0000000000
15534  45.014  -66.336  -36.383 0.0000000000
16535  44.389  -65.203  -35.772 0.0000000000
110146  43.467  -67.102  -36.422 0.0000000000
14556  40.594  -67.406  -37.647 0.0000000000
19382  43.953  -62.553  -29.884 0.0000000000
18412  45.034  -63.785  -29.772 0.0000000000
17436  44.094  -64.316  -30.694 0.0000000000
21449  48.695  -60.000  -32.879 0.0000000000
23474  48.677  -58.781  -33.735 0.0000000000
24435  45.298  -57.131  -32.968 0.0000000000
24434  46.664  -56.949  -32.797 0.0000000000
12449  45.554  -69.085  -31.942 0.0000000000
15493  46.527  -67.011  -32.953 0.0000000000
12477  44.860  -69.843  -33.180 0.0000000000
11513  43.887  -69.677  -35.535 0.0000000000
11545  43.051  -69.807  -36.909 0.0000000000
21492  46.512  -61.152  -34.774 0.0000000000
22480  47.433  -59.613  -34.495 0.0000000000
22482  45.420  -59.847  -34.354 0.0000000000
104580  44.377  -58.875  -33.689 0.0000000000
18487  39.585  -64.016  -35.236 0.0000000000
19375  49.016  -62.421  -29.218 0.0000000000
20431  47.664  -61.808  -32.574 0.0000000000
20439  47.464  -61.612  -33.908 0.0000000000
118381  46.694  -65.434  -33.925 0.0000000000
17480  47.046  -63.995  -34.614 0.0000000000
19456  46.490  -62.572  -35.237 0.0000000000
19458  45.755  -62.891  -35.497 0.0000000000
124271  43.668  -63.771  -34.886 0.0000000000
17482  42.183  -64.531  -34.792 0.0000000000
13521  42.054  -69.531  -38.576 0.0000000000
14540  41.822  -67.676  -36.805 0.0000000000
122214  40.652  -66.714  -36.339 0.0000000000
16539  40.023  -65.567  -35.636 0.0000000000
24404  47.284  -57.933  -29.077 0.0000000000
21404  47.339  -60.052  -29.481 0.0000000000
114104  45.651  -60.040  -29.488 0.0000000000
105899  47.410  -61.262  -29.273 0.0000000000
121815  47.515  -63.068  -29.162 0.0000000000
17425  46.452  -65.095  -29.630 0.0000000000
15446  45.947  -66.652  -30.388 0.0000000000
15461  44.338  -66.315  -31.783 0.0000000000
14464  45.524  -68.244  -31.379 0.0000000000
24451  47.971  -58.133  -33.448 0.0000000000
106197  49.453  -60.187  -28.622 0.0000000000
22405  49.779  -59.518  -28.482 0.0000000000
21387  49.914  -60.762  -28.718 0.0000000000
18469  42.039  -63.636  -34.507 0.0000000000
118773  42.598  -62.062  -34.141 0.0000000000
15444  47.074  -66.486  -30.689 0.0000000000
17445  47.332  -65.157  -30.718 0.0000000000
15458  47.052  -66.566  -31.427 0.0000000000
13507  44.312  -68.336  -36.417 0.0000000000
14537  45.210  -66.808  -36.258 0.0000000000
111072  44.049  -68.034  -36.600 0.0000000000
14538  44.047  -67.452  -36.547 0.0000000000
14553  43.393  -68.263  -36.926 0.0000000000
14567  40.672  -67.356  -38.820 0.0000000000
18421  43.738  -63.656  -30.578 0.0000000000
21463  47.682  -60.519  -34.196 0.0000000000
21462  48.502  -59.856  -33.769 0.0000000000
21478  48.210  -59.765  -34.136 0.0000000000
26265  45.043  -56.082  -32.117 0.0000000000
12461  45.475  -69.228  -32.738 0.0000000000
11500  44.195  -70.432  -33.529 0.0000000000
10579  42.361  -72.030  -34.811 0.0000000000
11514  43.340  -70.547  -34.949 0.0000000000
11515  42.711  -71.035  -35.449 0.0000000000
11527  43.195  -70.082  -36.017 0.0000000000
11528  42.528  -70.591  -36.541 0.0000000000
20456  45.835  -61.295  -34.826 0.0000000000
21481  46.053  -60.483  -34.578 0.0000000000
121952  44.980  -60.624  -34.345 0.0000000000
22468  43.729  -59.476  -33.546 0.0000000000
23479  43.558  -58.676  -33.184 0.0000000000
24455  44.203  -58.059  -33.201 0.0000000000
19379  48.450  -63.199  -29.408 0.0000000000
19374  49.408  -62.105  -29.560 0.0000000000
19378  48.930  -62.864  -29.697 0.0000000000
19429  47.354  -62.689  -33.583 0.0000000000
115712  46.232  -67.710  -33.201 0.0000000000
15511  46.326  -66.698  -34.234 0.0000000000
16545  45.879  -65.276  -35.671 0.0000000000
17481  46.640  -64.757  -34.818 0.0000000000
17496  46.694  -63.855  -35.182 0.0000000000
18467  46.897  -63.296  -34.871 0.0000000000
121326  46.390  -63.589  -35.416 0.0000000000
19457  46.262  -62.424  -35.383 0.0000000000
18483  46.034  -63.647  -35.630 0.0000000000
16536  43.911  -65.854  -35.903 0.0000000000
121406  43.599  -65.223  -35.507 0.0000000000
17501  42.977  -64.894  -35.102 0.0000000000
12589  40.448  -69.373  -41.542 0.0000000000
13548  41.217  -68.758  -40.124 0.0000000000
12558  41.299  -69.619  -40.253 0.0000000000
13532  41.447  -69.286  -39.407 0.0000000000
113433  41.897  -68.835  -37.968 0.0000000000
14554  42.429  -68.364  -37.305 0.0000000000
14555  41.219  -68.147  -37.575 0.0000000000
15549  40.241  -66.606  -37.821 0.0000000000
14541  40.878  -67.358  -36.843 0.0000000000
15537  40.262  -66.786  -36.930 0.0000000000
15528  40.837  -66.237  -35.637 0.0000000000
16549  40.086  -66.219  -36.230 0.0000000000
106390  46.595  -57.871  -29.352 0.0000000000
23431  47.079  -58.525  -29.365 0.0000000000
22416  47.668  -59.210  -29.270 0.0000000000
22417  46.899  -59.183  -29.558 0.0000000000
107488  44.843  -61.377  -29.499 0.0000000000
118524  44.683  -60.639  -29.476 0.0000000000
21406  45.507  -60.824  -29.479 0.0000000000
107731  46.389  -61.322  -29.378 0.0000000000
20382  46.943  -62.132  -29.168 0.0000000000
118413  46.493  -62.690  -29.210 0.0000000000
17427  45.247  -64.654  -29.875 0.0000000000
18411  45.920  -64.315  -29.505 0.0000000000
17434  45.521  -65.428  -29.923 0.0000000000
16446  46.076  -65.671  -29.747 0.0000000000
16458  45.398  -65.908  -30.276 0.0000000000
14480  42.224  -67.811  -32.627 0.0000000000
15477  43.890  -67.064  -32.374 0.0000000000
15476  44.996  -67.347  -31.537 0.0000000000
23492  46.856  -59.002  -34.254 0.0000000000
23476  47.333  -58.545  -33.782 0.0000000000
24452  46.811  -57.803  -33.251 0.0000000000
112095  47.266  -56.781  -32.425 0.0000000000
121195  44.084  -62.098  -34.443 0.0000000000
21482  44.061  -61.230  -34.126 0.0000000000
18409  47.758  -64.437  -29.729 0.0000000000
109711  48.368  -63.419  -30.240 0.0000000000
18419  47.815  -64.321  -30.223 0.0000000000
114414  47.126  -64.132  -32.177 0.0000000000
13492  45.308  -67.745  -35.433 0.0000000000
15512  45.975  -66.773  -34.970 0.0000000000
15525  45.688  -66.626  -35.644 0.0000000000
16534  45.816  -65.915  -35.667 0.0000000000
16546  45.385  -65.682  -35.996 0.0000000000
17498  45.637  -64.402  -35.641 0.0000000000
16547  44.778  -65.822  -36.213 0.0000000000
16548  44.311  -66.572  -36.383 0.0000000000
15526  43.185  -66.486  -36.016 0.0000000000
13523  40.813  -68.008  -38.295 0.0000000000
19381  44.794  -62.830  -29.640 0.0000000000
19380  45.675  -62.755  -29.350 0.0000000000
18413  44.246  -63.290  -30.070 0.0000000000
18420  44.555  -64.107  -30.239 0.0000000000
22465  49.031  -58.819  -33.427 0.0000000000
23459  48.904  -58.377  -33.302 0.0000000000
24453  45.818  -57.681  -33.424 0.0000000000
117432  46.059  -57.154  -33.072 0.0000000000
25361  45.753  -56.542  -32.566 0.0000000000
25360  46.581  -56.263  -32.244 0.0000000000
13407  46.145  -68.240  -31.226 0.0000000000
15475  46.757  -67.223  -31.764 0.0000000000
13439  46.054  -68.649  -32.314 0.0000000000
13459  45.754  -68.335  -33.435 0.0000000000
12476  45.198  -68.943  -33.785 0.0000000000
11508  44.048  -70.181  -34.489 0.0000000000
12487  44.887  -68.574  -34.983 0.0000000000
12503  44.460  -68.860  -35.887 0.0000000000
12521  43.754  -69.220  -36.552 0.0000000000
21491  46.710  -61.442  -34.802 0.0000000000
109505  47.673  -60.049  -34.483 0.0000000000
21480  46.995  -60.468  -34.719 0.0000000000
22481  46.290  -59.589  -34.455 0.0000000000
23477  45.818  -58.752  -34.147 0.0000000000
21464  44.607  -59.677  -34.008 0.0000000000
22467  45.212  -59.103  -34.229 0.0000000000
23478  44.982  -58.424  -33.818 0.0000000000
24454  44.991  -57.742  -33.371 0.0000000000
24436  44.326  -57.169  -32.681 0.0000000000
17484  40.386  -64.194  -34.776 0.0000000000
20373  49.222  -61.794  -28.913 0.0000000000
20372  49.652  -61.442  -28.914 0.0000000000
125442  49.472  -61.959  -29.166 0.0000000000
20438  48.016  -60.634  -33.347 0.0000000000
17470  46.865  -64.385  -33.111 0.0000000000
16520  46.486  -65.778  -34.632 0.0000000000
17471  46.940  -64.600  -34.029 0.0000000000
113227  47.251  -64.031  -34.015 0.0000000000
19440  47.121  -62.585  -34.470 0.0000000000
20455  47.065  -61.671  -34.560 0.0000000000
20472  46.717  -61.900  -34.913 0.0000000000
20473  46.507  -62.080  -35.149 0.0000000000
20475  45.766  -62.042  -35.330 0.0000000000
19441  44.966  -62.458  -35.026 0.0000000000
18484  45.360  -63.719  -35.481 0.0000000000
19459  44.944  -63.157  -35.230 0.0000000000
19442  44.058  -63.024  -34.742 0.0000000000
17483  41.287  -64.286  -34.668 0.0000000000
11546  42.595  -70.227  -37.665 0.0000000000
12588  40.998  -69.163  -41.517 0.0000000000
12543  42.212  -70.116  -38.811 0.0000000000
13520  42.826  -68.992  -37.651 0.0000000000
14539  42.983  -67.732  -36.736 0.0000000000
15535  42.474  -67.104  -36.283 0.0000000000
15536  41.396  -66.934  -36.242 0.0000000000
15527  42.036  -66.443  -35.674 0.0000000000
16538  41.674  -65.700  -35.188 0.0000000000
112430  40.714  -65.400  -35.141 0.0000000000
120208  40.720  -64.769  -34.867 0.0000000000
17503  40.054  -64.838  -35.201 0.0000000000
24396  47.743  -57.682  -28.585 0.0000000000
24397  47.001  -57.309  -28.905 0.0000000000
23423  47.916  -58.467  -28.895 0.0000000000
22415  48.395  -59.160  -28.927 0.0000000000
21403  48.462  -59.983  -29.071 0.0000000000
21407  44.167  -60.144  -29.377 0.0000000000
22418  46.290  -59.591  -29.603 0.0000000000
119496  48.169  -60.804  -29.127 0.0000000000
20381  48.062  -62.392  -29.110 0.0000000000
104618  47.851  -63.852  -29.416 0.0000000000
108425  46.596  -63.530  -29.288 0.0000000000
18410  47.040  -64.428  -29.496 0.0000000000
17424  47.196  -65.101  -29.766 0.0000000000
16456  46.872  -66.159  -30.177 0.0000000000
15445  46.532  -66.680  -30.508 0.0000000000
15447  45.292  -66.564  -30.946 0.0000000000
103839  45.793  -67.473  -30.941 0.0000000000
14463  46.014  -68.167  -31.118 0.0000000000
22479  48.184  -59.328  -34.166 0.0000000000
24450  48.647  -58.413  -33.536 0.0000000000
24432  48.632  -57.919  -33.020 0.0000000000
24433  47.594  -57.474  -32.870 0.0000000000
25359  48.096  -57.151  -32.284 0.0000000000
10600  41.911  -71.181  -37.079 0.0000000000
12488  44.667  -69.648  -34.131 0.0000000000
12534  42.522  -69.736  -38.134 0.0000000000
12572  41.027  -69.727  -40.919 0.0000000000
13421  46.070  -68.490  -31.415 0.0000000000
13474  45.441  -67.956  -34.539 0.0000000000
13522  41.253  -68.735  -38.591 0.0000000000
14462  46.317  -67.874  -31.230 0.0000000000
14477  46.443  -67.981  -32.013 0.0000000000
14479  43.289  -67.860  -32.760 0.0000000000
14502  45.651  -67.227  -35.205 0.0000000000
14521  45.346  -67.300  -35.933 0.0000000000
14522  44.728  -67.498  -36.359 0.0000000000
14536  45.442  -66.266  -36.066 0.0000000000
15433  46.323  -66.204  -30.022 0.0000000000
15460  46.180  -67.351  -30.860 0.0000000000
16444  47.151  -65.618  -29.996 0.0000000000
16445  46.695  -65.707  -29.838 0.0000000000
16455  47.231  -65.792  -30.411 0.0000000000
16457  45.845  -66.029  -29.942 0.0000000000
16469  47.292  -65.941  -31.119 0.0000000000
16487  46.913  -65.796  -32.006 0.0000000000
16506  46.559  -66.205  -33.786 0.0000000000
16533  46.236  -65.390  -35.313 0.0000000000
17426  45.795  -65.073  -29.701 0.0000000000
17499  44.839  -64.476  -35.574 0.0000000000
17500  43.837  -64.517  -35.279 0.0000000000
17502  41.469  -64.992  -34.869 0.0000000000
17515  45.692  -65.001  -35.733 0.0000000000
17516  45.175  -65.148  -35.863 0.0000000000
18458  47.218  -63.441  -34.259 0.0000000000
18468  43.044  -63.299  -34.559 0.0000000000
18485  44.462  -63.786  -35.192 0.0000000000
18486  42.955  -64.134  -34.833 0.0000000000
19443  42.365  -62.724  -34.271 0.0000000000
19455  46.752  -62.567  -34.962 0.0000000000
20374  48.556  -61.710  -28.951 0.0000000000
20474  46.355  -61.788  -35.132 0.0000000000
21405  46.408  -60.507  -29.472 0.0000000000
22466  48.671  -59.294  -33.807 0.0000000000
23475  48.219  -58.705  -33.895 0.0000000000
23491  47.706  -59.056  -34.238 0.0000000000
107116  45.018  -62.155  -29.466 0.0000000000
107347  44.752  -66.904  -36.458 0.0000000000
109444  44.341  -69.332  -35.011 0.0000000000
113427  45.542  -58.184  -33.748 0.0000000000
117547  46.570  -63.165  -35.258 0.0000000000
118505  45.569  -63.443  -29.467 0.0000000000
118864  46.317  -63.048  -35.433 0.0000000000
118931  50.152  -60.111  -28.627 0.0000000000
119566  49.813  -61.632  -29.360 0.0000000000
120703  42.266  -65.157  -35.021 0.0000000000
