#!ascii label  , from subject sub-023 vox2ras=TkReg
833
109221  -42.659  -53.205  -33.586 0.5000000000
32306  -40.768  -54.883  -35.195 0.8000000119
32300  -39.822  -54.374  -34.952 0.8000000119
32305  -39.985  -54.585  -35.602 0.8000000119
32301  -40.557  -54.011  -35.732 0.8000000119
32295  -43.509  -53.455  -33.198 0.5000000000
32302  -41.617  -53.949  -34.373 0.5000000000
33404  -41.305  -53.040  -35.754 0.6000000238
116131  -40.259  -52.287  -33.596 0.6999999881
34500  -39.837  -52.858  -35.266 0.6999999881
33403  -40.526  -53.307  -36.146 0.8000000119
34492  -43.473  -51.781  -32.658 0.6000000238
33399  -42.754  -52.285  -33.429 0.5000000000
34502  -42.954  -51.292  -33.465 0.6000000238
107973  -40.566  -51.760  -31.218 0.6999999881
34501  -42.262  -52.197  -34.467 0.6000000238
35568  -42.622  -51.311  -34.677 0.6000000238
34482  -40.481  -51.918  -32.290 0.6999999881
33392  -40.353  -52.800  -32.873 0.6999999881
34509  -40.087  -52.625  -36.084 0.6999999881
34510  -41.956  -52.073  -35.863 0.6000000238
35577  -42.558  -51.292  -35.793 0.6000000238
33405  -40.450  -52.853  -36.296 0.8000000119
33406  -41.052  -52.695  -36.262 0.8000000119
115540  -43.499  -51.051  -32.621 0.4000000060
35544  -40.621  -50.813  -30.980 0.6999999881
35578  -43.026  -50.659  -34.985 0.6000000238
36553  -40.816  -50.411  -31.915 0.6999999881
35567  -40.360  -51.565  -34.030 0.6999999881
35582  -40.372  -51.689  -36.116 0.6999999881
34513  -40.388  -52.297  -36.313 0.6000000238
35584  -42.286  -51.376  -36.439 0.6999999881
36607  -43.474  -50.378  -37.131 0.5000000000
112747  -40.271  -51.582  -35.309 0.6000000238
35583  -40.807  -50.825  -36.331 0.6000000238
35589  -41.205  -51.221  -36.586 0.6000000238
36606  -42.587  -50.426  -36.972 0.6000000238
36605  -41.603  -50.366  -36.711 0.6000000238
37630  -42.205  -49.707  -36.908 0.5000000000
115313  -44.016  -49.798  -32.844 0.4000000060
35558  -43.493  -50.488  -33.153 0.5000000000
35531  -40.849  -50.562  -30.043 0.6999999881
36566  -43.627  -50.010  -34.022 0.6000000238
36580  -44.209  -49.521  -34.695 0.6000000238
35557  -40.736  -50.600  -33.122 0.6999999881
36588  -43.606  -50.215  -35.502 0.6000000238
124213  -40.660  -50.796  -34.140 0.6999999881
36596  -43.776  -50.450  -36.784 0.5000000000
36608  -44.134  -50.209  -37.033 0.6000000238
36586  -40.843  -50.329  -34.842 0.6999999881
36595  -41.193  -49.812  -36.172 0.6000000238
36617  -43.784  -50.015  -37.289 0.5000000000
36618  -44.475  -49.693  -37.169 0.5000000000
37622  -41.721  -49.257  -36.470 0.5000000000
122439  -40.413  -50.585  -27.124 0.6000000238
36511  -40.692  -49.419  -27.949 0.6000000238
36555  -44.362  -49.775  -31.847 0.5000000000
36567  -44.624  -49.146  -32.500 0.5000000000
36518  -41.017  -49.634  -28.799 0.6999999881
127895  -40.814  -50.703  -28.812 0.6999999881
113115  -44.372  -49.287  -33.516 0.5000000000
37603  -44.893  -48.912  -34.218 0.5000000000
37604  -45.799  -48.373  -33.918 0.4000000060
36537  -41.063  -49.959  -30.752 0.6999999881
36554  -41.318  -49.514  -31.652 0.6999999881
36564  -41.150  -49.772  -32.624 0.6999999881
37614  -45.483  -48.963  -35.119 0.5000000000
36578  -41.053  -50.018  -33.625 0.6999999881
36587  -41.203  -49.516  -35.215 0.6000000238
36597  -44.439  -50.125  -36.859 0.5000000000
37611  -41.517  -48.863  -35.713 0.6000000238
36609  -44.867  -49.821  -36.916 0.5000000000
37612  -41.941  -48.075  -35.154 0.5000000000
37623  -41.887  -48.258  -36.116 0.5000000000
37632  -42.916  -48.405  -37.101 0.5000000000
37639  -45.099  -49.024  -37.293 0.5000000000
37638  -43.659  -49.166  -37.359 0.5000000000
37606  -47.612  -48.233  -33.729 0.3000000119
113831  -39.150  -49.996  -26.127 0.6000000238
35496  -40.018  -50.130  -26.657 0.6000000238
37605  -46.639  -48.162  -33.219 0.4000000060
123422  -46.760  -48.269  -34.135 0.4000000060
37545  -41.317  -49.091  -29.250 0.6000000238
37615  -46.435  -48.750  -35.024 0.5000000000
128533  -41.524  -49.274  -30.886 0.6999999881
37625  -46.154  -49.304  -36.150 0.5000000000
37585  -41.732  -48.757  -33.543 0.5000000000
36598  -45.989  -49.526  -36.853 0.5000000000
37601  -41.644  -48.745  -34.619 0.5000000000
36610  -46.951  -49.664  -37.101 0.4000000060
36619  -45.801  -49.454  -36.926 0.3000000119
37641  -47.300  -49.414  -37.471 0.4000000060
38676  -43.648  -48.102  -37.205 0.5000000000
38677  -44.519  -48.065  -37.262 0.4000000060
36502  -38.682  -49.245  -26.261 0.6000000238
36503  -39.609  -49.248  -26.486 0.6000000238
37532  -40.616  -48.596  -27.565 0.6000000238
37538  -40.991  -48.835  -28.415 0.6000000238
37539  -41.452  -48.342  -28.831 0.6000000238
37616  -47.375  -48.637  -34.914 0.3000000119
37626  -47.106  -49.406  -36.088 0.4000000060
36526  -41.463  -49.265  -30.126 0.6000000238
37627  -48.021  -49.389  -35.941 0.3000000119
110262  -41.860  -48.833  -31.400 0.6000000238
37571  -41.690  -48.928  -32.456 0.6999999881
36600  -47.839  -50.020  -37.142 0.3000000119
36599  -46.966  -49.813  -36.912 0.3000000119
37572  -42.363  -48.304  -31.930 0.6000000238
36612  -48.524  -50.092  -37.766 0.3000000119
36611  -47.392  -50.100  -36.928 0.3000000119
37586  -42.249  -48.234  -32.966 0.5000000000
37602  -42.136  -48.117  -34.052 0.5000000000
38680  -48.084  -49.058  -37.956 0.3000000119
37642  -47.943  -49.859  -37.668 0.3000000119
38663  -42.332  -47.526  -35.676 0.5000000000
38679  -46.801  -48.576  -37.395 0.3000000119
116945  -42.554  -47.438  -34.629 0.5000000000
38669  -44.903  -47.109  -36.985 0.4000000060
38678  -45.556  -48.237  -37.248 0.3000000119
37525  -40.052  -48.380  -26.745 0.6000000238
37546  -41.711  -48.560  -29.675 0.6000000238
38624  -42.208  -48.073  -30.091 0.5000000000
37633  -48.903  -50.087  -37.789 0.3000000119
37557  -42.390  -48.248  -30.971 0.6000000238
38673  -49.422  -48.899  -37.292 0.3000000119
38672  -48.405  -49.352  -37.793 0.3000000119
38658  -42.661  -47.635  -33.458 0.5000000000
39633  -43.249  -46.591  -35.677 0.5000000000
38668  -43.907  -47.148  -36.881 0.4000000060
39637  -44.267  -46.103  -36.777 0.4000000060
38585  -39.383  -47.720  -26.486 0.5000000000
38586  -40.061  -47.576  -26.725 0.5000000000
38596  -40.580  -47.792  -27.231 0.5000000000
38602  -41.068  -48.053  -28.007 0.5000000000
38603  -41.595  -47.602  -28.429 0.5000000000
37635  -51.510  -49.958  -37.192 0.3000000119
37634  -50.104  -50.042  -37.415 0.3000000119
38625  -42.688  -47.615  -30.521 0.6000000238
38637  -42.819  -47.743  -31.423 0.6000000238
38648  -42.798  -47.754  -32.412 0.5000000000
38661  -43.147  -46.827  -34.755 0.5000000000
38670  -45.996  -47.350  -37.105 0.4000000060
112627  -44.777  -45.258  -37.039 0.4000000060
112838  -40.403  -47.051  -26.886 0.5000000000
38597  -41.120  -47.185  -27.574 0.5000000000
39575  -41.773  -46.882  -28.123 0.5000000000
37636  -52.661  -49.985  -37.296 0.4000000060
119435  -52.244  -49.078  -37.166 0.4000000060
38612  -42.467  -47.398  -29.666 0.5000000000
39596  -43.014  -47.039  -30.154 0.5000000000
124508  -50.892  -48.959  -36.919 0.4000000060
39641  -49.116  -47.460  -36.894 0.3000000119
38626  -43.083  -47.307  -30.930 0.5000000000
38638  -43.276  -47.254  -31.794 0.4000000060
127777  -43.446  -46.884  -33.238 0.4000000060
40651  -44.426  -45.589  -36.492 0.4000000060
39560  -39.961  -46.357  -26.632 0.5000000000
39568  -40.772  -46.439  -26.975 0.5000000000
39570  -42.080  -46.200  -27.877 0.5000000000
39582  -42.739  -46.616  -29.220 0.5000000000
129663  -42.293  -46.598  -28.492 0.4000000060
38674  -51.967  -48.070  -37.126 0.4000000060
39583  -43.464  -46.315  -29.915 0.4000000060
39597  -43.472  -46.755  -30.850 0.4000000060
39642  -50.355  -47.516  -36.801 0.4000000060
39606  -43.722  -46.704  -31.658 0.4000000060
125074  -43.917  -46.484  -33.097 0.4000000060
39627  -44.174  -46.125  -33.835 0.4000000060
39630  -43.868  -46.245  -34.923 0.4000000060
40646  -44.555  -45.612  -34.463 0.4000000060
40652  -44.905  -44.912  -36.385 0.4000000060
40663  -46.182  -44.757  -37.245 0.4000000060
119880  -45.125  -44.702  -37.084 0.4000000060
40572  -40.332  -45.707  -26.659 0.5000000000
40582  -41.111  -45.751  -26.957 0.4000000060
38675  -53.132  -49.131  -37.132 0.4000000060
125059  -52.926  -48.329  -37.192 0.4000000060
40583  -41.682  -45.746  -27.414 0.5000000000
39576  -42.658  -45.971  -28.395 0.4000000060
127147  -43.752  -46.298  -30.513 0.4000000060
39643  -51.606  -46.968  -36.968 0.4000000060
40620  -44.092  -46.170  -31.095 0.4000000060
39607  -44.240  -46.285  -32.152 0.4000000060
40664  -47.024  -45.185  -37.058 0.3000000119
40649  -44.439  -45.558  -35.592 0.4000000060
115365  -40.718  -44.968  -26.642 0.4000000060
120881  -41.483  -45.025  -27.037 0.5000000000
114476  -42.996  -45.107  -28.332 0.4000000060
40591  -43.571  -44.953  -28.953 0.4000000060
40603  -43.242  -45.774  -29.029 0.4000000060
40605  -44.402  -45.123  -29.953 0.4000000060
112835  -44.053  -45.822  -30.270 0.4000000060
40630  -44.643  -45.555  -31.599 0.4000000060
111783  -44.732  -45.619  -32.327 0.4000000060
111606  -44.640  -45.613  -33.615 0.4000000060
41743  -46.176  -44.177  -37.150 0.4000000060
41737  -45.465  -44.335  -36.808 0.4000000060
41663  -41.884  -44.279  -27.276 0.4000000060
41671  -42.637  -44.314  -27.815 0.4000000060
41686  -43.905  -44.207  -29.028 0.4000000060
41687  -44.447  -44.334  -29.658 0.4000000060
41705  -44.921  -44.745  -31.190 0.4000000060
41715  -45.289  -44.973  -32.074 0.4000000060
120236  -46.824  -44.343  -37.098 0.4000000060
41727  -45.609  -44.532  -33.058 0.4000000060
40647  -45.215  -45.154  -33.884 0.4000000060
41731  -45.649  -44.223  -35.028 0.4000000060
41734  -45.478  -44.308  -35.909 0.4000000060
42751  -42.996  -43.464  -27.879 0.4000000060
42752  -43.701  -43.410  -28.471 0.4000000060
42762  -44.362  -43.511  -29.201 0.4000000060
42763  -44.967  -43.680  -30.040 0.4000000060
41699  -45.168  -44.119  -30.771 0.4000000060
42775  -45.559  -43.389  -30.870 0.4000000060
41706  -45.474  -44.196  -31.466 0.4000000060
41716  -45.704  -44.223  -32.196 0.4000000060
42806  -46.171  -43.897  -33.600 0.4000000060
42822  -46.666  -43.661  -36.956 0.3000000119
42809  -45.985  -43.742  -35.547 0.4000000060
42813  -45.893  -43.809  -36.483 0.4000000060
120226  -42.548  -42.867  -27.651 0.4000000060
117577  -44.159  -42.565  -28.660 0.4000000060
127245  -43.756  -42.016  -28.313 0.4000000060
112411  -44.818  -42.821  -29.466 0.4000000060
42764  -45.304  -42.893  -30.130 0.4000000060
42784  -45.884  -43.555  -31.810 0.4000000060
42796  -46.481  -43.173  -33.175 0.4000000060
41744  -47.797  -44.713  -36.738 0.4000000060
41745  -47.519  -43.767  -36.876 0.3000000119
42807  -46.601  -43.269  -34.076 0.4000000060
42814  -46.392  -43.319  -36.131 0.5000000000
42818  -46.438  -43.513  -36.732 0.4000000060
42810  -46.609  -43.163  -35.132 0.5000000000
44704  -43.309  -41.486  -28.233 0.4000000060
44710  -44.775  -41.420  -29.217 0.4000000060
43765  -44.654  -42.101  -29.118 0.4000000060
44711  -45.279  -41.213  -29.713 0.4000000060
43766  -45.256  -42.074  -29.755 0.4000000060
43814  -46.870  -42.724  -36.001 0.5000000000
45610  -43.750  -40.773  -28.592 0.4000000060
117121  -44.377  -40.892  -28.862 0.4000000060
43811  -47.146  -42.423  -35.178 0.4000000060
45609  -42.948  -40.650  -28.493 0.4000000060
45615  -44.211  -40.202  -29.004 0.4000000060
45616  -44.840  -39.838  -29.460 0.4000000060
43812  -47.422  -41.802  -35.209 0.5000000000
46469  -42.676  -39.335  -29.834 0.4000000060
45613  -42.645  -40.029  -29.177 0.4000000060
46459  -43.403  -39.476  -29.359 0.4000000060
126743  -43.838  -39.806  -29.081 0.4000000060
46471  -44.647  -39.050  -29.693 0.4000000060
47411  -45.257  -38.656  -30.263 0.5000000000
39629  -42.794  -47.059  -35.413 0.5000000000
39634  -43.785  -45.987  -36.089 0.5000000000
39638  -45.361  -46.025  -37.125 0.4000000060
31244  -39.989  -55.031  -35.175 0.8000000119
31237  -40.270  -54.634  -34.096 0.8000000119
32296  -44.228  -53.392  -32.648 0.5000000000
33387  -40.539  -52.458  -31.846 0.6999999881
108856  -44.391  -52.901  -32.126 0.5000000000
110091  -40.693  -52.103  -30.470 0.6999999881
35559  -43.867  -50.478  -32.251 0.4000000060
34493  -43.937  -51.381  -31.904 0.4000000060
34473  -40.673  -51.373  -30.284 0.6999999881
113647  -40.610  -50.622  -27.715 0.6999999881
35545  -44.294  -50.629  -31.390 0.4000000060
122787  -45.070  -49.102  -31.506 0.4000000060
35495  -39.479  -50.837  -26.184 0.6000000238
37590  -47.420  -48.276  -32.626 0.4000000060
118329  -37.362  -49.989  -26.377 0.6000000238
36501  -37.797  -49.282  -26.382 0.5000000000
37523  -38.177  -48.571  -26.420 0.5000000000
38584  -38.495  -47.824  -26.452 0.5000000000
114998  -38.783  -47.085  -26.495 0.4000000060
41653  -39.850  -44.954  -26.611 0.4000000060
41652  -39.007  -44.986  -26.746 0.4000000060
41662  -41.110  -44.184  -26.757 0.4000000060
41661  -40.242  -44.202  -26.696 0.4000000060
43748  -41.822  -42.807  -27.466 0.4000000060
43756  -42.275  -42.126  -27.777 0.4000000060
44702  -41.687  -41.213  -28.515 0.4000000060
45608  -42.107  -40.689  -28.740 0.4000000060
118117  -42.226  -39.409  -30.559 0.4000000060
125164  -40.625  -55.293  -35.144 0.8000000119
33402  -39.964  -53.642  -36.105 0.8000000119
32293  -40.316  -53.745  -33.479 0.6999999881
35569  -43.095  -50.663  -33.972 0.6000000238
35585  -42.988  -50.825  -36.273 0.6999999881
34517  -41.173  -51.881  -36.488 0.6999999881
37613  -44.765  -49.311  -35.224 0.6000000238
35591  -42.873  -50.700  -36.749 0.6000000238
35590  -41.922  -51.211  -36.674 0.6000000238
36525  -41.131  -49.835  -29.695 0.6999999881
36589  -44.320  -49.915  -35.994 0.5000000000
36568  -45.230  -48.702  -32.335 0.5000000000
37587  -45.033  -48.651  -33.161 0.5000000000
38667  -43.101  -47.418  -36.687 0.5000000000
38659  -43.080  -47.116  -33.822 0.5000000000
39636  -43.474  -46.642  -36.362 0.5000000000
39626  -43.573  -46.625  -33.946 0.4000000060
40650  -45.075  -44.849  -35.048 0.4000000060
40635  -44.945  -45.270  -32.981 0.4000000060
42742  -41.463  -43.459  -27.141 0.4000000060
41728  -46.152  -43.836  -34.564 0.4000000060
22454  -43.681  -63.642  -33.711 0.4000000060
22455  -44.511  -63.266  -33.661 0.4000000060
23574  -45.216  -62.871  -33.233 0.4000000060
115281  -46.212  -62.511  -33.290 0.4000000060
23567  -45.088  -62.740  -32.178 0.4000000060
23575  -45.882  -62.347  -32.509 0.4000000060
116190  -46.459  -61.654  -31.958 0.4000000060
24654  -46.833  -60.734  -31.697 0.4000000060
25642  -47.450  -60.332  -32.415 0.5000000000
109483  -45.006  -62.520  -31.179 0.4000000060
23568  -45.682  -62.109  -31.630 0.4000000060
117742  -46.258  -60.332  -31.059 0.5000000000
122718  -46.942  -60.056  -31.695 0.5000000000
26584  -46.401  -59.005  -32.498 0.6000000238
110492  -44.407  -62.856  -30.802 0.4000000060
23559  -45.443  -61.776  -30.766 0.4000000060
25629  -45.610  -60.388  -30.539 0.4000000060
26585  -47.116  -59.649  -32.304 0.5000000000
120297  -44.274  -51.961  -31.509 0.3000000119
34483  -44.393  -51.420  -31.128 0.4000000060
37558  -45.959  -48.834  -31.006 0.3000000119
26594  -47.074  -59.229  -33.453 0.5000000000
31239  -44.889  -54.007  -32.640 0.5000000000
33388  -44.445  -52.556  -31.475 0.4000000060
24637  -43.937  -61.358  -29.124 0.4000000060
26561  -45.763  -59.803  -30.759 0.5000000000
26572  -46.375  -59.518  -31.515 0.5000000000
23548  -44.476  -61.684  -29.532 0.4000000060
24638  -45.136  -61.370  -30.038 0.4000000060
27571  -45.394  -58.421  -34.243 0.6000000238
27581  -45.479  -58.359  -35.553 0.6000000238
27587  -44.738  -58.076  -36.128 0.6999999881
27588  -45.693  -58.089  -36.285 0.6999999881
29419  -45.651  -56.626  -35.991 0.6999999881
31248  -44.820  -54.592  -33.431 0.6999999881
28557  -44.990  -57.330  -36.548 0.6999999881
29418  -44.674  -56.571  -35.889 0.6999999881
107104  -45.011  -59.405  -30.727 0.5000000000
128543  -45.067  -58.638  -32.198 0.6000000238
27557  -45.360  -58.602  -32.932 0.6000000238
27570  -44.397  -58.391  -33.913 0.6000000238
25622  -43.837  -60.588  -29.311 0.4000000060
26560  -44.294  -59.683  -30.282 0.5000000000
27542  -44.822  -58.807  -31.555 0.6000000238
27586  -43.724  -58.055  -35.959 0.6000000238
28555  -43.364  -57.556  -36.116 0.6000000238
109662  -47.260  -48.395  -31.868 0.3000000119
27580  -44.446  -58.314  -35.264 0.6000000238
29424  -44.109  -57.134  -36.370 0.6999999881
32303  -43.976  -54.006  -33.140 0.6000000238
33393  -43.651  -52.694  -32.805 0.5000000000
26547  -42.672  -59.465  -29.537 0.6000000238
26558  -42.984  -59.260  -30.159 0.6000000238
27527  -42.910  -58.876  -30.833 0.6999999881
27541  -43.730  -58.685  -31.780 0.6000000238
27555  -43.062  -58.484  -32.818 0.6000000238
28550  -42.803  -57.843  -35.640 0.6000000238
26548  -43.538  -59.829  -29.772 0.5000000000
26570  -44.107  -59.101  -30.956 0.6000000238
28554  -42.503  -57.335  -35.792 0.6000000238
29423  -43.115  -57.191  -36.035 0.6999999881
30324  -43.062  -56.121  -34.787 0.6999999881
29417  -43.543  -56.703  -35.740 0.6999999881
31247  -43.645  -54.628  -33.683 0.6999999881
27526  -42.450  -58.777  -30.197 0.6000000238
27539  -42.366  -58.369  -31.270 0.6999999881
27553  -41.948  -57.989  -32.015 0.6999999881
27540  -42.927  -58.606  -31.707 0.6999999881
27568  -42.242  -58.113  -33.587 0.6000000238
31246  -42.476  -54.326  -33.858 0.5000000000
28553  -41.751  -57.032  -35.521 0.6999999881
29416  -42.348  -56.814  -35.633 0.6999999881
118040  -41.404  -56.340  -32.303 0.6999999881
30316  -40.637  -55.618  -34.433 0.6999999881
28527  -41.644  -57.465  -31.708 0.6999999881
29406  -41.257  -56.952  -33.093 0.6000000238
29412  -41.038  -56.841  -34.220 0.5000000000
27567  -41.898  -57.972  -32.873 0.6999999881
28541  -41.525  -57.574  -33.707 0.6000000238
124032  -41.262  -56.583  -35.053 0.6999999881
31252  -41.403  -55.384  -34.846 0.5000000000
28549  -42.043  -57.539  -35.329 0.6000000238
30323  -41.759  -56.175  -35.050 0.6999999881
30317  -42.707  -55.320  -34.280 0.6000000238
31238  -40.745  -55.112  -33.349 0.6999999881
31245  -40.318  -55.179  -34.535 0.6999999881
32294  -40.638  -54.201  -32.699 0.6999999881
30315  -40.391  -55.318  -35.109 0.6999999881
112833  -44.679  -53.488  -32.136 0.5000000000
30322  -40.951  -55.744  -35.001 0.6000000238
124224  -44.183  -62.328  -29.566 0.4000000060
25628  -45.055  -60.173  -30.222 0.4000000060
25623  -44.671  -60.890  -29.665 0.4000000060
116244  -44.973  -55.408  -34.050 0.6999999881
30325  -44.296  -56.094  -34.742 0.6999999881
27556  -44.270  -58.544  -32.657 0.6000000238
27569  -42.868  -58.319  -33.943 0.6000000238
26559  -43.514  -59.290  -30.505 0.6999999881
129979  -43.390  -58.893  -31.143 0.6000000238
28534  -41.607  -57.550  -32.600 0.6999999881
28548  -41.471  -57.227  -34.859 0.6000000238
116145  -40.993  -56.087  -33.471 0.6000000238
27538  -41.844  -57.965  -31.143 0.5000000000
118181  -42.662  -60.466  -28.326 0.4000000060
27508  -42.075  -58.972  -29.327 0.5000000000
107980  -41.646  -57.257  -30.854 0.6000000238
26521  -41.862  -59.493  -27.932 0.5000000000
26536  -42.249  -59.679  -28.703 0.5000000000
108818  -41.730  -58.321  -29.026 0.5000000000
108453  -41.658  -57.056  -29.987 0.5000000000
29389  -41.574  -56.238  -29.502 0.5000000000
27518  -41.940  -58.356  -29.848 0.5000000000
109039  -41.531  -56.722  -31.475 0.6000000238
110046  -41.481  -55.876  -31.391 0.5000000000
29396  -41.565  -56.321  -30.519 0.5000000000
31224  -41.309  -54.431  -30.889 0.6999999881
31219  -41.418  -54.658  -30.071 0.6000000238
32281  -41.097  -53.473  -30.684 0.6000000238
25597  -41.804  -60.759  -26.905 0.5000000000
111372  -41.574  -58.866  -27.570 0.5000000000
27492  -41.604  -58.199  -28.123 0.5000000000
29381  -41.529  -56.547  -28.453 0.5000000000
28505  -41.596  -57.519  -28.670 0.5000000000
31230  -41.070  -54.687  -31.983 0.6000000238
117427  -41.493  -55.276  -29.542 0.6000000238
120274  -41.314  -54.034  -30.129 0.5000000000
115742  -40.778  -52.702  -31.083 0.6000000238
124573  -41.264  -59.103  -26.774 0.5000000000
125150  -41.473  -58.135  -27.238 0.5000000000
118530  -41.376  -56.836  -26.905 0.5000000000
28493  -41.509  -57.303  -27.642 0.5000000000
117596  -41.478  -54.964  -28.606 0.5000000000
32288  -40.984  -53.860  -31.569 0.6000000238
31212  -41.411  -54.258  -29.314 0.5000000000
32274  -41.229  -53.409  -29.725 0.6000000238
119345  -40.648  -59.891  -25.989 0.5000000000
27478  -41.072  -58.314  -26.489 0.5000000000
28475  -40.712  -57.576  -25.995 0.5000000000
119216  -40.414  -56.045  -25.741 0.5000000000
30252  -39.755  -55.359  -25.520 0.6000000238
119555  -40.997  -55.890  -26.298 0.4000000060
31177  -39.398  -54.462  -25.474 0.4000000060
30253  -40.631  -55.283  -25.914 0.5000000000
31195  -41.286  -54.643  -26.925 0.5000000000
120392  -41.367  -55.777  -26.996 0.4000000060
110788  -39.158  -53.655  -25.488 0.4000000060
32231  -39.689  -53.195  -25.743 0.5000000000
32246  -41.046  -53.946  -26.583 0.5000000000
32230  -38.353  -53.438  -25.585 0.4000000060
32259  -41.428  -53.330  -27.910 0.6000000238
32267  -41.406  -53.380  -28.817 0.6000000238
107309  -40.832  -51.968  -29.710 0.6000000238
34462  -40.792  -51.125  -29.322 0.6000000238
111251  -40.579  -54.018  -25.989 0.5000000000
33338  -38.999  -52.823  -25.628 0.5000000000
33350  -40.312  -52.333  -26.420 0.5000000000
32245  -40.496  -53.177  -26.214 0.5000000000
34423  -37.725  -52.279  -25.927 0.4000000060
34424  -38.522  -52.151  -25.738 0.5000000000
33360  -40.869  -52.495  -26.914 0.6000000238
33361  -41.218  -52.702  -27.574 0.6000000238
33367  -40.984  -51.917  -27.723 0.6000000238
34434  -39.801  -51.723  -26.227 0.5000000000
35492  -36.942  -50.777  -26.686 0.3000000119
34432  -37.414  -51.508  -26.251 0.4000000060
35488  -38.102  -51.460  -25.815 0.5000000000
34443  -40.610  -51.151  -27.375 0.5000000000
34453  -40.760  -51.087  -28.324 0.6000000238
39558  -38.303  -46.580  -26.678 0.3000000119
38595  -37.244  -47.375  -27.087 0.3000000119
38583  -37.680  -47.956  -26.681 0.4000000060
37522  -37.411  -48.687  -26.709 0.4000000060
41659  -38.514  -44.436  -27.254 0.3000000119
42741  -40.532  -43.353  -27.032 0.3000000119
42740  -39.673  -43.023  -27.581 0.3000000119
124868  -41.106  -42.834  -27.318 0.3000000119
43755  -41.240  -42.152  -27.737 0.3000000119
44701  -40.960  -41.564  -28.567 0.3000000119
44708  -40.556  -41.479  -29.583 0.3000000119
45623  -41.747  -40.511  -29.768 0.3000000119
35493  -37.718  -50.717  -26.050 0.5000000000
40581  -38.296  -45.205  -27.029 0.3000000119
30309  -41.254  -55.509  -32.283 0.5000000000
26535  -41.777  -58.965  -28.497 0.5000000000
31205  -41.453  -54.776  -27.724 0.5000000000
33368  -41.302  -52.613  -28.351 0.6000000238
30326  -45.522  -55.974  -34.822 0.6000000238
30319  -45.764  -55.201  -33.623 0.6000000238
118866  -44.508  -52.061  -29.134 0.3000000119
117142  -44.386  -52.976  -30.005 0.3000000119
33382  -44.498  -52.786  -30.739 0.3000000119
126217  -44.472  -51.562  -30.405 0.3000000119
30320  -46.319  -55.792  -34.269 0.6000000238
31249  -45.538  -54.470  -33.005 0.5000000000
34454  -44.713  -51.643  -28.605 0.3000000119
34463  -44.564  -51.314  -29.558 0.3000000119
34474  -44.427  -52.210  -29.991 0.3000000119
35532  -44.539  -50.840  -30.477 0.3000000119
31225  -44.884  -54.094  -30.989 0.3000000119
31231  -45.075  -53.918  -31.870 0.3000000119
31240  -45.520  -54.394  -32.358 0.4000000060
25616  -43.307  -60.958  -28.693 0.4000000060
33370  -44.877  -52.104  -27.846 0.3000000119
35512  -44.908  -50.800  -28.856 0.3000000119
36528  -45.669  -49.426  -29.559 0.3000000119
36527  -45.083  -49.763  -29.876 0.3000000119
23587  -47.807  -62.063  -33.798 0.5000000000
24672  -48.566  -60.873  -34.451 0.5000000000
22456  -45.001  -63.124  -34.039 0.4000000060
23585  -45.786  -62.962  -34.006 0.4000000060
23593  -46.945  -62.774  -33.985 0.4000000060
129068  -47.625  -62.584  -34.319 0.5000000000
26603  -48.007  -59.418  -35.562 0.5000000000
26595  -48.423  -60.170  -34.844 0.5000000000
24671  -48.150  -61.189  -33.542 0.5000000000
24670  -47.549  -61.533  -33.013 0.4000000060
28558  -47.623  -57.637  -36.363 0.6000000238
27595  -46.867  -57.724  -36.513 0.6000000238
27583  -47.337  -58.701  -36.148 0.5000000000
24661  -47.269  -61.155  -32.341 0.3000000119
126657  -47.811  -60.885  -32.854 0.4000000060
118583  -47.895  -59.707  -34.082 0.5000000000
29421  -47.538  -56.453  -34.941 0.6000000238
27594  -46.290  -57.658  -36.498 0.6000000238
27582  -46.435  -58.532  -35.870 0.6000000238
26602  -47.226  -59.089  -35.018 0.5000000000
29413  -46.973  -56.090  -34.209 0.6000000238
31226  -45.138  -54.934  -30.519 0.3000000119
30304  -45.895  -54.966  -31.990 0.4000000060
29426  -46.420  -56.926  -36.237 0.6000000238
27572  -46.349  -58.660  -34.560 0.4000000060
31220  -44.621  -54.262  -30.027 0.3000000119
32275  -44.462  -53.540  -29.543 0.3000000119
31232  -45.388  -54.551  -31.511 0.3000000119
30310  -46.043  -54.846  -32.861 0.5000000000
28560  -45.737  -57.472  -36.518 0.6000000238
29420  -46.571  -56.303  -35.259 0.6000000238
28562  -46.902  -57.361  -36.405 0.6000000238
120518  -45.636  -55.173  -31.211 0.3000000119
29414  -47.697  -56.380  -33.947 0.5000000000
124805  -47.710  -56.541  -33.184 0.4000000060
29407  -47.123  -56.219  -33.334 0.5000000000
118774  -48.267  -56.794  -33.531 0.5000000000
28551  -48.792  -57.322  -35.136 0.5000000000
28535  -48.031  -56.975  -32.699 0.4000000060
28528  -47.725  -57.261  -31.894 0.4000000060
29408  -47.274  -56.611  -32.470 0.4000000060
30311  -46.509  -55.615  -33.404 0.5000000000
110433  -48.225  -58.322  -36.345 0.5000000000
28559  -48.494  -57.753  -36.024 0.5000000000
121382  -46.750  -56.073  -32.731 0.4000000060
19546  -45.885  -66.463  -36.537 0.3000000119
20460  -45.363  -66.155  -35.431 0.3000000119
20462  -47.378  -65.968  -35.934 0.3000000119
20463  -48.226  -66.119  -36.250 0.3000000119
20456  -48.769  -65.691  -35.395 0.4000000060
20470  -47.064  -66.537  -36.843 0.3000000119
110762  -47.321  -66.915  -37.729 0.3000000119
20448  -49.338  -65.421  -34.587 0.4000000060
20464  -48.766  -65.825  -36.315 0.4000000060
19547  -48.440  -66.273  -36.885 0.3000000119
20482  -48.044  -66.143  -38.025 0.3000000119
21437  -50.339  -64.515  -34.156 0.4000000060
21442  -50.200  -64.412  -35.047 0.4000000060
20465  -49.079  -65.330  -36.529 0.4000000060
20483  -48.489  -65.960  -37.495 0.4000000060
21472  -47.910  -65.290  -37.963 0.4000000060
21473  -48.463  -65.461  -37.572 0.4000000060
24674  -51.729  -61.948  -33.103 0.3000000119
22470  -50.626  -63.833  -34.398 0.4000000060
22471  -50.755  -63.111  -34.649 0.4000000060
22484  -50.337  -63.553  -35.294 0.4000000060
22483  -49.763  -63.200  -35.917 0.4000000060
22495  -48.850  -64.200  -36.856 0.4000000060
21460  -48.414  -64.726  -37.442 0.4000000060
26586  -51.943  -59.515  -32.767 0.3000000119
24684  -50.970  -61.935  -34.187 0.4000000060
24683  -50.541  -61.561  -35.006 0.4000000060
23596  -50.686  -62.404  -34.814 0.4000000060
23600  -49.980  -62.364  -35.774 0.4000000060
25662  -50.049  -60.889  -35.525 0.4000000060
23599  -49.346  -62.733  -35.984 0.4000000060
24685  -49.637  -61.658  -35.735 0.4000000060
22482  -48.781  -63.557  -36.358 0.4000000060
22494  -48.226  -64.164  -36.904 0.4000000060
26606  -51.101  -60.122  -34.143 0.4000000060
25659  -50.537  -60.533  -34.867 0.4000000060
24682  -49.491  -60.724  -35.699 0.4000000060
23595  -48.883  -62.051  -35.410 0.4000000060
22481  -47.877  -63.579  -36.105 0.4000000060
23598  -48.482  -62.879  -35.678 0.4000000060
22493  -47.286  -64.130  -36.710 0.4000000060
26605  -50.518  -59.615  -34.704 0.4000000060
26610  -50.074  -59.928  -35.490 0.4000000060
25661  -49.240  -59.906  -36.037 0.4000000060
24681  -49.022  -61.243  -35.302 0.4000000060
23594  -48.155  -62.374  -34.722 0.4000000060
24680  -48.446  -61.594  -34.480 0.4000000060
27585  -50.006  -59.106  -35.354 0.4000000060
26608  -48.877  -59.016  -36.227 0.4000000060
26604  -48.675  -59.635  -35.976 0.4000000060
28543  -48.870  -57.210  -34.030 0.4000000060
27591  -49.389  -58.693  -35.842 0.4000000060
125190  -48.828  -58.353  -36.146 0.4000000060
28529  -48.358  -57.470  -32.233 0.3000000119
29403  -47.071  -56.871  -31.484 0.3000000119
25658  -48.927  -60.474  -35.561 0.4000000060
120096  -46.524  -56.449  -31.057 0.3000000119
21441  -49.917  -65.104  -34.829 0.4000000060
21447  -49.635  -64.861  -35.718 0.4000000060
123724  -49.764  -63.998  -35.807 0.4000000060
22496  -49.272  -64.365  -36.424 0.4000000060
24673  -51.407  -61.494  -33.580 0.4000000060
118802  -51.297  -62.214  -33.611 0.4000000060
26598  -52.161  -60.176  -32.973 0.3000000119
122738  -50.374  -62.781  -35.431 0.4000000060
27561  -51.355  -59.065  -33.175 0.3000000119
25650  -51.580  -60.595  -33.550 0.4000000060
25660  -51.023  -61.056  -34.214 0.4000000060
27574  -50.418  -58.808  -34.435 0.4000000060
26609  -49.539  -59.442  -35.917 0.4000000060
28544  -49.401  -57.730  -34.547 0.4000000060
119909  -51.244  -63.624  -32.908 0.3000000119
21420  -49.714  -64.646  -32.992 0.3000000119
21435  -49.029  -65.041  -33.592 0.3000000119
21421  -50.419  -64.498  -33.317 0.3000000119
22457  -50.808  -64.004  -33.553 0.3000000119
20447  -48.501  -65.366  -34.413 0.3000000119
21436  -49.915  -65.067  -33.875 0.3000000119
127991  -51.387  -63.238  -33.143 0.3000000119
22458  -51.073  -63.346  -33.709 0.3000000119
23588  -51.458  -62.756  -33.285 0.3000000119
122375  -50.728  -58.650  -33.541 0.3000000119
128668  -50.436  -58.305  -33.182 0.3000000119
110545  -49.378  -57.708  -33.464 0.3000000119
28536  -48.734  -57.410  -32.965 0.3000000119
23589  -51.880  -62.389  -32.707 0.3000000119
19553  -47.904  -66.588  -37.179 0.3000000119
19565  -47.683  -66.749  -37.894 0.3000000119
19566  -48.234  -66.370  -37.448 0.4000000060
20457  -49.303  -65.435  -35.571 0.4000000060
20471  -48.680  -65.976  -37.017 0.4000000060
20472  -48.779  -65.571  -37.213 0.4000000060
20490  -47.388  -65.819  -38.417 0.4000000060
21461  -48.938  -64.930  -37.149 0.4000000060
23558  -44.757  -62.246  -30.191 0.4000000060
23576  -46.770  -61.969  -32.667 0.4000000060
23586  -47.061  -62.207  -33.293 0.4000000060
23597  -51.023  -62.671  -34.025 0.4000000060
23601  -50.347  -62.188  -35.390 0.4000000060
24646  -45.652  -60.957  -30.594 0.4000000060
24653  -46.060  -61.252  -31.260 0.5000000000
24662  -48.070  -60.416  -33.462 0.5000000000
24686  -50.125  -61.756  -35.557 0.4000000060
25607  -41.851  -60.029  -27.412 0.5000000000
25621  -43.026  -60.188  -29.057 0.4000000060
25624  -45.255  -60.760  -30.171 0.4000000060
25651  -52.023  -61.053  -33.049 0.3000000119
26510  -40.691  -59.001  -26.044 0.5000000000
26511  -41.599  -59.470  -27.293 0.5000000000
26522  -42.227  -60.028  -27.969 0.5000000000
26571  -45.588  -59.248  -31.227 0.6000000238
26583  -45.676  -58.853  -31.897 0.5000000000
26596  -50.974  -59.306  -33.898 0.4000000060
26597  -51.592  -59.756  -33.444 0.3000000119
26607  -48.142  -58.835  -36.268 0.4000000060
27525  -42.061  -58.299  -30.569 0.6000000238
27554  -42.389  -58.244  -32.389 0.6999999881
27558  -46.170  -58.700  -33.462 0.6000000238
27573  -50.054  -58.169  -33.844 0.3000000119
27578  -42.437  -58.055  -34.733 0.6000000238
27579  -43.365  -58.296  -34.852 0.6000000238
27584  -49.789  -58.373  -35.004 0.4000000060
27589  -46.577  -58.071  -36.419 0.6000000238
27590  -47.465  -58.194  -36.424 0.6000000238
27592  -45.208  -57.704  -36.416 0.6999999881
27593  -45.894  -57.772  -36.463 0.6000000238
28476  -41.258  -57.482  -26.699 0.5000000000
28512  -41.692  -57.696  -29.525 0.5000000000
28519  -41.785  -57.824  -30.330 0.5000000000
28537  -49.257  -57.777  -32.802 0.3000000119
28542  -41.871  -57.753  -34.509 0.6000000238
28552  -49.166  -57.984  -35.558 0.4000000060
28556  -44.309  -57.640  -36.347 0.6999999881
28561  -46.327  -57.389  -36.484 0.6000000238
29349  -40.161  -56.900  -25.561 0.5000000000
29359  -40.928  -56.714  -26.207 0.5000000000
29360  -41.273  -56.315  -26.738 0.4000000060
29375  -41.441  -56.399  -27.440 0.5000000000
29402  -46.620  -56.255  -31.940 0.4000000060
29422  -48.280  -56.748  -34.543 0.5000000000
29425  -45.684  -57.099  -36.480 0.6000000238
29427  -47.231  -56.900  -35.895 0.6000000238
29428  -48.066  -57.039  -35.584 0.5000000000
30265  -41.138  -55.238  -26.559 0.5000000000
30266  -41.377  -55.220  -27.215 0.5000000000
30280  -41.457  -55.635  -27.898 0.5000000000
30287  -41.515  -55.734  -28.798 0.6000000238
30297  -41.468  -55.343  -30.526 0.6999999881
30303  -41.351  -55.147  -31.382 0.5000000000
30305  -46.347  -55.531  -32.419 0.4000000060
30318  -43.958  -55.359  -34.038 0.6999999881
31176  -38.522  -54.249  -25.520 0.4000000060
31178  -40.236  -54.589  -25.723 0.5000000000
31194  -40.877  -54.616  -26.222 0.5000000000
31251  -40.248  -55.042  -35.315 0.8000000119
32232  -39.959  -53.835  -25.674 0.5000000000
32258  -41.219  -53.246  -27.040 0.6000000238
32282  -44.557  -53.515  -30.471 0.3000000119
32287  -40.599  -53.270  -32.055 0.6000000238
32289  -44.669  -53.318  -31.411 0.3000000119
33337  -38.213  -52.764  -25.676 0.4000000060
33349  -39.783  -52.547  -25.961 0.5000000000
33369  -44.562  -52.467  -28.434 0.3000000119
33374  -41.033  -51.868  -28.794 0.6000000238
33375  -41.185  -52.637  -29.263 0.6000000238
33376  -44.443  -52.773  -29.245 0.3000000119
33381  -40.898  -52.718  -30.141 0.6000000238
33394  -44.070  -52.219  -32.080 0.4000000060
33397  -39.948  -53.375  -34.378 0.6999999881
33398  -41.715  -53.092  -34.292 0.5000000000
33407  -40.711  -52.301  -36.397 0.6000000238
34425  -39.232  -52.133  -25.831 0.5000000000
34433  -38.952  -51.488  -25.842 0.5000000000
34435  -40.523  -51.754  -26.835 0.5000000000
34455  -45.188  -51.323  -28.121 0.3000000119
34514  -40.957  -52.437  -36.393 0.6999999881
34515  -41.525  -51.978  -36.369 0.8000000119
34516  -40.718  -51.711  -36.421 0.6000000238
35494  -38.593  -50.722  -25.900 0.5000000000
35503  -40.498  -50.032  -27.456 0.6000000238
35511  -40.753  -50.255  -28.333 0.6999999881
35520  -40.926  -50.355  -29.181 0.6999999881
35521  -44.787  -50.383  -29.730 0.3000000119
35522  -45.220  -50.008  -29.116 0.3000000119
35575  -40.488  -50.895  -35.798 0.6000000238
35576  -40.811  -50.232  -35.794 0.6000000238
36500  -37.068  -49.348  -26.743 0.4000000060
36504  -40.299  -49.287  -27.075 0.6000000238
36565  -41.383  -49.339  -33.229 0.5000000000
36579  -41.350  -49.426  -34.135 0.6999999881
36616  -42.995  -49.661  -37.254 0.5000000000
36620  -46.919  -49.511  -37.226 0.4000000060
36621  -48.022  -49.991  -37.699 0.3000000119
37521  -36.881  -48.832  -27.066 0.4000000060
37524  -39.105  -48.493  -26.382 0.5000000000
37556  -41.863  -48.714  -30.527 0.6000000238
37573  -45.822  -48.541  -31.864 0.4000000060
37574  -46.634  -48.496  -31.464 0.3000000119
37588  -45.791  -48.321  -32.758 0.4000000060
37589  -46.577  -48.310  -32.278 0.4000000060
37624  -45.074  -49.502  -36.281 0.5000000000
37631  -42.274  -48.785  -36.795 0.5000000000
37640  -46.253  -49.086  -37.263 0.4000000060
37643  -48.291  -50.007  -37.847 0.3000000119
38604  -42.164  -47.187  -28.845 0.5000000000
38611  -41.957  -47.869  -29.235 0.6000000238
38649  -43.167  -47.284  -32.869 0.5000000000
38664  -42.826  -47.081  -36.077 0.5000000000
38666  -42.452  -47.801  -36.441 0.5000000000
39559  -39.027  -46.304  -26.591 0.4000000060
39569  -41.438  -46.402  -27.476 0.5000000000
39614  -43.604  -46.840  -32.462 0.4000000060
39615  -44.440  -45.915  -32.995 0.4000000060
40569  -38.242  -45.941  -26.840 0.3000000119
40570  -38.803  -45.610  -26.734 0.4000000060
40571  -39.492  -45.645  -26.625 0.4000000060
40584  -42.238  -45.253  -27.712 0.5000000000
40604  -43.840  -45.497  -29.568 0.4000000060
40621  -44.466  -45.314  -30.762 0.4000000060
40655  -46.253  -45.580  -37.240 0.4000000060
40662  -45.647  -44.436  -37.167 0.4000000060
41660  -39.317  -44.249  -26.879 0.4000000060
41672  -43.320  -44.243  -28.384 0.4000000060
41698  -44.740  -44.537  -30.387 0.4000000060
42743  -42.242  -43.518  -27.486 0.4000000060
42795  -46.065  -43.747  -32.670 0.4000000060
42817  -45.951  -43.913  -37.021 0.4000000060
43747  -40.440  -42.579  -27.608 0.3000000119
43754  -40.437  -42.032  -28.174 0.3000000119
43757  -43.256  -42.458  -27.991 0.4000000060
43815  -47.341  -42.065  -35.951 0.5000000000
44703  -42.407  -41.334  -28.185 0.4000000060
44705  -44.166  -41.582  -28.601 0.4000000060
44709  -41.278  -41.049  -29.318 0.3000000119
45614  -43.490  -40.118  -28.865 0.4000000060
45624  -42.050  -39.993  -30.253 0.4000000060
46460  -44.144  -39.506  -29.321 0.4000000060
46470  -43.163  -38.834  -29.835 0.4000000060
47400  -43.828  -38.857  -29.710 0.4000000060
108434  -46.993  -42.720  -34.457 0.4000000060
109603  -41.478  -54.119  -28.302 0.5000000000
110822  -39.692  -43.624  -27.061 0.3000000119
111054  -44.470  -52.094  -30.896 0.3000000119
111517  -44.865  -40.651  -29.349 0.4000000060
111924  -38.210  -49.959  -26.057 0.6000000238
114388  -47.634  -59.835  -33.001 0.4000000060
114540  -40.174  -51.025  -26.698 0.6000000238
114890  -43.551  -58.430  -33.633 0.6000000238
115291  -39.623  -47.002  -26.575 0.5000000000
115735  -37.190  -52.159  -26.410 0.4000000060
116047  -41.702  -41.633  -28.085 0.4000000060
116591  -41.398  -54.015  -27.397 0.6000000238
116659  -45.009  -56.928  -36.452 0.6999999881
116780  -40.527  -51.273  -32.744 0.6999999881
117007  -46.283  -42.975  -32.312 0.4000000060
117138  -45.440  -45.014  -37.261 0.4000000060
117294  -37.966  -47.186  -26.640 0.3000000119
117977  -40.878  -56.201  -34.559 0.5000000000
118091  -41.471  -57.031  -32.216 0.6999999881
118275  -41.299  -59.928  -26.737 0.5000000000
118925  -45.725  -44.504  -34.170 0.4000000060
119004  -44.345  -60.244  -29.791 0.5000000000
120143  -49.222  -63.610  -36.321 0.4000000060
122481  -49.666  -60.128  -35.763 0.4000000060
122872  -40.591  -51.185  -31.792 0.6999999881
123051  -41.602  -57.008  -29.221 0.5000000000
123590  -44.254  -48.851  -37.367 0.5000000000
125449  -44.070  -44.841  -29.426 0.4000000060
125866  -47.600  -49.779  -37.431 0.3000000119
126984  -47.745  -66.396  -36.594 0.3000000119
127000  -42.833  -41.826  -27.966 0.4000000060
127328  -41.542  -55.785  -30.012 0.5000000000
127515  -40.961  -59.484  -26.392 0.5000000000
127936  -41.418  -58.613  -26.993 0.5000000000
128307  -40.892  -53.300  -31.315 0.6999999881
129257  -49.432  -63.744  -36.162 0.4000000060
129743  -39.719  -53.942  -35.513 0.8000000119
129882  -41.674  -56.735  -35.389 0.6999999881
