#!ascii label  , from subject sub-005 vox2ras=TkReg
878
49390  -31.437  -42.390  29.697 0.0000000000
45317  -17.164  -45.335  35.958 0.0000000000
112317  -24.069  -42.374  32.332 0.0000000000
63956  -41.121  -25.998  12.240 0.0000000000
64954  -47.660  -25.656  7.752 0.0000000000
47281  -12.764  -43.339  41.533 0.0000000000
62153  -37.141  -27.944  14.531 0.0000000000
51378  -33.029  -39.614  28.029 0.0000000000
107039  -27.852  -43.871  31.489 0.0000000000
47317  -14.578  -43.990  37.590 0.0000000000
127124  -14.855  -47.651  41.585 0.0000000000
48474  -27.141  -42.765  27.009 0.0000000000
50420  -28.364  -40.776  25.325 0.0000000000
47370  -21.187  -43.421  33.258 0.0000000000
50381  -23.909  -40.376  28.835 0.0000000000
54411  -35.038  -36.859  15.855 0.0000000000
118746  -37.994  -33.497  14.499 0.0000000000
60266  -40.908  -30.664  13.075 0.0000000000
43360  -8.861  -47.016  45.282 0.0000000000
46141  -6.194  -44.616  48.148 0.0000000000
53364  -28.505  -37.549  24.122 0.0000000000
54345  -29.262  -36.558  21.448 0.0000000000
52492  -31.223  -39.039  18.540 0.0000000000
42475  -11.541  -48.499  42.806 0.0000000000
45283  -17.719  -45.518  38.330 0.0000000000
45302  -19.369  -45.364  37.040 0.0000000000
47421  -29.380  -43.723  30.006 0.0000000000
48335  -17.061  -42.340  36.499 0.0000000000
46325  -15.539  -44.460  36.790 0.0000000000
44380  -15.509  -46.052  38.681 0.0000000000
50384  -27.813  -41.078  29.479 0.0000000000
124416  -25.783  -42.358  27.739 0.0000000000
56332  -33.930  -34.068  15.376 0.0000000000
55301  -36.838  -35.496  15.234 0.0000000000
118876  -35.663  -32.898  14.746 0.0000000000
61225  -38.906  -29.743  12.869 0.0000000000
113294  -40.911  -28.514  12.002 0.0000000000
60285  -43.199  -30.359  12.750 0.0000000000
62181  -42.786  -27.647  11.024 0.0000000000
62183  -44.284  -28.217  10.180 0.0000000000
53331  -27.339  -37.413  26.897 0.0000000000
51413  -28.310  -39.210  24.645 0.0000000000
53349  -26.406  -37.153  25.407 0.0000000000
55230  -26.905  -34.892  21.596 0.0000000000
55256  -28.233  -35.467  19.746 0.0000000000
53416  -30.032  -38.104  20.386 0.0000000000
54396  -29.520  -36.130  18.169 0.0000000000
55277  -30.775  -35.679  17.374 0.0000000000
48383  -22.407  -42.441  33.222 0.0000000000
45225  -10.719  -45.399  43.684 0.0000000000
44353  -11.811  -46.279  41.606 0.0000000000
45169  -5.885  -45.678  50.476 0.0000000000
46110  -4.498  -44.804  52.310 0.0000000000
61208  -35.695  -29.743  15.949 0.0000000000
52367  -33.076  -38.120  27.075 0.0000000000
47385  -25.648  -43.466  32.330 0.0000000000
47302  -13.262  -43.539  39.682 0.0000000000
44361  -12.658  -46.390  40.246 0.0000000000
44371  -14.313  -46.509  39.229 0.0000000000
121988  -49.400  -24.808  7.241 0.0000000000
47455  -29.712  -43.632  28.251 0.0000000000
48494  -30.341  -42.601  26.400 0.0000000000
49443  -28.208  -42.180  26.024 0.0000000000
47350  -17.828  -43.257  34.521 0.0000000000
46348  -19.355  -44.780  33.977 0.0000000000
117208  -19.263  -41.081  33.522 0.0000000000
50328  -20.458  -40.650  32.280 0.0000000000
50342  -21.891  -40.790  31.220 0.0000000000
52331  -22.595  -38.543  29.984 0.0000000000
49373  -23.065  -41.662  30.057 0.0000000000
47434  -25.231  -43.799  29.175 0.0000000000
47436  -27.023  -44.376  28.846 0.0000000000
51522  -35.718  -39.376  18.444 0.0000000000
60248  -37.033  -30.484  13.861 0.0000000000
58342  -39.959  -32.548  14.046 0.0000000000
63092  -46.241  -28.033  8.838 0.0000000000
45201  -7.747  -45.555  46.684 0.0000000000
114142  -7.051  -47.284  49.175 0.0000000000
49461  -31.198  -41.403  25.707 0.0000000000
52390  -30.616  -38.675  24.910 0.0000000000
54292  -30.928  -36.505  24.921 0.0000000000
55208  -25.901  -35.398  23.723 0.0000000000
54334  -28.389  -36.032  22.945 0.0000000000
53367  -31.446  -36.555  24.218 0.0000000000
52430  -31.622  -38.532  22.150 0.0000000000
108137  -32.923  -40.058  21.395 0.0000000000
51502  -34.283  -39.946  19.352 0.0000000000
53463  -33.235  -38.102  16.828 0.0000000000
128168  -32.463  -35.160  16.078 0.0000000000
45304  -21.154  -44.966  36.634 0.0000000000
123030  -10.206  -44.818  45.080 0.0000000000
120983  -10.037  -47.790  44.644 0.0000000000
42477  -13.125  -48.942  42.255 0.0000000000
46107  -3.368  -44.638  52.081 0.0000000000
111905  -17.762  -45.499  36.647 0.0000000000
107958  -19.005  -45.370  37.736 0.0000000000
45318  -18.682  -45.435  36.205 0.0000000000
48429  -30.840  -42.929  30.159 0.0000000000
48349  -16.949  -43.161  35.706 0.0000000000
48334  -16.444  -43.069  36.316 0.0000000000
45316  -16.555  -45.052  36.123 0.0000000000
45299  -16.329  -45.418  37.300 0.0000000000
117583  -34.186  -32.481  15.765 0.0000000000
57339  -35.019  -33.055  15.104 0.0000000000
59351  -34.950  -31.656  15.281 0.0000000000
63955  -40.319  -26.288  12.455 0.0000000000
63067  -39.404  -27.643  12.378 0.0000000000
63075  -40.841  -26.793  11.837 0.0000000000
112919  -41.651  -28.100  11.613 0.0000000000
128306  -41.968  -26.833  11.405 0.0000000000
63974  -42.508  -26.848  11.066 0.0000000000
53342  -26.673  -37.386  26.059 0.0000000000
57253  -27.684  -33.726  19.812 0.0000000000
55266  -28.450  -35.245  18.962 0.0000000000
57291  -29.046  -33.541  18.609 0.0000000000
56298  -30.196  -34.214  17.847 0.0000000000
48384  -23.180  -42.317  33.288 0.0000000000
48367  -23.809  -42.581  34.448 0.0000000000
48368  -24.458  -42.510  34.443 0.0000000000
46226  -11.553  -44.906  42.605 0.0000000000
46240  -12.000  -44.668  41.360 0.0000000000
63985  -47.387  -26.375  7.604 0.0000000000
45161  -5.426  -45.236  51.318 0.0000000000
51357  -33.949  -40.022  29.911 0.0000000000
51384  -33.212  -38.793  27.726 0.0000000000
47402  -26.332  -43.764  31.578 0.0000000000
47387  -27.575  -43.718  32.415 0.0000000000
48310  -15.290  -42.374  38.164 0.0000000000
108491  -14.595  -42.621  38.799 0.0000000000
123407  -14.245  -42.436  39.617 0.0000000000
47309  -13.481  -43.989  38.918 0.0000000000
46295  -13.120  -44.821  38.898 0.0000000000
45280  -14.216  -45.533  38.110 0.0000000000
45253  -16.970  -45.823  39.838 0.0000000000
44373  -16.052  -46.181  39.542 0.0000000000
47466  -28.477  -43.884  27.073 0.0000000000
47478  -28.981  -43.388  26.560 0.0000000000
48491  -27.876  -42.845  26.478 0.0000000000
50292  -18.689  -40.874  35.192 0.0000000000
113229  -18.754  -41.388  34.346 0.0000000000
50303  -19.174  -40.565  34.460 0.0000000000
51313  -20.470  -39.689  32.471 0.0000000000
51314  -20.819  -39.116  31.750 0.0000000000
50329  -21.287  -40.875  31.801 0.0000000000
51334  -21.320  -39.166  31.023 0.0000000000
51352  -24.317  -39.107  29.980 0.0000000000
51363  -23.361  -39.828  29.259 0.0000000000
50379  -22.709  -40.180  29.545 0.0000000000
48441  -23.349  -41.926  29.118 0.0000000000
48428  -24.166  -42.838  29.988 0.0000000000
48455  -23.766  -42.134  28.682 0.0000000000
48458  -26.164  -42.926  27.409 0.0000000000
47463  -25.993  -43.524  27.728 0.0000000000
120303  -27.162  -44.045  27.604 0.0000000000
47453  -27.892  -44.185  27.665 0.0000000000
52522  -35.211  -38.062  16.637 0.0000000000
52514  -36.585  -38.527  17.575 0.0000000000
53478  -36.351  -37.451  16.419 0.0000000000
56335  -37.329  -34.674  14.947 0.0000000000
55289  -38.090  -35.984  15.973 0.0000000000
62137  -36.635  -28.491  16.081 0.0000000000
60247  -36.410  -30.186  14.371 0.0000000000
61216  -36.883  -28.782  14.171 0.0000000000
60265  -40.109  -30.500  13.039 0.0000000000
60264  -38.795  -30.524  13.258 0.0000000000
59375  -40.369  -31.180  13.399 0.0000000000
58343  -40.901  -32.614  14.347 0.0000000000
62189  -44.946  -28.071  9.655 0.0000000000
63978  -44.863  -26.547  9.269 0.0000000000
63981  -45.617  -26.526  8.784 0.0000000000
45207  -8.945  -45.514  45.391 0.0000000000
46163  -8.063  -44.775  46.749 0.0000000000
44311  -7.985  -46.247  46.217 0.0000000000
43334  -7.961  -48.121  48.023 0.0000000000
43308  -7.258  -47.601  50.036 0.0000000000
49459  -29.097  -41.740  24.921 0.0000000000
49444  -30.825  -42.033  25.936 0.0000000000
49478  -29.763  -41.277  24.584 0.0000000000
52403  -27.802  -38.345  24.504 0.0000000000
51415  -30.000  -39.400  24.505 0.0000000000
52405  -29.775  -38.122  24.505 0.0000000000
123349  -30.654  -37.328  25.008 0.0000000000
53366  -30.129  -37.082  24.440 0.0000000000
57215  -26.170  -33.706  23.443 0.0000000000
55232  -28.002  -35.622  21.538 0.0000000000
55223  -27.742  -35.774  22.367 0.0000000000
108784  -29.461  -36.350  22.298 0.0000000000
54323  -30.061  -36.458  23.661 0.0000000000
54337  -30.877  -36.819  22.917 0.0000000000
53379  -31.443  -37.013  23.326 0.0000000000
53387  -30.613  -37.242  22.161 0.0000000000
52491  -30.506  -38.652  18.964 0.0000000000
52444  -31.383  -39.436  20.863 0.0000000000
51484  -31.510  -39.777  20.026 0.0000000000
51486  -33.083  -40.136  20.443 0.0000000000
51519  -32.672  -39.789  18.824 0.0000000000
52494  -33.059  -39.274  18.066 0.0000000000
52510  -32.549  -38.495  17.474 0.0000000000
125362  -31.346  -34.803  17.252 0.0000000000
55287  -32.140  -35.802  16.321 0.0000000000
56309  -32.085  -34.175  17.096 0.0000000000
46359  -19.817  -44.260  33.371 0.0000000000
45334  -20.143  -45.082  35.579 0.0000000000
46350  -21.121  -44.365  34.400 0.0000000000
43391  -10.670  -47.152  43.297 0.0000000000
44326  -10.263  -46.676  43.864 0.0000000000
42447  -10.683  -48.409  44.258 0.0000000000
43447  -13.563  -47.330  40.469 0.0000000000
43432  -13.090  -47.873  41.097 0.0000000000
42491  -13.579  -48.397  41.688 0.0000000000
45264  -17.596  -45.625  39.191 0.0000000000
107228  -18.945  -45.352  39.040 0.0000000000
45285  -19.380  -45.281  38.443 0.0000000000
115667  -20.538  -45.158  37.849 0.0000000000
47403  -28.732  -43.903  30.630 0.0000000000
121516  -29.002  -43.608  32.308 0.0000000000
49297  -16.766  -41.862  37.391 0.0000000000
48321  -15.450  -42.890  37.356 0.0000000000
46312  -14.896  -44.609  37.297 0.0000000000
45297  -14.686  -45.224  37.561 0.0000000000
45298  -15.402  -45.230  37.261 0.0000000000
121859  -16.828  -45.621  38.076 0.0000000000
49413  -27.187  -41.409  28.083 0.0000000000
49427  -27.573  -41.751  27.318 0.0000000000
50361  -25.528  -40.188  30.015 0.0000000000
50394  -24.433  -41.185  28.565 0.0000000000
49412  -26.111  -41.647  28.172 0.0000000000
114833  -34.000  -35.485  15.483 0.0000000000
54422  -35.484  -36.188  15.470 0.0000000000
113034  -35.095  -34.776  15.152 0.0000000000
56347  -35.629  -33.694  14.857 0.0000000000
57340  -36.470  -33.153  14.531 0.0000000000
62158  -37.489  -28.268  13.599 0.0000000000
63061  -38.705  -27.327  13.050 0.0000000000
62164  -39.443  -28.491  12.424 0.0000000000
60283  -41.416  -30.171  12.578 0.0000000000
60284  -42.281  -30.288  12.594 0.0000000000
61236  -41.933  -29.581  12.166 0.0000000000
61246  -43.293  -29.231  11.562 0.0000000000
62175  -43.770  -28.774  10.904 0.0000000000
62182  -43.435  -27.928  10.596 0.0000000000
63975  -43.620  -26.325  10.330 0.0000000000
121458  -9.535  -47.910  45.424 0.0000000000
43348  -8.562  -47.785  46.614 0.0000000000
42411  -9.172  -48.347  47.218 0.0000000000
52376  -27.729  -38.978  25.912 0.0000000000
51400  -28.250  -39.898  25.012 0.0000000000
52389  -27.393  -38.499  25.174 0.0000000000
53350  -26.790  -37.756  25.298 0.0000000000
53362  -26.514  -37.238  24.653 0.0000000000
57227  -26.418  -33.611  22.405 0.0000000000
57238  -26.754  -33.431  21.455 0.0000000000
55231  -27.529  -34.991  21.038 0.0000000000
55242  -28.145  -35.565  20.627 0.0000000000
53399  -29.688  -37.286  20.875 0.0000000000
54370  -29.058  -36.770  19.546 0.0000000000
53431  -29.483  -37.385  19.017 0.0000000000
53447  -29.748  -37.008  18.314 0.0000000000
53461  -31.301  -37.601  17.552 0.0000000000
55276  -30.002  -35.543  17.719 0.0000000000
48382  -21.505  -42.666  33.018 0.0000000000
46351  -21.871  -44.035  34.698 0.0000000000
47353  -22.583  -43.388  34.552 0.0000000000
45226  -11.170  -45.704  42.926 0.0000000000
43392  -11.208  -47.525  42.557 0.0000000000
45178  -5.782  -45.451  49.526 0.0000000000
46131  -5.915  -44.042  48.884 0.0000000000
45177  -5.371  -44.796  49.773 0.0000000000
46116  -4.921  -44.689  51.325 0.0000000000
47141  -4.216  -44.528  51.845 0.0000000000
54263  -33.298  -37.291  26.541 0.0000000000
114172  -24.437  -42.754  31.687 0.0000000000
48386  -25.297  -43.065  33.310 0.0000000000
107454  -14.129  -42.319  40.971 0.0000000000
110734  -12.969  -43.356  40.560 0.0000000000
112226  -12.302  -44.990  40.465 0.0000000000
46276  -12.657  -44.919  39.566 0.0000000000
44370  -13.616  -46.333  39.338 0.0000000000
43448  -14.326  -47.232  40.299 0.0000000000
44379  -14.660  -46.100  38.654 0.0000000000
44363  -15.032  -46.966  40.130 0.0000000000
44355  -15.587  -47.104  41.707 0.0000000000
64955  -48.272  -25.443  7.447 0.0000000000
48443  -30.858  -42.790  29.265 0.0000000000
48460  -31.304  -42.327  28.792 0.0000000000
47479  -29.807  -43.147  26.862 0.0000000000
48493  -29.495  -42.767  26.113 0.0000000000
116804  -28.402  -41.517  25.667 0.0000000000
49428  -28.274  -41.359  27.047 0.0000000000
50411  -28.425  -40.871  26.322 0.0000000000
51389  -28.242  -39.938  25.861 0.0000000000
52364  -27.903  -38.389  26.730 0.0000000000
47337  -17.326  -43.657  34.976 0.0000000000
45347  -18.018  -44.964  34.661 0.0000000000
47351  -18.358  -43.429  34.014 0.0000000000
47367  -18.787  -43.723  33.419 0.0000000000
47384  -20.069  -42.836  32.738 0.0000000000
51299  -19.653  -40.090  33.662 0.0000000000
49348  -20.108  -41.350  32.464 0.0000000000
48400  -20.726  -42.315  32.607 0.0000000000
48401  -21.628  -42.052  32.614 0.0000000000
49351  -22.102  -41.467  31.911 0.0000000000
49352  -22.821  -41.860  31.947 0.0000000000
52320  -22.054  -37.826  30.671 0.0000000000
50360  -22.083  -40.330  30.339 0.0000000000
49372  -22.477  -41.186  30.704 0.0000000000
48416  -23.642  -42.282  31.606 0.0000000000
48417  -24.142  -42.706  30.940 0.0000000000
47418  -25.426  -43.687  30.252 0.0000000000
122691  -25.913  -44.079  29.772 0.0000000000
47449  -24.915  -43.333  28.499 0.0000000000
47435  -26.095  -44.269  28.956 0.0000000000
107037  -27.836  -44.110  30.491 0.0000000000
47420  -28.490  -44.112  29.738 0.0000000000
47438  -29.149  -43.972  28.991 0.0000000000
111888  -17.445  -42.398  35.795 0.0000000000
110742  -36.737  -36.777  16.069 0.0000000000
119613  -35.249  -31.065  15.163 0.0000000000
59361  -36.320  -31.548  14.390 0.0000000000
58341  -37.833  -32.240  14.119 0.0000000000
60263  -37.529  -29.887  13.501 0.0000000000
59363  -38.136  -31.604  13.848 0.0000000000
106888  -39.290  -33.074  14.396 0.0000000000
115466  -40.262  -33.167  14.820 0.0000000000
62197  -47.019  -28.083  8.303 0.0000000000
63099  -46.976  -26.784  7.850 0.0000000000
64950  -46.777  -25.492  8.576 0.0000000000
46152  -7.671  -44.442  47.327 0.0000000000
46151  -6.937  -44.914  47.506 0.0000000000
43347  -7.860  -47.127  46.655 0.0000000000
44302  -7.001  -46.374  47.592 0.0000000000
45195  -6.465  -45.707  47.954 0.0000000000
44281  -6.735  -46.898  49.900 0.0000000000
48476  -31.323  -42.324  27.780 0.0000000000
50404  -31.773  -41.152  27.029 0.0000000000
50413  -32.138  -40.261  26.907 0.0000000000
50435  -30.000  -40.384  24.455 0.0000000000
51401  -30.640  -39.935  24.783 0.0000000000
51391  -32.152  -39.373  26.573 0.0000000000
52378  -32.377  -38.435  26.575 0.0000000000
116368  -32.006  -37.601  25.964 0.0000000000
54279  -32.028  -36.762  25.674 0.0000000000
114075  -25.868  -35.921  24.219 0.0000000000
53377  -26.912  -37.124  23.935 0.0000000000
55222  -26.560  -35.086  22.249 0.0000000000
54333  -27.529  -36.018  23.017 0.0000000000
53378  -28.467  -36.936  23.712 0.0000000000
53365  -29.464  -36.820  23.858 0.0000000000
126839  -31.015  -36.497  24.495 0.0000000000
126977  -31.309  -38.905  21.487 0.0000000000
51466  -32.048  -39.416  21.663 0.0000000000
51521  -35.012  -39.669  18.850 0.0000000000
52512  -34.298  -38.824  17.290 0.0000000000
53475  -33.908  -37.773  16.477 0.0000000000
54399  -31.810  -37.166  16.885 0.0000000000
54408  -32.474  -36.676  16.309 0.0000000000
54420  -33.651  -36.033  15.629 0.0000000000
56331  -33.328  -34.481  15.635 0.0000000000
58316  -33.700  -32.893  16.013 0.0000000000
45333  -19.224  -45.285  35.405 0.0000000000
45303  -20.316  -45.127  37.078 0.0000000000
120376  -22.650  -44.694  36.490 0.0000000000
44319  -9.140  -46.162  44.964 0.0000000000
45216  -10.292  -45.269  44.434 0.0000000000
44325  -9.810  -46.166  44.403 0.0000000000
43375  -9.489  -47.037  44.770 0.0000000000
42435  -10.389  -48.557  45.149 0.0000000000
44354  -12.244  -46.454  40.859 0.0000000000
43431  -12.265  -47.698  41.333 0.0000000000
42476  -12.226  -48.803  42.363 0.0000000000
45153  -4.504  -45.408  52.367 0.0000000000
46109  -3.902  -44.681  52.605 0.0000000000
47140  -3.498  -44.606  52.050 0.0000000000
119171  -17.848  -45.459  35.823 0.0000000000
47336  -16.719  -44.036  35.460 0.0000000000
46336  -16.826  -44.791  35.576 0.0000000000
109703  -16.815  -45.348  36.635 0.0000000000
59340  -34.544  -31.474  16.551 0.0000000000
59350  -34.480  -31.821  15.813 0.0000000000
64922  -40.813  -25.528  13.105 0.0000000000
63076  -41.454  -27.211  11.534 0.0000000000
63965  -41.547  -26.466  11.680 0.0000000000
63966  -42.201  -26.206  11.428 0.0000000000
56296  -28.562  -34.422  18.731 0.0000000000
48403  -23.350  -42.163  32.539 0.0000000000
108665  -23.832  -42.337  33.851 0.0000000000
108838  -23.944  -42.326  33.079 0.0000000000
47280  -12.177  -43.936  41.644 0.0000000000
63986  -47.895  -26.447  7.219 0.0000000000
51379  -33.554  -38.914  28.466 0.0000000000
51383  -32.677  -39.292  27.222 0.0000000000
107038  -27.012  -43.950  30.985 0.0000000000
107040  -27.084  -43.775  31.785 0.0000000000
48309  -14.768  -43.175  37.822 0.0000000000
114374  -14.094  -43.730  38.260 0.0000000000
46296  -13.671  -44.732  38.297 0.0000000000
46311  -14.272  -44.689  37.722 0.0000000000
47465  -27.593  -43.595  27.020 0.0000000000
47477  -28.251  -43.343  26.563 0.0000000000
119395  -20.847  -37.998  32.017 0.0000000000
52319  -21.347  -38.335  31.187 0.0000000000
51364  -24.042  -39.677  29.247 0.0000000000
50380  -23.288  -40.529  29.044 0.0000000000
49409  -23.617  -41.324  28.751 0.0000000000
47464  -26.709  -43.575  27.387 0.0000000000
53476  -34.713  -37.562  16.304 0.0000000000
53464  -35.962  -38.212  16.878 0.0000000000
53477  -35.560  -37.522  16.297 0.0000000000
56349  -38.091  -34.112  14.784 0.0000000000
56336  -38.258  -34.764  15.195 0.0000000000
56350  -38.838  -34.201  15.118 0.0000000000
62147  -37.156  -27.864  15.569 0.0000000000
62146  -36.662  -28.571  15.064 0.0000000000
59376  -41.215  -31.371  13.442 0.0000000000
59366  -41.517  -32.097  13.870 0.0000000000
64945  -45.442  -25.552  9.277 0.0000000000
44318  -8.531  -46.167  45.526 0.0000000000
45202  -8.403  -45.298  46.016 0.0000000000
115258  -29.750  -41.939  24.999 0.0000000000
49477  -28.986  -41.209  24.668 0.0000000000
52404  -28.715  -38.370  24.364 0.0000000000
113890  -29.307  -37.511  24.254 0.0000000000
54344  -28.701  -36.019  22.138 0.0000000000
54346  -29.932  -36.913  21.819 0.0000000000
52474  -30.975  -39.333  19.438 0.0000000000
51518  -31.758  -39.642  19.096 0.0000000000
52493  -32.105  -39.223  18.237 0.0000000000
52509  -31.619  -38.454  17.825 0.0000000000
46360  -20.736  -44.111  33.576 0.0000000000
46349  -20.243  -44.683  34.093 0.0000000000
113263  -10.940  -48.098  43.399 0.0000000000
42460  -11.417  -49.007  43.702 0.0000000000
43433  -14.096  -47.802  41.103 0.0000000000
118894  -14.405  -48.124  41.938 0.0000000000
47190  -6.672  -43.624  48.391 0.0000000000
50388  -33.268  -40.433  29.399 0.0000000000
45265  -18.424  -45.439  39.578 0.0000000000
123383  -18.284  -45.477  38.913 0.0000000000
109218  -19.815  -45.240  37.802 0.0000000000
45286  -20.244  -45.163  38.585 0.0000000000
47404  -29.480  -43.534  30.907 0.0000000000
47389  -29.622  -43.409  31.735 0.0000000000
49298  -17.573  -41.512  37.064 0.0000000000
47327  -15.810  -43.548  36.578 0.0000000000
47318  -15.125  -43.784  37.185 0.0000000000
45300  -17.248  -45.501  37.425 0.0000000000
126234  -17.199  -45.638  38.627 0.0000000000
116726  -27.704  -41.143  28.715 0.0000000000
112058  -25.869  -40.768  29.409 0.0000000000
49389  -26.999  -41.215  28.835 0.0000000000
49426  -26.652  -42.156  27.567 0.0000000000
114601  -33.917  -34.829  15.443 0.0000000000
55299  -34.507  -35.213  15.356 0.0000000000
127962  -34.425  -34.543  15.299 0.0000000000
58329  -35.275  -32.302  14.925 0.0000000000
58339  -35.997  -32.295  14.536 0.0000000000
118415  -38.261  -27.182  13.722 0.0000000000
62165  -40.057  -28.065  11.995 0.0000000000
61234  -40.196  -29.078  12.386 0.0000000000
61235  -41.114  -29.390  12.274 0.0000000000
62166  -41.622  -28.868  11.997 0.0000000000
62174  -42.395  -28.117  11.357 0.0000000000
61245  -42.384  -28.878  11.698 0.0000000000
113768  -43.003  -28.447  11.162 0.0000000000
63967  -42.932  -25.982  10.951 0.0000000000
63083  -43.111  -27.017  10.543 0.0000000000
51399  -27.884  -39.276  25.293 0.0000000000
114518  -27.118  -38.156  26.000 0.0000000000
53363  -27.101  -37.800  24.548 0.0000000000
55255  -27.988  -34.587  19.514 0.0000000000
56271  -27.498  -34.372  20.342 0.0000000000
55241  -27.833  -35.017  20.213 0.0000000000
54369  -28.608  -36.173  20.107 0.0000000000
119035  -28.931  -35.736  18.533 0.0000000000
54387  -29.175  -36.555  18.750 0.0000000000
54397  -30.247  -36.405  17.768 0.0000000000
47371  -22.094  -43.011  33.692 0.0000000000
48366  -23.082  -42.637  34.032 0.0000000000
47354  -23.473  -42.974  34.821 0.0000000000
45243  -11.803  -45.254  41.861 0.0000000000
45235  -11.562  -45.727  42.264 0.0000000000
44346  -11.341  -46.533  42.261 0.0000000000
126863  -5.037  -44.987  51.877 0.0000000000
46115  -4.315  -44.205  51.447 0.0000000000
52368  -33.589  -37.892  27.836 0.0000000000
53322  -34.131  -37.272  27.733 0.0000000000
53334  -33.621  -37.249  27.162 0.0000000000
53333  -32.986  -37.548  26.616 0.0000000000
121336  -25.058  -43.219  31.751 0.0000000000
48301  -13.896  -43.151  39.230 0.0000000000
48294  -14.435  -42.096  40.307 0.0000000000
48293  -13.700  -42.717  40.186 0.0000000000
46257  -12.611  -44.105  40.023 0.0000000000
116985  -13.004  -44.240  39.369 0.0000000000
127172  -13.617  -45.904  39.015 0.0000000000
45263  -13.114  -45.659  39.235 0.0000000000
43465  -13.925  -46.946  39.744 0.0000000000
43466  -14.538  -46.853  39.702 0.0000000000
45281  -14.978  -45.715  37.943 0.0000000000
44364  -16.435  -46.198  40.552 0.0000000000
127139  -15.658  -46.564  40.045 0.0000000000
106522  -15.665  -46.763  40.808 0.0000000000
47468  -30.039  -43.310  27.604 0.0000000000
47467  -29.322  -43.689  27.329 0.0000000000
48492  -28.602  -42.669  26.067 0.0000000000
48507  -28.668  -41.945  25.489 0.0000000000
49414  -28.089  -40.994  28.021 0.0000000000
51382  -28.982  -39.533  27.368 0.0000000000
118829  -28.649  -40.021  26.782 0.0000000000
52377  -28.405  -39.279  26.702 0.0000000000
113104  -17.927  -44.134  34.358 0.0000000000
49333  -18.949  -41.982  33.468 0.0000000000
48379  -18.791  -42.936  33.409 0.0000000000
47368  -19.418  -43.520  32.986 0.0000000000
48380  -19.456  -42.525  32.832 0.0000000000
50316  -20.085  -40.096  32.878 0.0000000000
48399  -20.072  -42.057  32.524 0.0000000000
49349  -20.817  -41.517  32.300 0.0000000000
50341  -21.287  -40.012  31.263 0.0000000000
49361  -22.438  -41.450  31.443 0.0000000000
52332  -23.668  -38.328  30.148 0.0000000000
52321  -24.101  -37.723  30.829 0.0000000000
53297  -23.012  -37.581  30.509 0.0000000000
52330  -21.748  -38.761  30.443 0.0000000000
51350  -22.161  -39.421  29.939 0.0000000000
49386  -22.585  -40.917  29.932 0.0000000000
49362  -22.995  -41.813  31.089 0.0000000000
48427  -23.583  -42.319  30.576 0.0000000000
47433  -24.425  -43.218  29.060 0.0000000000
47417  -24.819  -43.370  29.854 0.0000000000
49411  -24.951  -41.972  28.049 0.0000000000
48457  -25.306  -42.966  27.888 0.0000000000
47451  -26.472  -44.166  28.030 0.0000000000
47450  -25.596  -43.769  28.297 0.0000000000
107036  -27.634  -44.304  29.535 0.0000000000
47437  -28.048  -44.291  28.684 0.0000000000
47454  -28.807  -44.093  27.950 0.0000000000
47439  -30.149  -43.398  29.340 0.0000000000
48351  -17.870  -41.965  35.369 0.0000000000
49314  -18.332  -41.335  35.818 0.0000000000
48350  -17.550  -42.764  35.097 0.0000000000
53465  -36.835  -37.903  16.990 0.0000000000
52515  -37.331  -38.147  17.689 0.0000000000
55300  -35.884  -35.414  15.154 0.0000000000
54423  -36.352  -36.195  15.505 0.0000000000
125489  -35.700  -29.842  16.673 0.0000000000
60233  -35.446  -30.449  15.493 0.0000000000
118808  -36.547  -30.896  14.238 0.0000000000
58340  -36.879  -32.269  14.323 0.0000000000
59362  -37.225  -31.406  14.037 0.0000000000
61224  -38.060  -29.179  13.180 0.0000000000
117788  -38.224  -30.038  13.229 0.0000000000
59364  -39.715  -31.740  13.616 0.0000000000
59374  -38.830  -31.311  13.586 0.0000000000
124555  -38.881  -32.243  13.928 0.0000000000
57344  -41.220  -32.946  15.074 0.0000000000
112926  -45.085  -28.773  10.012 0.0000000000
63091  -45.347  -27.484  9.121 0.0000000000
62191  -46.256  -28.753  9.329 0.0000000000
64949  -46.080  -25.789  8.733 0.0000000000
63982  -46.406  -26.451  8.303 0.0000000000
128873  -7.514  -45.074  47.096 0.0000000000
45196  -7.162  -45.661  47.256 0.0000000000
114791  -7.994  -47.762  47.188 0.0000000000
43319  -7.377  -47.513  48.457 0.0000000000
43333  -7.435  -47.209  47.582 0.0000000000
44292  -6.808  -46.737  48.375 0.0000000000
111845  -6.593  -46.668  49.190 0.0000000000
44270  -6.858  -47.136  50.780 0.0000000000
123801  -30.564  -42.805  27.296 0.0000000000
48475  -31.017  -42.238  26.818 0.0000000000
49445  -31.369  -41.617  26.428 0.0000000000
50412  -31.657  -40.883  26.156 0.0000000000
117787  -28.713  -39.998  24.600 0.0000000000
119225  -29.428  -39.956  24.440 0.0000000000
51402  -31.227  -39.363  25.388 0.0000000000
51390  -31.749  -39.939  26.019 0.0000000000
114251  -31.790  -38.788  26.035 0.0000000000
53351  -31.357  -36.871  25.451 0.0000000000
54293  -31.568  -36.355  25.270 0.0000000000
56220  -25.890  -34.974  24.417 0.0000000000
54319  -26.278  -36.615  24.048 0.0000000000
55214  -26.202  -35.929  23.521 0.0000000000
56257  -26.567  -34.387  21.857 0.0000000000
56243  -26.209  -34.493  22.724 0.0000000000
54321  -27.763  -36.613  23.462 0.0000000000
54322  -28.887  -36.425  23.383 0.0000000000
108693  -29.604  -36.354  23.412 0.0000000000
54324  -30.724  -36.617  23.714 0.0000000000
54308  -31.539  -36.190  24.866 0.0000000000
53368  -32.132  -36.383  24.684 0.0000000000
53389  -32.005  -37.872  22.865 0.0000000000
53400  -30.334  -37.753  21.305 0.0000000000
52460  -30.673  -38.742  20.895 0.0000000000
51485  -32.181  -39.886  20.712 0.0000000000
109405  -33.859  -40.162  20.133 0.0000000000
123906  -34.766  -40.377  21.140 0.0000000000
51488  -34.703  -40.235  20.309 0.0000000000
122823  -35.068  -39.940  19.561 0.0000000000
52511  -33.498  -38.780  17.376 0.0000000000
52495  -33.955  -39.292  17.953 0.0000000000
52520  -33.872  -38.421  16.866 0.0000000000
54398  -31.134  -36.612  17.296 0.0000000000
54407  -31.803  -36.416  16.680 0.0000000000
55288  -32.859  -35.794  15.862 0.0000000000
54409  -33.214  -36.554  15.922 0.0000000000
55298  -33.429  -35.259  15.618 0.0000000000
55297  -32.885  -34.978  15.770 0.0000000000
57318  -33.158  -33.377  16.512 0.0000000000
45348  -18.845  -45.148  34.605 0.0000000000
45332  -18.315  -45.344  35.264 0.0000000000
45335  -21.018  -44.885  35.794 0.0000000000
45320  -20.475  -45.049  36.300 0.0000000000
117649  -21.161  -45.045  37.459 0.0000000000
46340  -22.438  -44.127  35.239 0.0000000000
46328  -23.034  -44.349  35.801 0.0000000000
108159  -25.084  -42.548  34.037 0.0000000000
45208  -9.663  -45.340  45.063 0.0000000000
46209  -11.280  -44.672  43.519 0.0000000000
46208  -10.795  -44.790  44.137 0.0000000000
122417  -10.382  -47.561  43.951 0.0000000000
43376  -9.945  -47.055  44.294 0.0000000000
45252  -12.337  -45.863  40.505 0.0000000000
45244  -12.091  -45.617  41.136 0.0000000000
42490  -12.625  -48.378  41.696 0.0000000000
43413  -11.842  -48.099  41.992 0.0000000000
65791  -48.897  -24.607  7.855 0.0000000000
45157  -3.629  -45.274  52.591 0.0000000000
46105  -3.919  -44.924  52.683 0.0000000000
46108  -3.576  -44.791  52.537 0.0000000000
107607  -18.166  -45.475  37.610 0.0000000000
45301  -18.604  -45.484  37.053 0.0000000000
47422  -30.127  -43.306  30.378 0.0000000000
47328  -16.379  -43.679  36.001 0.0000000000
46326  -16.242  -44.381  36.133 0.0000000000
45315  -16.064  -45.046  36.623 0.0000000000
123478  -34.172  -33.183  15.452 0.0000000000
57328  -34.751  -33.914  15.145 0.0000000000
58328  -34.656  -32.402  15.370 0.0000000000
63954  -39.515  -26.720  12.695 0.0000000000
63068  -40.091  -27.169  12.034 0.0000000000
62173  -40.799  -27.636  11.750 0.0000000000
63077  -42.148  -27.468  11.354 0.0000000000
54278  -26.815  -36.793  26.644 0.0000000000
54277  -26.379  -36.610  26.024 0.0000000000
124867  -28.859  -35.037  18.434 0.0000000000
55267  -29.381  -35.293  18.099 0.0000000000
56297  -29.351  -34.390  18.174 0.0000000000
46227  -11.921  -44.363  42.138 0.0000000000
63100  -47.482  -27.097  7.562 0.0000000000
63101  -48.085  -27.529  7.350 0.0000000000
45162  -6.000  -45.855  51.496 0.0000000000
117345  -5.301  -45.462  52.172 0.0000000000
45154  -4.863  -45.285  52.279 0.0000000000
47386  -26.621  -43.654  32.424 0.0000000000
107957  -27.762  -43.675  33.129 0.0000000000
48311  -15.981  -42.146  37.740 0.0000000000
49272  -15.412  -41.899  39.023 0.0000000000
45279  -13.595  -45.492  38.660 0.0000000000
44378  -13.989  -46.031  38.776 0.0000000000
45282  -16.593  -45.841  38.843 0.0000000000
126055  -18.298  -41.525  35.008 0.0000000000
48365  -18.260  -42.366  34.410 0.0000000000
51300  -20.146  -39.348  33.269 0.0000000000
52303  -20.543  -38.749  32.716 0.0000000000
109967  -20.816  -40.114  31.868 0.0000000000
126617  -21.678  -40.203  30.841 0.0000000000
52333  -24.691  -38.502  30.651 0.0000000000
51351  -23.397  -39.080  29.572 0.0000000000
120024  -22.788  -39.358  29.581 0.0000000000
49387  -22.971  -41.118  29.274 0.0000000000
117593  -23.582  -42.289  29.731 0.0000000000
48442  -23.812  -42.595  29.035 0.0000000000
47452  -27.283  -44.306  28.110 0.0000000000
52513  -35.112  -38.633  17.146 0.0000000000
52497  -36.340  -38.998  18.167 0.0000000000
56334  -36.480  -34.856  14.998 0.0000000000
55302  -37.723  -35.438  15.405 0.0000000000
61209  -36.201  -29.182  15.547 0.0000000000
60234  -35.991  -29.938  15.117 0.0000000000
61215  -36.453  -29.367  14.665 0.0000000000
60262  -36.850  -29.622  13.948 0.0000000000
124970  -39.422  -30.332  13.010 0.0000000000
114122  -39.547  -30.920  13.354 0.0000000000
59365  -40.635  -32.025  13.669 0.0000000000
58344  -41.770  -32.510  14.652 0.0000000000
63090  -44.542  -27.380  9.635 0.0000000000
63096  -45.992  -27.203  8.588 0.0000000000
48509  -30.073  -42.307  25.561 0.0000000000
49460  -30.558  -41.577  25.118 0.0000000000
51414  -29.120  -39.192  24.436 0.0000000000
52391  -31.257  -37.987  25.508 0.0000000000
56232  -25.921  -34.682  23.567 0.0000000000
114439  -27.134  -35.387  21.858 0.0000000000
54335  -29.262  -36.137  22.919 0.0000000000
54336  -30.095  -36.474  22.917 0.0000000000
53388  -31.280  -37.573  22.497 0.0000000000
53432  -29.948  -38.108  19.428 0.0000000000
52473  -30.399  -38.842  19.889 0.0000000000
52461  -30.888  -39.364  20.237 0.0000000000
51500  -32.395  -39.948  19.753 0.0000000000
51501  -33.312  -40.023  19.507 0.0000000000
51520  -33.614  -39.737  18.668 0.0000000000
55278  -31.490  -35.732  16.887 0.0000000000
56320  -31.956  -34.974  16.578 0.0000000000
56321  -32.658  -34.271  16.207 0.0000000000
45349  -19.736  -45.083  34.707 0.0000000000
46338  -20.647  -44.832  34.957 0.0000000000
46339  -21.524  -44.504  35.214 0.0000000000
44334  -10.626  -46.223  43.369 0.0000000000
44362  -13.281  -46.721  40.013 0.0000000000
43446  -12.697  -47.149  40.697 0.0000000000
50397  -32.736  -40.464  28.463 0.0000000000
123332  -32.587  -40.122  27.659 0.0000000000
107287  -17.820  -45.611  40.084 0.0000000000
45254  -18.544  -45.452  40.361 0.0000000000
45266  -19.259  -45.198  39.820 0.0000000000
45284  -18.604  -45.399  38.360 0.0000000000
109575  -19.610  -45.226  39.083 0.0000000000
127932  -28.308  -43.918  31.039 0.0000000000
109833  -16.178  -42.574  36.910 0.0000000000
109315  -15.894  -45.719  37.958 0.0000000000
51365  -24.771  -39.778  29.799 0.0000000000
50382  -24.795  -40.340  29.009 0.0000000000
49388  -25.393  -41.132  28.592 0.0000000000
124943  -26.268  -41.121  28.901 0.0000000000
54421  -34.530  -36.061  15.494 0.0000000000
120281  -35.097  -35.550  15.299 0.0000000000
56333  -35.812  -34.520  14.972 0.0000000000
56348  -36.492  -34.122  14.742 0.0000000000
126562  -37.310  -33.771  14.594 0.0000000000
63053  -37.720  -27.420  14.076 0.0000000000
62159  -38.232  -28.189  12.994 0.0000000000
61232  -38.809  -28.823  12.755 0.0000000000
63066  -38.854  -28.077  12.623 0.0000000000
61233  -39.429  -29.209  12.613 0.0000000000
60281  -39.772  -29.838  12.713 0.0000000000
60282  -40.583  -29.984  12.627 0.0000000000
60267  -41.752  -30.810  13.087 0.0000000000
61237  -42.793  -29.721  12.125 0.0000000000
63084  -43.850  -27.261  10.146 0.0000000000
43359  -8.347  -47.022  45.932 0.0000000000
112520  -8.868  -47.636  45.870 0.0000000000
50433  -28.593  -40.709  24.813 0.0000000000
51412  -27.862  -39.076  24.906 0.0000000000
119386  -27.658  -37.425  24.044 0.0000000000
56258  -27.033  -34.312  21.111 0.0000000000
57239  -27.237  -33.581  20.577 0.0000000000
54355  -28.619  -36.145  21.065 0.0000000000
54356  -29.112  -36.767  20.481 0.0000000000
53415  -29.492  -37.475  19.918 0.0000000000
54386  -28.686  -36.027  19.224 0.0000000000
53448  -30.103  -37.836  18.582 0.0000000000
53449  -30.821  -38.215  18.163 0.0000000000
53460  -30.516  -37.311  17.909 0.0000000000
56307  -29.841  -34.835  17.769 0.0000000000
56308  -30.511  -34.870  17.552 0.0000000000
57306  -31.757  -33.852  17.749 0.0000000000
47352  -21.633  -43.774  33.982 0.0000000000
47338  -23.292  -43.629  35.222 0.0000000000
44335  -10.947  -46.637  42.827 0.0000000000
43415  -15.158  -47.686  42.335 0.0000000000
45188  -6.026  -45.361  48.684 0.0000000000
45187  -5.729  -44.797  49.086 0.0000000000
45168  -5.323  -45.029  50.401 0.0000000000
109245  -4.923  -44.272  50.475 0.0000000000
47160  -4.442  -43.420  50.813 0.0000000000
61190  -36.031  -29.738  17.278 0.0000000000
62138  -37.435  -27.997  16.679 0.0000000000
48404  -24.720  -42.851  32.607 0.0000000000
48385  -24.529  -42.483  33.587 0.0000000000
127153  -28.314  -43.729  32.109 0.0000000000
48284  -13.401  -42.766  41.096 0.0000000000
47292  -12.256  -43.963  40.865 0.0000000000
45262  -12.580  -45.699  39.878 0.0000000000
44369  -12.989  -46.213  39.664 0.0000000000
43449  -14.925  -47.252  40.940 0.0000000000
44372  -15.084  -46.528  39.375 0.0000000000
64952  -48.160  -24.857  8.211 0.0000000000
48459  -30.612  -42.980  28.331 0.0000000000
48508  -29.239  -42.281  25.433 0.0000000000
49458  -28.568  -41.370  25.029 0.0000000000
49442  -27.831  -42.183  26.608 0.0000000000
117179  -28.212  -41.690  26.270 0.0000000000
50403  -28.666  -40.384  27.452 0.0000000000
53332  -28.250  -37.746  27.516 0.0000000000
46337  -17.336  -44.493  35.010 0.0000000000
45331  -17.524  -45.166  35.308 0.0000000000
46347  -18.601  -44.617  34.114 0.0000000000
46358  -19.041  -44.249  33.478 0.0000000000
47369  -20.311  -43.605  32.959 0.0000000000
51287  -19.557  -39.738  34.737 0.0000000000
50315  -19.778  -40.809  32.845 0.0000000000
49334  -19.551  -41.650  32.788 0.0000000000
48381  -20.717  -42.971  32.864 0.0000000000
49350  -21.692  -41.582  32.212 0.0000000000
48402  -22.460  -42.034  32.568 0.0000000000
53283  -21.628  -37.431  31.526 0.0000000000
51349  -21.649  -39.635  30.587 0.0000000000
122640  -24.788  -43.243  30.832 0.0000000000
47401  -25.564  -43.593  31.242 0.0000000000
47419  -26.161  -43.948  30.630 0.0000000000
49410  -24.146  -41.879  28.415 0.0000000000
48456  -24.390  -42.614  28.441 0.0000000000
107226  -26.777  -44.291  29.894 0.0000000000
49306  -17.794  -41.782  36.234 0.0000000000
52498  -37.087  -38.784  18.373 0.0000000000
54412  -35.932  -36.875  15.859 0.0000000000
53479  -37.035  -37.277  16.587 0.0000000000
54424  -37.221  -36.130  15.722 0.0000000000
60224  -34.862  -31.011  15.844 0.0000000000
59360  -35.555  -31.592  14.775 0.0000000000
60246  -35.857  -30.793  14.717 0.0000000000
57341  -37.463  -32.990  14.325 0.0000000000
61223  -37.291  -29.121  13.631 0.0000000000
59373  -37.935  -30.766  13.587 0.0000000000
57342  -38.369  -32.965  14.255 0.0000000000
113477  -38.686  -33.600  14.660 0.0000000000
57329  -40.128  -33.816  15.278 0.0000000000
63097  -46.596  -27.357  8.242 0.0000000000
115735  -47.130  -27.458  7.934 0.0000000000
63983  -47.068  -25.955  7.983 0.0000000000
64951  -47.485  -25.162  8.419 0.0000000000
64947  -47.298  -24.777  9.154 0.0000000000
44310  -7.493  -46.368  46.953 0.0000000000
44291  -6.245  -46.070  48.871 0.0000000000
44280  -6.234  -46.228  49.725 0.0000000000
44269  -6.427  -46.371  50.641 0.0000000000
112622  -31.455  -41.782  27.176 0.0000000000
50405  -32.265  -40.840  27.700 0.0000000000
50434  -29.222  -40.637  24.497 0.0000000000
50421  -30.520  -40.815  24.692 0.0000000000
50422  -31.180  -40.621  25.288 0.0000000000
118205  -32.643  -37.661  26.453 0.0000000000
53343  -32.617  -37.268  26.173 0.0000000000
115816  -26.117  -35.660  26.024 0.0000000000
56211  -26.147  -34.784  25.592 0.0000000000
55202  -26.018  -35.592  25.046 0.0000000000
54291  -26.069  -36.485  25.047 0.0000000000
113769  -26.187  -35.261  23.057 0.0000000000
55215  -26.817  -35.680  22.779 0.0000000000
54320  -26.814  -36.378  23.434 0.0000000000
54307  -30.418  -36.718  24.185 0.0000000000
54294  -32.255  -36.384  25.247 0.0000000000
54295  -33.227  -36.944  25.698 0.0000000000
53380  -32.160  -37.358  23.881 0.0000000000
53401  -30.979  -38.144  21.742 0.0000000000
51503  -35.738  -39.784  19.230 0.0000000000
120526  -34.353  -39.606  18.546 0.0000000000
52496  -34.891  -39.162  18.000 0.0000000000
52521  -34.511  -38.270  16.745 0.0000000000
113167  -31.948  -37.850  17.310 0.0000000000
53462  -32.512  -37.619  16.792 0.0000000000
53474  -33.197  -37.312  16.301 0.0000000000
54410  -34.017  -36.910  15.892 0.0000000000
57327  -33.404  -33.669  15.734 0.0000000000
58317  -34.112  -32.210  16.301 0.0000000000
45319  -19.706  -45.224  36.285 0.0000000000
46327  -22.029  -44.742  35.994 0.0000000000
46329  -23.423  -44.426  36.488 0.0000000000
46313  -21.925  -44.900  36.973 0.0000000000
46297  -21.958  -45.040  37.803 0.0000000000
46177  -9.159  -44.820  45.683 0.0000000000
110046  -10.287  -45.917  43.912 0.0000000000
117578  -12.055  -47.080  41.141 0.0000000000
43430  -11.659  -47.285  41.710 0.0000000000
43414  -14.626  -48.223  42.606 0.0000000000
42478  -13.997  -48.673  42.423 0.0000000000
41552  -12.655  -49.254  42.933 0.0000000000
42461  -11.920  -49.123  43.013 0.0000000000
46106  -4.266  -44.920  52.537 0.0000000000
45152  -3.998  -45.476  52.698 0.0000000000
46114  -2.934  -44.409  51.495 0.0000000000
47150  -3.210  -43.909  51.334 0.0000000000
46357  -18.530  -44.090  33.818 0.0000000000
63060  -38.006  -27.651  13.411 0.0000000000
107723  -35.795  -38.843  17.671 0.0000000000
128736  -35.302  -34.220  15.038 0.0000000000
