#!ascii label  , from subject sub-005 vox2ras=TkReg
1253
3950  34.494  -94.179  -31.482 0.5000000000
5898  28.167  -91.894  -30.665 0.6000000238
6448  27.530  -90.975  -29.993 0.6000000238
5879  27.469  -92.354  -30.270 0.6000000238
5880  26.788  -91.588  -29.740 0.6000000238
7047  26.843  -88.711  -29.282 0.6999999881
6449  26.857  -90.106  -29.233 0.6000000238
4358  31.484  -92.981  -26.799 0.5000000000
5315  34.175  -91.026  -28.849 0.6000000238
5316  33.623  -91.393  -28.082 0.6000000238
4774  32.180  -92.314  -27.125 0.5000000000
5895  34.809  -90.543  -30.533 0.5000000000
5328  34.149  -91.203  -29.968 0.4000000060
4795  33.061  -92.186  -28.595 0.5000000000
4782  32.467  -92.582  -27.945 0.6000000238
5806  27.352  -89.752  -24.391 0.5000000000
4847  35.672  -91.721  -33.376 0.4000000060
5821  27.390  -90.194  -25.219 0.5000000000
5807  26.685  -90.174  -24.727 0.5000000000
5820  27.857  -90.395  -25.978 0.6000000238
5300  28.368  -91.954  -29.008 0.6000000238
5897  28.774  -91.754  -31.106 0.6000000238
6483  27.994  -90.581  -31.850 0.6999999881
5348  28.578  -92.268  -30.346 0.6000000238
6467  27.788  -90.340  -30.603 0.6999999881
7063  27.845  -88.252  -31.066 0.6000000238
7081  27.772  -89.377  -31.095 0.6999999881
7694  28.203  -87.419  -30.441 0.6000000238
7695  27.579  -87.751  -30.176 0.6000000238
7046  27.376  -88.711  -30.226 0.6999999881
8295  28.847  -86.866  -29.767 0.6999999881
5867  26.019  -90.587  -28.994 0.6000000238
5272  31.776  -91.511  -25.371 0.5000000000
5285  32.588  -91.576  -26.551 0.6000000238
5286  31.893  -92.066  -26.281 0.5000000000
108932  34.660  -90.502  -29.413 0.6000000238
5865  34.205  -90.815  -28.052 0.6999999881
5299  32.871  -91.884  -27.565 0.6000000238
5910  34.964  -90.826  -31.654 0.4000000060
6405  28.564  -89.634  -25.947 0.5000000000
6391  28.057  -89.515  -24.524 0.5000000000
4398  35.190  -92.987  -32.811 0.5000000000
5878  29.321  -91.065  -29.389 0.6999999881
5852  28.679  -90.921  -27.818 0.6000000238
6481  29.390  -91.140  -31.838 0.6999999881
5317  29.022  -92.034  -29.732 0.6000000238
5866  29.027  -91.058  -28.742 0.6000000238
5896  29.055  -91.734  -31.062 0.6999999881
5330  28.876  -92.183  -30.439 0.6000000238
5912  28.638  -91.368  -32.414 0.6999999881
112476  28.221  -88.344  -32.117 0.6000000238
6482  28.095  -90.498  -33.058 0.6000000238
7708  28.427  -87.562  -31.412 0.6000000238
7080  27.895  -89.383  -32.053 0.6000000238
8311  28.916  -86.957  -30.899 0.6000000238
7030  26.258  -88.291  -28.595 0.6999999881
6431  25.265  -89.652  -28.604 0.5000000000
7680  27.768  -87.261  -29.470 0.6999999881
7681  27.172  -87.817  -29.558 0.6999999881
6430  26.095  -89.262  -28.773 0.6000000238
5817  32.923  -90.161  -25.686 0.5000000000
5271  32.477  -90.950  -25.678 0.5000000000
5819  32.002  -90.563  -24.930 0.5000000000
5832  34.269  -90.068  -26.663 0.6999999881
5284  33.136  -90.814  -26.260 0.6000000238
6445  35.638  -89.644  -29.597 0.5000000000
5863  35.183  -89.864  -28.833 0.6999999881
6427  35.040  -89.845  -27.827 0.6999999881
5850  33.957  -90.768  -27.330 0.6000000238
5298  33.353  -91.248  -27.033 0.6000000238
6464  35.822  -89.890  -31.525 0.4000000060
5894  35.405  -89.969  -30.514 0.4000000060
125842  35.102  -90.069  -29.792 0.5000000000
6404  29.440  -89.069  -25.750 0.5000000000
6429  29.618  -90.068  -28.558 0.5000000000
6418  29.668  -89.430  -27.439 0.5000000000
5833  29.071  -89.809  -26.877 0.5000000000
6466  29.597  -90.811  -30.594 0.6000000238
5851  29.213  -90.257  -27.865 0.5000000000
114868  29.484  -90.818  -32.805 0.6999999881
6526  29.370  -89.531  -34.460 0.6000000238
6501  29.236  -90.663  -33.599 0.6999999881
5911  28.989  -91.438  -32.864 0.6999999881
7729  29.532  -87.621  -34.224 0.6000000238
127290  28.805  -89.582  -34.509 0.6000000238
5927  28.703  -90.750  -33.650 0.6999999881
9086  30.178  -85.827  -33.024 0.6999999881
7720  28.919  -87.947  -33.792 0.6000000238
7096  28.122  -89.269  -33.119 0.6000000238
9058  30.697  -85.348  -31.118 0.6000000238
9072  29.998  -86.036  -32.106 0.6999999881
8327  28.999  -87.107  -31.919 0.6999999881
9767  31.370  -84.230  -29.816 0.6000000238
9044  30.430  -85.678  -30.164 0.6000000238
9059  30.199  -85.934  -31.213 0.6999999881
7014  24.898  -88.202  -27.721 0.6000000238
8294  29.673  -86.437  -30.470 0.6999999881
7669  26.666  -87.565  -28.353 0.6999999881
7031  25.443  -88.710  -28.285 0.6000000238
9755  31.060  -84.658  -28.937 0.6999999881
9031  30.464  -85.540  -28.940 0.6000000238
9045  29.800  -86.315  -29.436 0.8000000119
8279  29.138  -86.527  -28.927 0.6999999881
8280  28.322  -86.792  -28.831 0.6999999881
8281  27.476  -87.109  -28.481 0.6999999881
5818  32.431  -90.181  -25.228 0.6000000238
6415  35.391  -89.190  -27.147 0.6999999881
6401  34.727  -89.228  -26.511 0.6999999881
125522  33.680  -90.619  -26.654 0.6000000238
6426  35.896  -89.287  -28.629 0.5000000000
127676  35.523  -89.432  -28.003 0.6999999881
111934  36.083  -89.549  -30.404 0.4000000060
6403  30.361  -88.701  -25.821 0.5000000000
6372  30.421  -89.305  -24.297 0.5000000000
6417  30.282  -88.723  -26.903 0.5000000000
6428  30.250  -89.441  -28.977 0.6000000238
7062  30.479  -88.979  -31.337 0.6000000238
6465  30.065  -89.974  -31.008 0.6999999881
6447  29.732  -90.474  -29.594 0.6999999881
7079  30.556  -88.996  -32.664 0.6999999881
6480  30.040  -90.067  -32.156 0.6999999881
7119  30.297  -87.860  -34.431 0.6000000238
7107  30.044  -89.024  -34.177 0.6000000238
6500  29.909  -90.058  -33.254 0.6999999881
9832  30.954  -85.066  -33.605 0.6999999881
9102  30.658  -85.813  -33.518 0.6999999881
8357  30.100  -87.331  -34.335 0.6999999881
8250  24.911  -86.646  -26.051 0.6000000238
126613  30.754  -84.810  -32.502 0.6000000238
9813  30.649  -84.957  -33.152 0.6999999881
8338  29.311  -87.161  -33.616 0.6999999881
11234  32.318  -82.801  -29.054 0.6000000238
109743  31.766  -83.431  -29.399 0.6000000238
10536  31.608  -83.369  -30.437 0.6000000238
9798  31.035  -84.717  -31.719 0.6000000238
9071  30.521  -85.377  -32.112 0.6999999881
7653  25.352  -87.409  -27.287 0.6000000238
111787  31.541  -84.039  -28.939 0.6000000238
9784  31.061  -84.894  -30.546 0.6000000238
8267  28.460  -86.618  -27.300 0.6999999881
120726  27.112  -87.008  -26.990 0.6000000238
8282  26.878  -87.200  -27.704 0.6999999881
7670  25.804  -87.926  -27.942 0.6000000238
10521  32.629  -82.804  -28.174 0.5000000000
10522  31.927  -83.470  -28.389 0.6000000238
9754  31.378  -84.244  -28.219 0.8000000119
111724  30.502  -85.005  -27.233 0.8000000119
9014  29.869  -85.686  -27.215 0.8000000119
108839  28.994  -86.526  -28.078 0.8000000119
112159  28.145  -86.765  -28.082 0.6999999881
8268  27.647  -86.930  -27.540 0.6999999881
9743  30.813  -84.943  -28.131 0.8000000119
9022  30.237  -85.630  -27.951 0.8000000119
6402  33.991  -89.306  -26.053 0.6999999881
6385  33.238  -89.369  -25.693 0.6999999881
6386  32.506  -89.347  -25.267 0.6999999881
5803  31.962  -89.726  -24.813 0.6000000238
7027  35.956  -88.863  -27.735 0.6999999881
6387  31.691  -88.968  -25.019 0.6000000238
7026  36.579  -88.551  -28.364 0.6000000238
6388  30.829  -88.869  -24.983 0.5000000000
6996  31.308  -88.568  -25.622 0.5000000000
10478  25.986  -82.380  -23.991 0.6000000238
7013  30.928  -88.382  -27.364 0.5000000000
113963  25.308  -83.055  -23.728 0.5000000000
7029  30.835  -88.668  -28.425 0.5000000000
10470  25.523  -83.724  -22.956 0.6000000238
7061  30.953  -88.264  -30.429 0.6999999881
7045  30.727  -88.748  -29.478 0.6000000238
108970  31.317  -88.246  -32.743 0.6999999881
109571  30.500  -89.098  -30.395 0.6999999881
8993  25.337  -85.809  -23.973 0.6000000238
7106  30.562  -88.154  -34.186 0.6999999881
7094  30.878  -88.397  -33.596 0.6000000238
9831  31.178  -84.905  -33.670 0.6999999881
9101  31.078  -85.815  -33.727 0.6999999881
8356  30.587  -87.270  -34.192 0.6999999881
8233  25.320  -86.476  -25.336 0.6000000238
8217  25.807  -86.302  -24.593 0.6000000238
9797  30.905  -84.231  -32.792 0.6000000238
8231  27.307  -86.429  -25.539 0.6000000238
8234  24.375  -86.293  -25.401 0.6000000238
11270  31.614  -82.218  -32.286 0.6000000238
10547  31.469  -83.223  -31.633 0.6000000238
8230  28.318  -86.217  -25.547 0.6999999881
113127  26.794  -86.647  -26.306 0.6000000238
8249  25.845  -86.629  -26.172 0.6000000238
11246  31.940  -82.712  -29.981 0.6000000238
10498  30.985  -84.254  -25.884 0.6000000238
9728  29.710  -85.305  -25.863 0.6000000238
120652  29.078  -85.901  -25.912 0.6999999881
8248  27.814  -86.653  -26.516 0.6000000238
8269  26.237  -86.999  -26.995 0.6000000238
10497  31.646  -83.726  -26.358 0.6000000238
9735  30.007  -85.314  -26.625 0.8000000119
9742  31.048  -84.329  -26.797 0.6000000238
8266  29.238  -86.255  -27.198 0.8000000119
7629  34.687  -87.817  -26.504 0.6999999881
7002  34.253  -88.423  -26.219 0.6999999881
120083  33.562  -88.073  -26.138 0.6999999881
113003  35.999  -87.565  -27.287 0.6999999881
6400  35.100  -88.437  -26.583 0.6999999881
6995  32.169  -88.564  -25.496 0.6000000238
12663  26.634  -80.790  -23.648 0.6000000238
107877  26.408  -81.128  -24.401 0.6000000238
11900  26.618  -81.344  -23.620 0.6000000238
11923  26.332  -81.747  -24.290 0.6000000238
126447  31.283  -88.158  -26.783 0.6000000238
11177  26.427  -82.056  -23.390 0.5000000000
7679  31.594  -87.708  -29.898 0.6999999881
7028  31.291  -88.222  -28.817 0.6999999881
9708  26.315  -83.516  -22.429 0.4000000060
115865  25.931  -82.836  -23.032 0.5000000000
7707  31.744  -87.674  -32.010 0.6999999881
7693  31.556  -87.646  -30.873 0.8000000119
9715  26.216  -84.598  -22.698 0.5000000000
7719  31.917  -87.671  -33.179 0.6000000238
7078  31.047  -88.208  -31.639 0.6999999881
8974  25.754  -85.429  -23.295 0.6000000238
8350  31.212  -86.913  -33.947 0.6999999881
7728  31.413  -87.539  -33.715 0.6999999881
8972  27.841  -85.466  -23.464 0.6999999881
8973  26.806  -85.515  -23.252 0.6000000238
10587  31.385  -84.301  -33.605 0.6999999881
9830  31.810  -85.190  -33.540 0.6999999881
9723  28.733  -85.263  -23.713 0.5000000000
8216  26.798  -86.314  -24.677 0.6000000238
11285  31.789  -82.562  -33.019 0.6000000238
10560  31.355  -83.354  -32.826 0.6000000238
9812  31.170  -84.273  -33.428 0.6999999881
8990  28.280  -85.770  -24.449 0.6999999881
109328  29.631  -85.079  -24.953 0.5000000000
9722  29.028  -85.348  -24.471 0.6000000238
11258  31.693  -82.524  -31.055 0.6000000238
10486  31.558  -83.675  -25.417 0.6000000238
10487  30.889  -84.166  -24.970 0.5000000000
9005  29.008  -85.612  -25.186 0.6999999881
10485  32.330  -83.203  -25.779 0.6000000238
7648  34.577  -87.070  -26.910 0.6999999881
7630  33.991  -87.614  -26.436 0.6999999881
7631  33.200  -87.675  -26.574 0.6000000238
7632  32.359  -87.788  -26.784 0.6000000238
12654  27.005  -80.432  -22.956 0.4000000060
13461  26.370  -80.226  -23.558 0.5000000000
7651  32.050  -87.701  -27.689 0.6000000238
11899  27.260  -81.086  -22.917 0.5000000000
12674  26.216  -80.880  -25.087 0.6000000238
7666  32.436  -87.341  -28.480 0.6999999881
113045  32.109  -87.414  -29.401 0.6999999881
7012  31.453  -88.172  -27.986 0.6000000238
11154  26.712  -82.548  -22.429 0.5000000000
7692  32.277  -87.251  -31.240 0.6999999881
10461  27.632  -83.606  -21.662 0.4000000060
9099  33.792  -86.273  -33.679 0.6999999881
106184  32.992  -86.640  -33.533 0.6999999881
8337  33.049  -86.891  -33.478 0.6999999881
9706  27.992  -84.410  -22.082 0.6000000238
10585  33.242  -84.206  -33.243 0.6999999881
9829  33.205  -85.389  -33.393 0.6999999881
8349  32.178  -87.030  -33.690 0.6999999881
7718  32.294  -87.240  -33.494 0.6999999881
9705  28.951  -84.411  -22.273 0.5000000000
9714  27.376  -84.912  -22.673 0.5000000000
10569  32.163  -82.997  -33.328 0.6000000238
10586  31.989  -84.099  -33.561 0.6999999881
9100  31.848  -86.247  -33.667 0.6999999881
9712  29.238  -84.758  -23.165 0.5000000000
12026  31.902  -81.557  -32.786 0.5000000000
11284  32.000  -82.007  -33.035 0.6000000238
10570  31.589  -83.596  -33.363 0.6000000238
8265  34.006  -86.523  -27.731 0.6999999881
7665  33.216  -86.978  -27.816 0.6999999881
13450  26.428  -79.706  -22.709 0.4000000060
7650  32.808  -87.420  -27.380 0.6999999881
13462  25.866  -79.701  -23.447 0.4000000060
8278  33.292  -86.708  -28.627 0.6999999881
12675  25.760  -80.266  -24.922 0.6000000238
8309  32.790  -86.829  -30.444 0.8000000119
8293  32.651  -86.965  -29.439 0.6999999881
8324  33.782  -86.602  -31.972 0.6000000238
8325  33.009  -86.927  -31.609 0.6000000238
14295  24.832  -78.499  -26.212 0.6000000238
8348  33.941  -86.371  -33.602 0.6999999881
8336  34.030  -86.639  -33.338 0.6999999881
116727  33.233  -87.114  -32.867 0.6000000238
107977  34.463  -85.909  -34.092 0.6000000238
10568  33.450  -83.111  -33.081 0.6000000238
15077  24.898  -77.229  -27.588 0.5000000000
11283  32.559  -82.050  -32.999 0.6000000238
116943  32.790  -81.113  -32.906 0.5000000000
8292  33.396  -86.487  -29.628 0.6999999881
13451  25.416  -79.116  -22.888 0.4000000060
8308  33.550  -86.467  -30.719 0.8000000119
115199  25.243  -79.398  -23.865 0.5000000000
8323  34.610  -86.369  -32.248 0.8000000119
14270  24.357  -78.191  -24.231 0.4000000060
14254  24.736  -78.715  -23.550 0.4000000060
15050  24.158  -77.587  -24.927 0.4000000060
14280  24.861  -79.143  -25.373 0.5000000000
9827  35.428  -84.911  -34.342 0.6000000238
109243  34.624  -86.219  -34.027 0.6000000238
8347  34.572  -86.367  -33.901 0.6999999881
15796  23.755  -76.841  -24.635 0.4000000060
10584  34.565  -84.328  -33.633 0.6000000238
15834  24.384  -76.887  -26.730 0.4000000060
11282  33.696  -82.024  -32.899 0.6000000238
12023  33.799  -80.988  -32.841 0.5000000000
12812  33.572  -79.932  -32.656 0.5000000000
14235  24.757  -78.396  -22.655 0.4000000060
8291  34.108  -86.106  -29.882 0.8000000119
14255  24.282  -77.976  -23.289 0.4000000060
8307  34.322  -86.184  -30.963 0.6999999881
15030  23.939  -77.444  -23.961 0.4000000060
8346  35.131  -86.211  -34.156 0.6000000238
8322  34.953  -86.412  -33.491 0.6999999881
9828  34.981  -85.437  -34.318 0.6000000238
9098  35.153  -85.873  -34.306 0.6000000238
15797  23.373  -76.084  -24.376 0.4000000060
15814  23.973  -76.942  -25.610 0.4000000060
11307  34.662  -82.993  -33.219 0.6000000238
16659  23.946  -75.963  -27.251 0.4000000060
12048  34.791  -81.826  -33.129 0.4000000060
15770  24.104  -76.906  -22.198 0.4000000060
9070  35.119  -85.988  -31.163 0.6999999881
15010  23.916  -77.222  -23.026 0.4000000060
9085  35.808  -85.995  -33.625 0.6999999881
9069  35.451  -86.063  -32.369 0.6000000238
15784  23.620  -76.649  -23.684 0.4000000060
10601  36.026  -84.439  -34.308 0.6000000238
9848  35.842  -85.192  -34.397 0.6000000238
117383  23.499  -75.697  -25.750 0.4000000060
11306  35.599  -82.681  -33.554 0.6000000238
16660  23.547  -75.443  -26.552 0.3000000119
12047  35.762  -81.647  -33.424 0.4000000060
12022  34.887  -80.846  -32.866 0.4000000060
12021  35.916  -80.970  -33.198 0.4000000060
15785  23.364  -75.733  -23.392 0.4000000060
16627  23.066  -75.283  -24.232 0.4000000060
10582  36.200  -83.462  -34.021 0.6000000238
11305  36.415  -82.426  -33.854 0.6000000238
11304  37.219  -82.332  -34.087 0.6000000238
12046  36.654  -81.411  -33.616 0.4000000060
12830  37.128  -80.868  -33.407 0.5000000000
12810  36.446  -80.659  -33.132 0.4000000060
19176  22.094  -73.007  -28.684 0.3000000119
12809  37.135  -80.440  -32.959 0.4000000060
19093  24.072  -72.883  -21.998 0.4000000060
19149  21.406  -72.074  -25.606 0.3000000119
18309  19.092  -73.040  -27.665 0.4000000060
19092  24.753  -72.103  -21.750 0.4000000060
123763  23.509  -72.104  -22.884 0.4000000060
19131  21.633  -71.971  -24.876 0.3000000119
20003  22.410  -71.904  -23.702 0.3000000119
113481  21.306  -71.940  -28.051 0.3000000119
20061  21.793  -72.219  -27.428 0.3000000119
19178  21.091  -72.319  -28.496 0.3000000119
19990  24.516  -71.457  -22.559 0.4000000060
20001  24.195  -71.020  -23.214 0.4000000060
20002  23.339  -71.540  -23.365 0.4000000060
20044  21.063  -71.422  -25.920 0.3000000119
20076  21.273  -71.537  -27.356 0.3000000119
18289  14.858  -73.902  -26.748 0.4000000060
119709  13.167  -74.379  -26.744 0.3000000119
18291  12.356  -73.498  -26.363 0.3000000119
20088  20.974  -71.309  -27.488 0.3000000119
120723  19.765  -72.266  -27.832 0.3000000119
20931  23.714  -70.623  -23.791 0.4000000060
20019  22.820  -71.035  -23.993 0.3000000119
20944  22.336  -70.576  -24.584 0.3000000119
20961  21.234  -70.672  -25.597 0.3000000119
18301  16.438  -73.431  -26.900 0.3000000119
20986  20.859  -70.437  -26.714 0.3000000119
113397  14.220  -73.115  -26.656 0.3000000119
20994  20.563  -70.698  -27.175 0.3000000119
19161  14.346  -72.031  -26.599 0.4000000060
18290  13.303  -73.261  -26.528 0.3000000119
20065  13.534  -70.984  -26.255 0.3000000119
19163  12.435  -72.192  -26.232 0.3000000119
20943  23.310  -70.217  -24.389 0.4000000060
20960  21.935  -70.158  -25.238 0.3000000119
19171  16.021  -72.852  -26.938 0.4000000060
21845  21.514  -69.853  -25.762 0.3000000119
19170  16.725  -72.803  -27.067 0.3000000119
18288  15.145  -72.999  -26.814 0.4000000060
112100  16.719  -71.959  -27.128 0.4000000060
20966  13.771  -70.172  -26.028 0.3000000119
21828  23.813  -69.504  -24.723 0.4000000060
20959  22.902  -69.708  -24.956 0.4000000060
21844  22.500  -69.118  -25.674 0.4000000060
22786  22.033  -68.508  -26.442 0.4000000060
21866  21.379  -69.189  -26.335 0.3000000119
113077  19.784  -70.039  -27.002 0.3000000119
20077  17.624  -71.659  -27.087 0.3000000119
20989  16.955  -70.908  -26.812 0.3000000119
20978  16.294  -69.930  -26.390 0.5000000000
20078  16.128  -71.044  -26.895 0.4000000060
114912  15.021  -70.776  -26.543 0.4000000060
20950  13.469  -70.103  -25.299 0.3000000119
21843  23.495  -68.923  -25.339 0.4000000060
22785  22.546  -68.301  -26.369 0.4000000060
22793  22.375  -67.771  -26.791 0.3000000119
24487  20.620  -67.779  -26.455 0.3000000119
23648  19.872  -67.952  -26.056 0.3000000119
22777  18.439  -68.583  -25.898 0.3000000119
21873  20.380  -69.422  -26.684 0.3000000119
22803  20.547  -68.735  -26.564 0.3000000119
22797  18.679  -68.729  -26.416 0.3000000119
22788  18.091  -68.707  -26.105 0.3000000119
21847  17.633  -69.106  -25.698 0.3000000119
21867  18.724  -69.378  -26.736 0.3000000119
21860  16.726  -69.424  -26.080 0.3000000119
20980  14.583  -70.058  -26.135 0.3000000119
20026  13.541  -70.814  -24.398 0.3000000119
21826  25.037  -68.728  -24.498 0.3000000119
22765  24.563  -68.099  -24.883 0.3000000119
22775  23.851  -68.132  -25.485 0.3000000119
23646  23.567  -66.822  -26.424 0.3000000119
25380  22.081  -66.197  -26.191 0.3000000119
23629  20.108  -68.167  -25.235 0.3000000119
23637  23.512  -67.391  -26.285 0.3000000119
24476  22.901  -66.455  -27.325 0.3000000119
25397  21.904  -66.641  -26.813 0.3000000119
24467  20.943  -66.683  -25.846 0.3000000119
21846  18.461  -68.883  -25.502 0.3000000119
20947  17.458  -69.874  -25.114 0.3000000119
20963  15.892  -69.113  -26.013 0.3000000119
20948  15.614  -69.725  -25.211 0.3000000119
20965  14.244  -69.809  -25.542 0.3000000119
124530  14.238  -70.425  -24.705 0.3000000119
22763  26.280  -67.829  -24.026 0.3000000119
123791  24.795  -67.501  -24.740 0.3000000119
23636  24.048  -67.356  -25.474 0.3000000119
24464  23.301  -66.488  -26.254 0.3000000119
24457  21.055  -66.849  -25.210 0.3000000119
21830  18.917  -69.438  -24.815 0.3000000119
122389  17.056  -70.481  -24.615 0.3000000119
20025  15.662  -70.598  -24.444 0.3000000119
19132  13.878  -71.955  -23.794 0.3000000119
23628  20.685  -67.584  -24.805 0.3000000119
22767  19.589  -68.881  -24.931 0.3000000119
20006  17.170  -71.357  -23.967 0.3000000119
20007  16.180  -71.435  -23.913 0.3000000119
20008  15.128  -71.202  -24.072 0.3000000119
19114  14.750  -72.266  -23.622 0.3000000119
22754  20.600  -68.639  -23.732 0.3000000119
21829  19.686  -69.459  -24.265 0.3000000119
20946  18.492  -70.175  -24.539 0.3000000119
23618  21.518  -67.455  -23.655 0.3000000119
21816  20.322  -69.468  -23.549 0.3000000119
20932  19.225  -70.657  -23.968 0.3000000119
20005  18.151  -71.475  -23.717 0.3000000119
19111  17.647  -72.070  -23.178 0.3000000119
19112  16.757  -72.142  -23.313 0.3000000119
18250  15.085  -73.064  -23.042 0.3000000119
4399  34.862  -93.627  -32.127 0.5000000000
4407  34.870  -92.922  -33.588 0.5000000000
4836  35.458  -92.305  -33.261 0.4000000060
115401  27.300  -89.694  -29.757 0.6999999881
7682  26.781  -87.882  -28.956 0.6999999881
5909  35.460  -90.465  -32.181 0.4000000060
4827  35.704  -92.525  -32.421 0.5000000000
112842  28.594  -87.680  -32.242 0.6000000238
107223  30.240  -89.040  -27.950 0.5000000000
8326  29.510  -86.600  -32.758 0.6000000238
7678  32.161  -87.295  -30.188 0.8000000119
7667  31.731  -87.766  -29.085 0.6999999881
124736  32.661  -87.288  -33.260 0.6000000238
115733  32.094  -81.228  -32.933 0.5000000000
117528  32.737  -86.147  -33.548 0.6999999881
15066  24.437  -77.669  -25.905 0.4000000060
12813  32.677  -79.694  -32.624 0.5000000000
10583  35.464  -83.840  -33.843 0.6000000238
9097  35.637  -85.796  -34.187 0.6000000238
10600  36.604  -84.079  -34.351 0.6000000238
17445  23.222  -75.040  -25.803 0.3000000119
19991  23.999  -72.118  -22.406 0.4000000060
21842  24.255  -68.832  -24.908 0.3000000119
22764  25.487  -67.868  -24.499 0.3000000119
9095  37.374  -85.062  -33.698 0.5000000000
9068  36.298  -85.458  -32.150 0.5000000000
118040  35.737  -85.615  -31.325 0.6999999881
9055  36.217  -85.186  -30.798 0.6999999881
125556  34.532  -85.914  -29.354 0.6000000238
9084  36.643  -85.441  -33.328 0.5000000000
8263  35.481  -86.952  -27.242 0.6000000238
7628  35.312  -87.664  -26.816 0.6000000238
9782  36.679  -84.884  -30.174 0.6999999881
9029  36.111  -85.638  -28.664 0.6000000238
8277  35.634  -86.231  -27.883 0.6000000238
9043  35.692  -85.432  -29.521 0.6999999881
9030  35.082  -85.809  -28.841 0.6000000238
8264  34.883  -86.541  -27.520 0.6000000238
9826  37.651  -84.741  -34.097 0.5000000000
9041  37.700  -85.204  -29.302 0.6999999881
9028  37.078  -85.519  -28.799 0.6999999881
8275  37.390  -86.282  -28.336 0.6000000238
7646  37.013  -86.745  -27.824 0.6000000238
9781  37.417  -84.664  -30.406 0.6000000238
9766  37.214  -84.953  -29.606 0.6999999881
8276  36.649  -86.130  -28.022 0.6000000238
9794  38.607  -84.406  -31.640 0.6000000238
10581  38.301  -83.967  -34.345 0.5000000000
9096  36.426  -85.515  -34.033 0.5000000000
9780  38.265  -84.528  -30.654 0.6999999881
9027  37.849  -85.778  -28.939 0.6000000238
7647  36.794  -87.542  -27.764 0.6000000238
128284  38.345  -83.288  -34.152 0.5000000000
9846  37.093  -84.832  -34.299 0.5000000000
114113  38.940  -80.628  -33.682 0.5000000000
5333  26.621  -92.584  -30.054 0.4000000060
5349  27.993  -92.612  -30.183 0.4000000060
5332  27.356  -92.772  -30.072 0.4000000060
124397  27.853  -92.714  -29.777 0.5000000000
5301  27.592  -92.341  -28.692 0.5000000000
11319  37.713  -83.431  -34.325 0.5000000000
5853  28.020  -91.603  -27.701 0.5000000000
5824  25.043  -90.517  -25.262 0.6000000238
12044  38.340  -81.255  -33.727 0.4000000060
5835  27.604  -91.216  -26.682 0.5000000000
5823  25.923  -90.517  -25.023 0.5000000000
4797  26.444  -92.675  -29.233 0.5000000000
4783  26.832  -92.490  -28.386 0.5000000000
4784  25.989  -92.517  -28.228 0.5000000000
123554  26.360  -91.948  -27.199 0.5000000000
5302  25.371  -92.001  -27.392 0.5000000000
5288  26.949  -91.510  -26.418 0.5000000000
5289  25.576  -91.526  -26.520 0.5000000000
5274  25.767  -91.113  -25.699 0.5000000000
122891  26.317  -91.503  -26.207 0.5000000000
13579  39.119  -79.712  -33.577 0.4000000060
12828  38.643  -80.288  -33.502 0.4000000060
7032  24.655  -88.886  -28.216 0.5000000000
5303  24.474  -91.905  -27.591 0.5000000000
11320  36.910  -83.305  -34.236 0.5000000000
12045  37.525  -81.423  -33.770 0.4000000060
7654  24.368  -87.644  -27.221 0.5000000000
7671  23.428  -87.995  -28.025 0.5000000000
7672  22.892  -87.522  -28.384 0.5000000000
7015  24.124  -88.266  -27.752 0.5000000000
12829  37.799  -80.705  -33.441 0.4000000060
7634  23.735  -87.110  -26.746 0.5000000000
7656  22.997  -87.240  -27.788 0.5000000000
8252  23.311  -86.404  -26.412 0.5000000000
8253  22.872  -86.119  -26.989 0.5000000000
106520  22.634  -86.722  -28.393 0.5000000000
7683  22.463  -87.346  -29.871 0.4000000060
114388  23.167  -85.590  -26.145 0.5000000000
8283  22.518  -86.088  -28.669 0.6000000238
8296  22.442  -86.540  -29.342 0.6000000238
9007  24.032  -85.753  -24.985 0.5000000000
9730  23.396  -84.975  -25.500 0.5000000000
9023  22.903  -85.385  -27.066 0.5000000000
9746  22.875  -85.111  -28.029 0.6000000238
9047  22.544  -85.701  -29.225 0.6000000238
9074  22.583  -86.144  -30.844 0.6000000238
7709  22.606  -87.358  -31.647 0.5000000000
8341  22.995  -86.900  -32.483 0.5000000000
8352  24.011  -86.903  -34.169 0.5000000000
8994  24.475  -85.380  -24.245 0.5000000000
9724  24.097  -84.709  -24.336 0.5000000000
9736  23.639  -84.299  -25.772 0.5000000000
9745  23.184  -84.676  -27.292 0.5000000000
9744  23.651  -84.152  -26.742 0.6000000238
9770  23.265  -84.489  -29.324 0.6000000238
9060  22.774  -85.527  -30.655 0.6000000238
8329  22.793  -86.460  -31.686 0.6000000238
8328  23.606  -86.122  -32.691 0.5000000000
12050  25.422  -81.735  -33.215 0.5000000000
9103  24.310  -86.162  -34.214 0.5000000000
9716  25.238  -84.622  -23.193 0.5000000000
127490  24.756  -83.441  -23.983 0.5000000000
10489  24.174  -83.645  -25.208 0.6000000238
10488  24.993  -83.002  -25.776 0.6000000238
10508  25.177  -83.018  -27.699 0.6000000238
110904  23.713  -84.024  -28.643 0.6000000238
119446  24.502  -83.367  -29.116 0.6000000238
106960  23.548  -84.388  -30.308 0.6000000238
9769  23.893  -83.834  -29.653 0.6000000238
9786  23.309  -84.967  -31.036 0.6000000238
9800  24.014  -85.132  -32.354 0.5000000000
106053  24.305  -86.203  -33.765 0.5000000000
121640  24.701  -85.138  -33.307 0.5000000000
9814  24.765  -84.752  -33.523 0.5000000000
9833  24.584  -85.010  -33.994 0.5000000000
112891  24.711  -84.254  -33.493 0.5000000000
11204  25.792  -82.520  -25.410 0.6000000238
11213  25.788  -82.506  -26.369 0.6000000238
11223  25.746  -82.523  -27.283 0.6000000238
11236  25.856  -82.498  -28.145 0.6000000238
122591  25.236  -82.920  -28.622 0.6000000238
10538  24.657  -83.335  -30.096 0.6000000238
111381  26.010  -82.413  -29.084 0.6000000238
10549  24.888  -83.480  -31.152 0.5000000000
10548  25.474  -82.858  -30.686 0.5000000000
9799  24.846  -84.480  -32.843 0.5000000000
10561  25.701  -82.960  -31.865 0.5000000000
11271  26.478  -81.606  -32.071 0.6000000238
10571  25.670  -82.926  -32.827 0.5000000000
11287  26.026  -82.128  -33.008 0.5000000000
12027  26.538  -80.818  -32.849 0.5000000000
12800  26.491  -79.803  -32.565 0.5000000000
11212  26.139  -82.034  -26.971 0.6000000238
11961  26.187  -81.505  -27.783 0.6000000238
11247  26.454  -81.711  -29.628 0.6000000238
11248  26.126  -82.295  -30.191 0.6000000238
12002  27.048  -80.144  -31.569 0.6000000238
12799  26.818  -80.027  -32.646 0.5000000000
11952  26.093  -81.395  -26.727 0.6000000238
11259  26.652  -81.365  -31.061 0.6000000238
12785  27.129  -79.111  -31.862 0.6000000238
111013  27.020  -79.195  -32.291 0.5000000000
110526  25.117  -79.307  -26.056 0.6000000238
13504  25.481  -79.896  -26.280 0.6000000238
119972  25.549  -79.973  -27.131 0.6000000238
111668  26.158  -80.645  -28.402 0.6000000238
11989  26.686  -80.771  -30.254 0.6000000238
13543  26.763  -78.697  -31.067 0.5000000000
14294  25.184  -79.182  -26.833 0.6000000238
13520  25.462  -79.147  -27.939 0.6000000238
14309  25.095  -78.207  -27.401 0.6000000238
13535  26.489  -79.332  -30.068 0.6000000238
14319  25.742  -77.963  -29.549 0.6000000238
15099  25.493  -77.332  -30.103 0.5000000000
15089  25.070  -76.760  -28.690 0.4000000060
125845  34.740  -86.187  -28.100 0.6000000238
9057  34.873  -85.715  -29.985 0.6999999881
9108  36.250  -85.320  -34.248 0.5000000000
10599  37.169  -84.207  -34.421 0.5000000000
12043  39.205  -81.613  -33.536 0.5000000000
120111  38.747  -82.524  -33.739 0.5000000000
5275  24.875  -91.020  -26.000 0.6000000238
9757  23.304  -84.493  -28.043 0.6000000238
10509  24.378  -83.534  -27.220 0.6000000238
9785  24.273  -84.255  -31.504 0.6000000238
10562  25.185  -83.654  -32.335 0.5000000000
12733  25.920  -80.768  -27.388 0.6000000238
11976  26.414  -81.219  -28.981 0.6000000238
112205  25.763  -78.688  -28.946 0.6000000238
14329  25.996  -78.030  -30.517 0.6000000238
3943  34.726  -94.420  -30.249 0.4000000060
3924  36.418  -94.529  -28.814 0.5000000000
4380  36.298  -93.950  -29.212 0.5000000000
4381  35.723  -94.202  -29.531 0.4000000060
123324  35.319  -93.752  -30.224 0.4000000060
4390  35.702  -93.272  -30.209 0.4000000060
4392  34.941  -93.849  -30.783 0.4000000060
5314  37.659  -92.308  -28.514 0.5000000000
4794  36.873  -93.384  -28.707 0.5000000000
5327  36.599  -92.110  -30.150 0.5000000000
4815  36.164  -92.513  -30.780 0.5000000000
4391  35.360  -93.253  -31.413 0.4000000060
5326  37.248  -91.620  -29.722 0.5000000000
118745  37.045  -91.585  -30.807 0.5000000000
5345  36.618  -91.847  -31.384 0.5000000000
4826  36.180  -92.151  -31.974 0.4000000060
5355  36.898  -91.613  -32.582 0.4000000060
5325  37.868  -91.315  -29.012 0.5000000000
5877  37.755  -90.887  -30.090 0.5000000000
5892  38.332  -90.561  -31.337 0.5000000000
5893  37.568  -91.143  -31.010 0.5000000000
5344  37.312  -91.384  -31.939 0.5000000000
4835  36.292  -91.894  -33.102 0.4000000060
7043  37.031  -88.589  -29.339 0.5000000000
6444  36.365  -89.178  -29.402 0.4000000060
6463  36.784  -89.065  -30.263 0.4000000060
6462  37.249  -88.971  -31.155 0.4000000060
112252  36.562  -89.427  -31.274 0.4000000060
5908  35.943  -90.143  -32.599 0.4000000060
5907  37.887  -90.927  -32.133 0.5000000000
5924  36.515  -90.262  -33.244 0.4000000060
5938  36.306  -90.862  -33.458 0.4000000060
5380  35.777  -91.278  -33.420 0.4000000060
5906  38.555  -90.642  -32.666 0.4000000060
123021  37.839  -91.149  -32.945 0.5000000000
5379  36.522  -91.284  -33.373 0.4000000060
5366  37.065  -91.429  -33.157 0.4000000060
7077  37.780  -88.926  -32.139 0.4000000060
6499  37.696  -89.442  -32.823 0.4000000060
107160  39.278  -90.260  -32.408 0.4000000060
6513  37.255  -90.183  -33.491 0.4000000060
5937  36.983  -90.725  -33.483 0.4000000060
5923  38.607  -90.620  -33.074 0.4000000060
5365  38.083  -90.790  -33.176 0.4000000060
5378  37.443  -91.056  -33.299 0.4000000060
7025  37.266  -87.907  -28.611 0.5000000000
126006  37.528  -88.075  -29.425 0.4000000060
7042  38.030  -87.855  -30.094 0.4000000060
7058  38.702  -88.044  -31.143 0.4000000060
7076  38.550  -88.595  -32.247 0.4000000060
7093  38.386  -89.281  -32.960 0.4000000060
6498  38.916  -89.726  -33.279 0.4000000060
6512  37.953  -89.875  -33.430 0.4000000060
122790  39.789  -89.891  -32.920 0.4000000060
5922  39.226  -90.159  -33.131 0.4000000060
5935  38.462  -90.342  -33.282 0.4000000060
7664  37.449  -87.078  -28.267 0.5000000000
7677  37.813  -87.436  -29.046 0.5000000000
7663  38.026  -86.610  -28.863 0.6000000238
7676  38.400  -87.158  -29.511 0.5000000000
7075  39.437  -88.240  -32.307 0.4000000060
118589  40.234  -88.633  -33.020 0.4000000060
7091  40.971  -88.784  -33.129 0.4000000060
7675  39.078  -86.960  -29.919 0.4000000060
118968  38.412  -86.022  -29.217 0.5000000000
7057  39.549  -87.484  -30.988 0.4000000060
7705  40.304  -87.847  -32.322 0.4000000060
8306  39.783  -86.566  -30.357 0.5000000000
8305  40.540  -86.074  -30.711 0.4000000060
7690  40.499  -87.029  -31.223 0.4000000060
7704  41.024  -87.550  -32.325 0.4000000060
123972  39.134  -85.222  -29.951 0.6000000238
118987  38.408  -85.311  -29.537 0.6000000238
8304  41.225  -85.557  -31.124 0.5000000000
9796  36.875  -84.827  -31.151 0.5000000000
108174  26.199  -82.161  -24.950 0.5000000000
12697  26.198  -81.204  -25.849 0.5000000000
13485  25.386  -79.798  -25.521 0.5000000000
11941  26.352  -81.532  -25.130 0.5000000000
12698  25.831  -80.479  -25.696 0.5000000000
11203  26.326  -81.996  -25.942 0.5000000000
4804  37.007  -92.589  -29.036 0.5000000000
4805  36.332  -92.921  -29.604 0.5000000000
7060  37.416  -88.509  -30.215 0.4000000060
7059  37.936  -88.494  -31.150 0.4000000060
7691  38.752  -87.509  -30.249 0.4000000060
7092  39.299  -89.010  -33.056 0.4000000060
6497  39.965  -89.421  -33.060 0.4000000060
8290  38.565  -86.569  -29.439 0.5000000000
7717  40.865  -88.223  -32.957 0.4000000060
8289  39.042  -86.041  -29.735 0.5000000000
9053  40.424  -85.195  -30.723 0.6000000238
8321  41.252  -86.574  -31.401 0.5000000000
9778  40.188  -84.636  -31.301 0.5000000000
110001  43.209  -78.747  -33.887 0.3000000119
12825  42.374  -80.041  -33.817 0.3000000119
13575  42.516  -79.170  -33.842 0.3000000119
14358  42.901  -77.892  -33.700 0.3000000119
15909  43.839  -76.594  -33.334 0.3000000119
15121  42.843  -77.004  -33.358 0.3000000119
126409  43.456  -80.511  -33.923 0.3000000119
12824  42.917  -81.183  -33.821 0.4000000060
12040  42.333  -82.074  -33.583 0.4000000060
13574  43.557  -79.644  -33.966 0.3000000119
12041  41.247  -82.009  -33.493 0.4000000060
107355  41.766  -81.025  -33.567 0.4000000060
112013  39.099  -83.821  -33.996 0.4000000060
9825  38.375  -84.317  -34.104 0.4000000060
119808  44.101  -79.020  -33.955 0.3000000119
109693  41.042  -79.964  -33.625 0.3000000119
12042  40.170  -81.852  -33.441 0.4000000060
14359  41.828  -77.618  -33.399 0.3000000119
13577  40.328  -79.211  -33.781 0.3000000119
10578  42.218  -83.672  -33.724 0.4000000060
9822  41.826  -84.122  -33.677 0.4000000060
128496  40.270  -84.406  -32.375 0.4000000060
9793  39.495  -84.376  -31.964 0.4000000060
121870  43.928  -81.264  -33.894 0.4000000060
11300  41.779  -83.007  -33.720 0.4000000060
10579  41.307  -83.719  -33.786 0.4000000060
9809  39.558  -84.367  -33.275 0.4000000060
109118  38.865  -84.490  -32.706 0.4000000060
108674  44.291  -80.455  -33.850 0.3000000119
9824  39.931  -84.063  -33.693 0.4000000060
9811  37.164  -84.933  -32.400 0.4000000060
13573  44.596  -79.659  -33.774 0.3000000119
11302  39.707  -82.837  -33.608 0.4000000060
9810  38.443  -84.563  -33.652 0.4000000060
14356  44.805  -78.753  -33.650 0.3000000119
111277  39.593  -80.690  -33.640 0.4000000060
120197  42.508  -84.605  -33.298 0.4000000060
9792  41.126  -84.585  -32.115 0.4000000060
10577  43.238  -83.735  -33.589 0.4000000060
123749  42.566  -84.137  -33.615 0.4000000060
9807  41.533  -84.430  -33.274 0.4000000060
12037  45.568  -81.181  -33.226 0.3000000119
110202  44.413  -82.023  -33.625 0.4000000060
13566  45.450  -79.211  -33.046 0.3000000119
13572  45.205  -79.686  -33.387 0.3000000119
14355  45.251  -78.708  -33.295 0.3000000119
9052  41.017  -84.854  -31.248 0.4000000060
115124  41.953  -84.834  -32.626 0.4000000060
12827  39.245  -79.998  -33.740 0.3000000119
13578  39.636  -79.457  -33.659 0.3000000119
12826  39.980  -79.932  -33.723 0.3000000119
9795  37.706  -84.574  -31.416 0.4000000060
9779  39.163  -84.493  -30.939 0.4000000060
9067  41.830  -85.211  -31.807 0.4000000060
105847  42.118  -78.456  -33.689 0.3000000119
11299  42.795  -82.941  -33.630 0.4000000060
108022  40.601  -80.872  -33.524 0.4000000060
10580  40.324  -83.755  -33.766 0.4000000060
107705  39.062  -84.221  -33.779 0.4000000060
9823  40.935  -84.048  -33.675 0.4000000060
12038  44.813  -81.219  -33.544 0.3000000119
12823  45.068  -80.465  -33.481 0.3000000119
11298  43.830  -82.848  -33.549 0.4000000060
11296  45.309  -81.914  -33.289 0.3000000119
12822  45.484  -80.564  -33.194 0.3000000119
123145  35.324  -96.569  -25.849 0.3000000119
2834  35.169  -97.382  -26.255 0.3000000119
3879  35.313  -95.030  -26.124 0.3000000119
2822  35.652  -97.372  -25.368 0.3000000119
126530  35.200  -95.433  -26.920 0.3000000119
128262  34.992  -96.577  -26.592 0.3000000119
122701  35.426  -94.257  -26.364 0.3000000119
3332  35.064  -95.011  -25.321 0.3000000119
3331  35.209  -95.744  -25.495 0.3000000119
4357  35.733  -93.864  -26.926 0.3000000119
3896  35.528  -94.763  -27.173 0.3000000119
2841  34.913  -95.961  -27.120 0.3000000119
3934  35.851  -94.980  -29.335 0.3000000119
4350  34.993  -93.172  -25.403 0.3000000119
3863  34.615  -94.580  -24.776 0.3000000119
4349  35.457  -93.562  -26.100 0.3000000119
3880  35.065  -94.186  -25.537 0.3000000119
3321  35.018  -95.444  -24.749 0.3000000119
3912  36.058  -95.129  -28.103 0.3000000119
4373  36.786  -94.005  -28.462 0.3000000119
3925  36.169  -95.130  -28.834 0.3000000119
4773  35.947  -93.176  -26.568 0.3000000119
4772  36.470  -93.484  -27.166 0.3000000119
4781  37.365  -93.128  -27.264 0.3000000119
4364  37.044  -93.817  -27.838 0.3000000119
3911  36.549  -94.564  -28.294 0.3000000119
124564  37.305  -93.572  -28.120 0.3000000119
5862  38.419  -90.941  -28.414 0.4000000060
5313  38.234  -91.952  -28.093 0.4000000060
110332  36.830  -97.833  -21.320 0.3000000119
1846  37.002  -98.441  -20.014 0.3000000119
3320  35.594  -96.411  -24.862 0.3000000119
2352  35.820  -97.875  -24.792 0.3000000119
3848  33.569  -94.780  -23.642 0.3000000119
3297  34.646  -96.196  -23.061 0.3000000119
2783  35.925  -97.011  -21.973 0.3000000119
2313  36.657  -97.580  -22.078 0.3000000119
1860  36.851  -98.323  -21.101 0.3000000119
4338  33.916  -93.081  -24.207 0.3000000119
3847  34.265  -95.101  -24.208 0.3000000119
2805  35.653  -96.727  -23.375 0.3000000119
1885  36.630  -98.286  -22.229 0.3000000119
2312  36.974  -98.051  -21.944 0.3000000119
2804  36.117  -97.347  -23.516 0.3000000119
1904  36.238  -98.110  -23.011 0.3000000119
3309  35.848  -96.785  -24.059 0.3000000119
2345  36.099  -97.753  -23.735 0.3000000119
3349  35.392  -95.567  -27.675 0.3000000119
3367  35.182  -96.000  -28.063 0.3000000119
4337  34.490  -93.627  -24.772 0.3000000119
4365  36.260  -94.321  -27.642 0.3000000119
2297  36.347  -97.425  -20.431 0.3000000119
119840  35.834  -98.071  -24.068 0.3000000119
3864  33.811  -94.103  -24.136 0.3000000119
2797  34.392  -96.264  -22.308 0.3000000119
3310  35.136  -95.996  -24.012 0.3000000119
2795  36.160  -97.241  -22.746 0.3000000119
4792  38.054  -92.710  -27.863 0.3000000119
7643  43.633  -87.168  -27.935 0.3000000119
7662  43.345  -87.800  -28.022 0.3000000119
7023  42.877  -88.350  -28.362 0.3000000119
7041  42.093  -88.771  -28.926 0.4000000060
6442  40.499  -89.295  -29.604 0.4000000060
6461  39.882  -89.601  -30.487 0.3000000119
5891  39.173  -89.991  -31.101 0.3000000119
111299  43.815  -87.341  -28.673 0.3000000119
7040  42.738  -88.293  -29.329 0.4000000060
110756  41.994  -88.549  -30.151 0.4000000060
7056  41.889  -88.445  -31.300 0.4000000060
6477  40.165  -89.713  -32.091 0.3000000119
7074  41.612  -88.360  -32.332 0.4000000060
6495  41.260  -88.940  -32.907 0.4000000060
6496  40.682  -89.387  -32.972 0.3000000119
122720  41.570  -88.082  -32.580 0.3000000119
9011  41.939  -86.271  -26.771 0.3000000119
8261  42.733  -86.976  -26.905 0.3000000119
7024  42.427  -88.690  -27.922 0.4000000060
110284  41.210  -89.066  -28.922 0.3000000119
6443  39.713  -89.672  -29.108 0.3000000119
5875  38.949  -90.186  -28.707 0.3000000119
9019  42.947  -85.960  -27.687 0.3000000119
9018  43.624  -86.392  -28.017 0.3000000119
8274  44.019  -86.720  -28.386 0.3000000119
8288  44.334  -86.563  -29.072 0.3000000119
7674  43.341  -87.729  -29.568 0.3000000119
7055  42.566  -88.115  -30.375 0.4000000060
8287  44.638  -86.012  -29.719 0.3000000119
8303  44.125  -86.691  -30.092 0.3000000119
107986  43.584  -87.276  -30.068 0.3000000119
7689  42.991  -87.578  -30.576 0.4000000060
7073  42.337  -87.966  -31.403 0.4000000060
8318  43.937  -86.430  -31.129 0.3000000119
7701  43.258  -86.686  -31.446 0.4000000060
7089  42.023  -87.767  -31.961 0.4000000060
9083  43.415  -85.650  -32.343 0.3000000119
8334  43.098  -86.253  -31.788 0.4000000060
7714  42.480  -87.015  -31.574 0.4000000060
7715  41.809  -87.445  -31.965 0.4000000060
9805  43.554  -85.059  -33.126 0.3000000119
8319  42.682  -85.821  -31.922 0.4000000060
9806  42.715  -85.272  -32.612 0.3000000119
107445  40.548  -89.075  -23.768 0.3000000119
6984  40.895  -88.856  -24.647 0.3000000119
6983  41.643  -89.533  -25.191 0.3000000119
6399  41.992  -89.720  -25.762 0.3000000119
8245  41.276  -86.661  -26.297 0.3000000119
8228  40.643  -86.988  -25.774 0.3000000119
7620  41.972  -88.438  -25.924 0.3000000119
9021  41.309  -85.349  -26.936 0.3000000119
127512  41.057  -85.884  -26.489 0.3000000119
8244  42.216  -87.236  -26.504 0.3000000119
7626  42.400  -88.133  -26.426 0.3000000119
123254  42.459  -88.431  -26.757 0.3000000119
6413  41.690  -89.457  -26.806 0.3000000119
6414  40.839  -89.790  -27.412 0.3000000119
122206  39.766  -90.150  -27.880 0.3000000119
127822  39.003  -90.742  -27.868 0.3000000119
5312  38.832  -91.588  -27.596 0.3000000119
9020  42.136  -85.610  -27.375 0.3000000119
8317  44.315  -85.739  -31.598 0.3000000119
8333  43.713  -86.010  -31.846 0.3000000119
9081  44.606  -84.972  -32.060 0.3000000119
109781  44.420  -84.688  -32.985 0.3000000119
9820  43.913  -84.329  -33.416 0.3000000119
6976  39.772  -88.361  -23.300 0.3000000119
6985  40.144  -88.142  -24.135 0.3000000119
7616  40.530  -87.985  -24.938 0.3000000119
6993  41.377  -88.673  -25.379 0.3000000119
8246  40.285  -86.013  -25.988 0.3000000119
7621  41.010  -87.834  -25.604 0.3000000119
5297  38.573  -92.289  -27.434 0.3000000119
118422  39.632  -88.311  -22.328 0.3000000119
7613  39.414  -87.579  -23.706 0.3000000119
8207  38.963  -86.867  -23.982 0.3000000119
7617  39.664  -87.303  -24.580 0.3000000119
7622  40.265  -87.311  -25.243 0.3000000119
120235  39.085  -87.527  -22.315 0.3000000119
7614  38.921  -87.117  -23.340 0.3000000119
8214  39.097  -86.557  -24.613 0.3000000119
8229  39.666  -86.561  -25.276 0.3000000119
5876  38.450  -90.417  -29.757 0.3000000119
112850  39.182  -89.887  -29.828 0.3000000119
6460  40.735  -89.312  -30.996 0.3000000119
6476  41.053  -89.276  -32.307 0.4000000060
8335  42.486  -86.523  -31.637 0.4000000060
10576  44.224  -83.519  -33.384 0.3000000119
8260  43.192  -86.746  -27.452 0.3000000119
125066  43.316  -87.965  -28.749 0.3000000119
7644  43.127  -87.583  -27.266 0.3000000119
6441  41.279  -88.880  -29.931 0.4000000060
6459  41.400  -88.873  -31.172 0.4000000060
7702  42.712  -87.341  -31.308 0.4000000060
7645  42.721  -87.680  -26.761 0.3000000119
7009  42.277  -88.803  -27.154 0.3000000119
7000  42.698  -88.133  -26.820 0.3000000119
6425  41.635  -89.131  -27.910 0.4000000060
5861  40.537  -89.480  -28.405 0.3000000119
9739  42.594  -85.121  -27.907 0.3000000119
9026  43.445  -85.565  -28.171 0.3000000119
122233  44.147  -86.017  -28.502 0.3000000119
7688  43.450  -87.044  -30.806 0.4000000060
9082  44.076  -85.478  -32.512 0.3000000119
126678  42.116  -89.150  -25.786 0.3000000119
7001  42.364  -88.879  -26.134 0.3000000119
6398  42.281  -89.023  -26.270 0.3000000119
116716  44.850  -84.318  -32.398 0.3000000119
121123  27.309  -91.017  -25.890 0.4000000060
1872  36.734  -98.428  -21.716 0.3000000119
1905  35.775  -98.359  -23.185 0.3000000119
2330  36.502  -97.799  -22.717 0.3000000119
2796  35.294  -96.657  -22.574 0.3000000119
2813  35.958  -97.322  -24.390 0.3000000119
3311  34.011  -95.481  -23.418 0.3000000119
4363  37.708  -93.165  -27.713 0.3000000119
4761  36.570  -92.519  -26.522 0.3000000119
4785  25.123  -92.441  -28.249 0.5000000000
4793  37.532  -93.080  -28.236 0.3000000119
4796  27.176  -92.699  -29.485 0.4000000060
4816  35.764  -92.719  -31.358 0.5000000000
5287  27.253  -91.896  -27.478 0.5000000000
5290  24.704  -91.419  -26.807 0.6000000238
5331  28.501  -92.540  -30.043 0.6000000238
5804  31.557  -90.073  -24.470 0.6000000238
5822  26.652  -90.980  -25.569 0.4000000060
5834  28.291  -90.609  -26.830 0.6000000238
5849  34.519  -90.308  -27.547 0.6999999881
5864  34.629  -90.397  -28.438 0.6999999881
5913  28.407  -91.292  -31.320 0.6999999881
5936  37.723  -90.526  -33.401 0.4000000060
6390  28.138  -89.687  -25.304 0.5000000000
6416  34.863  -89.774  -27.063 0.6999999881
6432  24.551  -89.540  -28.821 0.5000000000
6446  30.198  -89.759  -29.962 0.6999999881
6475  41.388  -88.894  -32.000 0.4000000060
6478  37.158  -89.404  -32.104 0.4000000060
6479  36.469  -89.754  -32.358 0.4000000060
6502  28.318  -90.014  -34.022 0.6999999881
6514  29.633  -89.900  -34.073 0.6999999881
6515  29.052  -90.217  -34.345 0.6999999881
6516  28.776  -90.157  -34.416 0.6999999881
6527  29.013  -89.852  -34.664 0.6000000238
6994  32.851  -88.773  -25.576 0.6999999881
7003  33.479  -88.644  -25.843 0.6999999881
7004  32.794  -88.138  -25.946 0.6000000238
7005  31.772  -88.161  -26.261 0.6000000238
7006  30.968  -88.393  -26.438 0.5000000000
7010  36.272  -88.200  -27.584 0.6000000238
7011  35.740  -88.346  -27.113 0.6999999881
7033  23.887  -88.772  -28.454 0.5000000000
7034  23.088  -88.149  -28.746 0.5000000000
7044  31.233  -88.119  -29.534 0.6999999881
7090  41.337  -88.499  -32.871 0.3000000119
7095  30.205  -89.304  -33.687 0.6000000238
7108  28.445  -88.950  -34.029 0.6000000238
7120  29.840  -88.673  -34.435 0.6000000238
7121  29.280  -89.183  -34.521 0.6000000238
7608  39.168  -87.696  -22.966 0.3000000119
7609  38.784  -86.980  -22.698 0.3000000119
7627  41.633  -87.570  -26.092 0.3000000119
7633  24.605  -87.060  -26.676 0.6000000238
7649  33.601  -87.106  -27.055 0.6999999881
7652  26.188  -87.406  -27.668 0.6999999881
7655  23.596  -87.594  -27.375 0.5000000000
7668  27.172  -87.467  -28.988 0.6999999881
7673  43.955  -87.176  -29.427 0.3000000119
7703  41.542  -87.317  -32.000 0.4000000060
7706  32.520  -87.366  -32.452 0.6999999881
7716  41.282  -87.986  -32.789 0.3000000119
7721  28.445  -88.199  -33.067 0.6000000238
7730  29.112  -88.627  -34.387 0.6000000238
7738  30.803  -87.564  -34.109 0.6999999881
7739  29.712  -88.225  -34.486 0.6000000238
8215  38.690  -86.084  -24.169 0.3000000119
8218  24.832  -86.074  -24.679 0.6000000238
8232  26.328  -86.478  -25.434 0.6000000238
8235  23.646  -86.042  -25.676 0.5000000000
8247  28.759  -86.311  -26.478 0.6999999881
8251  24.022  -86.627  -26.108 0.6000000238
8262  36.316  -86.827  -27.564 0.6000000238
8270  25.398  -86.890  -26.664 0.6000000238
8271  23.023  -86.907  -27.052 0.5000000000
8272  22.791  -86.551  -27.607 0.5000000000
8310  29.549  -86.492  -31.521 0.6999999881
8312  22.420  -86.663  -30.274 0.6000000238
8320  41.965  -86.265  -31.606 0.4000000060
8339  28.890  -87.371  -32.921 0.6000000238
8340  23.612  -86.947  -33.457 0.5000000000
8351  30.580  -86.620  -33.924 0.6999999881
8975  25.003  -85.257  -23.574 0.5000000000
8991  27.303  -86.013  -24.028 0.6000000238
8992  26.288  -86.064  -23.858 0.6000000238
8995  23.775  -85.135  -24.837 0.5000000000
9006  27.632  -86.204  -24.826 0.6999999881
9008  23.559  -85.480  -25.397 0.5000000000
9015  29.453  -85.805  -26.540 0.6999999881
9024  22.663  -85.930  -27.875 0.6000000238
9032  29.788  -86.198  -28.498 0.8000000119
9033  22.654  -85.592  -28.538 0.6000000238
9040  38.757  -84.770  -30.169 0.6000000238
9042  36.473  -85.213  -29.428 0.6999999881
9046  22.828  -85.093  -29.922 0.6000000238
9054  39.788  -85.647  -30.211 0.6000000238
9056  35.605  -85.458  -30.418 0.6999999881
9061  22.483  -85.914  -30.028 0.6000000238
9073  23.067  -85.676  -31.542 0.6000000238
9087  29.937  -86.616  -33.856 0.6999999881
9088  24.617  -85.517  -33.835 0.5000000000
9089  24.428  -85.627  -33.311 0.5000000000
9107  36.966  -85.134  -34.157 0.5000000000
9109  35.567  -85.574  -34.282 0.6000000238
9110  35.420  -85.506  -34.344 0.6000000238
9111  24.394  -85.616  -34.219 0.5000000000
9112  24.026  -86.066  -34.556 0.5000000000
9707  27.008  -84.098  -22.106 0.5000000000
9713  28.396  -84.972  -22.828 0.5000000000
9717  24.556  -84.661  -23.736 0.5000000000
9721  30.109  -84.497  -24.549 0.5000000000
9727  30.291  -84.683  -25.443 0.6000000238
9729  23.772  -84.450  -24.913 0.5000000000
9734  30.412  -84.791  -26.319 0.6000000238
9737  23.190  -84.862  -26.351 0.5000000000
9756  23.742  -84.049  -27.681 0.6000000238
9765  37.959  -84.772  -29.856 0.6999999881
9768  30.854  -84.981  -29.649 0.6000000238
9771  22.809  -85.084  -28.926 0.6000000238
9783  31.395  -84.106  -30.998 0.6000000238
9808  40.609  -84.306  -33.264 0.4000000060
9821  43.169  -84.417  -33.473 0.4000000060
9845  37.769  -84.344  -34.339 0.5000000000
9847  36.517  -84.777  -34.373 0.6000000238
10459  29.455  -83.690  -21.897 0.5000000000
10471  24.821  -83.873  -23.521 0.5000000000
10479  24.903  -83.062  -24.657 0.6000000238
10480  24.296  -83.913  -24.248 0.5000000000
10499  25.101  -83.029  -26.775 0.6000000238
10500  24.281  -83.586  -26.245 0.6000000238
10523  24.457  -83.491  -28.157 0.6000000238
10537  25.323  -82.831  -29.606 0.6000000238
10572  25.118  -83.773  -33.177 0.5000000000
11222  26.154  -82.133  -27.726 0.6000000238
11235  26.321  -81.963  -28.518 0.6000000238
11260  26.136  -82.255  -31.376 0.6000000238
11272  26.130  -82.241  -32.456 0.5000000000
11286  26.406  -81.449  -32.776 0.5000000000
11301  40.788  -83.018  -33.717 0.4000000060
11303  37.961  -82.335  -34.049 0.5000000000
11308  25.785  -81.982  -33.189 0.5000000000
12015  26.819  -80.646  -32.366 0.6000000238
12024  32.398  -80.422  -32.743 0.5000000000
12025  32.162  -80.711  -32.661 0.5000000000
12028  26.221  -81.403  -33.049 0.5000000000
12039  43.406  -82.086  -33.724 0.4000000060
12049  25.971  -81.407  -33.177 0.5000000000
12653  27.584  -80.675  -22.280 0.5000000000
12719  25.837  -80.650  -26.495 0.6000000238
12734  25.740  -80.070  -27.948 0.6000000238
12751  26.441  -80.256  -29.551 0.6000000238
12768  26.800  -79.678  -30.782 0.6000000238
12801  25.282  -80.424  -32.079 0.5000000000
12807  45.501  -80.198  -33.091 0.3000000119
13470  26.211  -80.581  -24.314 0.5000000000
13471  25.798  -79.989  -24.150 0.6000000238
13536  25.990  -79.581  -28.962 0.6000000238
13544  26.217  -78.588  -30.011 0.6000000238
13563  26.940  -78.657  -31.791 0.5000000000
13564  26.710  -78.864  -32.045 0.5000000000
14269  24.726  -78.958  -24.488 0.5000000000
14281  24.523  -78.352  -25.193 0.4000000060
14308  25.446  -78.147  -28.497 0.6000000238
14352  45.528  -78.079  -33.087 0.3000000119
14996  24.382  -77.646  -22.418 0.4000000060
15076  25.182  -77.535  -28.235 0.5000000000
15088  25.420  -77.299  -29.169 0.4000000060
15815  23.574  -76.246  -25.264 0.4000000060
15835  23.826  -76.207  -26.171 0.4000000060
16640  23.214  -75.556  -25.061 0.4000000060
17435  22.876  -74.803  -24.953 0.3000000119
17465  14.067  -74.171  -26.766 0.3000000119
18308  19.921  -72.945  -27.935 0.4000000060
19113  15.778  -72.345  -23.353 0.3000000119
19159  21.497  -72.169  -26.537 0.3000000119
19160  15.259  -71.879  -26.808 0.4000000060
19162  13.396  -72.075  -26.442 0.3000000119
19168  21.803  -72.333  -28.085 0.3000000119
19169  17.458  -72.579  -27.158 0.3000000119
19177  21.579  -72.503  -28.496 0.3000000119
20020  21.973  -71.484  -24.326 0.3000000119
20021  21.498  -71.168  -25.078 0.3000000119
20022  18.611  -70.968  -24.087 0.3000000119
20023  17.831  -70.760  -24.308 0.3000000119
20024  16.361  -70.544  -24.520 0.3000000119
20045  12.928  -70.326  -25.861 0.3000000119
20062  21.248  -71.618  -26.798 0.3000000119
20063  15.577  -71.177  -26.844 0.4000000060
20064  14.406  -70.923  -26.395 0.3000000119
20066  12.654  -71.089  -26.120 0.3000000119
20079  16.093  -71.999  -27.132 0.4000000060
20089  20.706  -71.574  -27.896 0.3000000119
20090  20.044  -71.532  -27.831 0.3000000119
20945  19.250  -69.987  -24.301 0.3000000119
20949  14.903  -69.957  -24.898 0.3000000119
20962  16.869  -69.335  -25.836 0.3000000119
20964  14.951  -69.421  -25.774 0.3000000119
20976  21.193  -69.758  -26.216 0.3000000119
20977  17.272  -69.750  -26.443 0.5000000000
20979  15.415  -70.101  -26.333 0.4000000060
20988  17.729  -70.705  -26.866 0.3000000119
21831  18.154  -69.470  -25.163 0.3000000119
21858  21.889  -69.030  -26.095 0.4000000060
21859  17.471  -69.071  -26.048 0.3000000119
21868  18.003  -69.129  -26.424 0.3000000119
21872  20.810  -69.573  -26.541 0.3000000119
21874  19.326  -69.565  -26.837 0.3000000119
21875  19.028  -70.139  -26.987 0.3000000119
22755  20.141  -68.971  -24.189 0.3000000119
22766  20.354  -68.358  -24.469 0.3000000119
22776  23.187  -68.170  -26.028 0.4000000060
22778  17.918  -68.772  -25.908 0.3000000119
22787  18.609  -68.549  -26.109 0.3000000119
22794  21.651  -68.539  -26.511 0.3000000119
22795  20.119  -68.482  -26.509 0.3000000119
22796  19.333  -69.055  -26.694 0.3000000119
22802  21.083  -68.644  -26.563 0.3000000119
22804  19.880  -69.228  -26.729 0.3000000119
23619  20.866  -67.835  -24.010 0.3000000119
23627  21.257  -67.092  -24.428 0.3000000119
23638  20.536  -67.371  -25.526 0.3000000119
23639  19.901  -67.968  -25.776 0.3000000119
23640  19.145  -68.385  -25.868 0.3000000119
23649  19.213  -68.401  -26.199 0.3000000119
23658  19.941  -68.093  -26.300 0.3000000119
23659  19.391  -68.527  -26.439 0.3000000119
24456  21.639  -66.431  -24.931 0.3000000119
24466  21.486  -66.339  -25.651 0.3000000119
24468  20.477  -67.287  -25.998 0.3000000119
24475  23.142  -66.532  -27.205 0.3000000119
24477  21.797  -66.405  -26.487 0.3000000119
24478  21.135  -66.730  -26.361 0.3000000119
24479  20.532  -67.445  -26.298 0.3000000119
24484  23.029  -66.539  -27.600 0.3000000119
24485  22.631  -66.607  -27.300 0.3000000119
24486  21.193  -67.126  -26.695 0.3000000119
25378  23.088  -66.224  -25.682 0.3000000119
25381  21.428  -66.355  -26.025 0.3000000119
25390  22.815  -66.254  -26.606 0.3000000119
25391  22.439  -66.393  -26.863 0.3000000119
106086  19.214  -68.486  -25.603 0.3000000119
107203  25.245  -79.630  -24.724 0.5000000000
107661  38.066  -84.676  -32.640 0.4000000060
107686  28.856  -91.536  -31.890 0.6999999881
108245  37.140  -89.757  -33.074 0.4000000060
108387  19.786  -70.104  -23.720 0.3000000119
108688  24.182  -83.822  -30.519 0.6000000238
108942  27.134  -79.662  -32.338 0.5000000000
109235  34.195  -85.183  -33.716 0.6000000238
109408  18.199  -69.980  -26.806 0.3000000119
109873  23.917  -71.638  -22.890 0.4000000060
110438  22.614  -87.422  -29.027 0.5000000000
110523  39.593  -84.867  -30.458 0.6000000238
110984  36.160  -94.697  -29.202 0.3000000119
111216  16.899  -73.429  -26.946 0.3000000119
111681  29.297  -91.583  -30.175 0.6000000238
112014  20.886  -70.931  -26.049 0.3000000119
112258  24.776  -77.677  -26.737 0.4000000060
113428  36.104  -85.138  -30.019 0.6999999881
113440  25.268  -90.113  -24.609 0.6000000238
113926  31.253  -83.917  -32.040 0.6000000238
113953  42.846  -88.269  -27.408 0.4000000060
114036  34.145  -86.185  -28.835 0.6000000238
115688  16.449  -69.730  -25.328 0.3000000119
115857  35.110  -95.864  -26.356 0.3000000119
116224  20.426  -72.280  -28.146 0.3000000119
116283  31.599  -87.961  -27.126 0.6000000238
116789  33.577  -90.082  -26.114 0.6000000238
116942  35.260  -90.311  -31.267 0.4000000060
117644  23.149  -84.631  -28.585 0.6000000238
118162  31.775  -87.823  -28.414 0.6999999881
122387  39.160  -90.370  -32.969 0.4000000060
122710  31.098  -84.465  -27.556 0.8000000119
124510  42.620  -86.303  -27.206 0.3000000119
124659  29.664  -86.106  -27.774 0.8000000119
124666  25.706  -82.574  -24.576 0.6000000238
124834  26.931  -83.319  -21.922 0.4000000060
125102  26.782  -92.728  -29.933 0.4000000060
125306  21.791  -67.958  -26.722 0.3000000119
125711  14.337  -71.418  -24.053 0.3000000119
125730  32.174  -91.536  -25.981 0.5000000000
126540  29.739  -89.039  -26.530 0.5000000000
126960  26.426  -78.355  -30.836 0.5000000000
127280  31.295  -85.474  -33.701 0.6999999881
127324  37.500  -80.420  -32.629 0.4000000060
127403  42.333  -88.490  -26.448 0.3000000119
128037  24.309  -76.659  -21.662 0.4000000060
128453  33.025  -80.360  -32.839 0.5000000000
128560  22.478  -86.770  -31.004 0.6000000238
