#!ascii label  , from subject sub-005 vox2ras=TkReg
269
62360  29.249  -25.194  -38.827 0.0000000000
53799  29.851  -33.313  -34.485 0.0000000000
65781  25.085  -19.636  -38.822 0.0000000000
72974  21.334  -11.789  -37.352 0.0000000000
52835  27.938  -34.503  -33.599 0.0000000000
123977  26.525  -18.664  -39.897 0.0000000000
69194  25.308  -16.367  -39.585 0.0000000000
128471  28.036  -26.187  -37.732 0.0000000000
57718  29.929  -28.913  -36.437 0.0000000000
59482  31.345  -27.070  -37.654 0.0000000000
64189  30.381  -23.071  -38.877 0.0000000000
61415  32.051  -25.439  -38.525 0.0000000000
64193  26.978  -22.325  -39.433 0.0000000000
65776  29.074  -20.594  -39.676 0.0000000000
71997  19.193  -13.133  -35.965 0.0000000000
71031  24.856  -15.114  -40.206 0.0000000000
54857  32.103  -32.522  -36.062 0.0000000000
69170  23.225  -17.512  -38.110 0.0000000000
69172  21.906  -16.406  -37.377 0.0000000000
61419  28.865  -25.152  -38.656 0.0000000000
60405  29.164  -26.161  -38.040 0.0000000000
60425  30.124  -25.895  -38.375 0.0000000000
114790  29.438  -34.070  -34.127 0.0000000000
113551  26.191  -20.830  -39.350 0.0000000000
106515  27.848  -21.586  -39.833 0.0000000000
65779  26.698  -20.548  -39.614 0.0000000000
67519  28.270  -18.484  -40.586 0.0000000000
66678  28.839  -19.172  -40.584 0.0000000000
73884  20.099  -10.505  -37.108 0.0000000000
73867  17.402  -11.587  -36.845 0.0000000000
72006  21.385  -12.792  -37.152 0.0000000000
72078  28.143  -12.703  -44.151 0.0000000000
72077  28.269  -13.706  -44.302 0.0000000000
71032  24.960  -14.443  -40.349 0.0000000000
71055  28.494  -14.720  -42.496 0.0000000000
70032  28.011  -15.186  -41.245 0.0000000000
58576  32.119  -29.651  -36.956 0.0000000000
55877  31.458  -30.956  -36.370 0.0000000000
51902  27.246  -34.838  -33.046 0.0000000000
66665  25.580  -19.255  -39.259 0.0000000000
67505  24.749  -18.047  -38.799 0.0000000000
68326  26.570  -18.047  -39.997 0.0000000000
69192  28.016  -17.406  -40.369 0.0000000000
58579  27.949  -28.304  -36.764 0.0000000000
58592  29.036  -27.486  -37.333 0.0000000000
58591  30.042  -27.587  -37.282 0.0000000000
57729  32.333  -29.014  -37.426 0.0000000000
63301  29.250  -24.383  -38.957 0.0000000000
62358  30.429  -25.222  -38.701 0.0000000000
62381  30.785  -24.776  -38.822 0.0000000000
62362  27.831  -24.498  -38.474 0.0000000000
118976  26.701  -23.422  -38.691 0.0000000000
63302  28.313  -23.597  -39.288 0.0000000000
64191  28.234  -22.953  -39.492 0.0000000000
64962  28.776  -21.728  -39.610 0.0000000000
106775  30.945  -20.671  -39.623 0.0000000000
119474  27.696  -19.793  -39.814 0.0000000000
66662  29.279  -19.611  -40.023 0.0000000000
70990  19.450  -14.248  -35.422 0.0000000000
72990  24.810  -13.033  -40.317 0.0000000000
72021  23.390  -13.666  -39.072 0.0000000000
71006  22.095  -14.621  -37.542 0.0000000000
69986  21.966  -15.573  -37.551 0.0000000000
121361  24.707  -15.789  -39.920 0.0000000000
70018  28.199  -16.054  -40.896 0.0000000000
54859  29.550  -31.855  -35.264 0.0000000000
56846  28.378  -29.576  -36.005 0.0000000000
60423  31.740  -25.863  -38.205 0.0000000000
59480  33.487  -28.194  -38.253 0.0000000000
69156  21.298  -16.416  -36.674 0.0000000000
69976  20.730  -15.613  -36.260 0.0000000000
119866  29.139  -25.559  -38.651 0.0000000000
61418  29.633  -25.496  -38.703 0.0000000000
50932  27.042  -36.151  -31.903 0.0000000000
109974  27.669  -35.721  -32.531 0.0000000000
106797  30.362  -34.182  -34.447 0.0000000000
65780  25.456  -20.545  -38.905 0.0000000000
106764  25.870  -20.079  -39.335 0.0000000000
68343  28.842  -17.794  -41.003 0.0000000000
67518  29.497  -18.575  -41.168 0.0000000000
72975  20.881  -11.008  -37.140 0.0000000000
73876  18.864  -10.776  -37.566 0.0000000000
72967  20.589  -11.802  -36.713 0.0000000000
72065  28.249  -14.055  -42.807 0.0000000000
71066  28.597  -14.807  -43.476 0.0000000000
113949  32.821  -30.493  -37.374 0.0000000000
56843  32.051  -30.366  -36.775 0.0000000000
53801  27.978  -33.066  -34.244 0.0000000000
67490  24.178  -18.523  -38.587 0.0000000000
68299  23.299  -18.197  -38.067 0.0000000000
69182  24.194  -16.873  -38.740 0.0000000000
68329  24.819  -17.079  -38.818 0.0000000000
107021  25.898  -17.271  -39.708 0.0000000000
69193  26.863  -17.142  -40.051 0.0000000000
73892  22.656  -10.753  -38.297 0.0000000000
59486  28.221  -27.113  -37.373 0.0000000000
59485  28.776  -26.859  -37.600 0.0000000000
59483  30.347  -26.913  -37.780 0.0000000000
59484  29.466  -26.790  -37.757 0.0000000000
58590  31.215  -27.755  -37.193 0.0000000000
121264  32.109  -27.968  -37.435 0.0000000000
110019  28.242  -35.334  -33.170 0.0000000000
63300  30.067  -24.151  -38.767 0.0000000000
63299  31.189  -23.780  -38.937 0.0000000000
61421  27.286  -24.852  -37.986 0.0000000000
64175  25.396  -22.171  -38.680 0.0000000000
64174  26.410  -22.610  -38.951 0.0000000000
63303  27.871  -23.397  -39.241 0.0000000000
64192  27.531  -22.799  -39.457 0.0000000000
116949  27.939  -22.869  -39.526 0.0000000000
106552  28.263  -21.178  -39.768 0.0000000000
64961  29.906  -21.124  -39.449 0.0000000000
67503  26.084  -18.935  -39.655 0.0000000000
66664  26.420  -19.724  -39.626 0.0000000000
67502  27.046  -19.324  -39.829 0.0000000000
118054  31.247  -19.333  -40.351 0.0000000000
71998  18.395  -12.637  -36.063 0.0000000000
72949  17.784  -12.259  -36.159 0.0000000000
70980  18.708  -13.511  -35.276 0.0000000000
71996  20.029  -13.701  -36.152 0.0000000000
72072  28.005  -13.254  -43.246 0.0000000000
73006  26.143  -12.905  -40.810 0.0000000000
72048  25.382  -13.691  -40.545 0.0000000000
71043  25.702  -14.672  -40.519 0.0000000000
71033  24.541  -14.646  -40.143 0.0000000000
71034  24.156  -15.110  -39.869 0.0000000000
71005  22.619  -15.353  -38.133 0.0000000000
119175  24.378  -15.420  -40.037 0.0000000000
70012  24.131  -15.677  -39.848 0.0000000000
70020  26.415  -15.313  -40.403 0.0000000000
70031  28.619  -15.319  -42.087 0.0000000000
119483  28.584  -15.829  -41.604 0.0000000000
69229  29.256  -16.190  -42.392 0.0000000000
69220  28.915  -16.557  -41.450 0.0000000000
54860  28.557  -31.736  -35.047 0.0000000000
57719  28.742  -28.752  -36.448 0.0000000000
56828  30.309  -30.443  -35.859 0.0000000000
55861  31.383  -31.842  -35.988 0.0000000000
111185  30.512  -31.893  -35.541 0.0000000000
61416  31.003  -25.459  -38.550 0.0000000000
124386  22.355  -17.748  -37.261 0.0000000000
68301  21.878  -17.166  -37.048 0.0000000000
124321  23.676  -17.050  -38.449 0.0000000000
69196  24.470  -16.335  -39.224 0.0000000000
61420  28.527  -25.544  -38.143 0.0000000000
60406  28.551  -26.319  -37.791 0.0000000000
60427  28.866  -25.794  -38.306 0.0000000000
60404  29.775  -26.180  -38.164 0.0000000000
60403  30.576  -26.239  -38.088 0.0000000000
52851  28.470  -33.890  -33.939 0.0000000000
52834  29.009  -34.866  -33.613 0.0000000000
52850  30.031  -34.979  -34.082 0.0000000000
51899  30.682  -35.595  -33.766 0.0000000000
64188  31.651  -22.593  -39.278 0.0000000000
64948  25.044  -21.179  -38.577 0.0000000000
64194  26.025  -21.595  -39.155 0.0000000000
64964  27.531  -22.084  -39.737 0.0000000000
64965  26.839  -21.428  -39.616 0.0000000000
65778  27.372  -21.083  -39.801 0.0000000000
65777  27.868  -20.564  -39.772 0.0000000000
109809  27.298  -18.688  -40.113 0.0000000000
67501  27.932  -19.207  -40.123 0.0000000000
72961  18.956  -11.914  -36.580 0.0000000000
72008  19.831  -12.465  -36.384 0.0000000000
72066  27.815  -13.420  -42.194 0.0000000000
72047  26.383  -13.820  -40.918 0.0000000000
71056  28.100  -14.136  -41.941 0.0000000000
71042  27.013  -14.651  -40.865 0.0000000000
122503  28.258  -14.725  -41.793 0.0000000000
70041  29.039  -15.454  -43.027 0.0000000000
56844  30.935  -29.745  -36.391 0.0000000000
115091  27.240  -34.118  -33.468 0.0000000000
52852  27.583  -33.642  -33.842 0.0000000000
53800  28.890  -33.195  -34.316 0.0000000000
66649  24.342  -19.235  -38.466 0.0000000000
66666  24.862  -18.813  -38.792 0.0000000000
67504  25.353  -18.465  -39.205 0.0000000000
68314  24.148  -17.802  -38.688 0.0000000000
68327  25.800  -18.077  -39.634 0.0000000000
126860  27.413  -17.982  -40.219 0.0000000000
69205  29.276  -17.405  -41.427 0.0000000000
120729  20.637  -10.120  -37.005 0.0000000000
126134  21.365  -11.191  -37.360 0.0000000000
72980  22.483  -11.996  -38.591 0.0000000000
58593  28.322  -27.596  -37.192 0.0000000000
58578  29.494  -28.152  -36.826 0.0000000000
58577  30.921  -28.589  -36.751 0.0000000000
57717  32.918  -29.961  -37.666 0.0000000000
62383  29.111  -24.700  -38.955 0.0000000000
62359  29.859  -25.110  -38.826 0.0000000000
62382  29.899  -24.782  -38.824 0.0000000000
62357  31.417  -25.127  -38.751 0.0000000000
62380  32.115  -24.365  -39.137 0.0000000000
62356  32.624  -24.929  -38.777 0.0000000000
113128  27.940  -25.154  -38.094 0.0000000000
106506  28.534  -24.844  -38.555 0.0000000000
62361  28.889  -24.683  -38.893 0.0000000000
63286  27.550  -23.795  -38.821 0.0000000000
63285  28.325  -24.153  -38.921 0.0000000000
126191  28.675  -24.236  -39.059 0.0000000000
106190  28.661  -23.852  -39.195 0.0000000000
64190  29.241  -23.579  -39.092 0.0000000000
120988  27.945  -22.331  -39.722 0.0000000000
120844  28.614  -22.833  -39.459 0.0000000000
106777  29.561  -22.363  -39.232 0.0000000000
107383  30.914  -21.717  -39.262 0.0000000000
108718  27.228  -20.175  -39.726 0.0000000000
108130  28.471  -20.292  -39.763 0.0000000000
65775  30.321  -19.958  -39.762 0.0000000000
70989  20.298  -14.713  -36.033 0.0000000000
72992  23.828  -12.209  -39.693 0.0000000000
72991  24.300  -12.732  -40.083 0.0000000000
72979  23.261  -12.691  -39.130 0.0000000000
72022  22.714  -13.309  -38.466 0.0000000000
72013  22.112  -13.585  -37.632 0.0000000000
109071  24.258  -14.372  -39.870 0.0000000000
114032  23.169  -14.226  -38.776 0.0000000000
120808  21.465  -13.886  -37.014 0.0000000000
70998  20.802  -14.237  -36.536 0.0000000000
110824  20.905  -15.028  -36.561 0.0000000000
69975  21.389  -15.666  -36.903 0.0000000000
69985  22.560  -16.225  -37.963 0.0000000000
69197  24.128  -16.075  -39.403 0.0000000000
70019  27.333  -15.606  -40.567 0.0000000000
69207  26.647  -16.083  -40.085 0.0000000000
128240  25.990  -16.496  -39.762 0.0000000000
70009  27.662  -16.500  -40.336 0.0000000000
69206  28.553  -16.888  -40.752 0.0000000000
54842  29.265  -32.515  -34.773 0.0000000000
56845  29.568  -29.585  -36.070 0.0000000000
56829  29.160  -30.313  -35.682 0.0000000000
54841  30.357  -32.705  -35.068 0.0000000000
61417  30.200  -25.448  -38.614 0.0000000000
60424  30.782  -25.759  -38.344 0.0000000000
60402  31.544  -26.396  -37.924 0.0000000000
59497  32.679  -26.820  -37.996 0.0000000000
59481  32.412  -27.456  -37.700 0.0000000000
58589  33.021  -28.703  -37.849 0.0000000000
60426  29.392  -25.836  -38.454 0.0000000000
63304  27.265  -23.070  -39.123 0.0000000000
64963  28.186  -22.135  -39.726 0.0000000000
66663  28.317  -19.721  -39.928 0.0000000000
67491  23.687  -18.356  -38.400 0.0000000000
68315  23.687  -17.702  -38.468 0.0000000000
68328  25.346  -17.102  -39.289 0.0000000000
68342  29.600  -18.092  -41.520 0.0000000000
69171  22.613  -17.128  -37.632 0.0000000000
69183  23.775  -16.356  -38.778 0.0000000000
69184  23.216  -16.721  -38.240 0.0000000000
69195  24.793  -16.312  -39.426 0.0000000000
69999  23.771  -15.579  -39.333 0.0000000000
70000  23.220  -15.913  -38.561 0.0000000000
70010  25.581  -15.660  -40.032 0.0000000000
70011  24.317  -15.905  -39.799 0.0000000000
70997  21.459  -14.854  -36.990 0.0000000000
71017  23.730  -14.541  -39.379 0.0000000000
71018  23.222  -15.061  -38.766 0.0000000000
71048  27.819  -14.451  -41.395 0.0000000000
72007  20.670  -13.174  -36.628 0.0000000000
72034  24.792  -13.969  -40.287 0.0000000000
72035  24.478  -13.758  -40.097 0.0000000000
72071  28.297  -14.130  -43.682 0.0000000000
72973  21.951  -12.485  -37.863 0.0000000000
73889  21.882  -11.319  -37.780 0.0000000000
112812  22.663  -14.387  -38.218 0.0000000000
122156  25.226  -17.740  -39.105 0.0000000000
125719  28.602  -28.006  -36.935 0.0000000000
126152  30.622  -33.537  -34.774 0.0000000000
128330  30.706  -31.220  -35.780 0.0000000000
