#!ascii label  , from subject sub-006 vox2ras=TkReg
859
94784  40.657  6.662  17.036 0.0000000000
92448  47.869  3.993  10.052 0.0000000000
97081  54.386  9.160  8.881 0.0000000000
90041  48.643  0.698  0.425 0.0000000000
90796  42.470  1.781  15.915 0.0000000000
96298  54.563  8.710  17.060 0.0000000000
93289  49.664  4.011  2.289 0.0000000000
96352  46.070  8.440  7.694 0.0000000000
130021  51.226  3.824  17.671 0.0000000000
92423  46.283  3.595  15.487 0.0000000000
89139  45.395  -0.418  11.505 0.0000000000
97086  49.422  10.431  9.063 0.0000000000
94895  49.158  7.022  5.088 0.0000000000
94846  53.225  6.507  9.612 0.0000000000
96397  52.380  8.225  0.255 0.0000000000
144769  45.318  12.117  5.291 0.0000000000
95555  45.689  7.074  16.528 0.0000000000
94808  43.908  6.026  15.911 0.0000000000
89128  44.819  -0.617  14.889 0.0000000000
126942  53.210  9.595  12.961 0.0000000000
126940  50.093  9.169  12.846 0.0000000000
97073  51.292  9.618  9.515 0.0000000000
97836  50.222  11.152  5.766 0.0000000000
96370  52.183  9.465  6.138 0.0000000000
92432  50.317  3.557  13.474 0.0000000000
132132  52.032  5.436  13.206 0.0000000000
94049  49.978  5.311  9.708 0.0000000000
91693  51.616  2.907  -0.666 0.0000000000
147488  51.187  5.687  1.451 0.0000000000
142345  49.708  4.191  -0.983 0.0000000000
94119  47.628  6.431  0.534 0.0000000000
90870  47.385  2.053  0.893 0.0000000000
89210  46.197  -0.477  4.220 0.0000000000
142389  38.178  5.184  17.232 0.0000000000
93203  41.822  4.516  15.534 0.0000000000
96313  54.822  8.890  12.684 0.0000000000
134183  47.262  2.311  7.460 0.0000000000
93263  48.826  4.031  6.730 0.0000000000
90856  49.081  1.593  3.558 0.0000000000
149147  52.302  1.324  0.900 0.0000000000
94762  50.431  6.558  19.397 0.0000000000
94782  48.547  6.632  17.512 0.0000000000
93189  49.185  3.564  16.316 0.0000000000
91618  48.692  1.830  14.472 0.0000000000
91610  44.567  2.383  15.270 0.0000000000
89972  46.404  0.552  14.575 0.0000000000
90807  46.205  1.653  11.006 0.0000000000
89172  46.840  -0.309  8.407 0.0000000000
93179  35.355  4.453  18.741 0.0000000000
97051  47.487  9.554  12.214 0.0000000000
97812  47.454  11.318  9.025 0.0000000000
140579  48.055  11.569  5.204 0.0000000000
95605  47.556  7.825  7.176 0.0000000000
94090  46.133  5.492  5.268 0.0000000000
94791  53.047  5.348  17.040 0.0000000000
94815  54.247  6.602  13.217 0.0000000000
95599  55.175  7.577  8.782 0.0000000000
94088  50.983  5.173  5.671 0.0000000000
94885  54.067  6.291  4.819 0.0000000000
134383  54.723  8.314  4.577 0.0000000000
95633  50.876  7.691  2.867 0.0000000000
94105  46.741  5.937  2.872 0.0000000000
97840  44.605  11.813  5.382 0.0000000000
99205  45.709  13.145  6.250 0.0000000000
95558  43.085  7.139  16.803 0.0000000000
94799  41.891  6.340  16.485 0.0000000000
134035  53.448  9.538  11.133 0.0000000000
134646  52.128  9.419  10.515 0.0000000000
97083  52.424  9.525  9.273 0.0000000000
126453  52.120  10.202  7.324 0.0000000000
97096  52.974  9.661  7.631 0.0000000000
92438  49.160  3.669  12.315 0.0000000000
93219  50.260  4.769  12.003 0.0000000000
93238  49.296  4.876  10.030 0.0000000000
90877  49.991  1.417  -0.774 0.0000000000
92522  51.286  3.556  -1.033 0.0000000000
91694  49.038  2.718  -0.423 0.0000000000
91695  48.160  3.091  0.124 0.0000000000
90042  47.950  1.377  0.570 0.0000000000
89226  47.260  -0.154  2.410 0.0000000000
88387  48.267  -1.140  1.594 0.0000000000
92416  39.003  4.014  16.902 0.0000000000
97020  54.216  9.786  14.816 0.0000000000
96308  54.717  9.118  15.405 0.0000000000
90012  47.838  0.786  5.950 0.0000000000
135538  48.193  2.116  5.316 0.0000000000
90018  48.641  0.898  4.585 0.0000000000
90031  51.716  1.054  1.717 0.0000000000
89231  53.116  0.450  0.650 0.0000000000
90046  52.517  0.908  -0.080 0.0000000000
94005  46.251  5.219  15.739 0.0000000000
93994  47.646  5.393  16.207 0.0000000000
93199  47.563  3.905  15.758 0.0000000000
91606  48.638  2.385  15.602 0.0000000000
91607  47.869  1.865  15.537 0.0000000000
141537  42.115  3.164  15.678 0.0000000000
134374  43.225  3.886  15.329 0.0000000000
139608  43.130  1.860  15.522 0.0000000000
89131  45.309  -0.494  13.478 0.0000000000
89969  45.841  0.270  14.870 0.0000000000
89975  45.685  0.095  12.967 0.0000000000
90804  46.687  1.188  12.956 0.0000000000
90808  45.819  0.946  11.458 0.0000000000
90819  46.292  0.946  9.115 0.0000000000
89160  45.907  -0.164  9.786 0.0000000000
87472  48.222  -2.041  9.431 0.0000000000
97059  49.459  9.261  11.154 0.0000000000
97049  49.030  9.198  12.708 0.0000000000
97075  48.189  9.873  10.496 0.0000000000
97076  47.351  10.013  10.740 0.0000000000
133004  48.124  11.005  9.043 0.0000000000
98496  48.030  12.372  6.633 0.0000000000
97820  48.944  12.063  6.852 0.0000000000
96372  49.767  9.112  6.131 0.0000000000
96373  48.991  9.442  6.225 0.0000000000
145785  48.767  7.467  6.294 0.0000000000
94877  47.608  6.532  6.377 0.0000000000
133881  47.706  6.196  5.507 0.0000000000
94780  50.760  5.350  18.505 0.0000000000
94768  51.809  5.415  18.975 0.0000000000
93990  51.967  4.071  17.549 0.0000000000
94027  52.650  6.313  11.372 0.0000000000
94015  52.901  5.723  13.381 0.0000000000
135335  53.409  6.729  11.183 0.0000000000
94825  54.427  7.295  10.856 0.0000000000
94845  54.045  6.767  9.413 0.0000000000
93276  49.731  4.094  4.556 0.0000000000
93269  50.269  4.749  5.839 0.0000000000
93281  50.385  4.569  4.164 0.0000000000
94922  52.528  7.253  0.274 0.0000000000
94903  52.901  6.450  2.276 0.0000000000
94911  54.438  7.557  2.108 0.0000000000
94892  55.210  7.124  4.671 0.0000000000
96389  54.312  8.149  1.848 0.0000000000
95631  52.739  8.090  3.081 0.0000000000
95641  51.727  8.205  1.772 0.0000000000
93297  46.465  4.637  1.431 0.0000000000
94113  46.756  5.889  1.793 0.0000000000
92508  45.418  4.234  2.655 0.0000000000
92501  44.891  4.206  3.181 0.0000000000
95529  53.412  7.528  18.407 0.0000000000
97112  45.023  10.220  6.549 0.0000000000
97111  46.236  10.745  5.821 0.0000000000
96299  45.687  8.195  17.894 0.0000000000
95556  44.863  7.340  16.752 0.0000000000
94807  44.754  6.088  15.855 0.0000000000
93201  45.712  4.497  15.493 0.0000000000
89966  43.693  0.256  15.628 0.0000000000
126941  51.177  9.103  13.018 0.0000000000
134645  50.883  9.498  10.490 0.0000000000
133149  50.217  9.797  9.581 0.0000000000
126265  49.655  11.740  6.713 0.0000000000
97818  50.862  11.030  6.854 0.0000000000
97118  50.872  10.507  5.889 0.0000000000
95618  50.978  8.414  5.492 0.0000000000
92418  50.462  2.806  15.640 0.0000000000
93206  51.775  3.958  15.582 0.0000000000
93210  50.972  3.925  13.963 0.0000000000
94020  50.895  5.259  12.096 0.0000000000
94047  51.646  5.890  9.260 0.0000000000
92513  50.549  3.651  0.705 0.0000000000
93294  50.406  4.819  1.604 0.0000000000
93302  51.476  4.449  -0.911 0.0000000000
151662  51.578  5.952  -0.794 0.0000000000
94935  50.310  6.873  -1.050 0.0000000000
150239  50.196  7.743  -0.083 0.0000000000
94137  48.991  6.044  -1.065 0.0000000000
92514  46.923  3.787  1.018 0.0000000000
90862  46.154  1.906  2.341 0.0000000000
88372  47.070  -1.379  3.493 0.0000000000
94802  39.495  6.056  16.831 0.0000000000
93997  41.535  5.672  16.025 0.0000000000
93191  40.329  4.597  16.191 0.0000000000
92414  40.737  3.815  16.035 0.0000000000
137302  41.566  2.420  16.598 0.0000000000
97030  53.755  9.723  14.320 0.0000000000
97048  54.081  9.782  12.611 0.0000000000
97054  54.688  9.180  11.469 0.0000000000
92463  47.624  3.467  8.553 0.0000000000
93247  48.732  4.307  8.557 0.0000000000
91660  48.179  3.334  6.273 0.0000000000
92486  48.411  2.950  5.308 0.0000000000
91677  49.220  2.308  3.235 0.0000000000
90025  49.589  0.832  3.194 0.0000000000
90855  49.582  1.679  2.696 0.0000000000
91688  50.284  2.859  1.249 0.0000000000
91687  51.606  2.772  0.101 0.0000000000
90053  50.904  1.343  -0.864 0.0000000000
90048  50.060  0.616  -0.521 0.0000000000
88386  48.945  -1.360  1.111 0.0000000000
95532  49.215  7.077  18.956 0.0000000000
94781  50.042  5.576  17.856 0.0000000000
95554  47.608  6.919  17.102 0.0000000000
93993  48.435  5.460  16.563 0.0000000000
93188  49.896  3.688  16.992 0.0000000000
92430  49.949  2.419  15.153 0.0000000000
152523  49.150  2.305  13.930 0.0000000000
133217  48.549  2.978  12.402 0.0000000000
142095  42.739  5.408  15.754 0.0000000000
93202  43.792  4.509  15.460 0.0000000000
137483  45.920  2.800  15.445 0.0000000000
89965  44.683  0.448  15.486 0.0000000000
90792  46.003  1.227  15.439 0.0000000000
133995  47.169  1.649  15.555 0.0000000000
90798  47.484  1.226  14.630 0.0000000000
91625  47.435  2.407  12.022 0.0000000000
92449  47.220  3.245  10.224 0.0000000000
91648  46.728  2.357  8.758 0.0000000000
147812  46.898  0.999  7.787 0.0000000000
89182  47.619  -0.078  6.904 0.0000000000
88305  46.719  -1.161  9.426 0.0000000000
89171  47.497  -0.925  8.280 0.0000000000
94787  38.072  6.113  17.487 0.0000000000
93184  36.832  4.783  17.903 0.0000000000
92401  35.407  3.381  19.447 0.0000000000
145415  48.385  9.881  15.183 0.0000000000
97052  46.776  9.825  12.338 0.0000000000
98505  46.467  12.761  6.440 0.0000000000
97839  46.900  11.758  5.301 0.0000000000
152126  46.936  10.486  5.866 0.0000000000
97837  49.399  11.561  5.525 0.0000000000
144311  48.257  9.588  6.284 0.0000000000
95606  46.927  8.190  7.493 0.0000000000
94777  53.422  6.320  17.296 0.0000000000
93195  52.504  4.757  15.375 0.0000000000
94804  54.011  6.166  15.301 0.0000000000
95565  54.339  6.820  14.742 0.0000000000
94814  54.578  7.175  12.815 0.0000000000
96319  55.050  8.422  10.951 0.0000000000
96340  55.316  8.148  9.008 0.0000000000
93253  49.638  4.618  8.078 0.0000000000
94069  50.849  5.337  7.451 0.0000000000
94067  52.434  5.957  7.242 0.0000000000
94103  51.885  5.866  3.138 0.0000000000
147990  53.142  6.183  5.352 0.0000000000
94875  53.584  6.363  6.988 0.0000000000
94873  55.079  7.140  6.769 0.0000000000
95608  55.600  8.050  6.754 0.0000000000
96362  54.402  8.823  7.189 0.0000000000
152361  53.733  8.766  5.807 0.0000000000
95617  51.610  8.030  4.807 0.0000000000
95627  49.708  7.227  4.480 0.0000000000
94923  48.812  7.264  1.142 0.0000000000
94905  48.409  6.515  2.881 0.0000000000
94896  48.621  6.679  4.175 0.0000000000
94098  46.074  5.509  4.324 0.0000000000
89211  45.490  -0.135  4.419 0.0000000000
133642  45.202  13.354  6.177 0.0000000000
127284  45.321  13.358  7.128 0.0000000000
131141  41.057  7.147  17.428 0.0000000000
95559  42.257  7.012  16.895 0.0000000000
94783  41.445  6.805  16.986 0.0000000000
97071  53.915  9.441  10.370 0.0000000000
97072  53.071  9.447  10.194 0.0000000000
130006  53.293  9.596  8.600 0.0000000000
97095  53.766  9.294  8.143 0.0000000000
144420  48.301  3.945  10.884 0.0000000000
93221  48.891  4.139  11.366 0.0000000000
93230  48.679  4.377  10.441 0.0000000000
147128  49.357  0.881  -0.213 0.0000000000
90885  49.942  2.172  -0.944 0.0000000000
90878  49.001  1.633  -0.147 0.0000000000
134820  47.834  0.514  1.056 0.0000000000
89233  48.555  -0.330  0.921 0.0000000000
96306  54.809  9.030  16.189 0.0000000000
148628  54.429  8.135  15.664 0.0000000000
89199  48.334  0.196  5.788 0.0000000000
133328  48.279  0.815  5.298 0.0000000000
89209  48.898  0.166  5.070 0.0000000000
88392  53.195  -0.406  0.650 0.0000000000
89238  52.611  -0.120  0.087 0.0000000000
95601  45.746  7.619  8.313 0.0000000000
93200  46.677  4.300  15.635 0.0000000000
94004  47.195  4.877  15.901 0.0000000000
92422  47.063  3.477  15.644 0.0000000000
92421  47.792  2.907  15.632 0.0000000000
138760  46.988  2.512  15.650 0.0000000000
91612  41.982  2.450  16.075 0.0000000000
91611  42.642  2.518  15.629 0.0000000000
89134  45.243  -0.509  12.427 0.0000000000
89976  45.524  0.236  11.939 0.0000000000
89977  45.554  0.322  11.006 0.0000000000
89984  45.697  0.363  10.159 0.0000000000
89146  45.621  -0.471  10.528 0.0000000000
97074  49.186  9.667  10.228 0.0000000000
97060  48.645  9.353  11.171 0.0000000000
97087  48.555  10.385  9.557 0.0000000000
97811  48.829  11.226  8.495 0.0000000000
97821  48.166  11.791  8.078 0.0000000000
95610  49.435  7.941  6.177 0.0000000000
94886  48.998  7.209  5.751 0.0000000000
94876  48.345  6.801  6.014 0.0000000000
94887  48.478  6.606  5.245 0.0000000000
93986  50.932  4.492  18.046 0.0000000000
93985  51.834  4.204  18.238 0.0000000000
94837  52.921  6.577  10.481 0.0000000000
94827  53.189  6.477  11.875 0.0000000000
138883  53.791  6.901  10.369 0.0000000000
94855  53.458  6.341  8.717 0.0000000000
93282  49.629  3.979  3.519 0.0000000000
94927  52.868  7.930  0.285 0.0000000000
94921  53.668  7.706  0.625 0.0000000000
95648  53.950  8.076  0.590 0.0000000000
95639  54.484  8.035  1.384 0.0000000000
96393  53.340  8.246  0.601 0.0000000000
147526  52.786  8.434  1.192 0.0000000000
95649  52.203  8.423  0.620 0.0000000000
92507  45.707  3.495  2.234 0.0000000000
93290  45.895  4.410  2.032 0.0000000000
140544  45.066  3.391  2.771 0.0000000000
97832  44.368  10.842  6.122 0.0000000000
97831  45.287  11.266  5.737 0.0000000000
95546  44.275  7.763  17.381 0.0000000000
95547  43.461  7.657  17.373 0.0000000000
94797  43.508  6.608  16.341 0.0000000000
94796  44.323  6.664  16.273 0.0000000000
94006  45.227  5.340  15.673 0.0000000000
94007  44.296  5.321  15.678 0.0000000000
126943  52.891  9.587  13.905 0.0000000000
97040  51.551  9.321  13.809 0.0000000000
152873  52.173  9.227  13.227 0.0000000000
97057  51.456  9.383  11.416 0.0000000000
97085  50.817  10.095  8.811 0.0000000000
97098  50.897  10.710  7.936 0.0000000000
97107  52.320  9.855  6.749 0.0000000000
97108  51.458  10.530  6.722 0.0000000000
97117  51.433  10.288  6.254 0.0000000000
127894  51.409  9.582  5.893 0.0000000000
92429  50.498  3.063  14.542 0.0000000000
94039  49.921  5.213  10.612 0.0000000000
94029  50.564  5.456  11.292 0.0000000000
94038  50.622  5.566  10.354 0.0000000000
129400  51.228  5.815  10.821 0.0000000000
94048  50.804  5.549  9.477 0.0000000000
92512  51.418  3.615  -0.474 0.0000000000
136516  50.923  4.481  0.356 0.0000000000
92517  51.415  3.545  -0.864 0.0000000000
142022  50.803  4.307  -1.193 0.0000000000
93309  51.451  4.366  -0.955 0.0000000000
93310  51.293  5.183  -1.241 0.0000000000
94135  51.402  5.953  -1.044 0.0000000000
94136  50.302  6.097  -1.276 0.0000000000
93303  48.852  5.019  -0.659 0.0000000000
92519  47.619  3.883  0.365 0.0000000000
91689  47.467  2.921  0.623 0.0000000000
91690  46.868  2.830  1.327 0.0000000000
90871  46.801  1.969  1.677 0.0000000000
90034  46.753  1.209  2.091 0.0000000000
137321  47.713  -0.938  2.275 0.0000000000
89218  47.165  -0.770  2.957 0.0000000000
94000  38.869  5.697  16.960 0.0000000000
93999  39.707  5.352  16.558 0.0000000000
93193  38.878  4.835  16.814 0.0000000000
92415  39.910  3.803  16.667 0.0000000000
147394  40.591  3.307  16.620 0.0000000000
148665  41.331  3.079  16.236 0.0000000000
91602  40.961  2.682  17.077 0.0000000000
97029  54.051  9.494  13.939 0.0000000000
97038  54.279  9.567  13.023 0.0000000000
97055  54.229  9.662  11.852 0.0000000000
97047  54.525  9.438  12.248 0.0000000000
91654  47.023  2.560  8.117 0.0000000000
92471  47.443  3.174  7.799 0.0000000000
92478  47.621  2.879  6.878 0.0000000000
90850  48.656  1.583  4.272 0.0000000000
91672  48.461  2.228  4.682 0.0000000000
91678  48.781  2.236  3.973 0.0000000000
92500  49.058  2.755  3.747 0.0000000000
89217  50.076  0.079  3.659 0.0000000000
90024  50.709  0.424  2.643 0.0000000000
90032  50.405  1.205  2.235 0.0000000000
90040  51.408  1.645  1.336 0.0000000000
90861  50.306  2.020  1.815 0.0000000000
90869  51.218  2.263  0.956 0.0000000000
90868  52.145  1.811  0.332 0.0000000000
89239  51.517  -0.164  -0.304 0.0000000000
90875  51.846  1.526  -0.496 0.0000000000
90047  51.267  0.613  -0.568 0.0000000000
89240  50.221  -0.173  -0.209 0.0000000000
89232  49.461  -0.776  0.450 0.0000000000
95533  48.431  7.533  18.696 0.0000000000
94771  48.963  6.924  18.254 0.0000000000
147269  49.356  6.327  17.845 0.0000000000
150009  46.103  7.392  16.758 0.0000000000
140985  46.437  7.682  17.226 0.0000000000
94794  46.648  6.904  16.574 0.0000000000
93190  48.229  4.435  16.140 0.0000000000
145127  49.153  4.569  16.605 0.0000000000
92413  49.870  3.003  16.595 0.0000000000
92420  49.280  2.775  15.974 0.0000000000
91617  49.331  2.123  14.818 0.0000000000
91621  48.538  2.242  13.277 0.0000000000
94010  41.293  5.023  15.715 0.0000000000
94009  42.041  5.203  15.648 0.0000000000
92425  43.833  3.128  15.214 0.0000000000
149424  43.784  3.851  15.276 0.0000000000
134593  44.363  3.829  15.275 0.0000000000
138364  44.878  3.029  15.225 0.0000000000
89124  44.434  -0.269  15.417 0.0000000000
89964  45.531  0.655  15.346 0.0000000000
89968  46.317  0.769  15.201 0.0000000000
90791  46.827  1.201  15.423 0.0000000000
90799  46.950  0.920  15.107 0.0000000000
90790  47.394  1.388  15.335 0.0000000000
90802  46.878  0.961  14.113 0.0000000000
131517  46.388  1.475  11.958 0.0000000000
91623  47.045  1.790  12.419 0.0000000000
91626  46.746  2.179  11.514 0.0000000000
91631  47.212  2.843  11.159 0.0000000000
91632  46.609  2.426  10.436 0.0000000000
92456  46.859  2.827  9.468 0.0000000000
91641  46.444  2.108  9.524 0.0000000000
89992  46.478  0.305  8.734 0.0000000000
90827  46.586  0.991  8.413 0.0000000000
90000  46.848  0.369  8.041 0.0000000000
89999  47.217  0.510  7.368 0.0000000000
89183  47.301  -0.232  7.702 0.0000000000
88286  46.862  -1.816  10.021 0.0000000000
126420  47.950  -1.517  8.815 0.0000000000
88319  48.429  -1.346  8.111 0.0000000000
94788  37.351  6.076  17.949 0.0000000000
149713  36.302  5.130  18.244 0.0000000000
134938  36.147  4.383  18.336 0.0000000000
92410  36.938  3.914  17.871 0.0000000000
92405  35.728  3.766  18.774 0.0000000000
129772  48.033  9.410  12.901 0.0000000000
97043  48.600  9.281  13.713 0.0000000000
97036  48.010  9.588  14.413 0.0000000000
97044  47.624  9.558  13.642 0.0000000000
97786  46.902  9.892  13.537 0.0000000000
97045  47.176  9.689  12.951 0.0000000000
97813  46.761  10.729  9.768 0.0000000000
98488  46.602  11.704  9.045 0.0000000000
98497  46.736  12.537  7.810 0.0000000000
98504  47.741  12.337  5.532 0.0000000000
97838  47.795  12.030  5.221 0.0000000000
97121  47.263  11.314  5.356 0.0000000000
97828  50.115  11.533  5.982 0.0000000000
134771  49.254  11.970  5.614 0.0000000000
96363  48.191  8.502  6.647 0.0000000000
96364  47.547  8.917  6.768 0.0000000000
94868  46.986  7.095  7.753 0.0000000000
136287  47.521  7.010  7.142 0.0000000000
94079  46.970  5.780  5.886 0.0000000000
95521  50.980  7.243  19.885 0.0000000000
94779  52.175  4.793  18.548 0.0000000000
94767  52.342  5.662  18.734 0.0000000000
94778  52.739  5.383  18.048 0.0000000000
95543  52.998  6.475  18.197 0.0000000000
94013  52.174  4.601  14.742 0.0000000000
94016  52.100  5.043  13.959 0.0000000000
94816  53.736  6.216  13.236 0.0000000000
144183  53.409  5.717  13.982 0.0000000000
94812  53.946  6.288  14.150 0.0000000000
94811  54.460  7.228  13.809 0.0000000000
94836  54.496  7.268  9.994 0.0000000000
95574  54.902  7.706  11.469 0.0000000000
95584  54.985  7.702  10.508 0.0000000000
96330  55.146  8.136  9.920 0.0000000000
95598  55.376  7.881  8.717 0.0000000000
93254  48.810  4.146  7.618 0.0000000000
140817  49.452  4.395  7.221 0.0000000000
94078  50.689  5.082  6.569 0.0000000000
148442  51.448  5.542  7.068 0.0000000000
94068  51.661  5.738  7.765 0.0000000000
94077  51.708  5.603  6.357 0.0000000000
94112  50.964  5.442  2.577 0.0000000000
134469  51.793  6.192  1.963 0.0000000000
94894  54.060  6.477  3.845 0.0000000000
94094  52.950  6.204  3.512 0.0000000000
94076  52.776  6.078  6.195 0.0000000000
137250  53.856  6.351  5.781 0.0000000000
94865  54.465  6.738  7.334 0.0000000000
94884  54.670  6.624  5.194 0.0000000000
95623  55.156  7.875  4.215 0.0000000000
95616  55.287  7.725  5.357 0.0000000000
96376  55.093  8.154  5.307 0.0000000000
96367  55.439  8.251  6.766 0.0000000000
96377  54.540  8.546  5.511 0.0000000000
96368  54.210  8.758  6.392 0.0000000000
144900  53.964  8.708  5.054 0.0000000000
95632  51.881  7.839  3.051 0.0000000000
133654  52.222  8.049  3.960 0.0000000000
95626  51.098  7.541  4.060 0.0000000000
144379  50.367  7.384  4.322 0.0000000000
141249  50.210  7.281  3.671 0.0000000000
135397  48.497  6.612  -0.229 0.0000000000
131614  49.434  7.503  0.320 0.0000000000
94924  48.232  7.054  0.566 0.0000000000
94114  46.259  5.555  2.492 0.0000000000
94906  47.466  6.242  2.301 0.0000000000
94897  47.580  6.231  3.455 0.0000000000
94097  46.839  5.788  3.917 0.0000000000
94106  46.010  5.509  3.344 0.0000000000
92502  44.333  3.416  3.323 0.0000000000
92494  44.467  4.331  3.721 0.0000000000
89220  46.002  0.170  3.723 0.0000000000
88364  45.955  -0.872  4.794 0.0000000000
98515  43.990  12.344  5.246 0.0000000000
98514  44.804  12.666  5.196 0.0000000000
98513  45.706  12.560  5.507 0.0000000000
94798  42.704  6.500  16.433 0.0000000000
94809  43.118  5.941  16.067 0.0000000000
147765  53.327  9.537  12.098 0.0000000000
97056  52.499  9.423  11.524 0.0000000000
97084  51.517  9.998  8.494 0.0000000000
126578  52.319  9.949  8.121 0.0000000000
132503  49.723  3.336  13.077 0.0000000000
93213  50.023  3.953  12.539 0.0000000000
93220  49.584  4.366  11.779 0.0000000000
93229  49.378  4.622  10.927 0.0000000000
90884  50.805  1.997  -1.116 0.0000000000
138325  51.511  3.056  -0.918 0.0000000000
91700  50.865  2.766  -1.202 0.0000000000
91701  49.976  2.847  -0.991 0.0000000000
92524  49.573  3.384  -0.814 0.0000000000
92518  48.639  3.856  -0.362 0.0000000000
90879  48.047  2.227  0.188 0.0000000000
90043  47.308  1.242  1.295 0.0000000000
90033  47.302  0.523  1.848 0.0000000000
89234  47.800  -0.271  1.651 0.0000000000
93182  38.293  4.249  17.242 0.0000000000
92408  38.472  3.505  17.402 0.0000000000
97021  54.403  9.964  15.603 0.0000000000
147465  54.555  9.646  15.357 0.0000000000
135207  54.487  9.106  14.511 0.0000000000
96311  54.529  8.930  13.563 0.0000000000
90838  47.602  1.456  6.341 0.0000000000
91661  47.473  2.092  6.758 0.0000000000
90845  47.971  1.495  5.622 0.0000000000
90844  48.336  1.510  4.953 0.0000000000
151934  48.995  1.053  3.958 0.0000000000
89225  52.192  0.423  2.097 0.0000000000
89224  53.265  0.289  1.462 0.0000000000
90030  52.810  0.865  1.108 0.0000000000
90039  52.597  1.099  0.381 0.0000000000
95544  48.049  7.280  17.912 0.0000000000
94806  45.793  6.194  16.059 0.0000000000
93995  46.862  5.853  16.091 0.0000000000
93198  48.467  3.296  15.842 0.0000000000
91614  48.691  1.902  15.250 0.0000000000
91615  48.092  1.503  15.020 0.0000000000
92427  41.527  3.801  15.654 0.0000000000
134962  42.376  3.880  15.437 0.0000000000
92426  42.899  3.206  15.399 0.0000000000
147280  43.264  2.579  15.391 0.0000000000
139822  43.892  2.104  15.357 0.0000000000
89132  44.854  -0.930  13.992 0.0000000000
89970  45.215  -0.020  15.246 0.0000000000
89127  45.403  -0.313  14.486 0.0000000000
89973  45.924  0.031  14.026 0.0000000000
89974  46.334  0.556  13.523 0.0000000000
90805  46.074  0.743  12.437 0.0000000000
90810  46.170  1.646  10.138 0.0000000000
90811  45.794  1.016  10.568 0.0000000000
89983  46.116  0.328  9.445 0.0000000000
89159  46.416  -0.379  9.167 0.0000000000
87460  47.598  -2.252  9.980 0.0000000000
88302  49.746  -1.871  8.898 0.0000000000
128143  49.783  9.233  12.015 0.0000000000
97042  49.498  9.194  13.526 0.0000000000
128506  49.031  9.228  11.821 0.0000000000
97050  48.332  9.345  12.044 0.0000000000
97061  47.810  9.609  11.389 0.0000000000
97088  47.630  10.463  9.844 0.0000000000
98487  47.402  12.143  7.920 0.0000000000
97829  48.452  12.218  5.483 0.0000000000
130456  50.369  10.245  5.792 0.0000000000
97119  49.685  10.608  5.690 0.0000000000
95611  48.843  8.288  6.430 0.0000000000
94867  48.149  7.460  6.708 0.0000000000
94089  46.992  5.648  4.941 0.0000000000
94769  50.973  5.647  19.036 0.0000000000
93980  51.542  4.885  18.609 0.0000000000
93984  52.398  4.548  17.948 0.0000000000
94018  52.484  5.966  12.378 0.0000000000
94820  53.441  6.314  12.519 0.0000000000
94826  53.803  6.700  11.822 0.0000000000
142098  54.298  7.057  11.647 0.0000000000
145636  53.941  6.994  11.177 0.0000000000
94844  54.788  7.271  9.196 0.0000000000
138844  49.649  4.311  5.443 0.0000000000
93262  49.673  4.502  6.403 0.0000000000
93275  50.317  4.749  5.090 0.0000000000
94096  51.052  5.295  4.758 0.0000000000
94111  51.832  6.434  0.738 0.0000000000
94913  52.903  6.842  1.044 0.0000000000
94902  54.052  6.700  2.657 0.0000000000
94901  54.760  6.930  3.209 0.0000000000
94893  54.778  6.712  4.213 0.0000000000
94910  54.944  7.507  2.895 0.0000000000
95630  55.118  7.927  3.136 0.0000000000
96386  54.391  8.353  2.968 0.0000000000
96382  54.154  8.351  4.115 0.0000000000
96387  53.619  8.340  2.429 0.0000000000
95640  52.759  8.331  2.125 0.0000000000
95642  50.628  8.007  1.625 0.0000000000
94120  46.711  5.552  1.232 0.0000000000
146206  46.986  6.156  1.012 0.0000000000
94121  46.238  5.236  1.898 0.0000000000
93283  45.757  5.052  2.584 0.0000000000
93284  45.376  4.917  3.245 0.0000000000
141938  54.142  8.260  17.891 0.0000000000
150304  43.885  11.429  5.697 0.0000000000
139015  45.688  9.457  7.253 0.0000000000
147946  45.044  7.881  17.416 0.0000000000
95557  43.933  7.258  16.744 0.0000000000
94795  45.091  6.685  16.273 0.0000000000
90795  42.958  1.022  15.668 0.0000000000
89967  42.760  0.139  16.039 0.0000000000
134098  43.514  -0.566  15.707 0.0000000000
89129  44.190  -0.905  15.219 0.0000000000
88258  44.322  -1.360  14.445 0.0000000000
142803  44.480  -1.531  13.589 0.0000000000
89135  44.757  -1.206  12.904 0.0000000000
89140  45.095  -1.234  11.940 0.0000000000
141371  45.440  -0.984  11.224 0.0000000000
144472  52.095  9.271  12.366 0.0000000000
128144  50.810  9.180  12.173 0.0000000000
97058  50.374  9.345  11.308 0.0000000000
134507  49.981  9.461  10.534 0.0000000000
97810  49.594  11.354  7.858 0.0000000000
97099  50.212  10.624  8.467 0.0000000000
97819  50.266  11.278  7.296 0.0000000000
97109  50.791  10.997  6.097 0.0000000000
97097  51.537  10.516  7.567 0.0000000000
96371  50.666  9.416  5.842 0.0000000000
95609  50.146  8.436  5.933 0.0000000000
95619  49.858  7.620  5.451 0.0000000000
93197  50.944  3.258  16.168 0.0000000000
93186  51.454  3.729  16.792 0.0000000000
93207  51.130  3.428  15.059 0.0000000000
93209  51.604  4.280  14.451 0.0000000000
93211  51.466  4.760  13.516 0.0000000000
93212  50.757  4.505  12.891 0.0000000000
94019  51.521  5.305  12.636 0.0000000000
94028  51.641  5.762  11.606 0.0000000000
94838  52.036  6.140  10.698 0.0000000000
94847  52.305  6.346  9.831 0.0000000000
93295  50.005  4.094  1.416 0.0000000000
94118  51.374  5.611  0.068 0.0000000000
94126  51.623  5.234  -1.064 0.0000000000
94117  51.802  6.613  -0.297 0.0000000000
94928  51.960  7.367  -0.293 0.0000000000
95661  51.335  7.362  -0.616 0.0000000000
95656  50.865  7.873  -0.343 0.0000000000
94929  49.954  7.368  -0.506 0.0000000000
94127  48.080  5.887  -0.193 0.0000000000
93304  47.877  4.896  0.108 0.0000000000
93296  47.020  4.823  0.752 0.0000000000
91683  46.268  2.741  1.992 0.0000000000
90035  46.094  1.153  2.730 0.0000000000
89219  46.648  -0.587  3.613 0.0000000000
149001  46.673  -0.024  3.070 0.0000000000
88363  46.585  -1.181  4.200 0.0000000000
94785  39.854  6.623  17.146 0.0000000000
94800  41.053  6.180  16.519 0.0000000000
94801  40.201  6.073  16.629 0.0000000000
93998  40.693  5.416  16.172 0.0000000000
152089  40.807  4.882  15.862 0.0000000000
93192  39.560  4.532  16.576 0.0000000000
93204  41.054  4.431  15.736 0.0000000000
90788  41.989  1.844  16.465 0.0000000000
97031  53.153  9.779  14.809 0.0000000000
131867  53.981  9.985  14.970 0.0000000000
97039  53.812  9.713  13.425 0.0000000000
128449  54.256  9.437  11.084 0.0000000000
147388  54.311  9.184  9.763 0.0000000000
92455  47.459  3.423  9.307 0.0000000000
92454  48.044  3.923  9.001 0.0000000000
92462  48.117  3.769  8.109 0.0000000000
92470  47.984  3.726  7.146 0.0000000000
91667  47.876  2.344  6.048 0.0000000000
93270  48.893  3.885  5.813 0.0000000000
92485  49.064  3.597  4.898 0.0000000000
92492  49.261  3.374  4.034 0.0000000000
92499  49.389  3.185  2.990 0.0000000000
90017  49.266  0.469  4.182 0.0000000000
91682  49.634  2.573  2.297 0.0000000000
92506  49.738  3.481  1.819 0.0000000000
90867  52.294  1.596  -0.063 0.0000000000
90876  51.900  2.192  -0.365 0.0000000000
90883  51.452  1.943  -0.870 0.0000000000
89241  49.315  0.141  0.161 0.0000000000
148140  49.683  6.998  19.291 0.0000000000
94770  49.900  6.193  18.825 0.0000000000
93991  50.545  3.938  17.456 0.0000000000
95535  46.671  8.103  18.160 0.0000000000
144733  47.218  7.566  17.623 0.0000000000
130597  47.573  6.190  16.494 0.0000000000
94793  48.241  6.247  16.910 0.0000000000
94792  49.104  5.820  17.201 0.0000000000
93992  49.902  4.805  17.236 0.0000000000
93187  50.521  3.369  17.056 0.0000000000
92412  50.248  2.872  16.461 0.0000000000
91605  49.319  2.334  15.505 0.0000000000
92433  49.826  2.690  14.001 0.0000000000
92434  49.203  2.843  13.131 0.0000000000
92439  48.396  3.589  11.640 0.0000000000
126748  47.718  3.528  10.967 0.0000000000
93996  42.340  5.840  16.054 0.0000000000
94008  43.440  5.332  15.704 0.0000000000
139044  42.761  4.693  15.490 0.0000000000
138759  44.748  4.564  15.489 0.0000000000
92424  45.292  3.755  15.326 0.0000000000
90794  43.839  1.163  15.492 0.0000000000
90793  44.867  1.410  15.401 0.0000000000
91609  45.480  2.099  15.344 0.0000000000
91608  46.489  1.812  15.530 0.0000000000
91619  48.084  1.535  13.982 0.0000000000
90801  47.310  1.422  13.470 0.0000000000
91622  47.787  1.930  12.878 0.0000000000
92436  48.049  2.508  12.442 0.0000000000
92440  47.874  3.004  11.773 0.0000000000
92464  47.135  3.011  8.640 0.0000000000
136946  46.484  1.616  8.884 0.0000000000
90833  46.855  1.752  8.068 0.0000000000
90832  47.237  1.402  7.191 0.0000000000
90007  47.513  0.680  6.641 0.0000000000
90006  47.854  0.196  6.295 0.0000000000
89191  48.354  -0.419  6.435 0.0000000000
88287  46.185  -1.251  10.181 0.0000000000
89145  46.138  -0.682  9.795 0.0000000000
146066  46.896  -0.831  8.797 0.0000000000
88304  47.448  -1.677  9.414 0.0000000000
135890  47.284  -1.234  8.927 0.0000000000
88332  48.070  -0.795  7.374 0.0000000000
94786  39.029  6.461  17.306 0.0000000000
93987  37.433  5.415  17.662 0.0000000000
93183  37.551  4.509  17.556 0.0000000000
93176  35.166  3.935  19.118 0.0000000000
92400  36.121  3.094  19.132 0.0000000000
97789  46.124  10.324  11.912 0.0000000000
97062  46.958  9.829  11.574 0.0000000000
97795  45.642  10.848  10.992 0.0000000000
99198  46.084  12.999  7.545 0.0000000000
126608  47.209  12.534  6.603 0.0000000000
98512  46.868  12.239  5.472 0.0000000000
97830  46.084  11.868  5.414 0.0000000000
144692  46.743  9.501  6.768 0.0000000000
135565  48.616  11.877  5.259 0.0000000000
97120  48.728  10.940  5.448 0.0000000000
97110  47.663  10.348  5.923 0.0000000000
95600  46.418  7.580  7.963 0.0000000000
94878  46.849  6.259  6.922 0.0000000000
94761  51.366  6.249  19.372 0.0000000000
95530  52.598  6.808  18.921 0.0000000000
95542  53.721  7.460  17.542 0.0000000000
95553  54.066  7.570  16.487 0.0000000000
93196  52.180  4.320  16.438 0.0000000000
94003  52.813  5.050  16.157 0.0000000000
94012  52.783  5.190  14.399 0.0000000000
94002  53.312  5.511  15.032 0.0000000000
94805  53.431  5.665  15.981 0.0000000000
94790  53.734  6.278  16.269 0.0000000000
95562  54.239  7.059  15.550 0.0000000000
95561  54.515  7.919  14.803 0.0000000000
150936  54.567  8.217  13.976 0.0000000000
95567  54.763  8.032  13.185 0.0000000000
94818  54.552  7.223  12.117 0.0000000000
95569  54.876  7.920  12.343 0.0000000000
96315  54.977  8.689  11.857 0.0000000000
97070  54.680  8.908  10.472 0.0000000000
93239  48.609  4.430  9.508 0.0000000000
93246  49.393  4.842  9.086 0.0000000000
94059  50.123  5.272  8.813 0.0000000000
93261  50.121  4.813  7.292 0.0000000000
147892  50.413  5.202  8.042 0.0000000000
94058  50.964  5.513  8.705 0.0000000000
94057  51.742  5.833  8.518 0.0000000000
94056  52.553  6.076  8.226 0.0000000000
93288  50.169  4.689  3.015 0.0000000000
94104  51.047  5.272  3.765 0.0000000000
94095  51.974  5.749  4.256 0.0000000000
94087  52.056  5.773  5.341 0.0000000000
142714  53.221  6.259  7.908 0.0000000000
94866  53.901  6.554  7.997 0.0000000000
142675  54.496  6.868  8.067 0.0000000000
94853  54.867  7.198  8.454 0.0000000000
94883  55.062  7.153  5.734 0.0000000000
94863  55.454  7.660  7.155 0.0000000000
137355  55.279  7.657  8.083 0.0000000000
96349  55.341  8.101  8.208 0.0000000000
96350  55.011  8.474  8.436 0.0000000000
96351  54.447  8.849  7.970 0.0000000000
152229  53.762  9.155  7.584 0.0000000000
96369  53.091  9.139  6.329 0.0000000000
96378  52.984  8.810  5.702 0.0000000000
95625  52.937  8.391  4.762 0.0000000000
96379  52.072  8.785  5.443 0.0000000000
140279  50.588  7.609  4.809 0.0000000000
95650  50.494  8.131  0.440 0.0000000000
95643  49.701  7.582  1.354 0.0000000000
95634  50.004  7.235  2.557 0.0000000000
94916  47.330  6.479  1.155 0.0000000000
94914  49.124  6.858  2.218 0.0000000000
94904  49.344  6.912  3.357 0.0000000000
94888  47.713  6.149  4.532 0.0000000000
94107  45.400  5.230  3.928 0.0000000000
93277  44.820  4.903  4.229 0.0000000000
88379  48.049  -1.819  2.124 0.0000000000
90820  45.968  0.990  9.802 0.0000000000
91699  51.509  2.504  -0.941 0.0000000000
92419  49.847  2.552  16.030 0.0000000000
92493  48.753  2.859  4.411 0.0000000000
92515  46.354  3.646  1.683 0.0000000000
92523  50.401  3.469  -1.120 0.0000000000
93311  50.001  5.185  -1.285 0.0000000000
94030  49.928  4.949  11.316 0.0000000000
94037  51.424  5.943  10.067 0.0000000000
94086  53.012  6.135  4.564 0.0000000000
94125  51.541  6.608  -0.698 0.0000000000
94128  47.261  5.755  0.597 0.0000000000
94134  51.040  6.775  -0.990 0.0000000000
94819  54.154  6.667  12.447 0.0000000000
94854  54.274  6.775  8.673 0.0000000000
94856  52.569  6.139  9.012 0.0000000000
94864  55.010  7.161  7.669 0.0000000000
94874  54.497  6.704  6.300 0.0000000000
94882  55.383  7.722  6.317 0.0000000000
94900  55.099  7.304  3.654 0.0000000000
94912  53.919  7.266  1.405 0.0000000000
94915  48.208  6.662  1.710 0.0000000000
94920  54.308  8.020  0.898 0.0000000000
94930  49.028  7.120  -0.159 0.0000000000
94936  49.420  6.746  -0.830 0.0000000000
95545  45.652  7.693  17.017 0.0000000000
95591  55.253  7.799  9.228 0.0000000000
95615  55.391  8.102  6.154 0.0000000000
95624  53.356  8.234  3.596 0.0000000000
95638  54.673  7.916  2.334 0.0000000000
95647  54.233  8.154  0.859 0.0000000000
95655  51.851  8.002  -0.204 0.0000000000
95662  50.676  7.300  -0.779 0.0000000000
96360  55.542  8.076  7.375 0.0000000000
96361  55.171  8.442  7.500 0.0000000000
96385  54.882  8.205  3.530 0.0000000000
96390  53.692  8.433  1.280 0.0000000000
96398  51.539  8.299  0.132 0.0000000000
97082  53.608  9.474  9.515 0.0000000000
97106  53.423  9.242  6.959 0.0000000000
99212  45.021  13.136  5.508 0.0000000000
127301  48.857  -1.234  7.486 0.0000000000
129678  55.109  8.388  6.158 0.0000000000
130704  54.970  7.617  9.753 0.0000000000
132125  54.768  9.718  15.978 0.0000000000
132882  44.978  4.779  3.680 0.0000000000
141608  46.265  1.471  9.494 0.0000000000
142642  51.096  5.546  8.088 0.0000000000
144280  50.751  6.424  -1.129 0.0000000000
144505  52.496  4.624  17.075 0.0000000000
147471  51.266  8.396  0.823 0.0000000000
148328  54.823  8.628  9.505 0.0000000000
150071  54.953  8.557  8.960 0.0000000000
150077  47.001  7.356  17.038 0.0000000000
151209  54.740  8.144  2.723 0.0000000000
151284  47.067  10.330  10.288 0.0000000000
151736  55.052  8.601  6.775 0.0000000000
151743  49.152  5.227  16.835 0.0000000000
