#!ascii label  , from subject sub-006 vox2ras=TkReg
1401
4940  19.262  -91.655  -32.563 0.5000000000
15175  13.834  -79.627  -47.825 0.6000000238
15168  14.427  -79.037  -47.314 0.6000000238
15170  12.526  -78.726  -47.616 0.6000000238
16177  14.114  -78.250  -47.118 0.6999999881
16178  13.152  -78.055  -47.164 0.6000000238
16163  14.650  -77.969  -46.543 0.6999999881
16164  13.775  -77.602  -46.627 0.6000000238
10363  14.411  -84.206  -37.639 0.5000000000
9471  16.457  -86.418  -38.104 0.6000000238
8589  15.736  -86.346  -38.791 0.6000000238
9473  14.804  -85.124  -38.316 0.5000000000
145794  17.606  -85.321  -37.715 0.5000000000
129273  16.892  -86.101  -37.528 0.4000000060
9455  15.705  -85.856  -36.943 0.5000000000
9472  15.550  -85.957  -37.976 0.6000000238
13219  12.826  -81.776  -44.651 0.5000000000
149124  19.308  -85.817  -34.504 0.4000000060
13227  12.324  -81.773  -45.654 0.5000000000
130161  11.968  -81.733  -45.078 0.5000000000
13239  11.626  -81.922  -46.983 0.6000000238
13260  12.573  -81.800  -49.042 0.6000000238
14184  14.051  -80.575  -48.001 0.6000000238
14174  14.682  -79.980  -47.377 0.6999999881
14185  13.187  -80.310  -48.302 0.6000000238
15167  15.143  -79.428  -46.657 0.6999999881
15152  16.550  -79.368  -45.061 0.6000000238
15153  15.712  -79.513  -45.622 0.6999999881
16146  17.280  -78.645  -44.807 0.6000000238
16147  16.443  -78.316  -44.783 0.6000000238
16161  15.740  -78.643  -45.296 0.6999999881
17160  17.919  -77.258  -44.686 0.6999999881
16165  12.862  -77.567  -46.429 0.6000000238
129468  14.129  -84.141  -39.564 0.5000000000
9487  14.534  -85.141  -39.344 0.6000000238
10376  14.361  -84.250  -38.662 0.5000000000
8603  16.719  -86.628  -38.802 0.6000000238
8604  15.922  -86.780  -39.384 0.6999999881
140892  15.100  -85.767  -38.838 0.6000000238
137408  17.950  -84.704  -37.194 0.4000000060
12288  12.956  -82.703  -46.297 0.5000000000
12267  13.199  -82.051  -45.208 0.5000000000
7685  19.114  -88.090  -32.761 0.5000000000
12289  12.095  -82.679  -47.177 0.5000000000
12305  13.216  -82.965  -49.089 0.6999999881
12298  14.142  -82.303  -48.552 0.6999999881
13259  13.278  -82.034  -48.946 0.6000000238
12306  12.153  -82.641  -49.165 0.6000000238
13253  14.112  -81.478  -48.296 0.6999999881
13254  13.342  -81.199  -48.572 0.6000000238
14183  14.909  -81.098  -47.489 0.6999999881
14161  16.357  -80.188  -45.637 0.6000000238
14173  15.393  -80.447  -46.782 0.6000000238
15151  17.703  -79.354  -45.283 0.6000000238
14162  15.698  -80.161  -46.031 0.6000000238
131413  18.210  -78.571  -45.245 0.6000000238
18238  18.739  -77.034  -45.076 0.6999999881
17164  14.578  -76.846  -45.240 0.6999999881
17181  12.698  -77.153  -45.648 0.5000000000
138131  17.212  -77.094  -44.410 0.6999999881
16148  15.657  -77.745  -45.099 0.6999999881
17180  13.410  -77.020  -46.010 0.6000000238
9520  14.407  -85.633  -41.405 0.5000000000
10390  14.152  -84.710  -40.227 0.5000000000
131369  13.961  -84.367  -41.072 0.5000000000
8639  15.323  -86.891  -40.862 0.6999999881
9502  14.532  -85.480  -40.123 0.6000000238
9500  17.708  -86.560  -39.864 0.5000000000
8618  16.956  -86.941  -40.112 0.6999999881
147108  15.798  -87.227  -40.485 0.6999999881
8620  15.478  -86.767  -40.111 0.6000000238
9486  15.099  -86.091  -39.596 0.6000000238
138809  18.280  -84.684  -38.084 0.4000000060
9469  18.099  -85.244  -38.657 0.4000000060
9470  17.381  -85.997  -38.284 0.5000000000
11311  13.500  -83.244  -45.895 0.5000000000
11331  11.902  -84.273  -48.635 0.5000000000
137590  12.000  -84.607  -48.014 0.5000000000
11322  11.749  -83.662  -48.303 0.5000000000
12304  14.379  -83.115  -48.695 0.6000000238
11340  12.245  -83.710  -49.047 0.5000000000
12297  15.043  -82.495  -48.160 0.6999999881
13250  17.454  -81.825  -47.278 0.6000000238
13252  15.490  -81.919  -47.500 0.6999999881
149273  14.711  -81.875  -47.947 0.6999999881
13235  17.790  -81.109  -46.879 0.6000000238
13236  16.824  -81.373  -46.669 0.6000000238
13237  15.858  -81.320  -46.893 0.6999999881
131511  20.205  -78.910  -46.705 0.6999999881
128903  18.020  -80.433  -46.358 0.6000000238
14171  17.075  -80.734  -46.130 0.6000000238
17177  20.357  -77.401  -45.835 0.6000000238
16158  19.661  -78.422  -46.244 0.6999999881
15150  18.632  -79.213  -45.831 0.6999999881
18217  21.477  -76.384  -44.781 0.6000000238
135327  21.057  -76.655  -45.295 0.6000000238
17178  19.622  -77.796  -45.869 0.6999999881
19249  13.780  -76.035  -44.252 0.6000000238
18237  19.560  -77.042  -45.347 0.6999999881
18222  15.854  -76.594  -44.280 0.6999999881
18239  13.799  -76.678  -45.437 0.6000000238
19241  22.015  -76.002  -43.978 0.6999999881
18218  20.630  -76.471  -44.736 0.6000000238
137839  19.815  -76.455  -44.811 0.8000000119
18219  19.062  -76.336  -44.840 0.6999999881
18221  17.664  -76.549  -44.487 0.6999999881
137944  16.910  -76.422  -44.240 0.6999999881
145466  13.992  -84.958  -41.443 0.6000000238
7782  15.876  -87.535  -41.191 0.6999999881
129486  15.342  -86.840  -41.753 0.6999999881
8640  14.916  -86.284  -41.353 0.6000000238
8637  17.547  -87.104  -40.617 0.5000000000
8638  16.459  -87.364  -40.549 0.6999999881
9484  18.440  -85.267  -39.264 0.4000000060
9499  18.383  -85.771  -39.765 0.5000000000
10461  13.709  -84.241  -45.595 0.5000000000
11300  14.396  -83.059  -44.145 0.5000000000
10470  13.066  -84.519  -46.837 0.5000000000
10482  12.538  -84.675  -48.769 0.6000000238
11338  14.779  -84.022  -48.768 0.6000000238
11339  13.432  -83.964  -49.006 0.6999999881
11329  16.493  -83.214  -48.029 0.6999999881
11330  15.476  -83.197  -48.341 0.6999999881
13249  18.525  -81.436  -47.759 0.6000000238
12295  16.957  -82.521  -47.610 0.6000000238
12296  16.006  -82.584  -47.717 0.6999999881
128254  21.163  -79.159  -46.996 0.6999999881
147799  19.766  -79.595  -46.900 0.6999999881
148213  19.244  -80.462  -47.306 0.6999999881
20283  15.585  -74.817  -43.183 0.6000000238
17187  22.142  -77.599  -46.766 0.6000000238
141218  20.861  -78.381  -46.669 0.6999999881
15166  19.010  -79.975  -46.597 0.6999999881
20289  24.200  -74.741  -44.380 0.6000000238
18216  22.363  -76.224  -45.049 0.6000000238
18215  23.346  -76.024  -45.297 0.6000000238
17176  21.897  -76.961  -46.412 0.6000000238
17188  21.179  -77.587  -46.467 0.6999999881
19228  14.938  -75.500  -43.610 0.6000000238
19240  22.942  -75.734  -44.467 0.6000000238
18235  21.752  -76.585  -45.680 0.6000000238
19225  18.010  -75.248  -43.818 0.6999999881
19226  17.346  -74.768  -43.531 0.6000000238
19246  16.310  -75.890  -43.965 0.6999999881
19247  15.387  -76.044  -43.987 0.6000000238
20278  23.792  -74.456  -43.605 0.5000000000
19220  22.705  -75.513  -43.676 0.6000000238
19221  21.344  -75.906  -43.159 0.8000000119
19222  20.401  -76.018  -43.379 0.8000000119
19223  19.493  -75.682  -43.810 0.8000000119
19244  18.596  -75.747  -44.407 0.8000000119
19245  17.797  -75.903  -44.384 0.6999999881
142590  17.179  -75.566  -43.962 0.6999999881
18202  21.010  -76.224  -44.013 0.8000000119
19243  19.301  -75.866  -44.383 0.8000000119
8650  15.337  -86.739  -42.668 0.6999999881
8651  14.627  -86.048  -42.161 0.6999999881
9546  14.109  -85.451  -42.879 0.6999999881
10402  14.045  -84.266  -41.895 0.6000000238
144638  16.257  -87.885  -41.806 0.6999999881
10432  14.090  -84.925  -43.638 0.6000000238
7781  16.748  -87.721  -41.274 0.6000000238
145632  14.261  -83.977  -43.682 0.5000000000
10450  14.077  -84.282  -44.510 0.5000000000
20192  14.792  -73.861  -37.845 0.6000000238
9577  13.530  -85.332  -46.064 0.5000000000
133141  15.044  -72.910  -38.066 0.5000000000
148322  13.163  -85.436  -47.063 0.5000000000
131007  15.818  -71.455  -39.132 0.6000000238
9601  14.633  -85.452  -48.488 0.6999999881
9596  12.940  -85.366  -48.356 0.6000000238
10481  13.830  -84.988  -48.754 0.6999999881
23254  16.852  -71.232  -40.919 0.6000000238
12294  17.948  -82.283  -47.956 0.6000000238
15174  21.697  -80.097  -47.451 0.6999999881
14181  20.364  -80.725  -47.899 0.6999999881
14182  19.403  -80.853  -47.858 0.6999999881
21294  16.920  -72.963  -42.612 0.6000000238
22302  16.523  -72.294  -41.947 0.6000000238
16176  21.650  -78.394  -46.886 0.6000000238
15165  20.561  -79.906  -47.321 0.6999999881
21293  17.567  -73.033  -42.567 0.6000000238
21295  16.110  -73.355  -42.358 0.6000000238
18232  24.810  -76.454  -45.987 0.6000000238
18234  22.726  -76.618  -46.032 0.6000000238
21277  17.955  -73.364  -42.565 0.6999999881
20282  17.350  -73.786  -43.090 0.6000000238
142560  16.560  -74.634  -43.367 0.6000000238
19239  23.816  -75.380  -44.773 0.6000000238
134418  20.241  -75.711  -41.802 0.6000000238
19194  19.441  -75.597  -41.634 0.6000000238
19208  18.773  -75.270  -43.408 0.6999999881
20260  18.206  -74.324  -43.035 0.6000000238
19227  15.898  -75.376  -43.637 0.6000000238
19192  21.762  -75.216  -41.567 0.6000000238
19207  19.678  -75.723  -42.746 0.8000000119
19205  21.604  -75.544  -42.269 0.6000000238
19206  20.733  -75.804  -42.467 0.6999999881
19224  18.798  -75.337  -43.968 0.8000000119
7815  15.863  -87.405  -43.060 0.6999999881
8678  15.204  -86.744  -43.614 0.6999999881
8679  14.442  -86.271  -44.071 0.6999999881
135083  16.806  -88.066  -43.028 0.6999999881
7798  16.263  -87.926  -42.550 0.6999999881
130518  14.095  -85.831  -43.738 0.6000000238
9562  13.973  -85.489  -44.412 0.6000000238
21185  15.298  -73.638  -36.093 0.6000000238
133240  14.629  -75.341  -36.415 0.6000000238
21205  15.012  -73.304  -36.881 0.6000000238
20182  14.752  -74.549  -37.110 0.6000000238
8694  13.700  -85.967  -46.339 0.6000000238
21221  15.037  -72.848  -37.440 0.5000000000
8717  14.839  -85.845  -48.097 0.6999999881
8712  13.440  -85.683  -47.826 0.6999999881
130697  15.817  -71.740  -38.202 0.4000000060
22243  15.332  -72.285  -37.811 0.5000000000
11336  17.034  -83.865  -48.478 0.6999999881
10480  15.376  -84.940  -48.767 0.8000000119
22254  16.057  -71.354  -39.056 0.5000000000
11328  17.424  -83.093  -48.110 0.6000000238
11337  15.975  -83.966  -48.480 0.6999999881
23238  16.882  -71.007  -40.187 0.6000000238
135447  19.343  -81.559  -48.213 0.6999999881
142657  18.903  -82.234  -48.336 0.6999999881
21260  17.669  -72.354  -41.271 0.6999999881
22279  17.251  -71.499  -40.632 0.6000000238
15163  23.466  -79.924  -47.363 0.6999999881
15173  22.868  -80.508  -47.533 0.6999999881
20235  18.210  -74.707  -40.215 0.5000000000
21278  17.680  -72.518  -42.034 0.6000000238
146063  25.810  -77.853  -46.567 0.6000000238
17186  23.107  -77.863  -46.746 0.6000000238
16175  22.695  -78.677  -46.943 0.6999999881
20245  18.047  -73.254  -41.875 0.6999999881
17173  24.748  -77.354  -46.413 0.6000000238
17174  23.488  -77.216  -46.422 0.6000000238
19186  19.189  -75.446  -40.679 0.5000000000
132118  18.247  -74.534  -41.184 0.6000000238
19252  24.387  -75.717  -45.446 0.6000000238
19184  21.343  -75.038  -40.815 0.6000000238
19185  20.227  -75.471  -40.839 0.5000000000
129023  18.762  -75.226  -42.511 0.6999999881
20243  22.202  -74.681  -41.374 0.6000000238
126176  15.791  -87.251  -44.087 0.6999999881
7831  14.986  -86.582  -44.470 0.6999999881
150267  14.711  -86.370  -45.176 0.6000000238
8693  14.165  -86.218  -45.678 0.6000000238
144014  15.058  -74.624  -35.539 0.4000000060
19114  14.601  -75.783  -35.469 0.5000000000
8703  14.021  -86.180  -46.549 0.6000000238
21184  15.735  -73.391  -35.818 0.5000000000
18135  14.236  -76.507  -37.046 0.6000000238
8702  14.528  -86.461  -46.832 0.6999999881
8704  13.513  -85.795  -47.215 0.6000000238
22242  15.629  -72.160  -37.696 0.5000000000
10479  16.624  -84.695  -48.738 0.6999999881
22253  16.296  -71.986  -38.297 0.4000000060
136909  21.132  -82.634  -48.198 0.6999999881
12302  19.485  -83.316  -48.507 0.6999999881
132556  17.082  -72.841  -39.037 0.6000000238
14178  23.867  -80.809  -47.425 0.6999999881
13246  22.528  -81.977  -47.635 0.6999999881
13248  20.209  -81.523  -48.219 0.6999999881
12303  18.362  -83.052  -48.402 0.6999999881
20205  17.693  -74.061  -38.711 0.5000000000
21248  17.479  -72.673  -40.197 0.5000000000
16173  24.989  -79.445  -46.883 0.6000000238
14180  22.211  -81.091  -47.709 0.6999999881
20222  17.699  -73.996  -39.645 0.5000000000
142760  25.657  -76.994  -46.251 0.5000000000
17184  25.406  -78.560  -46.700 0.6000000238
16174  23.827  -79.084  -46.883 0.6000000238
7841  15.875  -87.066  -45.647 0.6999999881
7842  14.822  -86.523  -45.901 0.6999999881
145843  15.250  -74.489  -34.664 0.4000000060
7854  16.617  -87.394  -46.351 0.6999999881
141032  14.897  -75.305  -34.617 0.4000000060
7855  15.499  -86.777  -46.481 0.6999999881
18100  14.322  -76.828  -35.562 0.6000000238
8716  16.172  -86.086  -48.193 0.8000000119
8709  15.607  -86.332  -47.645 0.6999999881
10477  18.942  -85.144  -48.748 0.6000000238
132116  17.300  -85.471  -48.783 0.6000000238
17047  12.721  -77.810  -34.671 0.6000000238
12301  20.629  -83.279  -48.266 0.6999999881
11334  19.482  -84.443  -48.487 0.6999999881
10478  17.821  -84.628  -48.783 0.6000000238
12286  22.640  -82.434  -47.384 0.6000000238
14168  24.424  -80.792  -47.114 0.6000000238
18102  10.718  -76.267  -35.055 0.5000000000
16172  25.717  -79.465  -46.526 0.6000000238
15162  25.130  -80.150  -46.701 0.6999999881
136687  26.149  -78.612  -46.408 0.5000000000
7864  16.299  -86.979  -47.163 0.6999999881
19100  14.684  -75.772  -33.660 0.4000000060
7868  16.836  -86.618  -47.859 0.8000000119
18086  14.457  -76.470  -34.555 0.5000000000
9598  19.495  -86.519  -49.122 0.8000000119
17032  13.733  -77.271  -33.668 0.4000000060
18063  14.254  -76.678  -33.490 0.4000000060
142045  18.113  -86.395  -48.676 0.6999999881
17034  12.320  -77.546  -34.076 0.4000000060
17046  13.558  -77.556  -34.485 0.5000000000
13234  23.317  -81.723  -46.989 0.6000000238
11333  21.877  -83.551  -47.928 0.6000000238
11327  20.861  -83.813  -47.792 0.6999999881
18043  12.784  -76.717  -32.671 0.4000000060
13223  24.181  -81.229  -46.970 0.6000000238
13244  23.773  -81.250  -47.245 0.6000000238
19092  10.970  -75.741  -33.743 0.4000000060
17048  11.942  -77.573  -34.662 0.6000000238
15147  25.756  -79.872  -46.312 0.6000000238
16156  26.178  -79.356  -46.165 0.5000000000
17159  27.336  -77.977  -45.416 0.5000000000
20127  14.868  -75.192  -32.758 0.4000000060
136561  17.354  -87.207  -47.572 0.8000000119
19090  14.462  -76.022  -32.894 0.4000000060
142689  18.506  -87.074  -48.637 0.6999999881
18042  13.432  -76.621  -32.590 0.4000000060
10472  20.625  -84.287  -47.338 0.6000000238
10476  19.399  -85.509  -48.474 0.6999999881
12287  22.244  -83.364  -47.470 0.6000000238
11326  21.805  -83.845  -47.528 0.6000000238
19079  12.694  -75.574  -32.003 0.4000000060
19080  12.110  -75.664  -32.624 0.4000000060
15148  25.428  -80.230  -46.280 0.6000000238
20110  11.747  -74.989  -32.860 0.4000000060
16145  26.376  -79.219  -45.414 0.4000000060
20108  14.684  -75.077  -31.796 0.4000000060
8713  19.613  -87.038  -49.124 0.6999999881
19077  14.239  -75.703  -32.112 0.4000000060
10469  19.862  -84.912  -47.120 0.6999999881
9597  19.790  -86.460  -49.037 0.6000000238
18027  13.094  -76.110  -32.039 0.4000000060
13224  23.109  -81.783  -46.226 0.6000000238
12275  22.056  -82.927  -46.399 0.6000000238
20109  12.350  -75.082  -32.238 0.4000000060
14145  24.712  -80.565  -45.745 0.6000000238
21145  11.641  -74.152  -33.047 0.3000000119
15128  25.796  -79.655  -44.864 0.4000000060
16134  26.235  -79.133  -44.168 0.4000000060
16124  25.714  -78.736  -42.984 0.4000000060
20089  13.553  -74.181  -31.074 0.4000000060
147747  12.650  -73.890  -31.853 0.4000000060
13214  22.529  -81.406  -45.219 0.6000000238
14146  23.820  -80.725  -45.136 0.6000000238
15141  23.190  -80.184  -44.152 0.6000000238
16135  25.081  -79.247  -43.585 0.4000000060
16136  24.193  -79.129  -42.922 0.5000000000
17138  26.280  -78.166  -42.398 0.4000000060
24203  11.698  -70.986  -35.508 0.3000000119
17139  25.229  -78.302  -42.040 0.4000000060
22146  15.280  -72.096  -29.633 0.4000000060
24190  13.462  -70.501  -33.574 0.3000000119
26396  9.644  -68.391  -36.077 0.4000000060
23148  15.839  -71.426  -29.235 0.4000000060
24167  14.525  -70.856  -30.262 0.4000000060
25219  14.053  -69.955  -33.098 0.3000000119
25202  14.044  -70.108  -32.098 0.3000000119
24218  12.209  -70.162  -36.064 0.3000000119
24202  12.599  -70.690  -35.223 0.3000000119
25268  10.762  -69.530  -36.758 0.3000000119
24166  15.158  -70.110  -29.908 0.4000000060
25185  14.719  -69.840  -30.685 0.4000000060
24173  14.166  -70.418  -31.166 0.4000000060
25235  13.971  -69.771  -34.157 0.3000000119
25248  13.155  -69.966  -35.782 0.3000000119
26343  9.025  -68.921  -31.534 0.4000000060
25186  7.886  -69.218  -30.765 0.3000000119
27292  7.642  -68.171  -30.685 0.3000000119
25266  12.594  -69.266  -36.355 0.3000000119
26395  10.978  -68.115  -36.593 0.3000000119
25200  15.037  -69.064  -31.083 0.4000000060
25201  14.452  -69.522  -31.573 0.4000000060
25218  14.417  -69.328  -32.580 0.3000000119
25234  14.492  -69.215  -33.631 0.3000000119
26361  14.346  -68.980  -34.690 0.3000000119
26379  9.331  -67.952  -34.384 0.3000000119
25265  13.425  -69.064  -36.025 0.3000000119
140016  9.514  -68.570  -31.230 0.3000000119
26393  12.941  -68.401  -36.307 0.3000000119
26328  10.256  -68.135  -31.505 0.4000000060
27308  9.837  -67.791  -31.076 0.3000000119
28219  10.503  -67.170  -31.565 0.3000000119
148289  9.200  -67.246  -30.987 0.3000000119
26327  14.768  -68.727  -31.993 0.4000000060
26341  14.915  -68.643  -33.096 0.4000000060
26360  14.848  -68.444  -34.182 0.3000000119
26363  9.687  -68.494  -32.656 0.4000000060
26377  14.532  -68.068  -35.233 0.3000000119
27349  11.037  -67.624  -34.036 0.3000000119
26362  10.384  -68.249  -32.307 0.4000000060
27338  11.019  -67.846  -32.939 0.4000000060
136388  10.097  -65.975  -31.546 0.3000000119
26326  15.387  -68.328  -31.408 0.4000000060
26340  15.217  -68.048  -32.422 0.4000000060
27323  15.197  -67.713  -33.632 0.4000000060
27346  14.688  -67.016  -35.711 0.4000000060
26391  14.101  -67.703  -35.975 0.3000000119
130283  13.279  -66.927  -35.932 0.3000000119
27336  12.207  -66.922  -34.424 0.3000000119
28231  12.005  -66.873  -33.348 0.3000000119
28230  12.153  -66.200  -33.240 0.5000000000
27324  11.453  -67.271  -32.754 0.4000000060
28232  11.289  -66.950  -32.193 0.4000000060
29081  10.118  -65.013  -31.577 0.3000000119
27322  15.476  -67.268  -32.690 0.4000000060
27334  15.403  -66.764  -33.612 0.4000000060
28247  14.807  -66.187  -35.417 0.3000000119
28248  13.394  -65.338  -35.226 0.3000000119
30025  13.699  -64.523  -33.864 0.3000000119
30010  13.127  -64.077  -33.407 0.3000000119
27357  14.035  -66.882  -36.111 0.3000000119
28261  13.621  -66.032  -35.771 0.3000000119
29116  12.801  -65.357  -34.968 0.3000000119
136002  12.575  -64.607  -33.634 0.3000000119
134215  12.125  -64.295  -32.871 0.3000000119
28249  12.771  -66.202  -35.426 0.3000000119
29090  12.034  -65.221  -33.236 0.3000000119
29092  10.686  -66.024  -32.065 0.3000000119
29998  9.374  -64.301  -30.921 0.3000000119
28200  16.996  -66.940  -29.850 0.3000000119
28207  16.879  -66.751  -30.543 0.3000000119
27307  15.804  -66.752  -32.012 0.3000000119
29080  15.915  -65.319  -32.060 0.3000000119
30008  15.404  -64.410  -32.507 0.3000000119
30949  14.368  -63.378  -32.778 0.3000000119
141943  15.581  -66.569  -32.812 0.3000000119
29089  15.301  -65.338  -32.843 0.3000000119
30024  14.349  -64.546  -33.698 0.3000000119
30009  14.703  -64.041  -33.060 0.3000000119
30950  13.581  -63.347  -32.836 0.3000000119
30951  12.724  -63.496  -32.511 0.3000000119
141883  11.436  -64.960  -32.844 0.3000000119
30952  11.851  -63.717  -31.918 0.3000000119
30012  10.819  -65.071  -32.362 0.3000000119
29997  10.538  -64.239  -31.727 0.3000000119
28180  17.356  -66.423  -29.035 0.3000000119
28217  16.761  -66.215  -30.912 0.3000000119
28218  16.251  -66.120  -31.638 0.3000000119
29995  15.985  -64.570  -31.601 0.3000000119
30948  15.097  -63.515  -32.522 0.3000000119
31940  13.118  -62.784  -32.084 0.3000000119
30937  12.233  -63.019  -31.621 0.3000000119
30938  11.183  -63.025  -31.399 0.3000000119
30940  9.590  -63.414  -30.565 0.3000000119
148195  15.337  -63.035  -32.138 0.3000000119
30936  14.775  -62.834  -32.293 0.3000000119
31926  12.496  -62.156  -31.478 0.3000000119
31927  11.582  -62.342  -31.066 0.3000000119
30939  10.314  -63.255  -31.163 0.3000000119
31928  10.667  -62.525  -30.805 0.3000000119
32917  14.902  -61.589  -31.544 0.3000000119
31924  14.330  -61.985  -31.817 0.3000000119
31925  13.351  -61.978  -31.914 0.3000000119
31912  15.562  -62.024  -31.121 0.3000000119
32906  15.010  -60.555  -31.235 0.3000000119
32918  14.296  -60.898  -31.718 0.3000000119
33921  13.610  -60.443  -31.496 0.3000000119
32921  11.904  -61.603  -30.729 0.3000000119
31913  11.149  -62.005  -30.333 0.3000000119
31902  10.927  -61.970  -29.548 0.3000000119
150000  18.836  -90.059  -32.430 0.5000000000
6957  18.792  -88.724  -32.628 0.5000000000
7693  18.698  -87.328  -32.929 0.4000000060
152390  14.783  -78.591  -46.857 0.6999999881
135547  15.035  -77.315  -45.491 0.6999999881
10336  18.394  -84.480  -36.529 0.4000000060
7692  19.324  -87.669  -33.241 0.5000000000
14160  17.286  -80.064  -45.611 0.6000000238
10474  12.262  -85.049  -48.296 0.5000000000
15149  19.385  -79.050  -46.380 0.6000000238
137337  15.629  -85.641  -48.468 0.8000000119
8711  13.927  -86.017  -47.297 0.6999999881
132410  17.851  -83.689  -48.472 0.6000000238
17172  26.539  -77.581  -46.295 0.5000000000
13247  21.475  -81.658  -48.026 0.6999999881
18066  11.754  -77.172  -33.871 0.4000000060
17171  27.271  -77.464  -45.978 0.5000000000
14158  23.476  -81.314  -45.640 0.6000000238
16144  26.930  -78.600  -44.884 0.4000000060
10468  21.209  -84.150  -47.171 0.6000000238
13225  22.264  -82.075  -45.816 0.6000000238
21127  12.263  -73.603  -32.632 0.3000000119
15129  24.935  -79.760  -44.349 0.4000000060
15130  24.181  -79.533  -43.609 0.4000000060
24158  15.141  -70.946  -29.566 0.4000000060
148924  15.724  -67.567  -31.712 0.3000000119
28199  17.003  -66.165  -30.130 0.3000000119
9588  18.906  -85.450  -46.235 0.5000000000
9587  19.313  -86.815  -47.259 0.5000000000
8708  19.388  -87.273  -48.472 0.6999999881
7862  18.837  -87.649  -47.646 0.6999999881
7136  17.425  -87.755  -46.981 0.6000000238
127147  19.366  -85.990  -47.310 0.5000000000
9594  19.656  -86.610  -48.530 0.6000000238
7866  18.950  -87.408  -48.644 0.6000000238
7092  17.037  -88.176  -43.913 0.6000000238
7814  16.349  -87.788  -43.434 0.6000000238
7134  18.922  -88.734  -47.200 0.6999999881
144840  17.975  -88.956  -46.252 0.6000000238
7123  17.612  -88.511  -45.699 0.6000000238
7135  18.335  -88.648  -47.006 0.6999999881
7133  17.687  -88.393  -46.389 0.6000000238
7830  16.182  -87.513  -44.833 0.6000000238
11309  19.236  -83.864  -45.613 0.5000000000
149025  19.912  -89.211  -46.283 0.6999999881
6374  18.369  -89.152  -45.930 0.6999999881
7109  18.747  -88.957  -44.859 0.6000000238
7091  18.097  -88.400  -43.992 0.6000000238
7853  19.469  -88.725  -46.804 0.6000000238
6377  19.038  -89.384  -46.637 0.6999999881
7110  17.772  -88.524  -44.898 0.6000000238
7839  19.994  -88.112  -46.330 0.6000000238
12277  19.651  -83.095  -45.234 0.5000000000
11320  20.230  -84.268  -46.656 0.5000000000
7852  20.307  -88.766  -46.266 0.6999999881
139230  19.886  -89.149  -44.726 0.6000000238
7813  17.602  -88.196  -43.116 0.6000000238
13217  19.398  -81.958  -43.882 0.5000000000
12276  20.829  -82.916  -45.844 0.5000000000
14127  20.664  -80.181  -42.521 0.5000000000
13216  20.313  -81.659  -44.352 0.5000000000
15120  21.183  -79.614  -42.089 0.4000000060
15171  11.497  -78.940  -47.438 0.4000000060
15176  12.908  -79.418  -48.110 0.4000000060
15177  11.897  -79.490  -47.991 0.4000000060
14186  12.235  -80.304  -48.323 0.5000000000
14189  12.479  -81.118  -48.673 0.5000000000
14190  11.699  -80.956  -48.779 0.5000000000
14148  21.870  -80.982  -44.190 0.5000000000
12300  11.348  -82.071  -48.455 0.5000000000
127793  10.577  -82.490  -45.408 0.6000000238
14138  21.215  -80.518  -43.334 0.4000000060
12299  11.514  -82.606  -48.366 0.5000000000
13255  10.905  -82.189  -47.980 0.5000000000
146301  10.999  -81.767  -45.749 0.5000000000
152825  11.013  -79.545  -48.018 0.5000000000
14187  11.181  -80.340  -48.367 0.5000000000
13257  9.922  -81.043  -48.140 0.5000000000
13241  9.789  -81.372  -47.617 0.5000000000
13256  10.701  -81.523  -48.249 0.5000000000
13229  10.375  -81.767  -46.784 0.5000000000
14137  22.249  -80.351  -43.718 0.5000000000
13240  10.620  -81.747  -47.576 0.5000000000
15107  21.829  -79.122  -41.633 0.4000000060
15119  22.266  -79.443  -42.451 0.4000000060
16127  22.850  -78.947  -41.964 0.4000000060
18226  12.704  -76.777  -44.873 0.5000000000
13242  9.192  -80.964  -47.340 0.5000000000
15118  23.350  -79.352  -42.838 0.4000000060
19229  14.010  -75.581  -43.735 0.5000000000
18203  13.186  -75.737  -43.850 0.5000000000
18193  12.431  -75.719  -43.328 0.5000000000
18225  13.336  -76.371  -44.699 0.5000000000
16126  23.758  -78.750  -42.263 0.4000000060
20284  14.416  -74.963  -43.079 0.5000000000
148787  13.519  -75.254  -43.336 0.5000000000
21296  15.308  -73.869  -42.089 0.5000000000
20264  13.437  -74.773  -42.759 0.5000000000
19209  12.837  -75.165  -43.133 0.5000000000
17140  11.475  -77.152  -42.407 0.4000000060
20246  14.344  -74.412  -42.285 0.5000000000
20265  12.584  -74.493  -42.599 0.6000000238
18194  11.635  -76.053  -42.417 0.6000000238
21279  15.779  -72.952  -41.730 0.5000000000
21261  15.368  -73.178  -41.171 0.5000000000
21281  13.850  -74.235  -41.753 0.5000000000
20248  12.360  -73.847  -42.029 0.6000000238
19196  11.387  -75.021  -42.180 0.6000000238
18184  11.041  -75.938  -41.819 0.6000000238
17128  10.111  -77.633  -41.463 0.5000000000
17129  9.235  -77.584  -41.621 0.5000000000
16130  8.042  -78.187  -42.544 0.5000000000
22280  15.910  -72.089  -41.073 0.5000000000
21249  15.479  -72.742  -40.446 0.5000000000
21262  14.874  -73.834  -40.711 0.5000000000
21263  13.966  -74.134  -41.182 0.5000000000
20237  14.287  -74.373  -40.527 0.6000000238
20249  11.730  -73.660  -41.902 0.6000000238
19197  10.786  -74.997  -41.777 0.6000000238
18185  10.409  -76.674  -41.694 0.6000000238
18186  9.609  -76.880  -41.694 0.5000000000
21288  6.245  -73.689  -41.017 0.5000000000
17142  7.795  -77.392  -43.272 0.5000000000
23240  16.328  -71.040  -39.757 0.5000000000
21234  15.309  -72.287  -38.692 0.5000000000
20223  14.663  -74.382  -39.995 0.6000000238
20224  14.081  -74.895  -40.016 0.6000000238
21283  12.043  -73.373  -41.307 0.6000000238
21265  11.827  -73.183  -40.661 0.6000000238
142266  11.173  -73.383  -41.436 0.6000000238
18195  9.505  -75.944  -41.833 0.6000000238
18196  8.832  -76.629  -42.052 0.5000000000
17141  8.417  -77.384  -42.345 0.5000000000
18197  8.037  -76.512  -42.903 0.5000000000
20267  8.335  -75.097  -42.274 0.5000000000
19230  7.350  -76.162  -43.128 0.5000000000
20268  7.497  -75.050  -42.352 0.5000000000
135068  14.731  -75.014  -38.859 0.6000000238
19175  13.931  -75.732  -39.499 0.6000000238
19176  13.406  -76.122  -39.247 0.6000000238
19160  12.860  -76.098  -39.161 0.6000000238
20239  12.456  -73.796  -40.284 0.6000000238
21284  10.945  -72.993  -40.849 0.6000000238
21251  11.529  -73.216  -39.866 0.6000000238
21285  10.251  -73.497  -41.116 0.5000000000
21266  10.362  -73.059  -40.389 0.5000000000
149708  9.005  -75.209  -41.986 0.5000000000
21267  9.334  -73.413  -40.586 0.5000000000
22282  9.726  -72.954  -39.777 0.6000000238
20252  8.052  -74.502  -41.861 0.5000000000
21268  8.126  -73.372  -40.529 0.5000000000
22283  8.661  -73.028  -39.862 0.5000000000
22272  7.029  -72.159  -39.065 0.5000000000
18155  13.100  -76.793  -38.838 0.6000000238
20207  12.208  -75.370  -38.962 0.6000000238
144006  11.914  -73.900  -39.281 0.6000000238
22281  10.473  -72.955  -39.791 0.6000000238
22270  9.044  -72.903  -39.198 0.6000000238
22271  8.063  -72.600  -39.174 0.5000000000
17089  13.156  -77.342  -38.209 0.6000000238
21235  10.558  -73.108  -38.839 0.6000000238
127558  9.735  -73.051  -38.400 0.6000000238
21236  8.858  -72.864  -37.987 0.5000000000
17066  12.738  -77.727  -36.645 0.6000000238
17076  12.792  -77.574  -37.684 0.6000000238
17077  12.141  -77.436  -37.350 0.6000000238
19145  11.355  -75.662  -38.190 0.6000000238
20193  10.826  -74.433  -37.951 0.6000000238
20194  10.181  -74.366  -37.136 0.5000000000
17067  11.877  -77.483  -36.275 0.6000000238
19130  11.100  -76.169  -37.321 0.6000000238
18101  11.264  -76.865  -35.735 0.6000000238
19146  10.659  -75.238  -37.188 0.6000000238
19115  10.267  -75.695  -35.342 0.6000000238
150764  9.620  -74.704  -35.645 0.5000000000
19101  10.393  -75.638  -34.302 0.4000000060
7840  16.858  -87.742  -45.580 0.6000000238
7863  18.263  -87.643  -47.531 0.6999999881
11308  21.742  -83.705  -46.844 0.5000000000
13226  21.119  -82.174  -45.348 0.5000000000
13204  19.782  -81.327  -43.452 0.5000000000
14149  20.767  -81.100  -43.819 0.5000000000
12280  9.751  -81.981  -46.597 0.6000000238
21282  12.965  -73.918  -41.549 0.6000000238
20238  13.569  -74.294  -40.534 0.6000000238
19198  9.904  -74.932  -41.685 0.6000000238
148527  9.427  -73.930  -41.251 0.5000000000
18138  11.714  -76.818  -37.878 0.6000000238
20208  11.466  -74.520  -38.592 0.6000000238
18120  10.741  -76.025  -36.236 0.6000000238
20183  10.092  -75.061  -36.141 0.6000000238
147363  19.852  -91.633  -32.314 0.4000000060
6196  21.159  -90.275  -32.956 0.5000000000
6211  20.904  -89.889  -33.587 0.5000000000
5585  20.819  -90.612  -32.495 0.4000000060
6197  20.301  -89.805  -32.726 0.4000000060
6955  20.186  -89.130  -33.003 0.4000000060
5586  19.254  -90.534  -32.391 0.4000000060
6239  22.076  -89.661  -35.845 0.5000000000
135361  21.768  -90.016  -34.268 0.5000000000
131420  20.304  -88.969  -33.852 0.5000000000
6977  19.890  -88.153  -33.934 0.5000000000
6956  19.604  -88.913  -32.818 0.4000000060
6255  21.686  -89.202  -36.359 0.5000000000
127780  20.955  -88.663  -35.256 0.5000000000
6976  20.478  -88.461  -34.645 0.5000000000
151117  20.124  -87.777  -34.609 0.5000000000
7709  19.983  -87.110  -34.882 0.4000000060
6290  21.879  -89.048  -38.204 0.5000000000
7012  21.394  -88.367  -37.713 0.5000000000
7025  21.644  -88.413  -38.568 0.5000000000
141278  20.591  -87.679  -36.229 0.5000000000
7717  20.622  -87.244  -36.707 0.5000000000
8543  19.471  -86.530  -34.290 0.4000000060
7780  17.892  -87.526  -41.537 0.5000000000
8617  18.390  -86.349  -40.337 0.4000000060
133867  18.912  -85.615  -40.175 0.4000000060
9498  19.525  -85.260  -40.310 0.4000000060
145748  18.820  -84.676  -38.917 0.4000000060
137331  19.104  -84.382  -38.217 0.4000000060
7727  21.132  -87.504  -37.469 0.5000000000
10350  19.637  -84.537  -37.460 0.4000000060
9438  19.753  -84.980  -36.108 0.4000000060
9422  19.445  -85.238  -35.145 0.4000000060
7738  21.266  -87.056  -37.966 0.4000000060
127783  20.862  -86.521  -37.181 0.5000000000
8569  19.994  -85.872  -35.890 0.4000000060
8568  20.363  -86.512  -36.477 0.4000000060
8636  18.596  -86.871  -40.968 0.4000000060
10389  19.878  -84.741  -39.849 0.4000000060
10362  19.522  -84.471  -38.820 0.4000000060
7753  22.196  -87.333  -39.069 0.4000000060
10349  20.425  -84.942  -37.382 0.4000000060
9437  20.390  -85.545  -36.711 0.4000000060
8601  22.082  -86.584  -38.739 0.4000000060
8578  21.356  -85.906  -37.770 0.4000000060
9452  20.842  -85.566  -37.369 0.4000000060
7796  18.374  -88.061  -42.426 0.5000000000
7779  19.121  -87.406  -41.727 0.4000000060
7778  19.993  -87.077  -41.596 0.4000000060
8634  20.454  -86.182  -41.365 0.4000000060
9497  20.349  -85.034  -40.386 0.4000000060
10388  20.807  -84.770  -39.768 0.4000000060
10372  21.150  -84.749  -39.218 0.4000000060
10361  20.844  -84.734  -38.631 0.4000000060
8600  22.610  -86.167  -39.183 0.4000000060
9483  21.761  -85.015  -39.210 0.4000000060
9468  20.990  -85.068  -37.908 0.4000000060
142287  18.464  -88.373  -43.243 0.5000000000
7812  19.191  -88.379  -43.056 0.5000000000
142330  19.035  -88.704  -43.889 0.6000000238
7795  20.105  -87.714  -42.079 0.5000000000
9517  21.330  -85.565  -41.223 0.4000000060
138641  22.207  -85.272  -41.090 0.4000000060
9516  22.955  -85.290  -41.004 0.4000000060
137001  23.046  -85.362  -40.586 0.4000000060
7794  21.026  -87.800  -42.589 0.4000000060
7089  20.593  -88.614  -44.174 0.5000000000
7793  21.903  -87.856  -43.287 0.4000000060
9532  22.054  -85.795  -41.876 0.4000000060
7809  22.301  -88.125  -44.199 0.5000000000
8663  22.732  -87.408  -43.729 0.4000000060
130791  22.654  -86.359  -42.718 0.4000000060
7107  21.338  -88.495  -45.380 0.6000000238
7122  20.660  -89.028  -45.771 0.6000000238
7808  23.048  -87.821  -44.751 0.5000000000
8662  23.346  -87.103  -44.627 0.4000000060
7861  18.955  -87.699  -47.503 0.5000000000
129682  14.610  -75.304  -38.088 0.5000000000
18136  13.763  -77.078  -37.797 0.5000000000
17064  13.967  -77.342  -35.795 0.5000000000
19144  14.485  -75.615  -37.328 0.5000000000
18118  13.864  -77.228  -37.045 0.5000000000
19159  14.265  -75.935  -38.996 0.5000000000
6225  21.170  -89.303  -34.620 0.5000000000
8616  19.118  -85.987  -40.680 0.4000000060
9519  19.911  -85.668  -40.846 0.4000000060
8587  22.102  -85.653  -38.839 0.4000000060
8649  20.748  -87.118  -41.886 0.4000000060
8633  21.252  -86.281  -41.733 0.4000000060
9496  21.397  -85.004  -40.421 0.4000000060
9495  22.329  -85.077  -40.376 0.4000000060
7811  20.181  -88.222  -43.006 0.5000000000
9531  23.032  -85.603  -41.894 0.4000000060
7088  21.530  -88.450  -44.692 0.5000000000
7829  22.316  -88.028  -45.033 0.6000000238
8647  23.382  -86.210  -43.391 0.5000000000
7837  21.999  -87.781  -45.671 0.5000000000
14095  21.729  -80.745  -38.155 0.3000000119
13149  20.982  -81.396  -39.680 0.3000000119
13150  20.393  -80.721  -39.734 0.3000000119
14103  20.779  -80.843  -39.128 0.3000000119
14084  21.237  -80.154  -37.691 0.3000000119
15077  22.767  -79.806  -36.060 0.3000000119
15078  22.086  -79.543  -36.364 0.3000000119
13164  21.834  -81.936  -40.172 0.3000000119
12215  21.336  -82.508  -41.532 0.4000000060
12216  20.285  -82.384  -41.586 0.4000000060
13148  22.082  -81.650  -39.407 0.3000000119
12217  19.667  -82.156  -41.866 0.4000000060
13179  19.925  -81.732  -41.384 0.4000000060
12265  19.077  -82.715  -44.249 0.4000000060
11299  18.699  -84.281  -44.986 0.4000000060
14094  22.753  -80.875  -38.020 0.3000000119
14109  20.093  -80.471  -40.478 0.3000000119
14140  19.633  -81.140  -42.653 0.4000000060
142619  21.102  -79.062  -38.176 0.3000000119
15103  20.210  -79.838  -39.992 0.3000000119
11284  21.455  -84.126  -43.174 0.4000000060
10429  21.007  -84.830  -43.523 0.4000000060
9559  20.290  -86.135  -44.604 0.4000000060
8677  19.972  -86.714  -45.143 0.4000000060
12214  22.452  -82.406  -41.651 0.4000000060
12236  20.983  -82.964  -42.093 0.4000000060
9545  19.573  -85.308  -44.063 0.4000000060
10448  18.937  -85.153  -44.299 0.4000000060
13163  22.954  -81.876  -40.120 0.3000000119
12237  19.896  -82.776  -42.130 0.4000000060
10431  18.888  -84.534  -43.832 0.4000000060
8692  19.140  -86.514  -46.145 0.4000000060
13131  23.440  -81.240  -38.633 0.3000000119
12254  18.783  -83.223  -43.891 0.4000000060
9575  18.889  -85.663  -45.689 0.4000000060
14093  23.870  -80.911  -37.976 0.3000000119
12253  19.073  -82.491  -43.492 0.4000000060
14128  19.885  -80.573  -42.186 0.4000000060
10446  22.923  -85.317  -44.773 0.4000000060
8675  22.643  -86.609  -45.655 0.4000000060
11282  23.733  -83.768  -44.160 0.4000000060
10428  22.284  -84.638  -44.065 0.4000000060
132831  22.631  -85.937  -45.191 0.4000000060
8676  21.491  -87.010  -45.635 0.4000000060
132907  24.143  -81.698  -40.095 0.3000000119
14092  25.416  -80.977  -38.305 0.3000000119
142855  24.228  -81.158  -38.634 0.3000000119
9574  19.187  -86.165  -45.318 0.4000000060
141247  24.823  -80.837  -37.727 0.3000000119
7828  22.994  -87.522  -45.294 0.4000000060
9557  23.336  -86.203  -45.304 0.4000000060
15108  20.811  -79.402  -41.255 0.3000000119
16114  21.456  -78.857  -40.823 0.3000000119
15102  20.630  -79.302  -40.401 0.3000000119
8701  19.321  -87.618  -46.928 0.4000000060
8690  20.539  -87.582  -45.849 0.4000000060
7121  20.872  -88.604  -45.831 0.4000000060
8687  23.433  -86.636  -45.397 0.4000000060
12197  20.638  -82.036  -40.973 0.3000000119
14097  20.588  -80.090  -38.593 0.3000000119
130789  21.393  -79.612  -37.297 0.3000000119
12235  22.145  -82.910  -42.287 0.4000000060
13180  19.574  -81.645  -41.910 0.4000000060
135960  19.194  -83.953  -43.199 0.4000000060
12238  19.342  -82.329  -42.571 0.4000000060
10449  18.723  -84.661  -44.588 0.4000000060
14116  19.928  -80.546  -41.405 0.4000000060
11267  22.949  -83.383  -43.162 0.4000000060
9558  21.626  -86.124  -44.979 0.4000000060
9544  20.589  -85.462  -44.064 0.4000000060
12194  23.743  -82.057  -40.924 0.3000000119
10430  19.803  -84.717  -43.501 0.4000000060
142150  24.150  -81.397  -39.224 0.3000000119
12234  23.208  -82.845  -42.467 0.4000000060
12213  23.456  -82.385  -41.713 0.3000000119
13146  24.843  -81.439  -39.688 0.3000000119
4346  25.712  -92.092  -30.405 0.3000000119
4359  26.024  -92.598  -30.837 0.3000000119
144745  25.090  -90.722  -30.595 0.3000000119
149372  24.448  -91.217  -30.535 0.3000000119
4360  25.040  -92.622  -30.989 0.3000000119
5566  24.554  -90.263  -31.146 0.3000000119
6173  26.385  -89.818  -31.219 0.3000000119
4929  25.462  -91.217  -30.330 0.3000000119
6183  24.800  -89.771  -32.085 0.3000000119
149277  23.872  -91.895  -30.762 0.3000000119
5574  21.055  -91.335  -32.115 0.3000000119
6954  25.674  -88.666  -32.742 0.3000000119
6181  26.604  -89.020  -31.525 0.3000000119
6207  25.384  -89.061  -33.468 0.3000000119
6182  25.997  -89.439  -31.902 0.3000000119
5565  26.979  -90.230  -30.483 0.3000000119
5567  23.227  -90.804  -31.414 0.3000000119
6210  21.988  -90.283  -33.497 0.3000000119
151149  21.612  -90.864  -32.268 0.3000000119
139996  24.829  -89.570  -33.150 0.3000000119
5572  23.697  -90.337  -31.705 0.3000000119
6208  24.438  -89.578  -33.885 0.3000000119
6223  24.193  -89.653  -34.583 0.3000000119
6209  22.962  -89.904  -34.214 0.3000000119
5583  22.614  -90.631  -32.091 0.3000000119
6304  22.659  -89.328  -39.333 0.4000000060
6254  22.492  -89.651  -36.535 0.4000000060
4883  27.966  -91.521  -27.909 0.3000000119
3691  27.141  -93.165  -27.246 0.3000000119
4928  26.873  -91.278  -30.123 0.3000000119
4345  26.833  -92.122  -30.366 0.3000000119
6935  27.278  -88.927  -30.349 0.3000000119
6165  27.443  -89.110  -30.040 0.3000000119
4900  27.788  -90.650  -28.534 0.3000000119
4899  28.674  -91.264  -28.771 0.3000000119
4301  28.074  -92.511  -27.636 0.3000000119
6948  26.063  -88.486  -31.954 0.3000000119
6171  27.399  -89.022  -30.434 0.3000000119
5557  27.597  -89.832  -29.577 0.3000000119
4898  29.364  -91.734  -28.948 0.3000000119
133138  28.719  -92.397  -28.116 0.3000000119
6172  27.192  -89.191  -30.763 0.3000000119
4917  27.818  -90.114  -29.665 0.3000000119
4916  28.341  -90.821  -29.205 0.3000000119
4915  29.100  -91.519  -29.227 0.3000000119
142220  28.130  -91.102  -29.702 0.3000000119
4927  28.788  -91.402  -29.542 0.3000000119
4930  23.787  -90.995  -30.817 0.3000000119
4348  23.179  -91.979  -31.112 0.3000000119
6193  26.239  -88.805  -32.009 0.3000000119
5582  23.662  -90.163  -32.543 0.3000000119
4884  26.918  -91.387  -27.432 0.3000000119
4926  29.201  -91.851  -29.818 0.3000000119
6947  26.615  -88.843  -31.342 0.3000000119
6159  27.224  -89.368  -29.402 0.3000000119
4914  29.467  -92.067  -29.481 0.3000000119
6224  22.154  -89.875  -35.059 0.3000000119
7826  26.900  -88.280  -45.082 0.3000000119
6367  26.495  -88.945  -44.424 0.3000000119
7087  25.420  -89.219  -43.966 0.3000000119
7074  24.855  -88.866  -43.290 0.4000000060
7061  23.402  -88.864  -41.158 0.4000000060
7048  22.865  -88.209  -39.960 0.3000000119
7737  21.643  -87.542  -38.597 0.3000000119
7806  26.512  -87.943  -44.728 0.3000000119
7791  25.367  -87.773  -42.741 0.4000000060
7776  25.258  -86.990  -41.343 0.4000000060
8614  24.954  -86.299  -40.696 0.4000000060
8599  23.181  -86.760  -39.717 0.3000000119
9515  23.805  -85.325  -41.034 0.4000000060
9493  24.475  -85.588  -40.672 0.4000000060
9481  22.939  -85.562  -39.865 0.3000000119
147944  23.484  -85.387  -41.408 0.3000000119
7789  29.198  -87.485  -42.985 0.3000000119
7084  28.562  -88.196  -43.483 0.3000000119
6358  26.064  -89.571  -44.073 0.4000000060
144317  24.901  -89.502  -43.255 0.4000000060
7075  24.296  -89.321  -42.753 0.3000000119
7047  23.066  -88.962  -40.538 0.3000000119
144895  23.005  -89.222  -39.979 0.3000000119
7804  29.010  -87.276  -44.534 0.3000000119
7824  28.274  -87.244  -45.725 0.3000000119
8671  27.701  -86.736  -45.802 0.3000000119
8660  27.110  -86.644  -44.749 0.3000000119
7790  26.449  -87.017  -43.305 0.3000000119
8646  26.158  -86.455  -41.800 0.4000000060
9542  27.461  -85.197  -44.013 0.3000000119
128581  27.080  -85.817  -43.139 0.3000000119
8645  26.715  -85.863  -42.254 0.4000000060
8632  25.744  -85.941  -41.077 0.4000000060
10412  26.636  -84.434  -42.873 0.3000000119
10401  25.849  -84.661  -41.866 0.4000000060
9514  25.076  -84.932  -41.542 0.4000000060
9543  24.673  -85.268  -44.272 0.3000000119
9529  24.976  -84.939  -43.154 0.4000000060
9530  24.154  -85.325  -42.220 0.4000000060
11297  24.363  -84.356  -44.562 0.3000000119
8661  24.139  -85.984  -44.140 0.4000000060
9556  23.860  -85.903  -44.853 0.3000000119
7734  29.807  -88.028  -38.556 0.3000000119
7748  29.438  -88.108  -39.496 0.3000000119
7032  28.645  -88.323  -40.384 0.3000000119
7045  28.028  -89.020  -40.958 0.3000000119
7775  29.643  -87.925  -41.848 0.3000000119
7059  29.362  -88.533  -41.464 0.3000000119
146566  28.655  -89.033  -41.822 0.3000000119
6313  27.350  -89.599  -41.349 0.3000000119
152980  29.730  -85.984  -42.852 0.3000000119
7788  29.767  -86.860  -42.438 0.3000000119
7072  28.991  -88.490  -42.288 0.3000000119
130415  27.976  -89.604  -42.134 0.3000000119
130936  26.811  -90.113  -42.403 0.3000000119
5666  25.784  -90.195  -42.269 0.3000000119
6316  24.307  -89.913  -41.226 0.3000000119
6303  23.683  -89.563  -40.463 0.3000000119
135535  23.546  -89.533  -39.493 0.3000000119
6268  23.371  -89.740  -37.795 0.3000000119
8658  29.712  -86.433  -43.793 0.3000000119
10425  26.049  -83.993  -43.483 0.3000000119
10413  26.127  -84.398  -42.633 0.3000000119
10444  25.901  -83.614  -43.715 0.3000000119
135448  25.384  -84.102  -44.138 0.3000000119
11281  24.642  -83.658  -44.228 0.3000000119
10445  23.910  -85.269  -44.834 0.3000000119
7724  30.056  -87.712  -37.677 0.3000000119
7021  30.010  -88.317  -39.235 0.3000000119
7030  29.967  -88.336  -40.033 0.3000000119
7044  28.957  -88.773  -40.875 0.3000000119
7058  29.987  -88.097  -41.045 0.3000000119
130032  28.987  -88.832  -41.267 0.3000000119
6253  23.449  -89.810  -36.912 0.3000000119
7715  30.415  -87.462  -36.885 0.3000000119
7733  30.480  -87.749  -38.287 0.3000000119
7746  31.069  -87.242  -38.625 0.3000000119
7747  30.346  -88.070  -39.753 0.3000000119
7042  30.144  -88.163  -40.422 0.3000000119
8613  30.546  -86.627  -40.974 0.3000000119
7714  31.160  -87.189  -36.925 0.3000000119
7722  31.181  -87.177  -37.730 0.3000000119
7761  30.836  -87.317  -39.530 0.3000000119
6289  22.467  -89.477  -38.553 0.3000000119
7024  21.979  -89.025  -39.058 0.3000000119
7036  22.543  -88.774  -39.647 0.3000000119
7763  23.335  -88.026  -40.422 0.3000000119
8615  24.074  -86.594  -40.273 0.4000000060
11266  23.952  -83.194  -43.507 0.3000000119
7105  27.552  -88.034  -45.237 0.3000000119
7807  25.647  -88.390  -43.952 0.3000000119
7085  27.620  -88.611  -43.866 0.3000000119
7792  24.501  -88.417  -42.238 0.4000000060
9513  25.733  -85.088  -41.423 0.4000000060
7073  28.279  -89.056  -42.632 0.3000000119
6344  26.003  -90.026  -43.178 0.3000000119
6342  27.487  -89.541  -42.949 0.3000000119
5667  24.860  -90.083  -42.457 0.4000000060
6317  23.714  -89.301  -41.296 0.3000000119
8670  29.344  -86.420  -44.634 0.3000000119
9572  28.837  -86.357  -45.311 0.3000000119
9554  28.136  -85.867  -45.178 0.3000000119
9528  26.913  -85.057  -42.510 0.4000000060
11296  25.106  -84.021  -44.409 0.3000000119
6312  28.249  -89.268  -41.535 0.3000000119
6327  27.525  -89.906  -41.949 0.3000000119
138451  26.730  -90.078  -41.706 0.3000000119
11280  25.429  -83.496  -43.904 0.3000000119
13228  11.332  -81.680  -46.194 0.4000000060
4316  29.303  -92.417  -28.621 0.3000000119
4317  28.791  -91.841  -28.299 0.3000000119
4347  24.694  -91.999  -30.569 0.3000000119
4361  23.486  -92.666  -31.273 0.3000000119
4931  22.676  -91.530  -31.384 0.3000000119
5564  27.493  -89.302  -30.138 0.3000000119
5584  21.720  -90.546  -32.656 0.3000000119
6180  27.134  -88.985  -30.807 0.3000000119
6194  25.926  -89.060  -32.604 0.3000000119
6195  22.612  -90.376  -32.822 0.3000000119
6198  19.305  -89.671  -32.513 0.5000000000
6222  24.989  -89.152  -34.167 0.3000000119
6269  22.490  -89.560  -37.573 0.3000000119
6270  21.800  -89.163  -37.233 0.5000000000
6288  23.401  -89.660  -38.664 0.3000000119
6328  24.990  -90.165  -41.737 0.3000000119
6329  24.374  -89.686  -42.072 0.4000000060
6343  26.745  -89.851  -43.206 0.3000000119
6345  25.140  -90.045  -42.992 0.4000000060
6346  24.540  -89.785  -42.816 0.4000000060
6357  26.769  -89.301  -43.973 0.3000000119
6368  20.267  -89.237  -45.582 0.6000000238
6373  19.410  -89.323  -45.722 0.6999999881
6375  18.430  -89.100  -46.641 0.6000000238
6942  26.951  -88.823  -30.731 0.3000000119
6966  19.718  -88.443  -33.076 0.4000000060
6988  21.512  -89.238  -35.531 0.5000000000
6989  21.074  -88.482  -36.079 0.5000000000
7002  21.431  -88.614  -36.850 0.5000000000
7003  21.078  -87.942  -36.853 0.5000000000
7031  29.532  -88.298  -40.179 0.3000000119
7037  22.003  -88.293  -39.099 0.3000000119
7043  29.612  -88.434  -40.752 0.3000000119
7060  23.890  -89.043  -41.877 0.4000000060
7086  26.147  -88.858  -44.418 0.3000000119
7090  19.749  -88.650  -43.739 0.6000000238
7093  16.465  -87.757  -44.180 0.6000000238
7106  26.905  -88.644  -44.637 0.3000000119
7108  20.835  -89.051  -45.156 0.5000000000
7111  16.943  -88.106  -44.820 0.6000000238
7130  20.391  -89.005  -46.173 0.6999999881
7131  19.307  -89.185  -46.839 0.6000000238
7132  18.846  -89.151  -47.076 0.6999999881
7701  20.453  -87.876  -35.396 0.5000000000
7702  19.660  -87.346  -34.069 0.4000000060
7723  30.727  -87.469  -37.485 0.3000000119
7726  21.333  -87.843  -38.166 0.3000000119
7752  22.456  -87.822  -39.527 0.3000000119
7762  30.474  -87.523  -40.471 0.3000000119
7774  30.139  -87.279  -41.386 0.3000000119
7777  24.172  -87.765  -41.013 0.4000000060
7797  17.033  -88.008  -42.208 0.6000000238
7799  15.855  -87.556  -42.120 0.6999999881
7805  28.226  -87.953  -44.821 0.3000000119
7810  21.307  -88.232  -43.616 0.4000000060
7823  29.076  -86.924  -45.223 0.3000000119
7825  27.699  -87.342  -45.636 0.3000000119
7827  23.293  -87.075  -45.477 0.4000000060
7838  20.933  -88.225  -45.994 0.4000000060
7865  19.313  -87.289  -48.856 0.6999999881
7867  18.021  -87.026  -48.172 0.8000000119
8533  19.077  -86.830  -33.506 0.4000000060
8556  20.068  -87.030  -35.912 0.5000000000
8557  19.762  -86.250  -35.090 0.4000000060
8588  21.716  -86.331  -38.331 0.4000000060
8602  16.911  -86.805  -39.493 0.6999999881
8619  16.183  -87.088  -39.957 0.6999999881
8631  26.359  -85.473  -41.671 0.4000000060
8635  19.521  -86.546  -41.169 0.4000000060
8648  21.788  -86.871  -42.529 0.4000000060
8659  27.786  -85.999  -45.126 0.3000000119
8664  14.530  -86.197  -43.199 0.6999999881
8672  27.187  -87.422  -45.350 0.3000000119
8673  23.521  -86.804  -45.123 0.4000000060
8674  23.332  -87.382  -45.159 0.4000000060
8685  28.394  -86.754  -46.023 0.3000000119
8686  28.046  -86.712  -46.133 0.3000000119
8688  23.130  -86.852  -45.654 0.4000000060
8689  22.479  -87.174  -45.832 0.4000000060
8691  19.526  -87.149  -45.856 0.4000000060
8710  14.579  -86.226  -47.515 0.6999999881
8714  19.293  -87.163  -49.096 0.6999999881
8715  17.429  -86.530  -48.350 0.8000000119
9395  18.901  -85.967  -33.820 0.4000000060
9453  17.169  -85.488  -36.889 0.5000000000
9467  21.521  -85.209  -38.508 0.4000000060
9482  22.303  -85.222  -39.527 0.4000000060
9485  17.730  -86.115  -39.126 0.5000000000
9492  25.214  -85.496  -40.966 0.4000000060
9494  23.649  -85.680  -40.244 0.4000000060
9501  14.842  -86.057  -40.611 0.6000000238
9512  26.336  -84.749  -41.965 0.4000000060
9518  20.671  -85.444  -40.866 0.4000000060
9533  14.060  -85.135  -42.075 0.6000000238
9541  29.871  -86.001  -44.214 0.3000000119
9555  24.635  -84.776  -44.504 0.3000000119
9560  19.431  -85.770  -44.643 0.4000000060
9561  18.846  -85.333  -44.952 0.4000000060
9563  13.734  -85.172  -45.113 0.5000000000
9573  28.218  -86.443  -45.993 0.3000000119
9576  13.871  -85.915  -45.250 0.6000000238
9589  12.839  -85.518  -47.868 0.5000000000
9595  13.866  -85.546  -48.243 0.6999999881
9599  18.485  -85.795  -48.804 0.6000000238
9600  16.302  -85.378  -48.714 0.8000000119
10334  19.981  -84.841  -36.829 0.4000000060
10351  18.698  -84.433  -37.407 0.4000000060
10373  20.287  -84.525  -39.159 0.4000000060
10374  19.480  -84.610  -39.334 0.4000000060
10375  19.038  -84.998  -39.720 0.4000000060
10387  21.638  -84.853  -39.783 0.4000000060
10414  25.638  -84.564  -42.431 0.3000000119
10424  26.657  -83.886  -43.792 0.3000000119
10426  25.367  -84.466  -43.704 0.3000000119
10427  23.416  -84.503  -44.494 0.4000000060
10447  21.888  -85.367  -44.461 0.4000000060
10459  18.914  -84.654  -45.956 0.5000000000
10460  18.718  -84.963  -45.362 0.4000000060
10473  19.615  -85.467  -47.912 0.6000000238
10475  19.905  -84.551  -48.002 0.6999999881
11268  21.825  -83.505  -42.794 0.4000000060
11269  20.594  -83.510  -42.526 0.4000000060
11270  19.531  -83.314  -42.685 0.4000000060
11283  22.664  -83.953  -43.724 0.4000000060
11285  20.151  -84.137  -42.933 0.4000000060
11286  18.939  -83.143  -43.219 0.4000000060
11287  18.670  -83.952  -44.233 0.4000000060
11298  18.843  -83.511  -44.618 0.4000000060
11310  14.005  -83.373  -44.990 0.5000000000
11319  21.889  -83.857  -47.426 0.6000000238
11321  12.536  -83.552  -47.090 0.5000000000
11332  11.727  -83.318  -48.854 0.6000000238
11335  18.652  -84.014  -48.568 0.6999999881
12195  22.701  -82.002  -40.987 0.4000000060
12196  21.672  -82.108  -40.951 0.3000000119
12251  25.745  -83.058  -43.656 0.3000000119
12264  20.017  -82.362  -44.801 0.5000000000
12274  22.664  -82.422  -46.832 0.6000000238
12278  13.346  -82.495  -45.646 0.5000000000
12292  22.250  -83.085  -47.879 0.6000000238
12293  19.935  -82.371  -48.394 0.6999999881
12307  11.609  -82.464  -48.887 0.5000000000
13130  24.993  -81.114  -39.021 0.3000000119
13132  22.412  -81.274  -38.695 0.3000000119
13133  21.391  -81.138  -38.862 0.3000000119
13147  23.207  -81.575  -39.338 0.3000000119
13165  20.967  -81.824  -40.386 0.3000000119
13166  20.286  -81.287  -40.558 0.3000000119
13167  19.825  -81.111  -41.313 0.3000000119
13191  19.485  -81.569  -42.405 0.4000000060
13205  19.355  -81.746  -43.074 0.4000000060
13215  21.446  -81.514  -44.797 0.5000000000
13220  12.441  -81.746  -44.049 0.5000000000
13238  12.725  -82.116  -46.118 0.5000000000
13245  23.014  -81.706  -47.278 0.6000000238
13251  16.440  -81.962  -47.214 0.6999999881
13261  11.829  -81.915  -49.046 0.6000000238
13262  11.327  -81.790  -48.617 0.5000000000
13263  10.684  -81.151  -48.468 0.5000000000
14072  21.773  -79.873  -37.028 0.3000000119
14085  20.784  -80.070  -38.125 0.3000000119
14096  20.893  -80.483  -38.452 0.3000000119
14129  19.586  -81.076  -41.950 0.4000000060
14139  20.162  -80.719  -42.995 0.5000000000
14147  22.866  -80.834  -44.633 0.6000000238
14156  24.756  -80.676  -46.662 0.6000000238
14157  24.212  -81.085  -46.181 0.6000000238
14159  18.142  -79.812  -45.942 0.6000000238
14169  19.729  -80.233  -47.354 0.6999999881
14170  18.698  -80.707  -47.157 0.6999999881
14172  16.190  -80.798  -46.248 0.6000000238
14179  23.134  -81.274  -47.493 0.6999999881
14188  10.276  -80.232  -48.121 0.5000000000
15079  21.677  -79.284  -36.718 0.3000000119
15087  21.016  -79.658  -37.788 0.3000000119
15092  20.713  -79.753  -38.409 0.3000000119
15109  20.178  -79.915  -40.834 0.3000000119
15121  20.295  -79.983  -41.708 0.4000000060
15131  22.682  -79.781  -43.294 0.4000000060
15132  21.688  -79.926  -42.910 0.4000000060
15138  25.993  -79.892  -45.899 0.4000000060
15139  25.306  -80.101  -45.357 0.6000000238
15140  24.222  -80.086  -44.539 0.6000000238
15154  15.203  -78.630  -46.171 0.6999999881
15164  22.228  -79.438  -47.175 0.6999999881
15169  13.509  -78.751  -47.626 0.6000000238
16076  21.398  -78.994  -37.242 0.3000000119
16113  22.444  -78.578  -41.199 0.4000000060
16116  10.575  -78.262  -41.553 0.5000000000
16118  8.749  -78.369  -41.685 0.5000000000
16123  26.885  -78.564  -43.528 0.4000000060
16125  24.670  -78.736  -42.559 0.4000000060
16155  26.770  -78.387  -45.978 0.5000000000
16157  20.297  -78.070  -46.306 0.6999999881
16159  18.985  -78.282  -45.857 0.6999999881
16160  18.486  -77.760  -45.230 0.6999999881
16162  15.163  -77.840  -45.884 0.6999999881
17019  13.246  -77.176  -33.120 0.4000000060
17031  14.125  -77.176  -34.224 0.4000000060
17033  13.025  -77.579  -33.847 0.4000000060
17054  14.067  -77.307  -35.016 0.5000000000
17055  13.330  -77.710  -35.517 0.5000000000
17056  12.325  -77.759  -35.522 0.6000000238
17057  11.716  -77.403  -35.362 0.6000000238
17065  13.604  -77.443  -36.485 0.5000000000
17075  13.295  -77.496  -37.414 0.5000000000
17127  10.750  -77.539  -41.663 0.5000000000
17161  17.168  -77.833  -44.513 0.6999999881
17162  16.368  -77.318  -44.518 0.6999999881
17163  15.386  -77.051  -44.866 0.6999999881
17170  27.630  -76.985  -45.858 0.5000000000
17175  22.593  -77.135  -46.587 0.6000000238
17179  14.380  -77.236  -45.998 0.6999999881
17185  24.254  -78.220  -46.704 0.6000000238
18041  14.026  -76.413  -32.683 0.4000000060
18044  11.988  -76.501  -33.088 0.4000000060
18064  13.799  -76.942  -33.052 0.4000000060
18065  12.463  -77.200  -33.382 0.4000000060
18067  11.287  -76.922  -34.634 0.6000000238
18117  14.176  -77.071  -36.369 0.5000000000
18119  11.433  -76.904  -36.847 0.6000000238
18137  12.559  -77.275  -38.206 0.6000000238
18153  14.235  -76.310  -38.087 0.5000000000
18154  13.678  -76.727  -38.609 0.5000000000
18156  12.276  -76.480  -38.630 0.6000000238
18205  12.050  -76.622  -43.184 0.5000000000
18206  7.372  -76.820  -43.601 0.5000000000
18220  18.315  -76.416  -44.676 0.6999999881
18223  14.948  -76.516  -44.545 0.6999999881
18224  14.114  -76.380  -44.771 0.6000000238
18231  26.374  -76.771  -46.114 0.5000000000
18233  23.885  -76.515  -45.928 0.6000000238
18236  20.403  -76.821  -45.327 0.6000000238
18240  13.185  -76.744  -45.389 0.5000000000
19063  14.158  -75.090  -31.402 0.4000000060
19064  13.621  -75.579  -31.722 0.4000000060
19065  13.158  -75.412  -31.684 0.4000000060
19078  13.658  -76.112  -32.169 0.4000000060
19091  11.508  -75.762  -33.221 0.4000000060
19174  14.436  -75.113  -39.481 0.6000000238
19193  21.026  -75.479  -41.562 0.6000000238
19195  18.671  -75.204  -41.471 0.5000000000
19199  9.027  -74.523  -41.739 0.5000000000
19210  12.073  -74.972  -42.836 0.6000000238
19211  8.540  -75.766  -42.369 0.5000000000
19212  7.854  -75.679  -42.745 0.5000000000
19213  6.920  -75.556  -42.801 0.5000000000
19219  23.454  -75.173  -43.966 0.5000000000
19242  20.097  -76.176  -44.185 0.8000000119
19248  14.500  -76.055  -44.125 0.6000000238
20090  12.896  -74.693  -31.586 0.4000000060
20165  15.500  -73.925  -35.217 0.4000000060
20166  9.779  -75.224  -34.922 0.5000000000
20195  9.705  -73.753  -37.116 0.5000000000
20206  14.936  -73.971  -39.088 0.5000000000
20209  10.212  -73.650  -37.963 0.6000000238
20225  13.202  -75.099  -39.695 0.6000000238
20236  17.857  -73.707  -40.734 0.6999999881
20244  18.336  -74.207  -42.306 0.6999999881
20247  13.211  -74.264  -42.160 0.5000000000
20250  10.474  -74.046  -41.714 0.6000000238
20251  9.796  -74.100  -41.543 0.5000000000
20261  17.868  -73.651  -42.942 0.6000000238
20262  16.370  -73.946  -42.903 0.6000000238
20263  15.368  -74.283  -42.619 0.6000000238
20266  11.862  -74.187  -42.415 0.6000000238
20280  18.279  -74.990  -43.410 0.6999999881
20281  17.924  -74.364  -43.276 0.6000000238
21128  12.277  -74.424  -32.352 0.4000000060
21204  15.456  -72.939  -36.574 0.5000000000
21220  15.318  -72.560  -37.195 0.5000000000
21222  9.331  -73.268  -37.535 0.5000000000
21250  15.180  -73.361  -39.810 0.5000000000
21252  10.819  -73.016  -39.526 0.6000000238
21264  12.736  -73.721  -40.999 0.6000000238
21269  6.903  -73.157  -40.446 0.5000000000
21280  14.887  -74.004  -41.559 0.5000000000
21286  8.609  -73.981  -41.218 0.5000000000
21287  7.525  -73.911  -41.140 0.5000000000
22147  14.795  -71.577  -29.814 0.4000000060
22241  15.961  -72.188  -37.453 0.5000000000
22255  15.672  -71.713  -38.365 0.5000000000
22256  10.022  -72.838  -39.163 0.6000000238
22257  8.441  -72.652  -38.548 0.5000000000
22268  16.572  -71.371  -39.471 0.5000000000
22269  15.963  -71.647  -40.068 0.5000000000
22273  6.090  -72.200  -38.967 0.5000000000
22284  7.540  -72.664  -39.774 0.5000000000
22285  6.358  -72.425  -39.616 0.5000000000
22292  17.244  -71.652  -41.326 0.6000000238
22293  16.861  -71.721  -41.511 0.6000000238
22301  17.186  -72.241  -42.062 0.6000000238
23239  16.512  -70.982  -39.807 0.5000000000
23246  16.761  -70.963  -40.266 0.6000000238
23247  16.406  -71.256  -40.579 0.6000000238
23253  17.028  -71.100  -40.658 0.6000000238
23255  16.460  -71.684  -41.294 0.6000000238
24201  13.358  -70.308  -34.759 0.3000000119
25247  13.774  -69.511  -35.285 0.3000000119
25267  11.605  -69.420  -36.734 0.3000000119
25282  11.108  -68.827  -36.968 0.3000000119
25283  10.409  -68.672  -36.689 0.4000000060
26311  15.625  -68.758  -30.524 0.4000000060
26329  8.733  -69.065  -30.933 0.3000000119
26342  9.827  -68.567  -31.768 0.4000000060
26378  14.021  -68.628  -35.662 0.3000000119
26392  13.619  -68.279  -36.064 0.3000000119
26394  11.895  -68.475  -36.635 0.3000000119
27289  16.621  -67.436  -30.305 0.3000000119
27290  16.396  -66.970  -31.125 0.3000000119
27291  8.432  -68.645  -30.756 0.3000000119
27309  9.095  -68.287  -30.913 0.3000000119
27310  8.268  -67.271  -30.951 0.3000000119
27325  10.848  -67.691  -32.116 0.4000000060
27335  15.176  -66.882  -34.714 0.4000000060
27337  11.629  -67.345  -33.618 0.4000000060
27339  10.348  -68.033  -33.380 0.4000000060
27347  12.444  -67.135  -35.671 0.3000000119
27358  13.482  -67.631  -36.106 0.3000000119
28220  9.645  -66.536  -31.303 0.3000000119
28229  15.765  -66.020  -32.447 0.3000000119
28239  12.328  -66.214  -34.173 0.3000000119
28260  14.397  -66.312  -35.902 0.3000000119
29091  11.590  -66.011  -32.645 0.3000000119
29104  14.048  -64.920  -34.702 0.3000000119
29105  12.445  -65.162  -34.058 0.3000000119
29115  14.229  -65.632  -35.477 0.3000000119
29996  10.982  -63.693  -31.724 0.3000000119
30011  11.245  -64.382  -32.285 0.3000000119
30023  14.873  -64.739  -33.170 0.3000000119
30026  13.143  -64.858  -34.306 0.3000000119
30925  9.962  -62.759  -30.418 0.3000000119
30960  13.946  -63.914  -33.348 0.3000000119
31914  10.442  -62.347  -30.077 0.3000000119
31923  15.163  -62.418  -31.735 0.3000000119
31939  13.998  -62.651  -32.390 0.3000000119
32919  13.662  -61.188  -31.847 0.3000000119
32920  12.808  -61.080  -31.398 0.3000000119
126150  11.056  -73.650  -38.637 0.6000000238
127084  22.197  -75.573  -42.987 0.8000000119
127739  19.953  -90.320  -32.470 0.4000000060
127781  25.858  -90.115  -41.464 0.3000000119
127971  14.230  -85.239  -40.806 0.5000000000
128275  21.095  -76.973  -45.886 0.6000000238
128417  18.804  -91.099  -32.482 0.5000000000
130054  11.092  -73.002  -40.298 0.6000000238
130997  9.944  -64.043  -31.184 0.3000000119
131864  15.405  -86.808  -45.005 0.6999999881
131903  19.028  -77.556  -45.547 0.6000000238
132008  15.015  -74.201  -36.392 0.6000000238
132429  24.464  -80.258  -47.196 0.6999999881
132563  13.593  -74.920  -31.334 0.4000000060
132763  23.401  -90.015  -33.393 0.3000000119
132923  20.495  -83.636  -46.255 0.5000000000
133357  24.509  -75.032  -44.945 0.6000000238
135622  19.398  -88.020  -42.378 0.5000000000
135937  11.761  -66.737  -32.769 0.5000000000
137054  16.760  -85.978  -48.584 0.8000000119
137150  18.778  -83.719  -43.667 0.4000000060
137558  25.120  -80.627  -36.980 0.3000000119
138169  20.153  -84.572  -38.236 0.4000000060
138559  22.912  -87.187  -45.629 0.4000000060
138687  11.288  -76.469  -33.756 0.4000000060
139517  17.099  -71.628  -39.931 0.6000000238
139520  14.989  -67.650  -34.758 0.4000000060
141189  14.134  -84.362  -42.821 0.6000000238
141222  24.194  -92.631  -31.065 0.3000000119
141412  21.630  -87.636  -45.936 0.4000000060
141639  11.201  -74.107  -42.019 0.6000000238
142127  14.377  -76.325  -36.166 0.6000000238
142205  19.901  -89.042  -46.492 0.6000000238
142457  11.183  -75.255  -33.353 0.4000000060
142520  23.486  -79.746  -43.671 0.4000000060
142856  24.682  -81.006  -38.345 0.3000000119
144174  11.179  -73.249  -39.202 0.6000000238
144598  9.249  -72.889  -38.680 0.6000000238
144667  16.187  -72.165  -41.542 0.5000000000
145016  11.445  -72.999  -40.894 0.6000000238
145233  20.154  -83.879  -48.344 0.6999999881
145269  14.112  -86.017  -44.456 0.6000000238
145504  19.045  -86.070  -46.371 0.5000000000
145562  27.357  -89.891  -42.410 0.3000000119
145615  15.276  -69.400  -30.371 0.4000000060
145796  25.529  -89.700  -43.517 0.4000000060
145895  27.861  -86.519  -45.868 0.3000000119
146292  19.436  -91.181  -32.374 0.4000000060
146361  10.387  -75.727  -41.711 0.6000000238
146431  15.569  -72.224  -39.580 0.5000000000
146843  22.121  -83.646  -47.747 0.6000000238
146953  21.210  -80.663  -47.759 0.6999999881
147327  12.533  -76.152  -32.422 0.4000000060
147408  15.192  -86.609  -47.137 0.6999999881
148027  12.471  -85.212  -47.808 0.5000000000
148052  16.667  -75.244  -43.698 0.6000000238
148062  13.676  -76.328  -39.104 0.5000000000
148575  14.347  -86.192  -44.857 0.6000000238
149550  17.847  -85.202  -38.217 0.4000000060
150193  22.613  -87.007  -39.341 0.4000000060
150255  10.876  -76.224  -34.275 0.5000000000
150574  18.999  -86.604  -49.131 0.8000000119
150631  13.060  -65.594  -35.433 0.3000000119
150985  15.249  -71.500  -29.527 0.4000000060
151161  14.195  -85.845  -47.914 0.6999999881
151309  18.738  -88.504  -47.210 0.6999999881
151821  23.748  -81.461  -46.496 0.6000000238
151838  30.545  -87.896  -39.050 0.3000000119
152190  17.828  -78.035  -44.828 0.6000000238
152272  22.710  -92.138  -31.354 0.3000000119
152957  21.369  -84.072  -46.964 0.6000000238
