#!ascii label  , from subject sub-033 vox2ras=TkReg
997
87117  -44.312  11.213  10.316 0.0000000000
97507  -38.399  28.216  17.401 0.0000000000
90443  -39.403  15.870  17.494 0.0000000000
105357  -49.416  21.071  9.817 0.0000000000
111011  -42.373  30.585  14.033 0.0000000000
94812  -44.627  23.983  18.366 0.0000000000
94840  -43.916  23.395  14.738 0.0000000000
93659  -41.688  21.372  8.231 0.0000000000
84044  -47.176  7.618  16.169 0.0000000000
85515  -45.119  9.724  15.484 0.0000000000
98055  -35.085  30.229  14.004 0.0000000000
98988  -38.084  31.281  10.657 0.0000000000
99019  -41.697  31.101  9.234 0.0000000000
89289  -42.235  14.179  13.898 0.0000000000
113014  -39.720  22.333  17.520 0.0000000000
91051  -46.315  16.920  17.941 0.0000000000
91097  -42.372  17.294  11.356 0.0000000000
92406  -41.912  19.529  4.910 0.0000000000
90536  -38.266  16.865  4.918 0.0000000000
88633  -44.146  13.045  9.157 0.0000000000
122622  -44.909  28.501  11.909 0.0000000000
113036  -44.675  27.146  14.771 0.0000000000
95908  -43.482  25.968  12.967 0.0000000000
94847  -41.627  23.310  13.816 0.0000000000
85507  -48.248  9.568  18.287 0.0000000000
85495  -44.459  9.697  18.589 0.0000000000
98494  -33.499  30.870  15.808 0.0000000000
99476  -39.932  33.607  10.258 0.0000000000
87848  -40.491  12.578  15.275 0.0000000000
89278  -41.026  14.935  16.665 0.0000000000
96943  -36.698  26.978  16.813 0.0000000000
95355  -39.711  24.882  16.473 0.0000000000
92949  -46.801  20.272  15.225 0.0000000000
92938  -45.741  19.963  17.376 0.0000000000
91705  -48.825  18.311  14.604 0.0000000000
91079  -45.024  17.310  13.560 0.0000000000
92373  -45.583  19.872  10.568 0.0000000000
92381  -42.738  19.278  8.843 0.0000000000
110598  -45.573  21.481  6.041 0.0000000000
92404  -39.689  19.091  6.387 0.0000000000
98045  -41.977  30.811  16.541 0.0000000000
111414  -42.030  27.731  18.217 0.0000000000
111816  -43.501  27.496  17.273 0.0000000000
94837  -45.527  23.875  15.806 0.0000000000
107684  -46.068  20.790  12.849 0.0000000000
93652  -45.171  21.882  9.265 0.0000000000
93625  -43.453  20.993  11.732 0.0000000000
93622  -40.313  21.667  11.180 0.0000000000
84800  -50.023  8.943  17.329 0.0000000000
120730  -47.531  9.049  14.296 0.0000000000
85555  -45.079  9.440  12.731 0.0000000000
96939  -32.700  28.123  17.103 0.0000000000
96950  -34.837  27.741  16.216 0.0000000000
97525  -36.337  28.248  14.400 0.0000000000
98059  -39.017  29.096  12.937 0.0000000000
98973  -41.205  31.662  12.468 0.0000000000
118617  -43.219  33.178  11.293 0.0000000000
98079  -44.953  29.619  8.250 0.0000000000
98571  -42.260  29.432  7.551 0.0000000000
86263  -42.099  10.792  15.452 0.0000000000
87082  -43.288  11.340  14.061 0.0000000000
87867  -42.720  12.242  12.330 0.0000000000
91677  -39.204  18.815  16.737 0.0000000000
94823  -42.003  23.248  17.847 0.0000000000
92322  -42.973  19.292  16.699 0.0000000000
91040  -42.389  16.983  17.508 0.0000000000
90466  -43.496  16.693  14.936 0.0000000000
89904  -42.713  15.237  12.922 0.0000000000
88614  -41.570  13.766  10.965 0.0000000000
111144  -41.095  16.021  9.348 0.0000000000
90531  -41.268  16.552  6.276 0.0000000000
90547  -41.711  17.101  2.718 0.0000000000
93683  -42.696  21.335  5.399 0.0000000000
92418  -40.625  19.773  2.394 0.0000000000
89971  -40.663  15.455  2.738 0.0000000000
86314  -45.730  10.626  10.850 0.0000000000
87118  -45.302  11.192  10.311 0.0000000000
87890  -44.032  12.262  9.474 0.0000000000
96979  -44.545  28.173  10.839 0.0000000000
96430  -44.656  27.340  12.742 0.0000000000
96441  -43.669  26.958  11.829 0.0000000000
95907  -42.346  25.731  12.814 0.0000000000
89878  -40.857  15.487  17.960 0.0000000000
96930  -37.952  27.747  17.581 0.0000000000
92968  -48.417  20.715  13.223 0.0000000000
92336  -48.597  19.088  14.412 0.0000000000
92356  -49.428  19.978  12.235 0.0000000000
92354  -47.941  19.513  12.376 0.0000000000
120035  -47.663  20.599  9.721 0.0000000000
92999  -45.947  20.625  9.025 0.0000000000
93020  -48.175  21.568  7.852 0.0000000000
98496  -42.132  30.666  15.544 0.0000000000
98040  -42.090  30.355  18.202 0.0000000000
97521  -42.727  28.229  15.820 0.0000000000
95895  -44.649  25.412  14.834 0.0000000000
124123  -45.289  25.826  15.410 0.0000000000
94841  -44.807  23.544  14.977 0.0000000000
94231  -45.332  22.145  14.905 0.0000000000
93572  -43.946  21.603  14.327 0.0000000000
93605  -44.069  20.660  12.565 0.0000000000
94244  -43.074  21.755  14.044 0.0000000000
94260  -40.960  22.119  12.896 0.0000000000
85506  -47.219  9.789  17.519 0.0000000000
85517  -47.360  9.328  16.509 0.0000000000
85526  -46.405  9.019  15.026 0.0000000000
85542  -46.256  9.042  13.498 0.0000000000
85524  -44.700  9.541  14.372 0.0000000000
98048  -33.900  30.458  14.991 0.0000000000
97513  -33.726  28.808  15.803 0.0000000000
97523  -34.699  28.814  14.721 0.0000000000
97516  -36.007  27.918  15.413 0.0000000000
97533  -35.857  28.900  13.761 0.0000000000
98545  -36.570  30.450  11.293 0.0000000000
98072  -37.658  29.510  12.111 0.0000000000
124389  -38.328  29.906  11.662 0.0000000000
98067  -39.582  29.781  12.494 0.0000000000
98548  -39.451  31.081  11.310 0.0000000000
99008  -41.041  32.630  9.757 0.0000000000
99906  -42.462  34.900  11.410 0.0000000000
99491  -42.969  33.158  10.124 0.0000000000
98558  -44.511  30.864  9.446 0.0000000000
119007  -44.036  30.418  8.308 0.0000000000
98572  -43.554  29.718  7.683 0.0000000000
98566  -42.683  30.261  8.366 0.0000000000
86255  -38.141  11.043  16.300 0.0000000000
116479  -38.855  9.896  16.930 0.0000000000
110113  -39.760  10.481  16.167 0.0000000000
85504  -41.849  9.611  16.738 0.0000000000
87073  -40.073  11.056  15.665 0.0000000000
88594  -41.755  13.445  14.317 0.0000000000
87081  -41.931  12.044  14.647 0.0000000000
87852  -42.650  12.668  13.645 0.0000000000
87089  -43.258  11.180  13.217 0.0000000000
88604  -42.705  13.412  13.210 0.0000000000
93549  -37.976  21.935  17.540 0.0000000000
92930  -37.685  20.129  17.158 0.0000000000
92932  -39.440  20.815  17.152 0.0000000000
95868  -43.255  26.261  18.253 0.0000000000
117131  -42.384  24.561  18.156 0.0000000000
95347  -43.160  24.209  18.382 0.0000000000
91681  -46.477  17.735  18.093 0.0000000000
92315  -44.515  19.764  17.177 0.0000000000
91679  -44.214  17.644  17.392 0.0000000000
91049  -42.279  17.801  16.902 0.0000000000
90448  -44.223  16.986  17.575 0.0000000000
90455  -42.848  16.436  16.806 0.0000000000
90457  -44.459  16.888  16.017 0.0000000000
91099  -44.057  18.017  12.066 0.0000000000
90482  -43.431  16.467  12.797 0.0000000000
90493  -42.907  16.827  12.084 0.0000000000
89305  -41.815  14.098  11.842 0.0000000000
89911  -41.380  15.554  11.272 0.0000000000
124483  -41.240  15.055  9.802 0.0000000000
91107  -41.351  17.183  10.345 0.0000000000
91768  -41.903  19.110  7.509 0.0000000000
91136  -41.069  17.705  7.805 0.0000000000
118406  -41.247  18.318  5.987 0.0000000000
90538  -41.522  16.627  5.096 0.0000000000
91784  -41.451  18.867  3.682 0.0000000000
105601  -43.353  21.812  8.718 0.0000000000
94297  -44.289  22.125  7.040 0.0000000000
93667  -41.888  21.322  7.306 0.0000000000
91773  -38.854  18.633  5.370 0.0000000000
92411  -39.847  19.346  4.923 0.0000000000
91148  -38.964  18.241  3.576 0.0000000000
90553  -40.349  17.649  2.368 0.0000000000
90537  -39.451  16.467  4.421 0.0000000000
89970  -40.131  15.273  4.040 0.0000000000
114449  -48.740  10.245  12.494 0.0000000000
89329  -43.723  14.507  8.357 0.0000000000
98069  -43.620  29.126  12.482 0.0000000000
97539  -43.538  28.117  13.726 0.0000000000
97540  -44.680  27.874  13.418 0.0000000000
95901  -44.402  26.181  14.259 0.0000000000
123436  -43.424  25.044  14.011 0.0000000000
94848  -42.465  23.405  14.241 0.0000000000
95367  -42.052  24.268  13.830 0.0000000000
84034  -47.206  8.394  17.032 0.0000000000
84793  -47.247  8.816  19.124 0.0000000000
86260  -44.924  10.297  17.215 0.0000000000
108678  -33.559  30.108  14.116 0.0000000000
99000  -39.288  33.002  10.427 0.0000000000
99017  -39.277  31.491  9.152 0.0000000000
98564  -40.155  30.084  8.259 0.0000000000
87075  -39.578  11.984  15.709 0.0000000000
89280  -40.768  14.182  15.640 0.0000000000
89288  -41.349  14.222  14.717 0.0000000000
94820  -39.519  23.392  17.199 0.0000000000
93563  -45.452  21.330  16.945 0.0000000000
117143  -45.023  21.852  18.182 0.0000000000
92947  -46.457  19.884  16.449 0.0000000000
92324  -47.873  18.358  16.571 0.0000000000
91057  -47.824  17.302  16.491 0.0000000000
108969  -46.122  17.293  14.929 0.0000000000
126419  -47.163  18.171  13.653 0.0000000000
91734  -45.380  19.020  11.912 0.0000000000
91745  -43.970  19.254  10.970 0.0000000000
91743  -42.269  18.465  10.269 0.0000000000
92371  -43.684  19.447  10.140 0.0000000000
92394  -44.114  20.274  8.627 0.0000000000
92408  -43.315  20.755  6.010 0.0000000000
107282  -41.021  20.551  7.363 0.0000000000
91035  -37.982  16.843  16.711 0.0000000000
98037  -40.154  29.026  16.613 0.0000000000
96933  -40.158  28.384  17.918 0.0000000000
97499  -41.790  29.534  19.052 0.0000000000
97492  -42.582  28.530  18.500 0.0000000000
96386  -44.420  26.273  18.245 0.0000000000
96954  -44.698  27.135  15.699 0.0000000000
96397  -45.504  26.103  17.152 0.0000000000
94826  -45.215  23.764  17.583 0.0000000000
94223  -45.494  22.453  15.505 0.0000000000
112387  -46.297  21.002  14.092 0.0000000000
106078  -47.876  21.130  11.745 0.0000000000
105271  -47.059  21.635  9.226 0.0000000000
93642  -45.610  21.322  10.683 0.0000000000
105677  -44.246  21.653  9.925 0.0000000000
93639  -42.355  21.474  10.231 0.0000000000
93584  -41.804  21.745  13.276 0.0000000000
115801  -41.881  21.226  11.931 0.0000000000
84798  -48.749  9.165  17.810 0.0000000000
85519  -49.044  9.446  16.600 0.0000000000
105678  -48.498  9.288  14.268 0.0000000000
85557  -47.783  9.538  12.900 0.0000000000
85567  -45.792  9.649  12.097 0.0000000000
86299  -44.349  10.209  11.662 0.0000000000
96389  -33.452  26.717  17.288 0.0000000000
127340  -33.361  28.191  16.575 0.0000000000
96400  -35.077  26.957  17.208 0.0000000000
126434  -36.194  27.169  16.806 0.0000000000
96952  -36.633  27.381  16.265 0.0000000000
97518  -38.326  27.839  15.788 0.0000000000
98517  -35.258  30.267  13.265 0.0000000000
109504  -36.340  29.327  13.158 0.0000000000
97535  -37.724  28.348  13.445 0.0000000000
116083  -39.066  28.143  15.035 0.0000000000
98051  -40.025  29.078  14.109 0.0000000000
98518  -41.605  30.758  14.063 0.0000000000
98964  -42.123  31.484  13.316 0.0000000000
98991  -40.871  32.625  11.611 0.0000000000
99443  -42.658  33.426  12.446 0.0000000000
98536  -42.321  31.198  12.768 0.0000000000
98549  -43.695  30.320  10.982 0.0000000000
116057  -44.866  29.318  10.201 0.0000000000
97555  -44.050  28.841  7.973 0.0000000000
97559  -42.513  28.786  7.371 0.0000000000
117198  -40.975  29.618  7.667 0.0000000000
85505  -43.523  9.952  17.443 0.0000000000
111129  -43.851  10.386  16.477 0.0000000000
119003  -41.731  11.467  15.039 0.0000000000
87078  -42.473  11.382  14.914 0.0000000000
86269  -44.248  10.257  15.032 0.0000000000
85539  -43.855  9.994  13.107 0.0000000000
86288  -43.790  10.275  12.313 0.0000000000
87105  -43.135  11.209  11.306 0.0000000000
91046  -39.122  17.819  16.707 0.0000000000
95876  -40.761  26.116  17.143 0.0000000000
107041  -40.889  24.095  17.431 0.0000000000
94205  -40.444  22.732  17.586 0.0000000000
93554  -43.922  21.731  17.552 0.0000000000
92934  -42.069  21.022  16.958 0.0000000000
106967  -41.099  21.153  16.958 0.0000000000
116088  -41.232  19.304  16.521 0.0000000000
91047  -40.808  17.405  16.920 0.0000000000
91038  -40.887  16.590  17.505 0.0000000000
89879  -41.618  15.832  17.896 0.0000000000
89884  -42.208  16.043  16.486 0.0000000000
89893  -42.344  15.804  13.945 0.0000000000
90475  -44.604  16.887  13.911 0.0000000000
126450  -43.173  15.986  13.160 0.0000000000
89295  -42.678  14.302  13.185 0.0000000000
88609  -42.391  13.536  12.355 0.0000000000
124741  -42.445  12.306  10.956 0.0000000000
87881  -42.728  12.468  10.204 0.0000000000
88631  -42.733  13.344  9.490 0.0000000000
89328  -42.197  14.546  8.854 0.0000000000
108886  -42.826  14.811  8.119 0.0000000000
91125  -41.212  17.878  9.053 0.0000000000
106244  -41.169  16.411  8.324 0.0000000000
89954  -42.787  15.536  6.300 0.0000000000
89963  -43.662  16.033  4.788 0.0000000000
90549  -43.572  16.105  3.748 0.0000000000
94299  -46.214  22.266  6.172 0.0000000000
93037  -44.080  21.688  5.892 0.0000000000
92413  -42.423  20.682  4.615 0.0000000000
93014  -41.236  20.528  6.201 0.0000000000
93033  -41.580  20.343  3.943 0.0000000000
92420  -41.905  20.024  3.651 0.0000000000
109039  -41.084  18.967  1.994 0.0000000000
89983  -41.421  16.383  2.176 0.0000000000
86313  -44.760  10.599  10.887 0.0000000000
87132  -44.823  11.875  9.711 0.0000000000
87131  -43.970  11.724  9.860 0.0000000000
123727  -43.785  27.726  10.783 0.0000000000
96970  -44.224  27.530  11.366 0.0000000000
96969  -43.200  27.307  11.197 0.0000000000
106186  -40.086  15.103  17.854 0.0000000000
112327  -40.126  15.379  17.834 0.0000000000
120758  -37.970  28.202  18.023 0.0000000000
96931  -38.301  27.858  18.176 0.0000000000
97497  -38.556  28.189  18.144 0.0000000000
93609  -49.094  21.179  11.870 0.0000000000
92977  -49.219  20.630  12.507 0.0000000000
92984  -49.384  20.558  11.023 0.0000000000
92374  -48.542  20.319  11.131 0.0000000000
105074  -49.381  20.830  9.969 0.0000000000
120041  -48.137  20.891  8.709 0.0000000000
105076  -49.036  21.299  8.556 0.0000000000
98053  -42.161  29.997  14.497 0.0000000000
97529  -42.224  29.451  15.350 0.0000000000
126447  -43.833  24.021  14.656 0.0000000000
95363  -44.539  24.309  14.895 0.0000000000
94230  -44.569  22.563  14.782 0.0000000000
94229  -43.505  22.461  14.569 0.0000000000
84045  -48.175  7.620  16.315 0.0000000000
86266  -45.847  10.148  16.980 0.0000000000
85516  -46.169  9.357  15.916 0.0000000000
85525  -45.578  9.179  14.734 0.0000000000
98049  -34.492  29.918  14.527 0.0000000000
98050  -35.190  29.607  14.114 0.0000000000
116655  -37.100  31.081  10.578 0.0000000000
98546  -37.598  30.321  11.308 0.0000000000
98547  -38.591  30.626  11.193 0.0000000000
98533  -39.114  30.124  11.737 0.0000000000
99490  -42.112  33.428  10.140 0.0000000000
99009  -42.401  32.233  9.738 0.0000000000
99010  -43.437  31.980  9.760 0.0000000000
99020  -43.050  30.999  9.307 0.0000000000
98565  -41.260  30.147  8.437 0.0000000000
87070  -37.538  11.594  16.498 0.0000000000
87072  -38.880  11.433  16.147 0.0000000000
86256  -38.913  10.568  16.358 0.0000000000
120748  -39.444  11.107  15.999 0.0000000000
87851  -42.207  12.718  14.184 0.0000000000
88595  -42.414  13.382  13.720 0.0000000000
94204  -39.136  22.761  17.388 0.0000000000
93550  -38.864  22.015  17.505 0.0000000000
125721  -38.957  21.325  17.361 0.0000000000
107053  -39.600  21.615  17.376 0.0000000000
95337  -44.076  24.709  18.387 0.0000000000
95336  -43.204  25.157  18.337 0.0000000000
94824  -43.931  23.877  18.337 0.0000000000
91044  -46.690  17.295  18.041 0.0000000000
91680  -45.756  18.089  17.909 0.0000000000
117270  -45.069  17.528  17.876 0.0000000000
126569  -44.789  16.862  17.786 0.0000000000
90452  -44.494  16.782  17.318 0.0000000000
90453  -45.632  16.836  17.047 0.0000000000
91098  -43.258  17.651  11.684 0.0000000000
90492  -41.899  16.343  11.657 0.0000000000
90501  -41.637  17.025  11.015 0.0000000000
90500  -41.233  16.273  10.712 0.0000000000
91774  -41.976  19.257  6.263 0.0000000000
91780  -41.317  18.363  4.852 0.0000000000
127008  -41.610  19.203  4.275 0.0000000000
93660  -42.488  21.569  8.561 0.0000000000
108925  -43.128  21.726  7.950 0.0000000000
91778  -38.315  18.190  4.687 0.0000000000
91147  -38.345  17.670  4.491 0.0000000000
90545  -38.970  17.391  3.954 0.0000000000
89962  -39.266  15.826  5.184 0.0000000000
86290  -47.544  10.048  12.133 0.0000000000
88634  -45.064  13.446  9.012 0.0000000000
88645  -44.439  13.981  8.654 0.0000000000
126622  -44.647  28.566  12.386 0.0000000000
97542  -44.357  28.350  12.978 0.0000000000
97543  -44.968  28.162  12.787 0.0000000000
96429  -44.069  26.721  12.521 0.0000000000
96421  -44.309  26.704  13.384 0.0000000000
95900  -43.796  25.689  13.690 0.0000000000
95894  -44.003  25.381  14.249 0.0000000000
95368  -42.911  24.397  14.132 0.0000000000
95899  -42.785  25.148  13.528 0.0000000000
95898  -41.504  25.069  13.407 0.0000000000
84027  -46.034  8.203  18.527 0.0000000000
86250  -46.017  10.075  18.163 0.0000000000
86249  -45.125  10.106  18.139 0.0000000000
98503  -32.999  30.196  14.576 0.0000000000
98563  -38.885  30.840  8.443 0.0000000000
99027  -38.295  31.140  8.082 0.0000000000
89274  -40.593  14.995  17.680 0.0000000000
89277  -40.147  14.172  16.739 0.0000000000
119739  -41.194  14.823  15.426 0.0000000000
96402  -36.202  26.715  16.835 0.0000000000
93570  -45.886  20.878  15.899 0.0000000000
121937  -48.665  18.562  14.034 0.0000000000
92327  -48.251  18.648  15.353 0.0000000000
91695  -48.644  17.933  15.795 0.0000000000
91058  -48.494  17.647  16.126 0.0000000000
91071  -48.501  17.700  15.406 0.0000000000
91704  -47.915  17.922  14.430 0.0000000000
91713  -48.237  18.461  13.614 0.0000000000
92364  -46.024  19.640  11.400 0.0000000000
92353  -46.535  19.223  12.161 0.0000000000
91733  -44.425  18.820  11.653 0.0000000000
92363  -44.890  19.472  11.211 0.0000000000
92372  -44.535  19.708  10.422 0.0000000000
122651  -45.789  20.846  8.134 0.0000000000
92998  -44.965  20.553  8.892 0.0000000000
93008  -44.982  20.876  7.585 0.0000000000
93007  -43.917  20.608  7.603 0.0000000000
93017  -44.601  21.180  6.531 0.0000000000
98044  -41.041  29.935  15.967 0.0000000000
98031  -41.356  29.537  18.382 0.0000000000
98039  -42.114  30.335  17.800 0.0000000000
97510  -42.734  28.201  17.025 0.0000000000
97500  -42.424  29.076  18.692 0.0000000000
97501  -43.083  28.227  18.194 0.0000000000
96395  -44.102  26.958  18.285 0.0000000000
96935  -43.952  27.301  17.916 0.0000000000
97531  -44.171  27.519  14.200 0.0000000000
96953  -43.859  27.486  15.164 0.0000000000
115221  -45.088  26.803  15.460 0.0000000000
95356  -45.841  24.700  15.988 0.0000000000
96406  -45.754  26.251  16.282 0.0000000000
95889  -45.851  25.498  16.531 0.0000000000
95348  -45.626  24.666  16.938 0.0000000000
94834  -45.560  23.920  16.491 0.0000000000
112601  -45.387  23.163  16.987 0.0000000000
106527  -45.530  23.204  16.038 0.0000000000
93588  -45.662  20.978  13.700 0.0000000000
93574  -45.623  21.328  14.486 0.0000000000
93589  -47.080  20.891  13.313 0.0000000000
93607  -46.904  20.955  12.359 0.0000000000
93628  -46.403  21.075  11.415 0.0000000000
121613  -45.691  20.741  12.152 0.0000000000
93626  -44.321  20.859  11.555 0.0000000000
106265  -43.804  21.215  10.845 0.0000000000
93640  -43.272  21.538  10.150 0.0000000000
108159  -42.029  22.524  13.832 0.0000000000
94243  -42.435  21.914  13.778 0.0000000000
93601  -40.637  21.858  12.052 0.0000000000
93602  -41.422  21.501  12.421 0.0000000000
84797  -48.378  9.173  18.227 0.0000000000
85508  -48.576  9.348  17.869 0.0000000000
85527  -47.247  9.041  15.235 0.0000000000
85518  -48.200  9.337  16.592 0.0000000000
106427  -48.197  9.211  15.297 0.0000000000
85528  -49.297  9.483  15.325 0.0000000000
125872  -47.892  9.251  13.611 0.0000000000
85543  -47.119  9.106  13.485 0.0000000000
107077  -45.814  9.268  12.878 0.0000000000
86300  -45.276  10.093  11.450 0.0000000000
85566  -44.929  9.711  12.046 0.0000000000
96928  -31.818  27.996  17.671 0.0000000000
122092  -31.740  27.090  17.813 0.0000000000
96929  -32.582  27.251  17.496 0.0000000000
98484  -33.290  30.696  16.398 0.0000000000
98036  -33.315  29.743  15.900 0.0000000000
97514  -34.430  28.366  15.584 0.0000000000
97506  -34.112  27.726  16.486 0.0000000000
110367  -34.370  27.068  17.241 0.0000000000
96941  -35.037  27.190  17.063 0.0000000000
96951  -35.672  27.458  16.467 0.0000000000
106080  -36.900  27.807  15.225 0.0000000000
97517  -37.500  27.528  15.972 0.0000000000
108289  -37.675  27.781  15.072 0.0000000000
98064  -35.943  30.062  12.907 0.0000000000
98065  -36.705  29.589  12.432 0.0000000000
98058  -38.143  28.878  12.774 0.0000000000
97536  -38.636  28.476  13.468 0.0000000000
97527  -38.305  28.019  14.378 0.0000000000
97528  -39.282  28.382  14.185 0.0000000000
98043  -40.022  28.745  15.163 0.0000000000
98535  -40.753  30.516  13.161 0.0000000000
98963  -41.792  31.375  13.529 0.0000000000
98519  -42.292  31.003  14.055 0.0000000000
98990  -39.847  32.480  10.918 0.0000000000
99455  -40.562  33.469  10.906 0.0000000000
99887  -43.141  34.799  11.537 0.0000000000
126711  -43.176  35.190  12.486 0.0000000000
113285  -42.970  33.371  12.379 0.0000000000
98975  -42.272  32.386  12.763 0.0000000000
98992  -42.549  31.979  12.111 0.0000000000
123169  -42.830  31.024  11.705 0.0000000000
98993  -43.214  31.852  11.088 0.0000000000
98559  -45.026  30.213  8.746 0.0000000000
98554  -44.853  30.079  9.582 0.0000000000
119384  -45.079  29.497  9.126 0.0000000000
97546  -44.711  28.770  9.918 0.0000000000
97552  -44.685  28.919  8.658 0.0000000000
97556  -44.559  29.196  7.957 0.0000000000
98085  -43.118  29.131  7.441 0.0000000000
97560  -43.597  28.959  7.546 0.0000000000
97569  -42.108  28.909  6.993 0.0000000000
111919  -40.126  29.748  7.247 0.0000000000
85493  -41.659  9.443  17.749 0.0000000000
86258  -41.513  10.121  15.984 0.0000000000
86259  -42.667  10.129  16.350 0.0000000000
87076  -40.392  11.697  15.286 0.0000000000
87077  -41.106  11.921  15.002 0.0000000000
127773  -42.702  11.931  14.272 0.0000000000
87079  -43.133  11.164  14.820 0.0000000000
86264  -43.675  10.606  15.437 0.0000000000
86268  -43.609  10.713  14.570 0.0000000000
86277  -43.967  9.965  14.008 0.0000000000
86276  -43.566  10.601  13.660 0.0000000000
87861  -43.015  11.743  12.785 0.0000000000
87097  -43.238  10.944  12.275 0.0000000000
124959  -42.892  11.555  12.017 0.0000000000
86298  -43.640  10.605  11.643 0.0000000000
87096  -42.676  11.922  11.492 0.0000000000
92312  -38.467  19.538  16.919 0.0000000000
96934  -41.345  28.287  18.141 0.0000000000
96393  -40.493  27.365  17.440 0.0000000000
111101  -41.497  27.021  17.571 0.0000000000
95346  -41.712  23.964  17.863 0.0000000000
114340  -41.542  24.903  17.595 0.0000000000
94822  -41.109  23.318  17.638 0.0000000000
94206  -41.315  22.599  17.603 0.0000000000
93555  -44.922  21.342  17.949 0.0000000000
116756  -44.781  21.959  18.187 0.0000000000
92937  -45.166  20.446  17.413 0.0000000000
92945  -43.485  20.031  17.012 0.0000000000
92935  -43.107  20.885  17.256 0.0000000000
92944  -42.502  20.135  16.765 0.0000000000
126639  -41.497  20.214  16.618 0.0000000000
121466  -40.747  20.528  16.766 0.0000000000
92321  -42.072  19.330  16.488 0.0000000000
91048  -41.601  17.619  16.876 0.0000000000
91039  -41.603  16.717  17.533 0.0000000000
90445  -41.370  16.022  18.038 0.0000000000
90446  -42.044  16.326  17.668 0.0000000000
90465  -42.643  16.504  15.636 0.0000000000
120912  -41.998  16.069  15.053 0.0000000000
125425  -42.607  16.398  14.557 0.0000000000
91069  -45.308  17.138  14.354 0.0000000000
114233  -43.558  16.344  13.282 0.0000000000
89905  -43.173  15.849  13.030 0.0000000000
89899  -42.763  15.419  13.168 0.0000000000
125160  -42.655  14.803  13.130 0.0000000000
110905  -42.750  13.761  12.903 0.0000000000
89299  -42.551  14.373  12.763 0.0000000000
88615  -41.999  13.390  11.526 0.0000000000
88623  -42.095  12.971  10.888 0.0000000000
88622  -42.118  13.517  10.234 0.0000000000
89319  -41.620  14.721  9.320 0.0000000000
89327  -41.813  15.123  8.466 0.0000000000
91753  -42.871  19.052  9.760 0.0000000000
91742  -41.539  17.958  9.946 0.0000000000
91752  -41.983  18.584  9.255 0.0000000000
91142  -41.028  17.483  6.768 0.0000000000
112510  -41.016  17.238  8.478 0.0000000000
90524  -41.169  16.654  7.496 0.0000000000
89940  -41.806  15.860  6.846 0.0000000000
126139  -43.065  15.673  5.558 0.0000000000
90532  -42.192  15.946  5.612 0.0000000000
110434  -41.831  16.775  3.947 0.0000000000
90539  -42.511  16.283  4.344 0.0000000000
90548  -42.652  16.466  3.146 0.0000000000
89978  -43.201  16.080  2.867 0.0000000000
90556  -42.369  16.349  2.426 0.0000000000
94288  -46.304  22.142  8.651 0.0000000000
94293  -47.775  22.154  7.031 0.0000000000
108809  -45.613  22.331  7.160 0.0000000000
93677  -43.426  21.640  6.348 0.0000000000
94306  -44.579  22.137  5.914 0.0000000000
93684  -43.385  21.458  5.732 0.0000000000
93036  -43.393  21.273  5.577 0.0000000000
93035  -42.926  21.241  5.017 0.0000000000
92399  -40.581  19.788  6.910 0.0000000000
92405  -40.625  19.862  5.657 0.0000000000
113664  -40.179  19.628  3.478 0.0000000000
92412  -40.821  20.116  4.261 0.0000000000
92419  -41.090  20.197  3.039 0.0000000000
92427  -41.451  20.137  3.177 0.0000000000
92426  -41.134  20.018  2.466 0.0000000000
91790  -41.296  19.672  2.585 0.0000000000
91789  -40.911  19.556  2.041 0.0000000000
90554  -40.873  16.540  2.337 0.0000000000
89976  -41.131  15.742  2.298 0.0000000000
89400  -41.441  15.464  2.357 0.0000000000
86301  -46.215  10.214  11.367 0.0000000000
86315  -46.553  10.757  10.881 0.0000000000
87133  -45.886  11.855  9.853 0.0000000000
97547  -45.028  28.676  10.977 0.0000000000
96964  -44.994  27.888  12.433 0.0000000000
96971  -44.860  28.013  11.623 0.0000000000
96963  -44.540  27.380  12.073 0.0000000000
111556  -43.003  26.434  12.350 0.0000000000
89275  -41.198  15.397  17.704 0.0000000000
115256  -37.604  27.143  16.872 0.0000000000
96390  -38.170  27.466  17.308 0.0000000000
119487  -39.069  26.935  17.031 0.0000000000
92956  -47.176  20.674  14.152 0.0000000000
125335  -47.422  20.203  14.558 0.0000000000
92957  -48.199  20.034  13.924 0.0000000000
92337  -48.810  19.479  13.516 0.0000000000
91714  -48.878  19.114  13.301 0.0000000000
91724  -48.697  19.176  12.855 0.0000000000
92355  -49.084  19.582  12.378 0.0000000000
92365  -47.413  19.892  11.656 0.0000000000
121827  -47.011  20.338  10.769 0.0000000000
92384  -45.207  20.138  9.759 0.0000000000
124971  -46.956  20.708  9.110 0.0000000000
93010  -47.032  21.035  7.989 0.0000000000
93019  -47.356  21.729  6.726 0.0000000000
108962  -42.072  30.601  17.079 0.0000000000
98046  -42.171  30.615  16.130 0.0000000000
97520  -42.390  29.702  16.853 0.0000000000
96416  -44.958  26.468  14.984 0.0000000000
95358  -45.245  25.021  15.445 0.0000000000
94836  -45.269  24.103  15.460 0.0000000000
94842  -45.266  23.187  15.312 0.0000000000
93573  -44.917  21.492  14.430 0.0000000000
93587  -44.508  20.995  13.579 0.0000000000
93606  -45.110  20.688  12.788 0.0000000000
93586  -43.491  21.102  13.484 0.0000000000
93604  -43.043  21.007  12.649 0.0000000000
94242  -41.288  22.550  13.481 0.0000000000
113175  -49.641  8.478  17.250 0.0000000000
108883  -46.672  8.909  14.268 0.0000000000
125724  -45.999  8.910  14.225 0.0000000000
85541  -45.367  9.213  13.675 0.0000000000
85540  -44.481  9.567  13.386 0.0000000000
97504  -32.273  28.815  17.202 0.0000000000
98042  -33.883  29.946  15.247 0.0000000000
126718  -34.233  29.135  15.088 0.0000000000
97515  -35.116  28.094  15.435 0.0000000000
97524  -35.436  28.490  14.515 0.0000000000
98532  -36.932  29.926  11.796 0.0000000000
98066  -38.634  29.441  12.206 0.0000000000
98060  -39.933  29.425  13.300 0.0000000000
98534  -40.010  30.740  12.127 0.0000000000
98972  -40.256  31.609  11.622 0.0000000000
115894  -40.333  33.595  10.111 0.0000000000
99477  -41.098  33.841  10.712 0.0000000000
99489  -41.318  33.758  10.433 0.0000000000
99921  -42.693  33.952  10.608 0.0000000000
99479  -43.221  33.600  11.019 0.0000000000
99001  -43.784  32.104  10.267 0.0000000000
99492  -43.351  32.654  10.338 0.0000000000
99021  -43.977  31.032  9.247 0.0000000000
98567  -44.772  30.142  8.105 0.0000000000
98573  -44.329  29.882  7.721 0.0000000000
87842  -36.909  12.196  16.862 0.0000000000
86254  -37.489  10.848  16.527 0.0000000000
85501  -37.953  10.133  16.771 0.0000000000
85503  -40.948  9.563  16.730 0.0000000000
121624  -40.167  9.944  16.534 0.0000000000
86257  -40.544  10.261  15.962 0.0000000000
87849  -41.392  12.688  14.710 0.0000000000
87853  -42.995  11.945  13.562 0.0000000000
87860  -42.867  12.564  13.115 0.0000000000
106813  -37.749  21.107  17.456 0.0000000000
92931  -38.565  20.604  17.224 0.0000000000
92313  -39.358  19.818  16.911 0.0000000000
96394  -42.443  26.818  17.984 0.0000000000
95878  -42.425  25.557  17.960 0.0000000000
111952  -43.211  23.259  18.059 0.0000000000
92317  -46.516  18.597  17.850 0.0000000000
92316  -45.599  19.279  17.508 0.0000000000
92323  -43.821  19.245  16.848 0.0000000000
91688  -42.597  18.479  16.696 0.0000000000
91689  -43.554  18.460  16.900 0.0000000000
91678  -43.200  17.459  17.303 0.0000000000
90447  -43.131  16.831  17.408 0.0000000000
90450  -42.380  16.318  17.416 0.0000000000
90451  -43.440  16.726  17.264 0.0000000000
90456  -43.533  16.699  16.429 0.0000000000
91088  -44.565  17.530  12.787 0.0000000000
90483  -44.127  16.891  13.263 0.0000000000
91087  -43.714  17.240  12.471 0.0000000000
90481  -42.636  15.988  12.543 0.0000000000
89912  -41.908  15.178  12.134 0.0000000000
89304  -41.369  14.668  11.159 0.0000000000
89310  -41.494  14.404  10.206 0.0000000000
89918  -41.185  15.269  10.512 0.0000000000
118435  -41.054  15.739  9.909 0.0000000000
90508  -41.092  16.545  9.856 0.0000000000
91761  -42.144  18.948  8.379 0.0000000000
118447  -41.404  18.401  8.274 0.0000000000
91767  -41.241  18.393  7.156 0.0000000000
91149  -41.067  17.350  5.597 0.0000000000
91152  -41.366  17.536  4.147 0.0000000000
93662  -44.297  22.054  8.772 0.0000000000
94291  -44.735  22.288  7.647 0.0000000000
93661  -43.865  22.162  7.982 0.0000000000
93669  -43.079  21.643  7.081 0.0000000000
93675  -42.217  21.366  6.304 0.0000000000
91779  -39.157  18.865  4.086 0.0000000000
91783  -39.705  19.132  2.802 0.0000000000
91156  -39.864  18.524  2.498 0.0000000000
115332  -39.501  17.781  3.026 0.0000000000
90546  -40.132  16.714  3.351 0.0000000000
86278  -49.823  10.182  13.319 0.0000000000
98062  -42.720  29.120  13.427 0.0000000000
97538  -42.512  28.816  14.261 0.0000000000
117340  -44.454  27.439  13.871 0.0000000000
96960  -44.827  27.683  13.252 0.0000000000
108903  -44.575  27.056  14.137 0.0000000000
95362  -43.773  24.599  14.465 0.0000000000
95361  -43.271  23.801  14.531 0.0000000000
94839  -43.099  23.090  14.628 0.0000000000
84033  -46.348  8.166  17.294 0.0000000000
84796  -47.836  8.773  18.377 0.0000000000
84794  -48.105  9.384  18.849 0.0000000000
84792  -45.995  8.515  19.435 0.0000000000
84785  -47.663  9.518  19.190 0.0000000000
106366  -48.047  10.044  18.874 0.0000000000
114538  -47.011  10.028  18.262 0.0000000000
98504  -34.362  30.159  14.184 0.0000000000
98989  -38.977  31.705  10.723 0.0000000000
99488  -39.475  33.657  9.960 0.0000000000
99007  -39.826  32.682  9.646 0.0000000000
99018  -40.292  31.106  9.146 0.0000000000
124147  -39.517  30.619  8.655 0.0000000000
98570  -39.350  30.237  7.835 0.0000000000
88589  -40.398  13.469  15.626 0.0000000000
88590  -41.019  13.406  15.022 0.0000000000
94819  -38.592  23.381  17.061 0.0000000000
116581  -39.809  22.911  17.519 0.0000000000
94210  -45.183  22.619  17.916 0.0000000000
94209  -44.934  22.518  18.248 0.0000000000
108790  -45.319  21.786  17.747 0.0000000000
93556  -45.205  21.060  17.551 0.0000000000
92939  -46.410  19.375  17.369 0.0000000000
92326  -47.199  19.247  15.828 0.0000000000
122593  -47.048  19.110  16.898 0.0000000000
92318  -47.216  18.474  17.555 0.0000000000
91691  -47.793  17.749  17.381 0.0000000000
91052  -47.341  17.346  17.576 0.0000000000
123549  -46.791  17.062  17.195 0.0000000000
91056  -46.472  17.214  16.049 0.0000000000
91070  -47.237  17.527  15.191 0.0000000000
91080  -46.336  17.603  13.992 0.0000000000
91089  -45.529  17.801  13.043 0.0000000000
91723  -47.249  18.689  12.913 0.0000000000
91722  -45.950  18.485  12.602 0.0000000000
91721  -44.933  18.289  12.374 0.0000000000
91732  -43.591  18.505  11.332 0.0000000000
91109  -42.818  18.040  10.919 0.0000000000
91744  -43.176  18.848  10.590 0.0000000000
92382  -43.484  19.658  9.252 0.0000000000
92383  -44.294  19.950  9.558 0.0000000000
92393  -43.326  19.925  8.316 0.0000000000
92392  -42.592  19.611  7.920 0.0000000000
92400  -42.610  19.936  6.779 0.0000000000
92407  -42.710  20.343  5.423 0.0000000000
93006  -41.291  21.086  7.820 0.0000000000
125030  -40.814  20.762  8.215 0.0000000000
93005  -40.503  19.947  8.042 0.0000000000
92398  -40.051  19.279  7.471 0.0000000000
91765  -38.616  18.244  6.493 0.0000000000
91772  -38.054  18.147  5.536 0.0000000000
91141  -37.738  17.554  5.274 0.0000000000
97508  -39.310  28.473  17.449 0.0000000000
118863  -39.448  28.333  18.013 0.0000000000
98030  -40.195  29.009  17.758 0.0000000000
110804  -41.113  29.028  18.694 0.0000000000
118652  -41.695  29.067  19.090 0.0000000000
98032  -41.973  30.053  18.679 0.0000000000
97491  -42.133  29.115  19.073 0.0000000000
96383  -42.513  27.870  18.480 0.0000000000
96384  -43.101  27.373  18.418 0.0000000000
95869  -43.978  25.788  18.385 0.0000000000
95338  -44.791  24.649  18.357 0.0000000000
97530  -43.052  28.136  14.714 0.0000000000
96945  -43.587  27.474  16.233 0.0000000000
96411  -45.464  26.352  15.712 0.0000000000
96410  -45.301  26.788  16.073 0.0000000000
96946  -44.512  27.086  16.806 0.0000000000
96396  -44.714  26.624  17.659 0.0000000000
95871  -45.047  25.175  18.118 0.0000000000
94813  -44.937  24.053  18.227 0.0000000000
109279  -45.582  21.761  15.938 0.0000000000
93575  -46.176  21.003  14.775 0.0000000000
93569  -45.754  21.684  15.051 0.0000000000
93608  -48.399  21.055  12.536 0.0000000000
93629  -48.815  21.318  11.027 0.0000000000
105219  -49.026  21.355  9.225 0.0000000000
106571  -47.458  21.207  10.923 0.0000000000
105073  -46.653  21.336  10.364 0.0000000000
93653  -45.926  21.680  9.774 0.0000000000
93627  -45.217  20.999  11.461 0.0000000000
93641  -44.689  21.256  10.773 0.0000000000
93651  -43.586  21.741  9.416 0.0000000000
93650  -42.788  21.619  9.409 0.0000000000
94228  -42.702  22.488  14.300 0.0000000000
93585  -42.623  21.348  13.384 0.0000000000
93603  -42.177  21.190  12.673 0.0000000000
93624  -42.590  21.130  11.867 0.0000000000
84035  -48.126  8.487  17.226 0.0000000000
84036  -48.921  8.559  17.401 0.0000000000
84799  -49.249  9.036  17.640 0.0000000000
85509  -48.982  9.231  17.615 0.0000000000
85510  -49.643  9.179  17.384 0.0000000000
85544  -49.591  9.659  14.219 0.0000000000
85558  -48.704  9.600  13.403 0.0000000000
85556  -46.712  9.444  12.636 0.0000000000
86289  -46.701  9.973  11.895 0.0000000000
96940  -33.443  27.436  17.144 0.0000000000
96399  -34.369  26.696  17.052 0.0000000000
96942  -35.789  27.020  17.063 0.0000000000
96944  -37.431  27.265  16.706 0.0000000000
106663  -37.856  27.727  16.885 0.0000000000
98056  -35.620  29.946  13.624 0.0000000000
97534  -36.760  28.529  13.552 0.0000000000
98057  -37.242  28.984  12.871 0.0000000000
97526  -37.283  28.088  14.290 0.0000000000
97519  -39.270  28.252  16.153 0.0000000000
98052  -40.870  29.706  14.819 0.0000000000
98061  -40.779  29.924  13.977 0.0000000000
98495  -41.744  30.583  15.432 0.0000000000
98505  -42.050  30.938  14.808 0.0000000000
98506  -42.183  30.858  14.727 0.0000000000
98520  -42.251  31.246  14.041 0.0000000000
99456  -41.542  33.738  11.540 0.0000000000
99442  -41.921  33.116  12.480 0.0000000000
98974  -42.237  32.099  12.698 0.0000000000
98068  -42.478  30.123  13.016 0.0000000000
98537  -43.166  30.113  12.038 0.0000000000
98073  -44.459  29.239  11.596 0.0000000000
98553  -44.326  30.840  10.087 0.0000000000
98550  -44.612  29.697  10.501 0.0000000000
98074  -45.066  29.082  11.079 0.0000000000
97561  -44.217  29.145  7.639 0.0000000000
98084  -41.362  29.217  6.668 0.0000000000
105699  -43.328  9.538  18.449 0.0000000000
85494  -42.551  9.619  17.532 0.0000000000
123291  -44.374  10.155  17.519 0.0000000000
86265  -44.540  10.321  16.124 0.0000000000
86262  -41.013  10.986  15.334 0.0000000000
111678  -43.035  10.729  15.497 0.0000000000
109916  -43.496  10.548  12.890 0.0000000000
85554  -44.371  9.779  12.516 0.0000000000
86312  -43.835  10.746  10.951 0.0000000000
111264  -38.219  17.695  16.603 0.0000000000
91036  -38.975  16.881  17.065 0.0000000000
125449  -39.718  16.446  17.346 0.0000000000
96932  -39.040  28.145  18.142 0.0000000000
95888  -40.080  25.684  16.623 0.0000000000
95877  -41.661  25.934  17.475 0.0000000000
95345  -40.600  25.008  17.071 0.0000000000
95344  -40.051  24.090  17.015 0.0000000000
94821  -40.294  23.401  17.450 0.0000000000
94208  -44.206  22.549  17.982 0.0000000000
127642  -43.261  22.387  17.669 0.0000000000
92936  -44.221  20.781  17.282 0.0000000000
93553  -42.696  21.743  17.393 0.0000000000
94207  -42.325  22.537  17.633 0.0000000000
93552  -41.640  21.854  17.358 0.0000000000
93551  -40.544  21.926  17.436 0.0000000000
92933  -40.223  21.087  17.081 0.0000000000
92314  -40.109  20.207  16.828 0.0000000000
92319  -39.936  19.025  16.714 0.0000000000
91687  -41.748  18.489  16.536 0.0000000000
91686  -40.816  18.441  16.542 0.0000000000
91685  -39.971  18.048  16.621 0.0000000000
91037  -39.987  17.042  17.081 0.0000000000
90444  -40.448  16.032  17.793 0.0000000000
89881  -41.719  15.630  17.234 0.0000000000
89883  -41.509  15.514  15.856 0.0000000000
89892  -41.695  15.173  14.508 0.0000000000
114905  -42.308  14.979  13.560 0.0000000000
91055  -45.374  17.065  15.488 0.0000000000
90467  -44.515  16.868  14.710 0.0000000000
90474  -43.965  16.597  13.928 0.0000000000
89894  -43.172  16.260  13.702 0.0000000000
117088  -42.664  13.060  12.697 0.0000000000
87874  -42.370  12.737  11.755 0.0000000000
87115  -42.810  11.821  10.820 0.0000000000
87116  -43.399  11.544  10.426 0.0000000000
87889  -43.450  12.093  9.832 0.0000000000
88632  -43.374  12.712  9.461 0.0000000000
88630  -42.164  14.112  9.511 0.0000000000
88644  -43.516  13.571  9.011 0.0000000000
88643  -42.838  14.126  8.887 0.0000000000
91108  -41.917  17.719  10.676 0.0000000000
91116  -41.167  17.285  9.586 0.0000000000
90515  -41.014  16.661  9.064 0.0000000000
126588  -41.122  17.849  8.434 0.0000000000
127646  -41.026  17.305  9.074 0.0000000000
89931  -41.275  15.846  8.695 0.0000000000
109854  -41.566  15.780  7.862 0.0000000000
89941  -42.458  15.295  7.370 0.0000000000
89942  -43.862  15.574  6.667 0.0000000000
89955  -43.940  15.878  5.624 0.0000000000
93663  -48.387  21.877  7.574 0.0000000000
93671  -48.000  22.038  6.916 0.0000000000
93018  -46.608  21.842  5.827 0.0000000000
94298  -45.156  22.297  6.452 0.0000000000
94307  -45.449  22.110  5.393 0.0000000000
126704  -45.091  21.620  5.602 0.0000000000
93027  -43.650  21.291  5.855 0.0000000000
93026  -43.208  21.111  5.117 0.0000000000
93024  -41.504  20.534  4.963 0.0000000000
93034  -42.285  20.881  4.635 0.0000000000
93041  -41.922  20.228  4.043 0.0000000000
108214  -41.285  18.346  2.777 0.0000000000
91158  -41.019  17.845  2.200 0.0000000000
91157  -40.671  18.567  1.980 0.0000000000
91163  -40.993  17.326  2.135 0.0000000000
90555  -41.562  16.750  2.283 0.0000000000
89925  -41.279  15.360  9.222 0.0000000000
89984  -41.612  15.954  2.178 0.0000000000
91041  -43.989  17.085  17.561 0.0000000000
91042  -44.817  16.958  17.898 0.0000000000
91043  -45.831  17.104  18.133 0.0000000000
91050  -45.323  16.818  17.910 0.0000000000
91053  -48.099  17.446  16.937 0.0000000000
91059  -48.867  17.955  15.409 0.0000000000
91682  -47.158  17.820  17.972 0.0000000000
91690  -44.639  18.582  17.298 0.0000000000
91692  -48.281  17.694  16.591 0.0000000000
91696  -48.857  18.306  14.944 0.0000000000
91712  -46.389  18.117  13.228 0.0000000000
91725  -49.180  19.551  12.651 0.0000000000
91788  -40.350  19.235  2.131 0.0000000000
92320  -40.457  19.425  16.639 0.0000000000
92346  -49.294  19.853  12.818 0.0000000000
92366  -49.111  19.872  11.788 0.0000000000
92401  -43.176  20.356  7.312 0.0000000000
92946  -45.840  20.396  17.114 0.0000000000
92950  -47.748  19.604  14.868 0.0000000000
92969  -49.051  20.265  13.112 0.0000000000
92985  -49.480  20.978  10.241 0.0000000000
92991  -46.323  20.282  9.844 0.0000000000
93009  -46.277  21.325  6.943 0.0000000000
93016  -43.805  20.921  6.567 0.0000000000
93028  -44.355  21.513  5.932 0.0000000000
93029  -45.766  21.926  5.313 0.0000000000
93630  -49.251  21.171  11.059 0.0000000000
93668  -42.395  21.530  7.700 0.0000000000
93670  -47.350  22.106  5.983 0.0000000000
93676  -42.852  21.508  6.266 0.0000000000
93678  -44.966  21.993  5.326 0.0000000000
93679  -46.684  22.028  5.665 0.0000000000
93680  -47.408  22.157  6.000 0.0000000000
93685  -44.697  22.053  5.512 0.0000000000
94217  -45.404  22.321  16.762 0.0000000000
94287  -45.419  22.267  8.188 0.0000000000
94292  -46.647  22.298  7.296 0.0000000000
94300  -47.348  22.109  6.222 0.0000000000
94305  -43.834  21.889  6.641 0.0000000000
94314  -44.070  21.824  5.933 0.0000000000
94825  -44.954  23.333  18.218 0.0000000000
95339  -45.171  24.613  17.841 0.0000000000
95870  -44.620  25.409  18.347 0.0000000000
95879  -45.029  25.855  17.948 0.0000000000
95880  -45.448  25.324  17.465 0.0000000000
95891  -45.827  25.660  15.866 0.0000000000
96385  -43.845  26.815  18.453 0.0000000000
96392  -39.438  27.633  17.539 0.0000000000
96405  -45.244  26.630  16.786 0.0000000000
96921  -42.057  28.572  18.811 0.0000000000
96922  -42.559  28.282  18.586 0.0000000000
96923  -43.297  27.629  18.295 0.0000000000
97498  -40.271  28.595  18.013 0.0000000000
97509  -42.394  29.272  18.214 0.0000000000
97537  -39.370  28.804  13.548 0.0000000000
98027  -42.124  29.746  18.897 0.0000000000
98038  -41.155  29.788  17.210 0.0000000000
98082  -44.538  29.581  7.769 0.0000000000
98086  -43.981  29.350  7.559 0.0000000000
99011  -44.084  31.482  9.710 0.0000000000
99457  -42.606  34.533  12.384 0.0000000000
99458  -43.057  34.703  12.603 0.0000000000
99459  -43.265  34.389  12.056 0.0000000000
99478  -43.039  33.945  10.742 0.0000000000
99884  -42.090  34.626  11.452 0.0000000000
99885  -42.839  35.180  12.083 0.0000000000
99886  -43.116  35.185  12.201 0.0000000000
99907  -42.897  34.834  11.176 0.0000000000
99919  -41.718  34.451  10.957 0.0000000000
99920  -42.162  34.301  10.747 0.0000000000
100338  -43.035  35.202  11.760 0.0000000000
100346  -43.124  35.097  11.724 0.0000000000
105072  -49.270  21.025  9.240 0.0000000000
105075  -49.134  21.228  8.951 0.0000000000
105077  -48.050  21.317  9.933 0.0000000000
105078  -48.703  21.764  7.648 0.0000000000
105209  -48.972  20.716  9.344 0.0000000000
105286  -49.316  21.142  9.526 0.0000000000
105288  -49.007  21.156  8.552 0.0000000000
105307  -48.244  21.591  8.571 0.0000000000
105365  -48.905  21.647  7.929 0.0000000000
106812  -38.410  21.424  17.443 0.0000000000
106866  -44.843  20.646  12.097 0.0000000000
107457  -49.240  21.207  10.127 0.0000000000
109030  -44.412  23.266  18.202 0.0000000000
110233  -44.530  30.636  8.866 0.0000000000
111559  -42.169  30.548  15.358 0.0000000000
112661  -41.515  30.365  14.602 0.0000000000
113292  -49.448  20.834  11.902 0.0000000000
114620  -42.439  21.468  6.948 0.0000000000
119572  -47.556  22.132  7.963 0.0000000000
120048  -48.995  21.582  8.237 0.0000000000
120053  -48.782  20.511  10.283 0.0000000000
124644  -45.093  21.579  10.123 0.0000000000
125463  -46.124  19.320  17.570 0.0000000000
125571  -39.939  19.627  16.768 0.0000000000
126095  -42.447  23.835  18.170 0.0000000000
126342  -40.808  19.941  16.633 0.0000000000
127020  -41.123  25.452  17.318 0.0000000000
127423  -43.622  21.933  7.401 0.0000000000
127551  -42.576  13.813  13.411 0.0000000000
