#!ascii label  , from subject sub-033 vox2ras=TkReg
1805
46724  -45.206  -35.992  36.529 0.0000000000
62472  -53.279  -18.992  20.401 0.0000000000
120930  -45.385  -26.694  27.635 0.0000000000
35123  -18.235  -48.193  36.249 0.0000000000
40209  -33.297  -43.975  36.205 0.0000000000
39229  -12.969  -44.605  38.861 0.0000000000
39125  -18.070  -44.211  46.660 0.0000000000
55734  -51.088  -26.264  21.430 0.0000000000
42897  -15.027  -40.844  32.926 0.0000000000
36060  -16.648  -48.064  45.208 0.0000000000
49238  -44.332  -33.907  30.570 0.0000000000
42893  -41.279  -38.759  33.998 0.0000000000
105588  -39.132  -40.152  37.728 0.0000000000
65291  -53.669  -15.543  18.368 0.0000000000
55705  -48.542  -26.596  23.700 0.0000000000
34174  -31.708  -48.848  29.910 0.0000000000
45812  -14.231  -37.477  36.651 0.0000000000
109886  -18.277  -44.647  37.074 0.0000000000
122089  -14.347  -45.767  33.773 0.0000000000
35174  -17.497  -48.059  30.447 0.0000000000
30002  -25.220  -51.325  44.140 0.0000000000
33995  -22.271  -48.614  47.906 0.0000000000
118284  -43.604  -26.090  30.926 0.0000000000
122942  -35.086  -39.055  41.692 0.0000000000
113759  -32.513  -39.596  33.768 0.0000000000
106625  -15.227  -43.918  43.030 0.0000000000
38134  -20.935  -45.221  41.252 0.0000000000
59001  -52.124  -22.691  20.420 0.0000000000
30078  -27.294  -53.020  39.390 0.0000000000
32110  -29.752  -51.145  34.875 0.0000000000
41015  -10.433  -42.853  35.555 0.0000000000
40262  -11.582  -43.522  30.292 0.0000000000
40919  -22.475  -42.963  48.341 0.0000000000
37100  -20.952  -46.898  45.678 0.0000000000
36109  -17.020  -48.063  41.770 0.0000000000
111402  -44.810  -34.167  35.730 0.0000000000
45834  -45.621  -37.479  33.838 0.0000000000
47612  -46.176  -35.188  33.473 0.0000000000
44887  -44.089  -38.795  35.563 0.0000000000
114912  -43.607  -39.389  32.394 0.0000000000
43894  -42.939  -39.411  36.996 0.0000000000
63423  -53.556  -17.628  19.708 0.0000000000
60737  -50.447  -20.390  19.773 0.0000000000
62477  -50.809  -18.041  19.193 0.0000000000
113755  -51.458  -16.576  17.415 0.0000000000
107089  -46.372  -26.294  25.708 0.0000000000
54787  -42.866  -27.335  27.456 0.0000000000
108451  -43.727  -26.582  25.287 0.0000000000
106094  -45.070  -26.149  23.858 0.0000000000
37168  -20.053  -46.371  35.945 0.0000000000
37193  -19.019  -46.206  33.042 0.0000000000
35153  -18.619  -48.046  33.253 0.0000000000
34141  -15.737  -49.345  31.328 0.0000000000
34112  -16.019  -49.139  33.587 0.0000000000
30036  -23.438  -52.428  42.019 0.0000000000
31053  -22.002  -50.934  44.454 0.0000000000
55565  -42.366  -26.450  33.538 0.0000000000
51022  -43.470  -32.023  32.842 0.0000000000
51043  -41.853  -32.449  30.960 0.0000000000
52959  -41.101  -29.578  32.834 0.0000000000
109428  -40.791  -27.636  31.396 0.0000000000
43810  -37.432  -39.176  41.956 0.0000000000
42874  -36.826  -41.019  34.494 0.0000000000
126927  -35.562  -39.763  36.078 0.0000000000
66190  -52.711  -14.471  15.216 0.0000000000
67968  -53.303  -12.485  14.393 0.0000000000
105933  -17.040  -44.253  44.514 0.0000000000
39188  -18.819  -44.537  41.856 0.0000000000
39164  -19.441  -44.531  43.586 0.0000000000
56556  -51.644  -25.026  20.669 0.0000000000
125534  -47.408  -27.354  20.416 0.0000000000
55744  -49.094  -26.393  19.408 0.0000000000
57379  -49.695  -24.789  19.044 0.0000000000
29028  -29.135  -52.541  41.287 0.0000000000
105782  -30.159  -53.503  39.924 0.0000000000
40986  -11.245  -41.962  39.303 0.0000000000
42811  -11.329  -41.167  37.164 0.0000000000
39243  -11.254  -44.403  37.369 0.0000000000
38294  -14.957  -45.920  30.061 0.0000000000
37199  -12.646  -45.286  32.350 0.0000000000
38303  -13.141  -44.785  29.066 0.0000000000
40098  -24.898  -44.206  46.823 0.0000000000
35019  -19.075  -48.133  47.594 0.0000000000
105528  -20.611  -47.498  47.802 0.0000000000
37097  -18.000  -46.897  46.293 0.0000000000
36088  -18.755  -47.486  43.399 0.0000000000
36086  -16.575  -47.956  43.586 0.0000000000
50052  -44.766  -33.986  33.058 0.0000000000
41832  -39.646  -40.122  40.150 0.0000000000
110750  -41.743  -40.412  38.852 0.0000000000
41910  -39.823  -39.711  36.044 0.0000000000
66181  -54.442  -14.222  17.453 0.0000000000
65302  -52.298  -15.463  16.440 0.0000000000
54845  -49.616  -26.808  22.281 0.0000000000
55732  -46.113  -26.632  21.489 0.0000000000
112775  -32.289  -45.037  31.771 0.0000000000
36190  -32.817  -47.106  32.342 0.0000000000
43901  -14.772  -39.482  35.916 0.0000000000
106074  -16.099  -44.003  37.858 0.0000000000
38193  -14.209  -44.765  36.062 0.0000000000
38215  -16.489  -44.944  34.727 0.0000000000
37216  -16.783  -46.263  31.541 0.0000000000
36213  -16.474  -47.351  28.899 0.0000000000
32014  -26.138  -50.234  46.273 0.0000000000
112096  -24.813  -47.912  47.744 0.0000000000
32009  -22.922  -49.882  46.719 0.0000000000
108501  -20.252  -50.214  46.619 0.0000000000
55611  -44.984  -26.624  29.435 0.0000000000
108031  -40.909  -27.349  29.216 0.0000000000
41864  -33.024  -41.144  38.920 0.0000000000
43846  -37.402  -39.704  39.723 0.0000000000
44863  -33.940  -39.008  37.819 0.0000000000
41924  -32.898  -42.114  34.926 0.0000000000
40146  -11.793  -43.043  41.718 0.0000000000
40125  -12.552  -42.808  43.362 0.0000000000
39197  -14.177  -43.865  40.625 0.0000000000
39214  -16.958  -44.295  40.023 0.0000000000
122029  -19.954  -45.067  39.320 0.0000000000
36139  -20.694  -47.416  38.650 0.0000000000
60730  -52.768  -20.647  20.717 0.0000000000
59007  -49.785  -22.590  19.471 0.0000000000
31060  -27.305  -51.781  44.483 0.0000000000
106357  -26.040  -52.724  42.216 0.0000000000
119394  -25.056  -51.813  40.143 0.0000000000
34150  -34.147  -49.667  32.512 0.0000000000
32111  -31.945  -51.309  34.018 0.0000000000
30116  -30.972  -52.132  36.997 0.0000000000
31152  -28.881  -51.796  37.082 0.0000000000
32075  -26.247  -51.276  37.338 0.0000000000
45798  -11.917  -37.532  37.724 0.0000000000
42833  -12.959  -40.142  36.615 0.0000000000
41918  -13.091  -41.830  34.635 0.0000000000
39281  -11.862  -44.518  34.978 0.0000000000
40219  -11.643  -43.591  33.782 0.0000000000
41950  -12.888  -42.432  31.910 0.0000000000
40090  -19.913  -42.992  48.294 0.0000000000
37075  -23.991  -46.430  48.081 0.0000000000
38099  -22.957  -44.981  47.383 0.0000000000
39138  -21.398  -44.584  45.686 0.0000000000
37113  -21.542  -46.551  43.542 0.0000000000
36113  -20.402  -47.590  41.617 0.0000000000
109924  -17.704  -48.690  38.648 0.0000000000
35034  -15.027  -49.125  43.163 0.0000000000
35064  -14.473  -49.022  41.300 0.0000000000
35120  -15.672  -48.941  36.579 0.0000000000
117330  -44.926  -34.757  36.009 0.0000000000
47574  -44.667  -35.269  37.505 0.0000000000
45820  -45.447  -36.987  35.401 0.0000000000
47600  -45.635  -35.447  35.013 0.0000000000
112341  -44.986  -37.705  36.030 0.0000000000
44895  -44.734  -38.446  34.742 0.0000000000
46718  -44.598  -36.669  38.023 0.0000000000
44867  -44.249  -37.933  37.478 0.0000000000
62479  -52.854  -18.340  19.963 0.0000000000
60738  -51.181  -19.965  19.992 0.0000000000
61589  -50.433  -19.570  19.625 0.0000000000
62478  -51.875  -18.441  19.649 0.0000000000
63422  -52.539  -17.561  19.432 0.0000000000
55653  -46.434  -26.409  26.700 0.0000000000
105917  -47.521  -26.387  26.975 0.0000000000
55638  -46.851  -26.293  27.464 0.0000000000
127432  -43.455  -27.189  26.363 0.0000000000
55651  -44.726  -26.785  26.521 0.0000000000
55669  -44.727  -26.487  25.582 0.0000000000
36163  -19.636  -47.586  36.383 0.0000000000
36178  -19.136  -47.531  34.413 0.0000000000
115594  -18.062  -48.186  34.636 0.0000000000
35151  -17.064  -48.866  33.495 0.0000000000
35143  -17.176  -48.616  34.569 0.0000000000
106854  -22.820  -52.092  41.679 0.0000000000
30035  -22.570  -52.030  41.978 0.0000000000
122074  -43.170  -29.978  34.221 0.0000000000
51989  -42.284  -30.823  32.908 0.0000000000
53882  -41.884  -28.809  34.320 0.0000000000
53881  -41.452  -28.231  33.633 0.0000000000
67081  -54.028  -13.778  15.777 0.0000000000
67093  -53.364  -13.160  14.471 0.0000000000
111465  -53.791  -11.871  14.847 0.0000000000
39136  -17.345  -44.223  46.080 0.0000000000
105932  -17.989  -44.311  44.471 0.0000000000
39137  -18.354  -44.364  45.450 0.0000000000
56551  -51.473  -25.627  21.080 0.0000000000
56553  -52.915  -25.062  21.904 0.0000000000
54872  -49.464  -26.607  20.929 0.0000000000
120579  -48.748  -26.768  19.977 0.0000000000
55737  -49.477  -26.288  20.182 0.0000000000
106442  -50.244  -25.642  20.140 0.0000000000
29037  -31.113  -54.168  42.087 0.0000000000
126311  -32.318  -54.092  40.032 0.0000000000
40176  -33.425  -43.617  37.663 0.0000000000
38203  -33.434  -45.031  36.624 0.0000000000
115138  -15.480  -39.424  33.487 0.0000000000
39209  -11.854  -43.752  39.162 0.0000000000
40171  -11.312  -43.493  38.350 0.0000000000
127753  -11.910  -44.480  38.014 0.0000000000
38305  -14.811  -45.691  29.267 0.0000000000
105550  -13.148  -45.437  29.824 0.0000000000
38319  -13.715  -45.027  28.316 0.0000000000
39140  -25.051  -44.210  45.549 0.0000000000
38105  -25.583  -45.696  46.531 0.0000000000
118787  -18.027  -48.071  46.516 0.0000000000
37082  -18.732  -47.827  46.882 0.0000000000
37089  -17.464  -47.424  46.117 0.0000000000
107162  -17.049  -47.214  45.181 0.0000000000
36073  -16.475  -47.769  44.917 0.0000000000
49189  -45.077  -33.513  33.978 0.0000000000
49201  -45.199  -34.209  33.171 0.0000000000
107676  -44.733  -32.792  33.886 0.0000000000
50993  -44.101  -31.273  34.344 0.0000000000
42844  -41.696  -39.267  36.159 0.0000000000
42843  -40.982  -39.654  36.672 0.0000000000
42876  -40.138  -39.295  35.387 0.0000000000
41928  -39.108  -39.508  35.210 0.0000000000
65297  -53.987  -14.812  17.966 0.0000000000
65290  -52.926  -15.844  18.132 0.0000000000
64407  -51.926  -16.077  16.939 0.0000000000
65296  -53.246  -15.189  17.634 0.0000000000
66180  -53.659  -14.545  17.132 0.0000000000
54829  -49.109  -26.677  22.923 0.0000000000
55707  -50.312  -26.805  24.063 0.0000000000
55688  -49.593  -26.646  24.700 0.0000000000
55685  -46.854  -26.278  24.157 0.0000000000
55719  -45.513  -26.435  22.251 0.0000000000
115803  -46.968  -26.490  22.899 0.0000000000
54843  -47.854  -26.988  21.874 0.0000000000
118473  -15.197  -37.165  35.985 0.0000000000
44886  -15.366  -38.387  35.313 0.0000000000
43887  -14.398  -39.002  36.420 0.0000000000
121040  -17.535  -44.465  37.388 0.0000000000
39266  -16.444  -44.429  36.359 0.0000000000
39284  -17.947  -44.920  35.577 0.0000000000
36196  -18.659  -47.218  31.986 0.0000000000
38272  -17.873  -45.952  32.641 0.0000000000
37217  -17.664  -46.601  31.276 0.0000000000
37228  -16.817  -46.556  29.970 0.0000000000
36207  -16.917  -47.502  29.368 0.0000000000
35172  -16.392  -48.549  29.735 0.0000000000
31048  -25.572  -50.738  45.435 0.0000000000
32011  -24.476  -49.821  46.761 0.0000000000
31046  -23.860  -50.480  45.297 0.0000000000
31051  -20.338  -50.750  44.428 0.0000000000
32018  -20.785  -50.407  45.695 0.0000000000
32017  -20.001  -50.703  45.727 0.0000000000
33014  -18.657  -49.923  46.340 0.0000000000
55610  -44.246  -26.574  29.669 0.0000000000
127402  -42.372  -26.596  31.078 0.0000000000
54753  -40.992  -27.238  30.670 0.0000000000
55609  -42.382  -26.904  29.796 0.0000000000
54764  -42.940  -27.200  28.998 0.0000000000
43820  -34.165  -39.342  41.947 0.0000000000
42782  -33.150  -40.293  41.053 0.0000000000
43831  -33.759  -39.465  40.882 0.0000000000
41855  -39.234  -40.186  39.748 0.0000000000
42784  -38.173  -39.854  40.208 0.0000000000
42806  -37.963  -39.827  38.291 0.0000000000
43906  -34.384  -39.300  35.260 0.0000000000
44878  -34.602  -38.927  36.828 0.0000000000
116573  -33.582  -39.245  35.910 0.0000000000
42839  -32.884  -40.003  35.927 0.0000000000
42871  -32.331  -40.298  34.418 0.0000000000
41036  -31.708  -42.751  32.827 0.0000000000
39159  -14.598  -43.645  43.938 0.0000000000
39172  -14.118  -43.523  43.016 0.0000000000
39171  -13.197  -43.568  42.584 0.0000000000
39185  -15.481  -43.930  41.465 0.0000000000
121210  -15.603  -43.902  40.017 0.0000000000
39186  -16.310  -44.226  41.561 0.0000000000
39190  -20.364  -44.864  41.696 0.0000000000
39203  -19.442  -44.614  40.502 0.0000000000
38142  -20.795  -45.316  40.413 0.0000000000
38166  -20.933  -45.908  38.664 0.0000000000
37138  -21.296  -46.693  39.795 0.0000000000
59867  -52.148  -21.853  20.340 0.0000000000
59869  -53.307  -21.089  21.052 0.0000000000
59003  -53.183  -21.905  20.974 0.0000000000
58193  -50.884  -23.646  19.811 0.0000000000
58192  -50.063  -23.532  19.430 0.0000000000
59008  -51.312  -22.866  19.982 0.0000000000
59875  -51.404  -21.434  20.137 0.0000000000
122149  -27.999  -51.340  42.978 0.0000000000
107331  -28.219  -52.621  40.709 0.0000000000
29027  -27.310  -52.366  41.763 0.0000000000
30065  -26.615  -52.415  41.026 0.0000000000
30064  -25.855  -52.248  41.185 0.0000000000
30077  -26.651  -52.645  39.659 0.0000000000
108567  -32.726  -47.997  31.276 0.0000000000
119592  -33.568  -48.295  32.565 0.0000000000
33146  -32.700  -49.671  31.209 0.0000000000
32126  -30.477  -51.433  33.445 0.0000000000
122226  -31.919  -51.687  32.466 0.0000000000
31182  -30.802  -51.873  34.045 0.0000000000
31167  -31.111  -51.717  35.944 0.0000000000
31165  -30.627  -51.997  35.594 0.0000000000
30114  -30.222  -52.209  37.069 0.0000000000
31163  -29.265  -51.653  36.298 0.0000000000
32081  -26.663  -50.869  36.603 0.0000000000
44853  -11.361  -38.199  38.188 0.0000000000
41888  -11.266  -41.714  36.463 0.0000000000
42831  -11.595  -40.822  36.849 0.0000000000
42849  -11.629  -41.338  36.243 0.0000000000
41904  -12.617  -41.445  35.437 0.0000000000
41916  -10.900  -42.845  35.301 0.0000000000
38213  -14.470  -44.805  35.099 0.0000000000
39282  -12.525  -44.670  35.780 0.0000000000
107220  -13.026  -45.214  33.978 0.0000000000
38283  -11.933  -44.511  31.212 0.0000000000
39317  -12.092  -44.306  32.959 0.0000000000
40233  -11.820  -43.709  31.858 0.0000000000
41042  -12.343  -42.894  32.318 0.0000000000
41049  -11.888  -42.723  30.755 0.0000000000
106856  -13.120  -41.941  29.964 0.0000000000
40083  -21.435  -42.990  48.555 0.0000000000
33996  -23.098  -48.715  47.750 0.0000000000
36044  -24.715  -46.965  47.896 0.0000000000
35014  -22.786  -48.098  47.792 0.0000000000
37085  -21.098  -46.920  47.211 0.0000000000
37086  -21.906  -46.977  47.617 0.0000000000
37094  -22.507  -46.124  46.655 0.0000000000
39122  -22.388  -44.708  47.206 0.0000000000
38104  -22.345  -45.790  45.966 0.0000000000
39151  -21.579  -45.094  44.790 0.0000000000
37104  -21.278  -46.919  44.932 0.0000000000
105937  -18.223  -47.712  42.845 0.0000000000
105936  -19.334  -47.626  42.669 0.0000000000
36111  -18.778  -47.791  41.186 0.0000000000
36121  -18.907  -47.803  40.336 0.0000000000
35067  -17.424  -48.306  40.241 0.0000000000
34032  -13.793  -49.497  42.015 0.0000000000
35043  -14.600  -49.113  42.306 0.0000000000
49177  -44.641  -33.251  35.774 0.0000000000
44907  -45.702  -38.290  32.715 0.0000000000
45844  -46.051  -36.932  32.588 0.0000000000
46743  -46.262  -35.988  33.579 0.0000000000
48410  -45.320  -34.268  34.292 0.0000000000
113373  -42.658  -39.306  34.876 0.0000000000
43918  -43.347  -39.425  34.278 0.0000000000
108446  -45.164  -38.699  33.193 0.0000000000
43895  -43.254  -39.053  36.107 0.0000000000
64398  -53.442  -16.282  18.741 0.0000000000
109463  -49.265  -18.767  18.643 0.0000000000
62487  -49.472  -18.038  18.148 0.0000000000
63437  -50.409  -17.091  17.423 0.0000000000
63420  -51.000  -17.342  18.572 0.0000000000
63432  -52.259  -16.825  18.804 0.0000000000
106322  -47.097  -26.247  25.067 0.0000000000
55671  -49.042  -26.499  25.533 0.0000000000
55654  -48.472  -26.481  26.419 0.0000000000
55655  -49.372  -26.286  27.165 0.0000000000
54785  -40.906  -27.336  27.557 0.0000000000
119200  -41.707  -27.449  25.907 0.0000000000
54812  -42.322  -27.233  25.431 0.0000000000
55681  -42.710  -26.775  24.110 0.0000000000
55700  -43.385  -26.526  23.547 0.0000000000
55683  -44.398  -26.308  24.622 0.0000000000
55684  -45.324  -26.203  24.734 0.0000000000
38196  -19.521  -45.375  36.023 0.0000000000
38217  -18.857  -45.195  35.360 0.0000000000
37176  -19.749  -46.402  34.937 0.0000000000
36188  -19.072  -47.331  32.788 0.0000000000
35159  -17.818  -48.443  31.992 0.0000000000
34142  -16.526  -49.101  31.026 0.0000000000
35158  -17.105  -48.925  32.062 0.0000000000
110194  -16.467  -49.118  32.693 0.0000000000
30006  -23.990  -51.547  43.198 0.0000000000
31055  -23.522  -50.964  44.626 0.0000000000
30005  -23.073  -51.492  43.214 0.0000000000
55577  -43.177  -25.941  32.172 0.0000000000
51032  -43.731  -32.884  32.495 0.0000000000
50076  -43.706  -33.645  31.046 0.0000000000
51031  -42.958  -32.274  32.123 0.0000000000
51030  -41.980  -31.583  31.490 0.0000000000
52000  -40.679  -30.204  31.232 0.0000000000
53888  -40.681  -29.059  32.178 0.0000000000
54746  -41.216  -27.305  32.041 0.0000000000
105456  -37.049  -39.081  41.755 0.0000000000
125906  -37.761  -40.238  35.979 0.0000000000
106107  -37.058  -40.303  36.774 0.0000000000
42872  -35.957  -40.810  34.963 0.0000000000
43926  -34.491  -39.254  33.663 0.0000000000
66197  -52.575  -14.192  14.349 0.0000000000
67099  -52.467  -13.063  13.576 0.0000000000
67973  -52.187  -12.452  13.608 0.0000000000
68830  -52.202  -11.731  14.015 0.0000000000
39161  -16.596  -44.268  43.725 0.0000000000
106837  -17.147  -44.453  42.786 0.0000000000
123186  -18.023  -44.395  43.029 0.0000000000
106810  -18.875  -44.552  42.789 0.0000000000
39174  -20.484  -44.899  42.536 0.0000000000
58189  -52.384  -23.527  20.894 0.0000000000
58185  -53.053  -23.609  21.536 0.0000000000
54884  -47.836  -26.979  19.208 0.0000000000
55753  -48.242  -26.421  18.814 0.0000000000
56566  -48.814  -25.201  18.590 0.0000000000
56567  -49.422  -25.308  18.891 0.0000000000
57369  -51.193  -24.486  20.140 0.0000000000
30027  -29.444  -52.058  42.306 0.0000000000
30041  -29.982  -52.911  41.977 0.0000000000
29035  -29.704  -53.888  41.305 0.0000000000
29050  -28.505  -52.976  39.594 0.0000000000
33118  -29.535  -49.850  32.855 0.0000000000
32109  -28.869  -50.844  35.266 0.0000000000
113025  -10.965  -40.460  39.474 0.0000000000
43849  -10.835  -39.862  38.700 0.0000000000
120243  -11.140  -41.556  38.332 0.0000000000
40996  -11.006  -42.352  36.879 0.0000000000
40193  -10.264  -43.643  36.041 0.0000000000
37214  -14.873  -46.268  31.719 0.0000000000
38270  -13.472  -45.872  32.861 0.0000000000
37212  -13.062  -45.873  31.411 0.0000000000
38292  -12.684  -45.478  30.588 0.0000000000
127314  -12.023  -44.262  29.704 0.0000000000
40951  -24.292  -43.087  44.647 0.0000000000
124500  -24.331  -43.307  46.063 0.0000000000
40921  -24.027  -43.198  48.046 0.0000000000
35021  -20.419  -48.199  47.938 0.0000000000
35012  -21.100  -47.764  47.749 0.0000000000
36053  -19.395  -48.022  47.796 0.0000000000
37084  -19.549  -47.565  47.390 0.0000000000
37099  -20.005  -46.922  45.846 0.0000000000
36068  -20.513  -47.144  45.024 0.0000000000
36066  -18.231  -46.801  45.379 0.0000000000
36087  -17.740  -47.507  43.739 0.0000000000
36098  -16.565  -48.124  42.512 0.0000000000
47631  -45.538  -35.055  30.557 0.0000000000
47620  -45.785  -35.576  32.321 0.0000000000
49229  -45.168  -34.141  31.922 0.0000000000
50062  -44.804  -33.805  32.116 0.0000000000
51023  -44.084  -32.645  33.298 0.0000000000
51961  -43.662  -30.394  34.505 0.0000000000
105879  -40.241  -40.384  38.302 0.0000000000
42807  -41.870  -40.238  37.993 0.0000000000
41882  -40.946  -40.282  37.755 0.0000000000
41880  -39.576  -40.120  37.248 0.0000000000
41927  -38.157  -39.859  35.371 0.0000000000
64412  -51.086  -16.202  15.959 0.0000000000
66183  -52.712  -14.825  15.989 0.0000000000
66184  -53.429  -14.378  16.189 0.0000000000
54846  -50.514  -26.773  22.464 0.0000000000
105498  -51.898  -26.503  22.766 0.0000000000
55708  -51.780  -26.649  23.710 0.0000000000
55717  -43.777  -26.443  22.160 0.0000000000
54858  -47.447  -27.159  20.971 0.0000000000
54859  -48.328  -26.960  21.273 0.0000000000
113793  -32.410  -44.815  33.435 0.0000000000
125040  -32.773  -45.473  34.440 0.0000000000
38284  -32.625  -45.740  31.772 0.0000000000
36202  -32.682  -47.559  30.297 0.0000000000
43914  -15.513  -39.136  34.454 0.0000000000
42869  -15.350  -40.014  34.324 0.0000000000
39231  -14.591  -44.195  38.436 0.0000000000
39245  -13.265  -44.654  37.606 0.0000000000
39265  -14.837  -44.414  36.789 0.0000000000
38194  -15.098  -44.638  35.831 0.0000000000
38229  -15.774  -45.291  34.143 0.0000000000
38231  -18.174  -45.254  34.204 0.0000000000
38251  -16.897  -45.652  33.525 0.0000000000
37191  -15.723  -46.111  33.022 0.0000000000
37215  -15.853  -46.266  31.374 0.0000000000
119096  -25.765  -47.069  47.059 0.0000000000
34008  -25.467  -48.555  47.091 0.0000000000
33009  -23.724  -49.579  47.582 0.0000000000
122708  -22.258  -49.644  47.689 0.0000000000
32020  -22.606  -50.294  45.905 0.0000000000
108834  -21.648  -50.027  47.117 0.0000000000
34002  -20.879  -49.438  47.589 0.0000000000
34012  -19.100  -49.310  47.086 0.0000000000
34011  -18.136  -49.200  46.384 0.0000000000
109458  -16.655  -49.213  45.165 0.0000000000
55623  -44.930  -26.797  28.034 0.0000000000
55624  -45.779  -26.626  28.302 0.0000000000
55612  -45.819  -26.485  29.645 0.0000000000
50104  -42.545  -34.182  29.207 0.0000000000
54773  -40.425  -27.506  28.460 0.0000000000
54776  -43.372  -27.221  28.188 0.0000000000
41852  -32.971  -41.798  39.677 0.0000000000
41000  -33.070  -42.645  37.323 0.0000000000
42773  -39.267  -39.739  40.819 0.0000000000
42756  -37.632  -39.490  41.233 0.0000000000
118277  -36.071  -39.131  40.251 0.0000000000
109912  -36.503  -39.626  37.994 0.0000000000
43859  -35.870  -39.158  38.673 0.0000000000
122803  -34.818  -38.858  39.672 0.0000000000
43858  -33.457  -39.515  38.208 0.0000000000
105790  -33.041  -41.554  37.004 0.0000000000
41020  -33.190  -42.757  35.506 0.0000000000
40220  -32.319  -44.045  33.733 0.0000000000
69694  -51.422  -11.035  13.674 0.0000000000
70574  -50.892  -10.235  13.261 0.0000000000
71426  -50.970  -9.022  12.473 0.0000000000
40976  -11.599  -42.459  41.103 0.0000000000
40163  -12.276  -43.511  40.111 0.0000000000
40135  -12.217  -43.134  42.787 0.0000000000
39182  -12.733  -43.587  41.429 0.0000000000
109941  -13.917  -44.089  39.829 0.0000000000
105930  -15.248  -43.867  39.116 0.0000000000
105929  -16.235  -43.937  38.686 0.0000000000
39233  -17.837  -44.687  38.786 0.0000000000
39201  -17.717  -44.389  40.713 0.0000000000
39216  -18.586  -44.682  39.268 0.0000000000
39235  -19.498  -44.881  38.089 0.0000000000
38180  -20.515  -45.883  37.190 0.0000000000
36151  -20.542  -47.020  37.150 0.0000000000
114726  -19.775  -48.199  37.663 0.0000000000
61583  -52.987  -19.798  20.569 0.0000000000
57377  -48.794  -24.479  18.664 0.0000000000
58199  -48.481  -23.285  18.916 0.0000000000
59014  -48.045  -22.474  18.815 0.0000000000
59873  -50.001  -21.725  19.577 0.0000000000
117109  -51.544  -20.657  20.234 0.0000000000
123492  -26.974  -50.909  45.278 0.0000000000
30004  -26.520  -51.890  44.414 0.0000000000
30025  -27.424  -52.105  42.643 0.0000000000
30024  -26.849  -52.322  43.144 0.0000000000
115800  -25.385  -52.445  43.043 0.0000000000
106853  -24.005  -52.429  41.808 0.0000000000
113188  -33.563  -46.994  33.963 0.0000000000
111340  -33.733  -48.207  33.969 0.0000000000
34102  -33.470  -48.618  34.762 0.0000000000
33120  -33.081  -51.117  31.649 0.0000000000
33105  -33.500  -50.813  33.504 0.0000000000
126343  -32.695  -49.117  35.889 0.0000000000
32083  -32.386  -50.660  36.841 0.0000000000
31142  -32.081  -51.691  38.094 0.0000000000
113609  -31.751  -52.560  39.082 0.0000000000
29067  -30.884  -52.785  38.581 0.0000000000
30095  -30.119  -52.559  39.035 0.0000000000
30102  -27.780  -52.758  38.362 0.0000000000
32094  -27.914  -50.981  36.146 0.0000000000
121380  -27.325  -51.458  37.261 0.0000000000
31126  -27.129  -52.737  38.399 0.0000000000
31124  -25.377  -51.810  38.816 0.0000000000
45810  -12.577  -37.605  37.382 0.0000000000
43865  -11.832  -39.076  37.630 0.0000000000
43885  -12.654  -39.417  37.301 0.0000000000
43886  -13.536  -39.203  36.847 0.0000000000
43900  -13.929  -39.857  36.356 0.0000000000
42867  -13.736  -41.133  35.224 0.0000000000
41919  -14.111  -41.383  34.331 0.0000000000
39263  -12.787  -44.750  36.786 0.0000000000
114511  -11.522  -44.521  35.775 0.0000000000
40204  -10.475  -43.392  35.134 0.0000000000
105621  -12.449  -44.870  33.370 0.0000000000
39293  -11.182  -44.126  34.388 0.0000000000
41025  -10.547  -43.077  35.026 0.0000000000
41035  -12.116  -43.083  33.497 0.0000000000
41943  -12.776  -42.553  32.953 0.0000000000
41945  -14.355  -41.586  32.461 0.0000000000
41960  -14.083  -41.855  30.654 0.0000000000
38098  -25.175  -46.366  47.878 0.0000000000
39110  -24.811  -45.307  47.582 0.0000000000
111314  -23.931  -44.739  47.925 0.0000000000
108463  -22.543  -47.246  47.735 0.0000000000
38094  -23.386  -45.511  47.687 0.0000000000
106573  -22.395  -43.610  48.128 0.0000000000
120188  -21.184  -43.511  48.270 0.0000000000
39120  -20.357  -43.829  47.796 0.0000000000
106150  -19.770  -44.201  47.002 0.0000000000
39150  -20.677  -44.640  44.982 0.0000000000
39166  -21.370  -45.308  43.806 0.0000000000
38127  -21.536  -45.753  42.444 0.0000000000
121840  -20.686  -47.306  43.635 0.0000000000
36090  -21.244  -47.137  42.974 0.0000000000
36114  -21.327  -47.118  41.152 0.0000000000
36123  -20.577  -47.619  40.135 0.0000000000
35079  -19.536  -48.126  39.101 0.0000000000
126584  -18.136  -48.482  37.188 0.0000000000
34023  -15.964  -49.225  44.733 0.0000000000
34027  -15.373  -49.351  43.987 0.0000000000
35032  -15.973  -48.633  44.371 0.0000000000
36084  -15.671  -48.423  43.641 0.0000000000
35045  -15.350  -48.586  42.513 0.0000000000
35056  -16.197  -48.336  41.696 0.0000000000
35065  -14.969  -48.836  40.675 0.0000000000
120623  -15.598  -48.695  39.956 0.0000000000
35076  -16.322  -48.746  39.312 0.0000000000
35107  -16.371  -48.759  37.789 0.0000000000
35121  -16.572  -48.716  36.325 0.0000000000
122194  -15.576  -49.420  35.348 0.0000000000
34099  -14.461  -49.699  34.295 0.0000000000
47586  -44.876  -35.171  36.664 0.0000000000
48380  -44.714  -34.712  37.048 0.0000000000
46719  -44.917  -35.954  37.361 0.0000000000
45815  -45.239  -36.934  36.217 0.0000000000
46729  -45.490  -36.147  35.699 0.0000000000
121090  -45.234  -37.360  35.724 0.0000000000
45807  -45.083  -36.742  37.186 0.0000000000
45814  -44.810  -37.501  36.868 0.0000000000
62480  -53.597  -18.353  20.201 0.0000000000
61591  -52.447  -19.182  20.152 0.0000000000
61590  -51.742  -19.350  19.963 0.0000000000
117456  -45.465  -26.622  26.986 0.0000000000
55637  -46.098  -26.526  27.572 0.0000000000
55636  -44.774  -26.872  27.240 0.0000000000
54801  -44.058  -27.203  26.816 0.0000000000
36162  -19.047  -47.818  35.948 0.0000000000
35135  -18.352  -47.981  35.403 0.0000000000
35134  -17.602  -48.254  35.332 0.0000000000
109116  -21.930  -52.035  41.228 0.0000000000
52952  -42.311  -29.631  33.974 0.0000000000
55735  -51.951  -26.145  21.870 0.0000000000
55738  -50.245  -26.320  20.993 0.0000000000
55739  -50.823  -25.829  20.812 0.0000000000
30056  -33.264  -52.842  41.211 0.0000000000
30067  -32.924  -53.606  41.122 0.0000000000
30068  -33.531  -53.139  40.513 0.0000000000
40199  -33.488  -44.076  36.877 0.0000000000
40188  -33.645  -44.333  37.371 0.0000000000
39287  -33.144  -44.468  35.840 0.0000000000
42884  -15.331  -40.225  33.542 0.0000000000
113189  -15.448  -40.043  32.800 0.0000000000
39210  -12.724  -44.129  39.480 0.0000000000
122649  -12.262  -44.310  38.669 0.0000000000
38320  -14.467  -45.606  28.535 0.0000000000
38109  -25.728  -46.146  46.099 0.0000000000
35025  -17.383  -48.195  45.810 0.0000000000
36057  -17.742  -47.771  46.291 0.0000000000
122191  -17.152  -48.002  45.791 0.0000000000
36065  -16.865  -47.657  45.459 0.0000000000
36064  -16.342  -48.085  44.894 0.0000000000
50018  -44.604  -32.371  35.223 0.0000000000
50026  -44.820  -32.850  34.188 0.0000000000
110714  -44.614  -32.244  34.517 0.0000000000
51952  -44.252  -31.177  34.839 0.0000000000
42877  -40.943  -39.093  35.039 0.0000000000
42861  -40.919  -39.240  35.934 0.0000000000
65292  -54.456  -15.274  18.664 0.0000000000
55706  -49.452  -26.715  23.769 0.0000000000
123856  -49.066  -26.642  24.181 0.0000000000
55686  -47.779  -26.423  24.370 0.0000000000
55703  -46.581  -26.344  23.319 0.0000000000
55704  -47.478  -26.461  23.366 0.0000000000
55722  -48.206  -26.642  22.724 0.0000000000
46722  -14.401  -36.514  36.732 0.0000000000
44885  -14.904  -38.189  36.174 0.0000000000
44873  -13.898  -38.293  36.723 0.0000000000
39267  -17.495  -44.568  36.480 0.0000000000
39268  -18.545  -44.940  36.219 0.0000000000
36195  -18.162  -47.284  31.389 0.0000000000
36201  -17.725  -47.322  30.699 0.0000000000
36208  -17.292  -47.286  29.911 0.0000000000
35189  -17.086  -48.043  29.719 0.0000000000
31057  -25.414  -50.961  44.755 0.0000000000
31047  -24.747  -50.461  45.371 0.0000000000
31056  -24.469  -50.910  44.698 0.0000000000
32032  -20.507  -50.660  45.082 0.0000000000
55600  -43.953  -26.348  30.291 0.0000000000
110486  -44.873  -26.282  30.158 0.0000000000
55588  -44.563  -25.790  30.970 0.0000000000
48450  -44.605  -34.067  29.692 0.0000000000
55598  -41.871  -26.853  30.700 0.0000000000
107935  -43.406  -26.746  29.676 0.0000000000
106653  -35.937  -38.775  41.941 0.0000000000
105565  -34.703  -39.152  41.031 0.0000000000
41866  -39.429  -40.164  38.707 0.0000000000
122598  -38.790  -40.047  39.408 0.0000000000
41865  -38.653  -39.975  38.525 0.0000000000
43905  -33.557  -39.099  35.108 0.0000000000
43915  -32.840  -39.530  34.665 0.0000000000
42857  -32.634  -40.075  35.249 0.0000000000
42885  -31.877  -40.506  33.668 0.0000000000
112375  -31.476  -40.721  33.041 0.0000000000
111987  -14.896  -43.775  42.188 0.0000000000
121187  -15.816  -44.128  42.225 0.0000000000
39204  -20.231  -44.857  40.859 0.0000000000
38152  -21.250  -45.945  40.058 0.0000000000
38143  -21.351  -45.791  40.876 0.0000000000
117418  -52.665  -22.137  20.602 0.0000000000
59002  -52.966  -22.749  20.985 0.0000000000
113256  -51.641  -23.567  20.340 0.0000000000
107994  -51.593  -22.209  20.097 0.0000000000
29042  -27.859  -52.959  39.960 0.0000000000
30066  -27.343  -52.560  40.802 0.0000000000
110582  -27.076  -52.763  40.137 0.0000000000
116434  -26.506  -52.455  40.395 0.0000000000
35178  -32.236  -48.821  30.416 0.0000000000
35179  -32.571  -48.895  31.278 0.0000000000
34164  -32.298  -49.396  30.867 0.0000000000
32125  -29.917  -50.835  33.996 0.0000000000
31181  -30.377  -51.586  34.399 0.0000000000
31175  -30.705  -51.933  34.947 0.0000000000
31174  -30.277  -51.768  35.247 0.0000000000
31164  -29.927  -51.911  35.906 0.0000000000
31173  -29.535  -51.471  35.613 0.0000000000
44840  -11.207  -38.271  38.622 0.0000000000
41902  -10.966  -42.250  35.896 0.0000000000
41903  -11.614  -41.820  35.646 0.0000000000
38227  -13.771  -45.278  34.365 0.0000000000
124437  -13.628  -45.597  33.767 0.0000000000
39347  -11.569  -44.017  30.633 0.0000000000
39346  -11.627  -44.018  31.319 0.0000000000
40249  -11.608  -43.587  30.937 0.0000000000
40234  -11.792  -43.228  31.322 0.0000000000
40250  -11.645  -43.097  30.436 0.0000000000
41056  -11.916  -42.726  29.902 0.0000000000
40926  -22.967  -42.862  47.971 0.0000000000
40913  -22.069  -43.014  48.525 0.0000000000
109308  -21.445  -46.704  46.332 0.0000000000
114619  -22.066  -46.671  46.917 0.0000000000
122549  -22.073  -46.392  46.267 0.0000000000
125221  -22.541  -45.604  46.510 0.0000000000
37101  -21.733  -46.490  45.560 0.0000000000
36099  -17.591  -47.899  42.262 0.0000000000
36100  -18.550  -47.789  42.038 0.0000000000
36110  -17.816  -47.888  41.478 0.0000000000
36120  -18.006  -47.953  40.683 0.0000000000
35057  -16.975  -48.161  40.979 0.0000000000
33043  -12.922  -50.507  41.971 0.0000000000
124618  -13.352  -49.863  41.987 0.0000000000
34038  -13.281  -49.964  41.675 0.0000000000
44900  -45.597  -38.112  33.366 0.0000000000
45835  -46.145  -36.800  33.329 0.0000000000
46742  -45.985  -36.592  34.088 0.0000000000
47601  -45.135  -34.783  35.100 0.0000000000
47606  -45.882  -34.889  34.331 0.0000000000
48400  -44.923  -34.349  34.918 0.0000000000
49178  -44.831  -33.824  34.821 0.0000000000
43909  -43.348  -39.182  35.156 0.0000000000
44894  -44.052  -39.077  34.698 0.0000000000
45825  -45.266  -37.827  34.453 0.0000000000
45833  -45.108  -38.244  33.909 0.0000000000
44880  -44.263  -38.159  36.412 0.0000000000
44879  -43.790  -38.768  36.375 0.0000000000
43908  -42.531  -39.180  35.611 0.0000000000
64394  -53.942  -16.830  19.259 0.0000000000
60736  -49.703  -20.874  19.470 0.0000000000
114138  -48.846  -20.972  19.011 0.0000000000
61588  -49.873  -20.011  19.468 0.0000000000
122031  -50.381  -18.820  19.356 0.0000000000
61598  -49.732  -19.254  19.181 0.0000000000
121951  -49.988  -18.397  18.799 0.0000000000
63430  -50.305  -17.592  18.217 0.0000000000
63433  -53.122  -16.926  19.080 0.0000000000
107468  -48.056  -26.402  25.328 0.0000000000
105916  -47.326  -26.380  26.034 0.0000000000
55639  -48.486  -26.277  27.424 0.0000000000
54786  -41.888  -27.202  27.478 0.0000000000
54799  -42.344  -27.345  26.710 0.0000000000
54813  -43.163  -27.051  25.806 0.0000000000
121854  -42.760  -27.304  26.150 0.0000000000
54820  -42.086  -27.152  24.607 0.0000000000
55668  -42.882  -26.839  24.971 0.0000000000
55682  -43.518  -26.509  24.402 0.0000000000
55670  -45.621  -26.298  25.424 0.0000000000
106095  -46.209  -26.162  24.846 0.0000000000
38198  -20.199  -45.814  36.338 0.0000000000
114374  -19.932  -45.858  35.612 0.0000000000
35144  -18.634  -47.992  34.073 0.0000000000
36183  -19.120  -47.522  33.654 0.0000000000
35160  -18.476  -47.916  32.397 0.0000000000
35152  -17.907  -48.485  32.925 0.0000000000
34101  -16.417  -48.973  34.214 0.0000000000
123530  -15.539  -49.292  33.002 0.0000000000
34111  -14.975  -49.372  33.640 0.0000000000
30020  -23.711  -51.952  42.476 0.0000000000
30019  -22.863  -51.790  42.505 0.0000000000
55576  -42.439  -26.306  32.436 0.0000000000
50060  -43.324  -32.998  31.734 0.0000000000
52960  -41.806  -30.069  33.326 0.0000000000
125557  -41.932  -31.032  32.230 0.0000000000
51988  -41.512  -30.359  32.516 0.0000000000
52001  -41.374  -30.636  31.684 0.0000000000
52970  -40.900  -29.897  32.007 0.0000000000
55564  -41.702  -27.279  33.618 0.0000000000
54738  -41.214  -27.696  32.879 0.0000000000
43809  -36.699  -38.632  42.421 0.0000000000
41925  -37.049  -41.355  34.958 0.0000000000
42859  -36.798  -41.282  35.222 0.0000000000
42873  -36.675  -41.289  34.787 0.0000000000
65315  -52.184  -14.809  14.768 0.0000000000
66196  -51.974  -14.676  14.057 0.0000000000
67092  -52.832  -13.485  14.074 0.0000000000
118884  -52.931  -12.919  14.059 0.0000000000
67967  -52.705  -12.438  13.974 0.0000000000
39148  -16.042  -44.070  44.626 0.0000000000
39162  -17.558  -44.320  43.687 0.0000000000
105931  -18.977  -44.419  44.430 0.0000000000
39163  -18.476  -44.383  43.661 0.0000000000
106352  -19.777  -44.723  42.920 0.0000000000
39165  -20.530  -44.803  43.454 0.0000000000
57370  -51.951  -24.361  20.786 0.0000000000
57366  -52.623  -24.361  21.419 0.0000000000
54869  -47.235  -27.512  19.940 0.0000000000
54879  -48.024  -27.157  19.710 0.0000000000
55743  -48.577  -26.691  19.263 0.0000000000
55754  -49.002  -26.062  18.835 0.0000000000
55745  -49.544  -25.809  19.405 0.0000000000
56555  -51.057  -25.285  20.378 0.0000000000
56560  -50.634  -25.028  19.818 0.0000000000
30042  -30.847  -53.478  42.228 0.0000000000
106865  -31.254  -54.216  41.107 0.0000000000
29036  -30.416  -54.224  41.735 0.0000000000
29045  -30.285  -54.083  40.752 0.0000000000
29044  -29.575  -53.460  40.510 0.0000000000
29051  -29.373  -53.054  39.874 0.0000000000
32139  -29.287  -50.088  33.571 0.0000000000
33104  -28.182  -49.809  33.769 0.0000000000
114794  -10.808  -41.059  38.970 0.0000000000
121944  -10.967  -43.966  37.729 0.0000000000
106004  -11.319  -42.399  38.123 0.0000000000
40183  -11.024  -43.140  37.430 0.0000000000
40182  -10.362  -42.987  36.430 0.0000000000
40194  -10.614  -43.839  36.892 0.0000000000
37226  -14.952  -46.190  30.935 0.0000000000
37213  -14.035  -46.193  31.564 0.0000000000
37225  -14.020  -46.043  30.706 0.0000000000
38302  -12.390  -44.896  29.876 0.0000000000
39362  -12.486  -44.242  29.143 0.0000000000
38318  -13.143  -44.229  28.209 0.0000000000
40103  -24.975  -44.112  46.369 0.0000000000
40946  -24.767  -43.772  45.980 0.0000000000
40936  -24.813  -43.884  46.766 0.0000000000
40935  -24.315  -43.530  46.846 0.0000000000
40922  -24.400  -43.605  47.595 0.0000000000
34000  -19.238  -48.449  47.549 0.0000000000
35020  -19.543  -48.112  47.893 0.0000000000
37090  -18.080  -47.477  46.677 0.0000000000
37083  -19.026  -47.783  47.311 0.0000000000
37091  -18.810  -47.371  46.772 0.0000000000
37092  -19.608  -47.086  46.698 0.0000000000
37098  -19.024  -46.914  45.973 0.0000000000
36067  -19.467  -46.992  45.113 0.0000000000
36074  -16.912  -47.535  44.456 0.0000000000
121553  -17.680  -47.061  44.701 0.0000000000
105777  -17.344  -47.875  42.987 0.0000000000
47639  -46.084  -35.644  30.033 0.0000000000
46749  -46.152  -35.948  32.861 0.0000000000
46758  -45.843  -36.239  32.105 0.0000000000
48431  -45.820  -35.109  32.764 0.0000000000
49200  -44.937  -34.033  33.267 0.0000000000
49215  -45.016  -34.118  32.678 0.0000000000
50051  -44.343  -33.490  32.765 0.0000000000
120938  -44.563  -33.363  33.392 0.0000000000
51974  -43.796  -31.059  34.066 0.0000000000
43942  -42.673  -39.256  32.793 0.0000000000
107253  -40.871  -40.237  38.820 0.0000000000
42809  -43.377  -39.957  38.490 0.0000000000
42826  -42.823  -40.026  37.743 0.0000000000
41911  -40.349  -39.631  36.423 0.0000000000
42824  -41.151  -39.972  37.342 0.0000000000
41897  -40.470  -39.951  37.120 0.0000000000
41896  -39.931  -40.004  37.055 0.0000000000
41895  -39.228  -39.995  36.492 0.0000000000
108796  -39.115  -39.895  35.750 0.0000000000
41939  -38.415  -39.536  34.718 0.0000000000
67066  -54.728  -13.569  17.012 0.0000000000
63438  -50.933  -17.040  17.797 0.0000000000
64405  -50.873  -16.748  17.052 0.0000000000
64406  -51.319  -16.372  16.631 0.0000000000
65301  -51.698  -15.878  16.154 0.0000000000
65308  -51.468  -15.753  15.514 0.0000000000
65309  -52.089  -15.260  15.534 0.0000000000
66185  -54.175  -14.018  16.588 0.0000000000
54831  -50.835  -26.802  23.454 0.0000000000
105803  -51.229  -26.780  24.383 0.0000000000
55672  -50.020  -26.548  25.795 0.0000000000
109350  -44.182  -26.315  23.726 0.0000000000
113465  -44.025  -26.446  22.914 0.0000000000
55701  -44.853  -26.324  22.997 0.0000000000
55720  -46.472  -26.512  22.445 0.0000000000
55733  -46.999  -26.876  21.665 0.0000000000
54844  -48.739  -26.854  22.092 0.0000000000
54860  -49.161  -26.783  21.499 0.0000000000
38254  -32.500  -45.419  32.717 0.0000000000
37230  -32.651  -46.714  30.639 0.0000000000
45824  -15.439  -37.871  34.565 0.0000000000
43902  -15.321  -38.969  35.253 0.0000000000
44893  -15.470  -38.426  34.496 0.0000000000
43913  -15.109  -39.754  35.168 0.0000000000
39246  -14.195  -44.445  37.700 0.0000000000
39247  -15.116  -44.078  37.688 0.0000000000
38195  -16.013  -44.622  35.640 0.0000000000
111848  -15.637  -44.454  36.321 0.0000000000
38214  -15.450  -44.770  34.891 0.0000000000
38232  -18.912  -45.409  34.542 0.0000000000
121086  -18.320  -45.124  34.895 0.0000000000
38253  -18.835  -45.709  33.646 0.0000000000
37203  -17.254  -46.092  32.188 0.0000000000
38271  -17.308  -45.834  32.915 0.0000000000
37192  -16.568  -45.938  32.923 0.0000000000
37202  -16.245  -46.183  32.230 0.0000000000
37236  -16.807  -46.905  29.450 0.0000000000
107217  -16.309  -46.477  29.567 0.0000000000
34158  -16.038  -49.127  30.470 0.0000000000
34157  -14.982  -49.449  30.719 0.0000000000
34009  -25.673  -48.688  46.919 0.0000000000
33013  -25.714  -48.985  46.807 0.0000000000
32010  -23.778  -49.799  46.760 0.0000000000
33019  -24.090  -49.682  47.324 0.0000000000
33018  -23.344  -49.658  47.355 0.0000000000
33008  -22.971  -49.560  47.580 0.0000000000
31045  -23.057  -50.678  45.213 0.0000000000
31044  -22.289  -50.729  45.100 0.0000000000
120745  -20.289  -50.434  46.189 0.0000000000
32007  -21.080  -50.115  46.512 0.0000000000
33016  -20.972  -49.914  47.102 0.0000000000
34013  -20.122  -49.656  47.079 0.0000000000
33027  -17.950  -49.679  45.616 0.0000000000
34010  -17.371  -48.802  45.705 0.0000000000
113688  -44.717  -26.765  28.664 0.0000000000
106712  -45.421  -26.670  28.903 0.0000000000
50075  -42.604  -33.186  31.098 0.0000000000
50090  -42.818  -33.779  30.219 0.0000000000
50074  -41.851  -33.253  30.425 0.0000000000
54762  -41.403  -27.128  29.911 0.0000000000
54761  -40.625  -27.540  30.007 0.0000000000
55622  -43.974  -26.787  28.906 0.0000000000
54777  -44.170  -26.945  28.077 0.0000000000
109146  -32.891  -40.933  40.398 0.0000000000
40991  -32.996  -42.105  38.847 0.0000000000
41877  -32.853  -41.681  38.015 0.0000000000
42783  -37.756  -39.989  40.135 0.0000000000
42771  -37.798  -39.796  40.606 0.0000000000
43835  -37.486  -39.772  40.565 0.0000000000
43822  -37.309  -39.578  41.125 0.0000000000
121873  -36.838  -39.475  40.203 0.0000000000
42841  -36.208  -39.998  36.424 0.0000000000
42822  -36.961  -40.053  37.494 0.0000000000
43878  -36.306  -39.799  37.219 0.0000000000
44864  -34.526  -38.834  37.572 0.0000000000
44851  -35.112  -38.849  38.107 0.0000000000
44837  -34.983  -38.807  38.958 0.0000000000
44850  -34.414  -38.852  38.399 0.0000000000
43843  -34.134  -38.903  39.327 0.0000000000
44849  -33.845  -39.065  38.626 0.0000000000
41908  -32.825  -40.731  35.807 0.0000000000
41893  -33.022  -40.503  36.618 0.0000000000
122356  -33.047  -41.374  36.300 0.0000000000
41009  -33.168  -42.442  36.378 0.0000000000
41029  -33.026  -43.046  34.836 0.0000000000
111201  -32.430  -43.342  34.295 0.0000000000
41043  -31.614  -43.395  32.344 0.0000000000
69683  -51.977  -10.726  14.191 0.0000000000
71416  -51.111  -9.348  13.274 0.0000000000
71417  -51.634  -8.815  13.701 0.0000000000
40971  -11.655  -42.428  42.073 0.0000000000
40155  -11.857  -43.078  40.710 0.0000000000
40156  -12.281  -43.354  41.140 0.0000000000
40117  -12.996  -42.591  44.027 0.0000000000
40965  -12.217  -42.701  43.078 0.0000000000
39183  -13.455  -43.708  41.587 0.0000000000
120317  -13.395  -43.830  40.615 0.0000000000
39198  -14.720  -43.969  39.847 0.0000000000
39213  -16.316  -44.061  40.258 0.0000000000
120536  -16.252  -43.971  39.522 0.0000000000
105928  -17.041  -44.356  39.121 0.0000000000
106836  -18.029  -44.494  42.275 0.0000000000
39187  -17.205  -44.486  41.716 0.0000000000
120342  -18.096  -44.492  41.521 0.0000000000
39217  -19.358  -44.701  39.686 0.0000000000
39202  -18.609  -44.435  40.134 0.0000000000
108065  -19.373  -44.928  38.904 0.0000000000
38179  -20.097  -45.293  37.663 0.0000000000
38165  -20.208  -45.307  38.570 0.0000000000
37145  -21.072  -46.697  38.968 0.0000000000
122400  -20.829  -46.593  37.911 0.0000000000
107624  -20.446  -47.630  37.788 0.0000000000
36150  -20.079  -47.730  37.012 0.0000000000
60731  -53.564  -20.301  20.919 0.0000000000
55625  -46.726  -26.244  28.296 0.0000000000
57378  -49.230  -24.696  18.766 0.0000000000
58191  -49.200  -23.409  19.162 0.0000000000
59015  -48.782  -22.569  19.150 0.0000000000
59879  -49.225  -21.748  19.307 0.0000000000
60729  -52.099  -21.044  20.453 0.0000000000
61582  -52.091  -20.091  20.336 0.0000000000
32026  -26.894  -50.651  44.912 0.0000000000
31050  -27.046  -51.618  45.192 0.0000000000
114458  -26.682  -51.875  45.056 0.0000000000
31059  -27.039  -52.056  44.682 0.0000000000
109873  -29.191  -52.260  41.997 0.0000000000
30012  -28.446  -51.765  42.406 0.0000000000
29021  -28.310  -52.086  41.817 0.0000000000
29026  -26.697  -52.599  42.113 0.0000000000
30040  -26.757  -52.585  42.551 0.0000000000
30023  -26.363  -52.662  43.148 0.0000000000
30008  -25.877  -52.306  43.341 0.0000000000
30022  -25.779  -52.885  43.026 0.0000000000
123057  -25.332  -52.717  42.697 0.0000000000
106075  -25.413  -52.757  42.168 0.0000000000
126780  -25.359  -51.994  40.901 0.0000000000
115913  -25.005  -52.387  41.608 0.0000000000
124208  -24.446  -51.792  41.054 0.0000000000
115914  -23.253  -51.620  41.097 0.0000000000
30075  -23.884  -51.501  40.180 0.0000000000
37207  -33.080  -46.955  33.236 0.0000000000
37196  -33.004  -46.276  34.051 0.0000000000
35161  -34.008  -48.826  32.692 0.0000000000
117003  -33.858  -48.353  33.170 0.0000000000
35154  -33.648  -48.745  33.700 0.0000000000
35145  -33.447  -48.647  34.327 0.0000000000
34113  -33.379  -49.181  33.812 0.0000000000
33144  -31.647  -50.212  30.969 0.0000000000
32152  -31.508  -51.010  31.307 0.0000000000
32128  -32.054  -51.610  33.208 0.0000000000
32129  -32.901  -51.396  33.329 0.0000000000
32112  -32.506  -50.852  34.105 0.0000000000
33092  -32.803  -50.056  34.302 0.0000000000
118243  -32.322  -50.350  34.928 0.0000000000
32097  -32.601  -49.709  36.240 0.0000000000
32096  -32.243  -50.461  35.802 0.0000000000
30127  -31.191  -52.153  36.588 0.0000000000
31154  -31.284  -51.801  37.028 0.0000000000
30117  -31.141  -52.130  37.446 0.0000000000
30108  -32.182  -51.910  38.318 0.0000000000
30107  -31.419  -52.321  38.342 0.0000000000
29062  -31.563  -52.844  39.248 0.0000000000
30106  -31.049  -52.325  37.694 0.0000000000
30113  -29.305  -52.126  37.524 0.0000000000
30104  -29.755  -52.368  38.193 0.0000000000
30103  -28.782  -52.343  38.420 0.0000000000
31141  -28.347  -52.138  37.872 0.0000000000
32108  -27.964  -50.711  35.580 0.0000000000
32095  -28.688  -51.171  35.963 0.0000000000
111894  -27.118  -50.557  35.941 0.0000000000
31139  -26.777  -51.849  38.071 0.0000000000
31125  -26.372  -52.231  38.669 0.0000000000
31138  -25.711  -51.591  38.112 0.0000000000
42796  -10.990  -40.715  38.086 0.0000000000
43864  -11.267  -39.691  37.942 0.0000000000
105825  -11.416  -40.461  37.487 0.0000000000
42832  -12.177  -40.462  36.706 0.0000000000
44872  -13.060  -38.386  37.207 0.0000000000
39264  -13.797  -44.559  36.860 0.0000000000
39280  -11.018  -44.253  35.250 0.0000000000
39260  -10.544  -44.003  35.517 0.0000000000
39279  -10.754  -43.937  34.806 0.0000000000
127407  -12.956  -45.704  32.192 0.0000000000
38269  -12.938  -45.481  32.857 0.0000000000
40224  -11.898  -43.849  33.147 0.0000000000
39305  -11.701  -44.305  33.807 0.0000000000
39304  -11.249  -43.787  34.401 0.0000000000
40212  -10.740  -43.506  34.727 0.0000000000
40213  -10.725  -43.494  34.720 0.0000000000
106438  -11.406  -43.460  34.179 0.0000000000
41944  -13.496  -42.056  32.589 0.0000000000
41951  -13.767  -42.031  31.673 0.0000000000
39113  -19.573  -43.313  48.119 0.0000000000
36055  -25.412  -47.183  47.581 0.0000000000
117172  -25.716  -46.479  47.346 0.0000000000
36051  -25.101  -47.113  47.939 0.0000000000
36043  -23.850  -47.152  48.060 0.0000000000
37071  -24.749  -46.539  47.895 0.0000000000
38092  -24.230  -45.863  48.013 0.0000000000
40086  -24.130  -44.719  47.916 0.0000000000
38095  -24.039  -45.909  48.083 0.0000000000
36045  -21.173  -47.530  47.893 0.0000000000
37073  -21.728  -47.480  47.739 0.0000000000
37079  -21.664  -47.381  47.735 0.0000000000
37080  -22.835  -46.632  47.670 0.0000000000
122071  -22.991  -44.390  47.909 0.0000000000
113315  -23.360  -44.592  47.839 0.0000000000
127490  -21.651  -43.368  48.469 0.0000000000
123851  -22.294  -43.937  47.923 0.0000000000
39128  -21.891  -44.644  46.497 0.0000000000
39121  -21.568  -44.188  47.516 0.0000000000
39127  -20.921  -44.320  46.742 0.0000000000
105935  -20.290  -44.314  45.903 0.0000000000
38114  -21.789  -45.949  44.200 0.0000000000
38121  -21.693  -45.856  43.258 0.0000000000
36076  -20.063  -47.267  44.315 0.0000000000
108196  -19.688  -47.434  43.524 0.0000000000
36101  -20.138  -47.601  42.238 0.0000000000
36089  -20.411  -47.486  42.877 0.0000000000
36102  -20.865  -47.432  42.229 0.0000000000
36103  -21.374  -46.984  42.028 0.0000000000
125736  -21.044  -47.372  41.602 0.0000000000
120966  -20.810  -47.515  40.958 0.0000000000
35069  -18.949  -47.952  39.646 0.0000000000
35078  -18.481  -48.406  39.061 0.0000000000
35095  -19.227  -48.342  38.357 0.0000000000
35094  -18.317  -48.544  38.141 0.0000000000
33032  -15.768  -49.515  44.492 0.0000000000
33036  -14.280  -49.667  42.645 0.0000000000
34026  -15.045  -49.241  43.225 0.0000000000
34021  -15.363  -49.072  43.869 0.0000000000
35035  -15.698  -48.693  43.872 0.0000000000
125573  -15.285  -48.792  43.052 0.0000000000
35054  -14.749  -48.913  42.054 0.0000000000
35044  -15.132  -48.786  42.593 0.0000000000
35046  -15.707  -48.416  42.322 0.0000000000
35055  -15.234  -48.668  41.701 0.0000000000
35091  -15.421  -48.928  39.062 0.0000000000
109485  -16.241  -48.721  36.990 0.0000000000
35108  -17.117  -48.617  36.968 0.0000000000
35132  -16.013  -49.048  35.852 0.0000000000
49170  -44.735  -33.728  36.619 0.0000000000
48390  -44.788  -34.444  36.557 0.0000000000
45826  -45.544  -37.193  34.638 0.0000000000
46735  -45.785  -36.327  34.863 0.0000000000
47594  -45.168  -35.348  35.835 0.0000000000
44888  -44.717  -38.212  35.600 0.0000000000
45819  -45.216  -37.735  35.241 0.0000000000
45806  -44.564  -37.281  37.765 0.0000000000
46711  -44.551  -36.001  38.184 0.0000000000
117800  -51.076  -19.027  19.667 0.0000000000
63421  -51.619  -17.420  19.084 0.0000000000
115779  -47.614  -26.133  27.813 0.0000000000
54800  -43.243  -27.310  26.780 0.0000000000
55650  -43.940  -26.905  26.150 0.0000000000
55652  -45.544  -26.500  26.159 0.0000000000
36172  -19.688  -47.154  35.653 0.0000000000
36171  -19.112  -47.615  35.168 0.0000000000
113937  -18.657  -47.860  34.733 0.0000000000
117509  -17.944  -48.434  33.821 0.0000000000
107469  -23.368  -52.541  41.989 0.0000000000
122306  -23.089  -52.530  41.942 0.0000000000
30051  -22.647  -52.234  41.804 0.0000000000
30050  -21.705  -51.995  41.463 0.0000000000
51990  -43.161  -31.217  33.187 0.0000000000
51972  -42.778  -30.405  33.553 0.0000000000
52951  -41.467  -29.199  33.588 0.0000000000
53889  -40.968  -28.652  32.959 0.0000000000
43811  -38.291  -38.960  42.098 0.0000000000
66191  -53.388  -14.062  15.418 0.0000000000
66198  -53.152  -13.809  14.715 0.0000000000
67088  -53.795  -13.455  15.057 0.0000000000
67963  -53.907  -12.725  14.844 0.0000000000
68818  -54.288  -11.571  15.567 0.0000000000
126945  -17.439  -44.312  45.210 0.0000000000
56552  -52.251  -25.253  21.335 0.0000000000
56548  -52.750  -25.745  22.217 0.0000000000
54871  -48.800  -26.804  20.759 0.0000000000
54870  -48.037  -27.184  20.421 0.0000000000
125336  -49.112  -26.618  20.463 0.0000000000
30043  -31.816  -53.054  42.099 0.0000000000
30055  -32.496  -53.308  41.811 0.0000000000
29046  -32.254  -54.106  40.726 0.0000000000
29053  -31.495  -53.745  39.491 0.0000000000
119400  -33.487  -43.568  38.427 0.0000000000
44898  -15.374  -38.583  33.713 0.0000000000
44905  -15.272  -38.785  32.840 0.0000000000
40162  -11.423  -42.958  39.187 0.0000000000
39228  -11.467  -44.166  38.263 0.0000000000
38293  -14.047  -45.687  29.892 0.0000000000
38304  -13.978  -45.277  29.123 0.0000000000
39130  -25.678  -45.147  45.965 0.0000000000
39123  -25.333  -45.113  46.803 0.0000000000
35018  -18.682  -48.217  46.901 0.0000000000
112019  -17.366  -46.945  45.771 0.0000000000
107707  -16.285  -47.971  44.307 0.0000000000
120884  -45.229  -34.017  33.636 0.0000000000
120642  -45.734  -34.664  33.131 0.0000000000
50027  -44.958  -33.797  33.496 0.0000000000
123627  -44.853  -33.331  33.708 0.0000000000
112544  -44.827  -33.549  33.574 0.0000000000
51009  -44.558  -32.726  33.705 0.0000000000
50994  -44.465  -31.999  34.132 0.0000000000
121961  -42.467  -39.275  36.375 0.0000000000
42825  -41.939  -39.687  37.036 0.0000000000
41929  -39.618  -39.543  35.528 0.0000000000
42875  -39.794  -39.212  34.963 0.0000000000
64401  -52.185  -16.301  17.929 0.0000000000
65295  -52.560  -15.631  17.320 0.0000000000
65303  -52.918  -14.953  16.812 0.0000000000
54830  -50.004  -26.854  23.147 0.0000000000
55689  -50.639  -26.690  25.072 0.0000000000
55702  -45.747  -26.279  23.130 0.0000000000
55721  -47.352  -26.661  22.494 0.0000000000
39348  -32.400  -45.034  30.523 0.0000000000
45818  -15.376  -37.824  35.406 0.0000000000
117151  -15.029  -38.827  35.891 0.0000000000
107030  -15.811  -44.250  37.035 0.0000000000
39248  -16.765  -44.238  37.222 0.0000000000
39283  -16.989  -44.697  35.602 0.0000000000
37205  -18.829  -46.585  32.422 0.0000000000
38273  -18.502  -46.030  32.829 0.0000000000
37204  -18.176  -46.296  32.107 0.0000000000
117549  -16.781  -46.429  30.750 0.0000000000
37229  -17.313  -46.769  30.348 0.0000000000
126290  -17.131  -46.814  29.868 0.0000000000
35188  -16.648  -48.000  29.103 0.0000000000
35187  -16.015  -48.375  29.118 0.0000000000
123671  -26.148  -50.725  46.174 0.0000000000
32013  -25.555  -50.151  46.448 0.0000000000
32023  -24.997  -50.030  46.036 0.0000000000
32022  -24.191  -49.949  45.996 0.0000000000
32021  -23.411  -50.124  45.975 0.0000000000
31052  -21.146  -50.781  44.489 0.0000000000
32033  -21.398  -50.685  45.061 0.0000000000
122914  -19.715  -50.555  46.218 0.0000000000
33015  -19.448  -50.149  46.641 0.0000000000
33028  -19.101  -50.423  46.153 0.0000000000
124345  -41.309  -27.101  31.302 0.0000000000
54763  -41.940  -27.335  29.123 0.0000000000
43819  -33.410  -39.940  41.870 0.0000000000
42793  -33.187  -39.846  40.074 0.0000000000
114005  -39.860  -40.232  39.881 0.0000000000
41831  -38.714  -39.945  40.253 0.0000000000
41854  -38.503  -39.995  40.030 0.0000000000
41853  -38.155  -39.885  39.438 0.0000000000
43861  -37.592  -39.722  38.889 0.0000000000
108070  -35.443  -39.359  36.821 0.0000000000
43893  -34.829  -39.279  36.091 0.0000000000
43892  -34.041  -38.958  36.101 0.0000000000
43891  -33.718  -39.095  36.518 0.0000000000
43876  -33.601  -39.251  37.195 0.0000000000
42840  -33.262  -39.591  36.424 0.0000000000
41923  -32.509  -41.081  35.016 0.0000000000
41028  -32.290  -42.379  34.315 0.0000000000
41937  -31.739  -41.785  33.477 0.0000000000
66209  -51.207  -13.994  12.742 0.0000000000
40137  -13.213  -43.343  43.289 0.0000000000
40136  -12.607  -43.272  43.051 0.0000000000
106651  -14.035  -43.647  42.130 0.0000000000
39184  -14.528  -43.782  41.419 0.0000000000
111256  -15.097  -43.871  40.667 0.0000000000
39199  -15.959  -43.965  40.806 0.0000000000
39200  -16.735  -44.264  40.858 0.0000000000
39189  -19.543  -44.630  41.349 0.0000000000
118058  -18.706  -44.500  41.014 0.0000000000
39218  -20.126  -44.884  40.020 0.0000000000
38151  -20.677  -45.471  39.474 0.0000000000
38167  -21.169  -46.107  39.363 0.0000000000
36129  -20.932  -47.312  39.536 0.0000000000
59868  -52.704  -21.477  20.684 0.0000000000
59864  -53.839  -21.579  21.398 0.0000000000
57372  -50.311  -24.418  19.494 0.0000000000
58200  -49.565  -24.175  19.079 0.0000000000
127329  -50.585  -22.967  19.667 0.0000000000
113137  -50.796  -22.157  19.775 0.0000000000
31061  -27.556  -51.380  43.787 0.0000000000
29034  -28.440  -52.424  41.101 0.0000000000
122069  -27.999  -52.255  41.474 0.0000000000
29033  -27.415  -52.444  41.397 0.0000000000
30054  -26.651  -52.528  41.678 0.0000000000
30053  -25.779  -52.532  41.815 0.0000000000
30076  -25.985  -52.165  40.240 0.0000000000
36198  -32.904  -47.788  32.100 0.0000000000
36191  -33.310  -47.741  32.840 0.0000000000
35169  -33.307  -48.733  32.192 0.0000000000
34149  -33.428  -49.688  31.731 0.0000000000
32141  -30.525  -51.078  32.564 0.0000000000
32142  -31.307  -51.411  32.089 0.0000000000
32127  -31.150  -51.844  33.044 0.0000000000
31183  -31.339  -51.722  33.944 0.0000000000
31168  -31.676  -51.028  35.158 0.0000000000
31177  -31.261  -51.676  34.884 0.0000000000
31166  -31.056  -52.075  35.510 0.0000000000
30126  -31.102  -52.072  36.111 0.0000000000
30115  -30.884  -52.108  36.725 0.0000000000
30124  -30.220  -52.038  35.985 0.0000000000
31153  -29.795  -52.017  36.579 0.0000000000
31151  -25.176  -51.089  37.265 0.0000000000
44854  -11.623  -38.185  37.802 0.0000000000
115389  -11.179  -41.909  36.706 0.0000000000
42850  -12.295  -40.964  36.096 0.0000000000
41917  -11.982  -42.264  34.944 0.0000000000
38212  -13.549  -44.809  35.360 0.0000000000
38192  -13.389  -44.719  36.190 0.0000000000
38211  -12.814  -44.853  34.730 0.0000000000
38226  -12.255  -44.756  34.224 0.0000000000
38267  -12.233  -44.722  32.188 0.0000000000
39330  -11.886  -44.175  32.111 0.0000000000
117938  -11.999  -43.489  32.467 0.0000000000
41034  -12.111  -43.400  33.009 0.0000000000
41041  -12.036  -43.009  31.789 0.0000000000
41050  -12.251  -42.533  31.200 0.0000000000
41959  -12.915  -42.145  30.879 0.0000000000
41057  -12.321  -42.327  30.161 0.0000000000
33997  -23.797  -48.739  47.742 0.0000000000
108963  -24.773  -47.467  47.838 0.0000000000
35015  -23.608  -48.130  47.765 0.0000000000
36048  -23.447  -47.539  47.804 0.0000000000
108982  -23.364  -47.106  47.854 0.0000000000
37087  -22.691  -46.275  47.340 0.0000000000
38102  -22.721  -45.468  47.007 0.0000000000
39129  -22.419  -45.098  46.443 0.0000000000
39139  -22.123  -44.990  45.660 0.0000000000
38107  -21.979  -45.779  45.126 0.0000000000
119252  -21.667  -46.408  44.809 0.0000000000
37105  -21.467  -46.719  44.264 0.0000000000
36112  -19.528  -47.721  41.773 0.0000000000
107727  -19.874  -47.759  40.845 0.0000000000
35068  -18.186  -48.162  39.908 0.0000000000
35077  -17.376  -48.581  39.439 0.0000000000
34031  -13.832  -49.611  42.223 0.0000000000
122128  -14.539  -49.373  42.608 0.0000000000
35053  -14.113  -49.253  41.714 0.0000000000
111887  -15.404  -48.884  38.183 0.0000000000
44915  -45.576  -38.347  31.873 0.0000000000
111510  -46.009  -37.768  32.292 0.0000000000
46736  -46.203  -35.534  34.188 0.0000000000
126521  -46.259  -34.983  33.957 0.0000000000
111638  -45.766  -34.562  33.683 0.0000000000
49188  -44.759  -33.161  34.692 0.0000000000
42878  -41.817  -38.977  34.292 0.0000000000
43917  -42.420  -39.288  34.431 0.0000000000
43927  -42.583  -39.351  33.712 0.0000000000
43928  -43.582  -39.424  33.321 0.0000000000
44899  -44.448  -39.081  33.876 0.0000000000
43929  -44.493  -39.209  32.868 0.0000000000
44906  -45.165  -38.843  32.332 0.0000000000
43879  -43.579  -39.400  37.754 0.0000000000
44866  -43.848  -38.630  37.177 0.0000000000
108079  -43.429  -39.023  36.870 0.0000000000
42862  -41.817  -39.156  35.161 0.0000000000
64399  -54.181  -16.063  18.962 0.0000000000
127098  -49.216  -19.345  18.839 0.0000000000
61597  -48.594  -19.317  18.537 0.0000000000
62486  -48.691  -18.439  18.108 0.0000000000
63436  -49.669  -17.382  17.343 0.0000000000
63431  -51.528  -16.840  18.320 0.0000000000
109682  -52.773  -16.405  18.563 0.0000000000
55687  -48.673  -26.504  24.624 0.0000000000
105915  -49.457  -26.466  26.384 0.0000000000
54828  -41.931  -26.937  23.792 0.0000000000
106321  -45.975  -26.086  23.995 0.0000000000
117384  -13.659  -37.006  37.023 0.0000000000
39269  -19.150  -44.886  36.850 0.0000000000
105606  -19.464  -45.645  35.092 0.0000000000
38233  -19.431  -45.883  34.290 0.0000000000
36179  -19.519  -46.975  34.132 0.0000000000
36189  -19.230  -46.686  32.998 0.0000000000
35167  -18.284  -47.789  31.734 0.0000000000
35166  -17.969  -48.006  31.146 0.0000000000
35173  -16.853  -48.659  30.424 0.0000000000
35165  -17.263  -48.718  31.234 0.0000000000
34125  -16.468  -49.115  31.767 0.0000000000
108826  -17.299  -48.831  32.636 0.0000000000
34124  -15.569  -49.315  32.239 0.0000000000
31068  -24.225  -51.353  44.050 0.0000000000
31067  -23.276  -51.284  43.976 0.0000000000
31066  -22.541  -51.184  43.924 0.0000000000
31079  -22.287  -51.494  43.209 0.0000000000
31065  -21.842  -51.134  43.813 0.0000000000
31064  -20.975  -51.033  43.804 0.0000000000
55587  -43.763  -25.780  31.591 0.0000000000
56450  -43.945  -25.665  32.427 0.0000000000
49227  -44.501  -33.824  31.285 0.0000000000
51044  -42.498  -32.519  31.556 0.0000000000
52002  -42.656  -31.520  32.472 0.0000000000
51042  -41.368  -31.600  30.530 0.0000000000
52013  -41.174  -30.922  30.840 0.0000000000
52969  -40.435  -29.431  31.443 0.0000000000
54745  -40.783  -28.126  32.178 0.0000000000
55585  -41.885  -26.692  31.686 0.0000000000
41894  -38.731  -40.157  36.965 0.0000000000
41879  -38.329  -40.101  37.536 0.0000000000
42842  -37.356  -40.432  35.923 0.0000000000
112547  -36.747  -40.402  35.941 0.0000000000
42858  -36.091  -40.400  35.658 0.0000000000
107652  -36.046  -40.623  34.221 0.0000000000
123452  -34.991  -40.018  34.450 0.0000000000
43907  -35.255  -39.979  35.357 0.0000000000
120389  -34.109  -39.180  34.450 0.0000000000
43916  -33.416  -39.153  33.931 0.0000000000
43924  -32.907  -38.978  33.109 0.0000000000
66203  -51.643  -14.377  13.346 0.0000000000
66204  -52.314  -13.885  13.671 0.0000000000
67098  -51.865  -13.526  13.168 0.0000000000
67972  -51.836  -12.799  13.157 0.0000000000
39160  -15.595  -44.084  43.862 0.0000000000
107081  -16.170  -44.265  42.959 0.0000000000
126423  -16.530  -44.383  42.238 0.0000000000
39173  -19.655  -44.651  42.188 0.0000000000
38126  -21.070  -45.215  42.074 0.0000000000
57367  -53.286  -24.414  22.111 0.0000000000
54878  -47.322  -27.398  19.528 0.0000000000
108413  -48.413  -25.844  18.568 0.0000000000
56559  -50.022  -25.173  19.386 0.0000000000
31080  -29.765  -51.996  42.437 0.0000000000
123445  -29.481  -52.714  41.639 0.0000000000
29029  -30.310  -53.978  42.190 0.0000000000
106495  -29.787  -53.724  41.743 0.0000000000
120732  -29.232  -52.891  40.851 0.0000000000
29043  -28.802  -52.939  40.222 0.0000000000
30079  -27.861  -53.120  39.256 0.0000000000
112347  -31.154  -49.060  30.325 0.0000000000
114412  -30.192  -49.046  31.159 0.0000000000
34148  -30.290  -49.619  31.672 0.0000000000
33132  -29.816  -49.696  32.288 0.0000000000
33119  -30.108  -50.353  32.583 0.0000000000
32140  -30.018  -50.618  33.155 0.0000000000
32124  -29.034  -50.434  34.424 0.0000000000
32123  -27.923  -50.270  34.722 0.0000000000
43838  -10.937  -39.000  38.970 0.0000000000
43863  -11.116  -38.976  38.389 0.0000000000
41872  -11.242  -41.597  37.511 0.0000000000
41005  -10.558  -42.380  36.085 0.0000000000
41014  -10.245  -42.899  35.652 0.0000000000
37189  -14.228  -46.204  32.455 0.0000000000
38248  -13.922  -45.942  33.290 0.0000000000
37200  -13.338  -45.980  32.219 0.0000000000
37224  -13.307  -45.809  30.474 0.0000000000
37211  -12.434  -45.200  31.388 0.0000000000
113321  -12.243  -44.932  30.676 0.0000000000
38291  -11.887  -44.447  30.307 0.0000000000
39361  -11.709  -43.865  29.952 0.0000000000
40263  -11.811  -43.223  29.696 0.0000000000
40945  -24.359  -43.189  45.560 0.0000000000
40950  -23.867  -42.625  45.213 0.0000000000
40934  -23.685  -43.184  46.937 0.0000000000
40927  -23.384  -42.888  47.520 0.0000000000
40920  -23.389  -43.057  48.166 0.0000000000
126515  -20.803  -48.864  47.956 0.0000000000
35022  -21.367  -48.387  47.939 0.0000000000
36054  -20.201  -47.753  47.911 0.0000000000
37078  -19.587  -47.836  47.664 0.0000000000
36052  -18.880  -47.854  47.265 0.0000000000
106603  -20.180  -47.146  47.289 0.0000000000
37093  -20.515  -46.872  46.527 0.0000000000
36075  -18.799  -47.133  44.280 0.0000000000
109662  -45.149  -34.531  30.187 0.0000000000
49239  -44.758  -34.134  30.697 0.0000000000
45854  -45.746  -37.018  31.755 0.0000000000
47627  -45.606  -35.625  31.665 0.0000000000
49216  -45.390  -34.474  32.525 0.0000000000
48438  -45.569  -35.024  32.076 0.0000000000
48443  -45.467  -35.043  31.346 0.0000000000
48442  -45.150  -34.486  31.134 0.0000000000
49228  -44.902  -34.032  31.426 0.0000000000
50061  -44.195  -33.393  31.872 0.0000000000
51991  -43.764  -31.621  33.528 0.0000000000
51008  -44.194  -31.877  33.836 0.0000000000
51973  -43.487  -30.785  33.834 0.0000000000
41843  -40.464  -40.044  39.768 0.0000000000
119694  -39.793  -40.379  37.816 0.0000000000
41867  -42.179  -40.591  38.960 0.0000000000
106117  -41.419  -40.394  38.459 0.0000000000
41881  -40.278  -40.311  37.573 0.0000000000
120301  -38.159  -40.173  36.259 0.0000000000
41909  -38.131  -40.018  35.826 0.0000000000
41926  -37.452  -40.802  35.187 0.0000000000
41938  -37.363  -40.507  34.807 0.0000000000
105545  -50.773  -16.526  16.451 0.0000000000
64411  -50.240  -16.452  15.896 0.0000000000
123387  -54.433  -13.454  16.261 0.0000000000
55723  -50.640  -26.613  21.729 0.0000000000
55724  -51.252  -26.603  22.149 0.0000000000
54832  -51.228  -26.647  22.922 0.0000000000
54861  -49.971  -26.727  21.639 0.0000000000
39295  -32.832  -44.332  35.155 0.0000000000
39296  -32.891  -45.009  35.075 0.0000000000
38255  -32.610  -45.483  33.727 0.0000000000
37195  -32.731  -46.126  33.250 0.0000000000
37206  -32.680  -46.326  32.496 0.0000000000
116151  -32.679  -46.017  31.138 0.0000000000
126485  -32.642  -46.475  31.256 0.0000000000
123898  -32.710  -46.971  31.565 0.0000000000
36197  -32.719  -47.379  31.194 0.0000000000
35194  -32.650  -48.219  30.229 0.0000000000
34173  -30.853  -48.762  29.654 0.0000000000
42883  -14.908  -40.809  33.941 0.0000000000
39230  -13.670  -44.631  38.499 0.0000000000
38228  -14.836  -45.237  34.231 0.0000000000
38249  -15.279  -45.797  33.674 0.0000000000
38216  -17.526  -45.002  34.857 0.0000000000
113820  -17.215  -45.353  34.139 0.0000000000
38252  -17.868  -45.615  33.375 0.0000000000
38230  -16.478  -45.423  34.028 0.0000000000
38250  -16.107  -45.746  33.588 0.0000000000
37190  -14.803  -46.141  33.140 0.0000000000
37201  -15.291  -46.254  32.328 0.0000000000
37227  -15.945  -46.266  30.264 0.0000000000
38321  -15.229  -46.101  28.746 0.0000000000
35024  -25.558  -48.181  47.152 0.0000000000
35023  -24.959  -48.314  47.658 0.0000000000
33021  -24.877  -49.908  46.946 0.0000000000
33011  -24.686  -49.470  47.218 0.0000000000
33998  -24.374  -48.647  47.664 0.0000000000
34004  -23.408  -49.319  47.677 0.0000000000
117027  -22.635  -49.283  47.765 0.0000000000
34003  -21.689  -49.267  47.890 0.0000000000
32019  -21.717  -50.312  45.784 0.0000000000
32008  -22.058  -50.129  46.691 0.0000000000
33017  -22.392  -49.859  47.372 0.0000000000
33007  -21.655  -49.772  47.537 0.0000000000
34001  -20.062  -48.965  47.774 0.0000000000
35027  -18.702  -48.569  47.044 0.0000000000
35026  -18.020  -48.487  46.471 0.0000000000
35030  -16.658  -48.536  45.263 0.0000000000
106526  -46.186  -26.444  29.121 0.0000000000
50091  -43.911  -33.836  30.157 0.0000000000
49248  -43.640  -34.082  29.431 0.0000000000
106256  -41.911  -33.804  29.753 0.0000000000
54775  -42.416  -27.241  28.266 0.0000000000
54788  -43.702  -27.250  27.431 0.0000000000
54789  -44.328  -27.027  27.465 0.0000000000
108186  -32.860  -41.213  41.237 0.0000000000
41841  -32.958  -41.904  40.595 0.0000000000
40985  -33.220  -42.703  40.095 0.0000000000
124707  -33.351  -42.909  39.182 0.0000000000
40187  -33.403  -43.519  36.911 0.0000000000
42757  -38.236  -39.404  41.407 0.0000000000
42772  -38.104  -39.767  40.600 0.0000000000
123099  -36.572  -39.199  41.385 0.0000000000
43821  -35.722  -39.165  41.083 0.0000000000
42823  -37.583  -40.178  37.419 0.0000000000
42805  -37.261  -39.829  38.105 0.0000000000
43860  -36.884  -39.522  38.811 0.0000000000
43877  -35.690  -39.233  37.708 0.0000000000
43845  -36.449  -39.299  39.535 0.0000000000
43844  -35.551  -38.987  39.562 0.0000000000
43833  -35.187  -38.986  40.298 0.0000000000
43832  -34.309  -38.985  40.211 0.0000000000
108282  -33.529  -39.340  39.247 0.0000000000
42804  -33.149  -40.082  39.065 0.0000000000
42821  -33.176  -39.938  37.338 0.0000000000
116364  -33.095  -40.491  38.156 0.0000000000
40208  -33.077  -43.678  35.500 0.0000000000
40214  -32.687  -43.895  34.739 0.0000000000
39318  -32.126  -44.492  32.638 0.0000000000
41037  -32.011  -43.094  33.596 0.0000000000
41044  -31.916  -43.709  32.916 0.0000000000
68829  -51.424  -11.984  13.378 0.0000000000
68828  -50.768  -11.057  13.066 0.0000000000
70575  -51.403  -10.120  13.788 0.0000000000
71427  -51.317  -8.487  12.927 0.0000000000
123998  -11.403  -41.946  40.383 0.0000000000
40981  -11.577  -42.599  40.110 0.0000000000
40134  -11.912  -42.942  42.525 0.0000000000
40148  -12.574  -43.483  42.320 0.0000000000
40147  -12.145  -43.323  42.097 0.0000000000
117956  -13.309  -44.038  39.887 0.0000000000
39211  -13.497  -44.489  39.286 0.0000000000
39212  -14.262  -44.333  39.143 0.0000000000
39232  -15.427  -43.881  38.358 0.0000000000
106102  -17.096  -44.417  38.196 0.0000000000
39249  -18.049  -44.598  37.921 0.0000000000
39215  -17.769  -44.434  39.667 0.0000000000
39234  -18.711  -44.710  38.435 0.0000000000
39250  -18.885  -44.683  37.619 0.0000000000
39251  -19.521  -44.961  37.411 0.0000000000
38197  -19.900  -45.308  36.885 0.0000000000
37155  -20.424  -46.388  36.701 0.0000000000
109568  -20.637  -45.736  37.964 0.0000000000
125594  -20.620  -46.463  37.226 0.0000000000
36164  -20.135  -47.032  36.470 0.0000000000
35124  -19.176  -48.137  36.849 0.0000000000
55725  -52.521  -26.252  22.633 0.0000000000
57385  -48.147  -24.535  18.497 0.0000000000
113724  -48.950  -24.027  18.813 0.0000000000
58208  -48.312  -23.863  18.649 0.0000000000
59021  -47.755  -23.104  18.545 0.0000000000
59878  -48.404  -21.761  18.964 0.0000000000
59874  -50.560  -21.226  19.821 0.0000000000
113476  -51.014  -20.735  20.034 0.0000000000
32025  -26.832  -51.016  46.020 0.0000000000
31049  -26.311  -51.213  45.603 0.0000000000
31058  -26.050  -51.384  44.843 0.0000000000
123802  -25.953  -51.454  44.372 0.0000000000
31071  -28.858  -51.619  42.523 0.0000000000
31070  -27.839  -51.532  43.062 0.0000000000
31069  -27.076  -51.861  43.999 0.0000000000
29020  -27.326  -52.275  42.232 0.0000000000
112852  -27.010  -52.066  43.423 0.0000000000
30010  -26.803  -51.997  43.981 0.0000000000
30009  -26.446  -52.134  43.679 0.0000000000
30003  -25.960  -51.800  43.872 0.0000000000
30007  -25.108  -51.778  43.380 0.0000000000
30021  -24.698  -52.249  42.668 0.0000000000
110094  -24.151  -52.534  42.190 0.0000000000
30052  -24.896  -52.665  41.945 0.0000000000
38234  -33.050  -45.850  34.895 0.0000000000
120239  -33.115  -46.131  35.427 0.0000000000
37183  -33.259  -46.669  35.710 0.0000000000
36185  -33.640  -47.617  33.563 0.0000000000
36180  -33.752  -47.529  34.383 0.0000000000
36173  -33.623  -47.447  35.424 0.0000000000
35125  -33.618  -48.590  36.147 0.0000000000
33145  -32.323  -50.031  30.968 0.0000000000
33134  -33.038  -50.367  31.287 0.0000000000
34130  -33.806  -50.497  31.987 0.0000000000
32143  -32.226  -51.386  31.682 0.0000000000
33121  -33.540  -51.095  32.568 0.0000000000
33122  -34.133  -50.458  32.930 0.0000000000
33106  -33.734  -50.072  33.701 0.0000000000
33093  -32.880  -49.241  34.360 0.0000000000
34082  -33.574  -49.009  36.742 0.0000000000
33081  -33.042  -49.023  36.507 0.0000000000
32084  -33.046  -50.040  37.119 0.0000000000
105988  -31.696  -51.214  36.439 0.0000000000
31155  -31.961  -51.420  37.390 0.0000000000
31127  -32.027  -52.120  38.803 0.0000000000
29063  -32.271  -53.208  39.638 0.0000000000
29061  -31.482  -52.993  39.219 0.0000000000
29052  -30.895  -53.309  39.456 0.0000000000
30105  -30.728  -52.435  37.998 0.0000000000
29060  -30.915  -52.732  39.022 0.0000000000
105554  -30.153  -52.938  39.509 0.0000000000
29059  -29.237  -52.775  39.480 0.0000000000
30093  -28.282  -52.911  38.993 0.0000000000
30092  -27.492  -53.057  38.780 0.0000000000
31162  -28.247  -51.440  36.654 0.0000000000
32082  -27.474  -51.057  36.501 0.0000000000
123173  -28.086  -51.765  37.407 0.0000000000
30091  -26.835  -52.789  38.910 0.0000000000
30090  -25.940  -52.131  39.360 0.0000000000
30089  -24.672  -51.637  39.380 0.0000000000
120823  -25.043  -51.574  38.401 0.0000000000
31123  -24.328  -51.329  38.611 0.0000000000
46720  -12.983  -36.999  37.349 0.0000000000
45811  -13.364  -37.604  37.061 0.0000000000
106317  -11.368  -38.809  37.979 0.0000000000
43884  -11.908  -40.015  37.391 0.0000000000
44855  -12.216  -38.321  37.466 0.0000000000
42851  -13.286  -40.669  35.950 0.0000000000
42852  -14.314  -40.325  35.692 0.0000000000
42868  -14.653  -40.616  34.832 0.0000000000
41936  -14.321  -41.404  33.385 0.0000000000
112158  -12.729  -44.590  38.185 0.0000000000
39244  -12.214  -44.693  37.465 0.0000000000
39262  -11.746  -44.688  36.626 0.0000000000
39261  -10.841  -44.262  36.238 0.0000000000
127230  -10.295  -43.103  35.227 0.0000000000
107759  -13.242  -45.532  33.404 0.0000000000
38247  -12.677  -45.048  33.645 0.0000000000
38246  -12.040  -44.667  33.948 0.0000000000
38268  -12.299  -44.681  33.035 0.0000000000
39294  -11.403  -44.307  34.443 0.0000000000
41024  -10.472  -43.245  34.784 0.0000000000
109415  -10.359  -43.156  35.117 0.0000000000
41026  -11.550  -42.953  34.473 0.0000000000
41934  -12.479  -42.516  34.036 0.0000000000
41935  -13.457  -41.954  33.574 0.0000000000
125582  -13.880  -41.718  32.994 0.0000000000
41952  -14.689  -41.588  31.518 0.0000000000
107036  -18.752  -44.053  47.289 0.0000000000
38106  -25.567  -45.978  46.854 0.0000000000
38103  -25.568  -45.987  46.991 0.0000000000
39116  -25.157  -45.244  47.193 0.0000000000
37072  -25.047  -47.215  48.061 0.0000000000
39111  -25.045  -45.800  47.741 0.0000000000
39115  -24.743  -44.840  47.372 0.0000000000
40087  -24.513  -44.428  47.542 0.0000000000
40915  -23.839  -43.260  48.097 0.0000000000
40914  -22.989  -43.104  48.216 0.0000000000
35013  -21.989  -48.065  47.959 0.0000000000
36047  -22.411  -47.536  47.703 0.0000000000
37074  -23.413  -46.572  47.849 0.0000000000
121492  -23.740  -45.791  47.912 0.0000000000
127384  -23.404  -44.131  48.077 0.0000000000
39109  -22.723  -43.459  48.160 0.0000000000
40084  -21.757  -43.153  48.550 0.0000000000
40091  -20.906  -43.087  48.568 0.0000000000
39114  -20.378  -43.263  48.337 0.0000000000
39119  -19.357  -43.793  47.699 0.0000000000
39126  -19.145  -44.263  46.210 0.0000000000
105934  -19.567  -44.449  45.190 0.0000000000
39149  -20.062  -44.547  44.288 0.0000000000
120813  -20.941  -44.829  44.232 0.0000000000
38120  -21.211  -45.278  42.922 0.0000000000
38135  -21.412  -45.711  41.675 0.0000000000
36077  -20.957  -47.167  44.327 0.0000000000
36078  -21.262  -47.023  43.764 0.0000000000
37119  -21.587  -46.489  42.724 0.0000000000
123763  -21.570  -46.302  42.059 0.0000000000
37125  -21.522  -46.441  41.397 0.0000000000
37131  -21.443  -46.578  40.594 0.0000000000
36124  -21.174  -47.234  40.362 0.0000000000
36128  -20.325  -47.800  39.293 0.0000000000
36122  -19.731  -47.858  39.884 0.0000000000
36138  -20.118  -48.099  38.469 0.0000000000
35109  -18.932  -48.372  37.640 0.0000000000
34017  -16.128  -49.102  45.153 0.0000000000
125653  -16.346  -48.419  45.026 0.0000000000
33037  -14.874  -49.728  43.171 0.0000000000
34022  -15.729  -49.074  44.494 0.0000000000
34016  -15.959  -49.136  45.018 0.0000000000
35033  -16.233  -48.435  44.916 0.0000000000
36063  -16.205  -48.322  44.501 0.0000000000
36072  -16.254  -47.887  44.304 0.0000000000
36085  -16.104  -48.185  43.950 0.0000000000
36096  -15.509  -48.518  43.095 0.0000000000
36097  -15.758  -48.303  42.967 0.0000000000
35063  -13.869  -49.386  40.799 0.0000000000
111888  -14.290  -49.080  40.476 0.0000000000
109888  -15.896  -48.535  40.874 0.0000000000
35066  -16.596  -48.520  40.143 0.0000000000
35092  -16.880  -48.803  38.622 0.0000000000
120916  -16.070  -48.808  38.589 0.0000000000
35093  -17.421  -48.713  37.894 0.0000000000
125458  -17.729  -48.446  36.585 0.0000000000
35122  -17.415  -48.373  36.079 0.0000000000
35133  -16.865  -48.623  35.544 0.0000000000
34090  -16.301  -49.131  35.027 0.0000000000
29038  -32.051  -54.069  41.763 0.0000000000
29054  -32.091  -53.765  39.512 0.0000000000
29055  -32.944  -53.854  40.064 0.0000000000
29068  -31.348  -52.458  38.504 0.0000000000
30011  -27.480  -51.882  43.075 0.0000000000
30026  -28.321  -52.020  42.076 0.0000000000
30038  -25.593  -52.864  42.533 0.0000000000
30039  -26.206  -52.841  42.615 0.0000000000
30094  -29.242  -52.452  38.979 0.0000000000
30118  -31.733  -51.864  37.847 0.0000000000
30125  -30.814  -52.012  35.887 0.0000000000
31128  -32.422  -51.401  38.373 0.0000000000
31176  -30.904  -51.897  34.821 0.0000000000
32012  -25.018  -49.959  46.624 0.0000000000
32024  -25.624  -50.481  46.067 0.0000000000
32144  -32.730  -51.479  32.412 0.0000000000
32153  -32.360  -50.864  31.059 0.0000000000
33010  -24.231  -49.563  47.440 0.0000000000
33012  -25.256  -49.237  46.983 0.0000000000
33020  -24.563  -49.677  47.108 0.0000000000
33022  -25.611  -49.653  46.656 0.0000000000
33023  -26.040  -49.559  46.506 0.0000000000
33029  -26.592  -50.253  45.852 0.0000000000
33080  -32.571  -49.571  35.259 0.0000000000
33999  -24.855  -48.423  47.566 0.0000000000
34005  -24.037  -49.327  47.645 0.0000000000
34006  -24.495  -49.165  47.479 0.0000000000
34007  -25.126  -49.121  47.184 0.0000000000
34091  -33.601  -48.317  35.763 0.0000000000
34131  -34.167  -49.825  33.246 0.0000000000
34172  -30.437  -48.914  30.407 0.0000000000
35016  -24.077  -47.840  47.864 0.0000000000
35017  -24.950  -47.604  47.844 0.0000000000
35028  -25.723  -48.456  46.903 0.0000000000
36046  -21.611  -47.555  47.707 0.0000000000
36049  -24.141  -47.468  47.881 0.0000000000
36050  -24.966  -47.109  47.940 0.0000000000
36056  -25.583  -47.506  47.378 0.0000000000
36058  -18.451  -47.937  46.758 0.0000000000
36071  -16.062  -48.425  44.159 0.0000000000
36184  -19.373  -47.030  33.406 0.0000000000
37070  -24.487  -46.541  47.992 0.0000000000
37076  -25.132  -47.031  47.939 0.0000000000
37077  -25.505  -47.032  47.829 0.0000000000
37081  -25.921  -46.923  47.721 0.0000000000
37088  -25.671  -46.510  46.923 0.0000000000
37194  -19.383  -46.383  33.635 0.0000000000
37218  -18.381  -46.785  31.796 0.0000000000
37219  -32.678  -46.422  31.738 0.0000000000
38093  -24.744  -46.218  47.902 0.0000000000
38096  -24.972  -45.891  47.815 0.0000000000
38097  -25.080  -46.225  48.037 0.0000000000
38100  -25.532  -45.986  47.178 0.0000000000
38101  -25.673  -46.193  47.242 0.0000000000
38218  -33.105  -45.363  35.713 0.0000000000
39108  -24.519  -45.560  47.814 0.0000000000
39112  -25.141  -45.643  47.513 0.0000000000
39196  -12.825  -43.719  40.452 0.0000000000
39288  -33.396  -44.381  36.669 0.0000000000
39306  -32.577  -44.734  34.365 0.0000000000
40085  -23.691  -43.897  48.144 0.0000000000
40092  -24.270  -43.608  47.801 0.0000000000
40093  -24.572  -44.032  47.425 0.0000000000
40097  -24.807  -43.995  46.921 0.0000000000
40104  -25.115  -44.414  46.584 0.0000000000
40114  -25.310  -44.470  45.884 0.0000000000
40126  -13.088  -42.969  43.721 0.0000000000
40198  -33.251  -43.446  36.208 0.0000000000
40225  -31.796  -43.986  32.235 0.0000000000
40928  -23.959  -43.242  47.525 0.0000000000
40929  -24.691  -43.798  47.030 0.0000000000
40944  -23.949  -42.843  46.148 0.0000000000
41842  -38.966  -40.101  40.100 0.0000000000
41856  -39.966  -40.122  39.050 0.0000000000
41878  -37.848  -40.417  36.737 0.0000000000
42770  -33.053  -40.689  41.812 0.0000000000
42860  -40.362  -39.370  35.817 0.0000000000
43834  -36.693  -39.400  40.828 0.0000000000
43904  -33.114  -39.559  35.517 0.0000000000
44865  -35.073  -38.919  37.396 0.0000000000
44877  -33.999  -38.824  36.987 0.0000000000
45843  -46.041  -37.658  33.064 0.0000000000
48373  -44.547  -34.654  37.685 0.0000000000
48451  -45.608  -35.052  29.717 0.0000000000
55586  -42.847  -26.264  31.457 0.0000000000
105875  -30.887  -53.928  40.006 0.0000000000
105974  -31.171  -52.260  37.796 0.0000000000
106198  -31.718  -53.758  42.140 0.0000000000
106319  -24.089  -52.704  42.049 0.0000000000
107216  -39.955  -39.858  36.675 0.0000000000
107268  -37.431  -40.696  35.356 0.0000000000
107420  -19.527  -47.157  34.840 0.0000000000
108352  -31.738  -54.116  40.087 0.0000000000
108422  -33.711  -39.206  39.962 0.0000000000
108542  -32.060  -41.304  34.283 0.0000000000
109724  -25.526  -48.111  47.212 0.0000000000
109797  -25.029  -44.064  47.217 0.0000000000
109993  -34.108  -49.118  33.198 0.0000000000
110093  -29.540  -53.015  41.240 0.0000000000
111130  -33.058  -40.810  37.431 0.0000000000
111447  -27.377  -51.684  43.765 0.0000000000
112523  -32.883  -48.732  35.167 0.0000000000
112763  -33.936  -48.216  34.857 0.0000000000
113338  -30.850  -52.034  35.490 0.0000000000
113847  -33.076  -42.825  38.275 0.0000000000
113991  -24.988  -47.406  47.944 0.0000000000
116021  -33.373  -46.757  34.759 0.0000000000
118612  -11.804  -43.210  39.858 0.0000000000
119428  -43.922  -30.846  34.444 0.0000000000
119945  -21.573  -50.880  44.186 0.0000000000
120613  -17.871  -48.162  35.757 0.0000000000
121472  -32.423  -41.698  34.610 0.0000000000
122790  -24.190  -44.025  48.082 0.0000000000
122810  -41.685  -40.178  39.356 0.0000000000
123216  -33.031  -41.724  35.643 0.0000000000
123526  -23.698  -42.985  48.070 0.0000000000
123607  -43.328  -26.485  22.838 0.0000000000
123758  -24.891  -45.253  47.707 0.0000000000
123950  -24.900  -44.124  47.153 0.0000000000
124031  -25.308  -44.476  45.200 0.0000000000
124942  -19.569  -46.416  34.236 0.0000000000
125065  -32.999  -40.728  39.647 0.0000000000
125470  -53.053  -14.441  15.699 0.0000000000
125959  -25.725  -46.480  47.335 0.0000000000
125963  -40.773  -40.406  38.101 0.0000000000
126217  -25.315  -52.502  41.737 0.0000000000
127180  -10.729  -40.539  38.779 0.0000000000
127204  -17.666  -46.888  45.173 0.0000000000
127637  -45.396  -34.552  31.785 0.0000000000
