#!ascii label  , from subject sub-025 vox2ras=TkReg
1096
35261  -15.041  -46.787  44.674 0.0000000000
41792  -37.361  -39.142  31.521 0.0000000000
44994  -32.823  -35.124  30.306 0.0000000000
39902  -29.314  -41.156  34.716 0.0000000000
121129  -40.476  -21.333  23.351 0.0000000000
52746  -34.906  -26.714  26.867 0.0000000000
40824  -37.713  -40.397  36.528 0.0000000000
40879  -33.307  -40.551  32.622 0.0000000000
107430  -45.684  -21.234  26.962 0.0000000000
61761  -47.656  -17.084  25.851 0.0000000000
66078  -48.415  -12.568  25.776 0.0000000000
48787  -34.415  -31.202  34.502 0.0000000000
49894  -32.323  -30.563  27.844 0.0000000000
51797  -37.486  -28.263  31.693 0.0000000000
54475  -40.321  -25.383  30.118 0.0000000000
38978  -22.389  -41.605  35.664 0.0000000000
35228  -11.145  -46.590  47.851 0.0000000000
44216  -36.465  -36.972  32.114 0.0000000000
45768  -32.947  -35.102  36.635 0.0000000000
40871  -24.526  -40.247  32.050 0.0000000000
41823  -28.741  -38.919  29.287 0.0000000000
67894  -46.862  -11.018  20.663 0.0000000000
69674  -49.516  -8.508  25.401 0.0000000000
56333  -37.194  -23.496  25.702 0.0000000000
58093  -42.555  -20.832  29.938 0.0000000000
34246  -16.733  -46.512  41.505 0.0000000000
30065  -10.138  -51.569  47.918 0.0000000000
60019  -47.717  -19.455  25.772 0.0000000000
50781  -35.788  -29.738  33.080 0.0000000000
38083  -19.990  -42.859  34.163 0.0000000000
35246  -13.069  -46.872  46.359 0.0000000000
43488  -37.789  -37.761  29.824 0.0000000000
112745  -37.817  -37.937  31.791 0.0000000000
39923  -27.148  -40.787  33.901 0.0000000000
40910  -26.208  -39.825  30.238 0.0000000000
40894  -28.469  -39.575  31.943 0.0000000000
107352  -35.071  -40.345  32.034 0.0000000000
41827  -32.974  -39.722  29.529 0.0000000000
41829  -35.365  -39.616  29.246 0.0000000000
38962  -27.572  -42.307  36.666 0.0000000000
39878  -25.711  -41.571  35.193 0.0000000000
62698  -43.216  -16.606  22.345 0.0000000000
66105  -45.510  -12.636  21.085 0.0000000000
67846  -48.745  -10.336  25.724 0.0000000000
51852  -33.436  -28.599  27.152 0.0000000000
114112  -36.556  -25.233  26.246 0.0000000000
57155  -40.563  -22.721  30.272 0.0000000000
38037  -18.391  -43.834  37.801 0.0000000000
128768  -17.666  -44.060  39.976 0.0000000000
114911  -16.893  -43.829  41.662 0.0000000000
34254  -16.868  -46.443  39.049 0.0000000000
30073  -11.493  -51.410  47.198 0.0000000000
40861  -37.019  -39.979  33.970 0.0000000000
115404  -37.736  -38.323  34.230 0.0000000000
41735  -38.349  -39.222  37.222 0.0000000000
38966  -31.249  -42.173  36.621 0.0000000000
39928  -31.478  -41.047  33.943 0.0000000000
39886  -33.162  -41.601  35.320 0.0000000000
39909  -35.920  -40.891  34.892 0.0000000000
124896  -43.044  -21.574  25.028 0.0000000000
59086  -44.526  -20.292  24.291 0.0000000000
60921  -44.795  -17.791  24.273 0.0000000000
64422  -45.806  -14.909  23.920 0.0000000000
65256  -46.305  -13.494  24.040 0.0000000000
64414  -48.659  -14.820  26.509 0.0000000000
47811  -32.421  -32.629  32.393 0.0000000000
110444  -31.916  -32.909  28.974 0.0000000000
48823  -32.919  -31.091  31.524 0.0000000000
50828  -34.409  -29.041  30.642 0.0000000000
114600  -35.702  -27.451  29.026 0.0000000000
53569  -37.542  -26.202  28.452 0.0000000000
52685  -39.406  -27.001  30.876 0.0000000000
38956  -21.347  -41.563  36.368 0.0000000000
38073  -19.252  -43.082  35.481 0.0000000000
70656  -50.661  -7.583  20.659 0.0000000000
123217  -10.358  -46.447  47.733 0.0000000000
44250  -36.946  -36.913  29.636 0.0000000000
44975  -34.270  -36.100  31.417 0.0000000000
44202  -36.808  -37.447  34.152 0.0000000000
44199  -34.800  -36.621  34.344 0.0000000000
44950  -32.688  -34.994  33.990 0.0000000000
47752  -33.061  -33.082  36.122 0.0000000000
41803  -30.974  -39.494  30.482 0.0000000000
38959  -24.556  -42.230  36.490 0.0000000000
39920  -23.325  -40.843  33.612 0.0000000000
66949  -47.366  -11.290  23.855 0.0000000000
67868  -47.956  -9.890  22.977 0.0000000000
69702  -49.388  -8.303  22.378 0.0000000000
71497  -50.518  -6.800  24.448 0.0000000000
32140  -14.213  -49.411  42.883 0.0000000000
31063  -13.762  -49.201  45.014 0.0000000000
58149  -38.653  -21.421  24.827 0.0000000000
55419  -38.966  -24.384  28.190 0.0000000000
58100  -39.721  -21.584  28.048 0.0000000000
106978  -41.209  -20.832  26.268 0.0000000000
106985  -44.495  -20.953  28.256 0.0000000000
123822  -15.823  -46.978  43.243 0.0000000000
32116  -13.220  -48.864  47.017 0.0000000000
33171  -11.069  -49.631  48.039 0.0000000000
33173  -9.843  -48.975  47.659 0.0000000000
36163  -13.511  -46.423  45.467 0.0000000000
122673  -37.012  -39.143  29.680 0.0000000000
41831  -37.726  -38.566  30.056 0.0000000000
41808  -37.682  -38.498  31.050 0.0000000000
39924  -28.039  -40.785  33.900 0.0000000000
40874  -27.779  -39.860  32.510 0.0000000000
40853  -28.782  -40.438  33.457 0.0000000000
40902  -36.288  -40.020  31.725 0.0000000000
40914  -35.387  -39.966  30.795 0.0000000000
41830  -36.121  -39.622  29.773 0.0000000000
41851  -36.264  -39.342  28.921 0.0000000000
38964  -29.536  -42.134  36.752 0.0000000000
126005  -29.183  -42.543  37.358 0.0000000000
38983  -28.189  -41.720  36.126 0.0000000000
128731  -27.105  -41.430  35.199 0.0000000000
65275  -45.080  -13.230  21.426 0.0000000000
44995  -33.588  -35.620  29.789 0.0000000000
45855  -32.950  -34.904  28.433 0.0000000000
119745  -33.915  -27.925  26.937 0.0000000000
52760  -34.225  -27.419  25.269 0.0000000000
53589  -35.516  -26.243  26.480 0.0000000000
36259  -17.705  -45.060  37.377 0.0000000000
38019  -18.185  -43.921  38.794 0.0000000000
36248  -17.671  -45.111  38.868 0.0000000000
36234  -17.576  -45.075  39.538 0.0000000000
116388  -16.872  -46.363  38.225 0.0000000000
40839  -37.223  -40.135  34.835 0.0000000000
41763  -37.744  -39.273  35.216 0.0000000000
40825  -38.215  -39.800  36.985 0.0000000000
38066  -32.565  -42.693  37.339 0.0000000000
38988  -32.656  -41.793  36.014 0.0000000000
112755  -33.979  -42.278  36.512 0.0000000000
122218  -36.835  -41.427  36.797 0.0000000000
38991  -35.703  -41.627  36.176 0.0000000000
110817  -36.577  -40.969  35.570 0.0000000000
40860  -36.254  -40.422  34.086 0.0000000000
58141  -44.342  -21.319  25.913 0.0000000000
59077  -44.082  -21.094  24.407 0.0000000000
58156  -45.060  -20.918  25.133 0.0000000000
61760  -47.577  -18.110  25.758 0.0000000000
60923  -46.037  -18.905  24.995 0.0000000000
61768  -46.406  -17.325  25.025 0.0000000000
122938  -45.160  -16.195  24.105 0.0000000000
62688  -46.992  -15.939  25.008 0.0000000000
63528  -46.922  -15.050  24.904 0.0000000000
62682  -48.020  -16.118  25.942 0.0000000000
48802  -33.378  -31.512  33.340 0.0000000000
48822  -32.445  -31.981  31.605 0.0000000000
48813  -33.888  -30.802  32.828 0.0000000000
50801  -36.320  -29.233  32.625 0.0000000000
49846  -34.915  -29.752  31.968 0.0000000000
51795  -35.882  -28.607  31.114 0.0000000000
51811  -34.912  -28.550  30.111 0.0000000000
51813  -36.450  -28.072  30.644 0.0000000000
116780  -37.093  -27.519  30.292 0.0000000000
52668  -38.002  -27.781  31.253 0.0000000000
110906  -22.978  -41.854  36.847 0.0000000000
38940  -22.789  -41.714  37.576 0.0000000000
38977  -21.398  -41.616  35.645 0.0000000000
119266  -19.376  -43.256  34.617 0.0000000000
71532  -50.861  -6.824  21.890 0.0000000000
71533  -51.525  -6.402  21.529 0.0000000000
36133  -10.689  -46.143  47.937 0.0000000000
43478  -37.489  -37.524  30.367 0.0000000000
44251  -37.409  -37.312  29.679 0.0000000000
44237  -36.641  -36.941  30.375 0.0000000000
44236  -35.912  -36.668  30.695 0.0000000000
44224  -35.848  -36.649  31.623 0.0000000000
43439  -37.389  -37.948  35.476 0.0000000000
43445  -37.255  -37.703  33.933 0.0000000000
43429  -36.884  -37.540  35.450 0.0000000000
44919  -33.420  -35.698  37.146 0.0000000000
44190  -34.902  -36.683  35.248 0.0000000000
44931  -33.485  -35.777  35.231 0.0000000000
44951  -33.366  -35.610  33.510 0.0000000000
44942  -32.731  -35.140  34.875 0.0000000000
115687  -32.432  -33.858  35.027 0.0000000000
126139  -32.814  -33.788  36.427 0.0000000000
109843  -27.574  -39.348  29.923 0.0000000000
40857  -31.865  -40.877  33.314 0.0000000000
40896  -30.827  -40.081  31.956 0.0000000000
108184  -31.846  -40.163  31.882 0.0000000000
41846  -31.695  -39.149  28.510 0.0000000000
38040  -25.804  -43.083  37.718 0.0000000000
39921  -25.094  -40.483  33.741 0.0000000000
39897  -23.895  -41.083  34.376 0.0000000000
40848  -23.785  -40.536  32.727 0.0000000000
39954  -22.656  -41.625  31.864 0.0000000000
65251  -47.318  -13.232  25.004 0.0000000000
66091  -46.916  -12.046  24.189 0.0000000000
66939  -47.540  -11.634  24.757 0.0000000000
68719  -49.092  -9.464  25.802 0.0000000000
67857  -48.197  -10.293  24.430 0.0000000000
68727  -48.588  -9.361  24.263 0.0000000000
68746  -48.353  -9.223  22.550 0.0000000000
113875  -49.408  -8.016  23.892 0.0000000000
70637  -49.780  -7.794  22.683 0.0000000000
112867  -50.177  -7.362  24.761 0.0000000000
47830  -32.028  -32.035  28.961 0.0000000000
47839  -32.083  -32.687  28.170 0.0000000000
57215  -37.679  -22.107  23.616 0.0000000000
57207  -37.777  -21.962  24.527 0.0000000000
53571  -39.079  -25.803  28.824 0.0000000000
54516  -38.237  -25.260  27.817 0.0000000000
55409  -39.455  -24.773  28.657 0.0000000000
57161  -41.072  -21.746  29.974 0.0000000000
57159  -39.824  -22.569  29.130 0.0000000000
58102  -41.124  -21.179  29.047 0.0000000000
58111  -40.083  -21.115  27.461 0.0000000000
106987  -41.866  -20.603  28.106 0.0000000000
121390  -42.529  -20.685  27.373 0.0000000000
106991  -43.231  -20.632  29.008 0.0000000000
109377  -17.171  -45.534  41.296 0.0000000000
36197  -16.708  -45.312  42.111 0.0000000000
36188  -16.077  -45.199  42.653 0.0000000000
34245  -16.302  -46.981  41.944 0.0000000000
33201  -15.457  -47.967  41.840 0.0000000000
33202  -15.789  -47.630  41.104 0.0000000000
30085  -12.630  -50.757  44.984 0.0000000000
122195  -13.447  -48.921  46.294 0.0000000000
30077  -12.793  -50.356  45.852 0.0000000000
30067  -10.838  -51.215  47.768 0.0000000000
31045  -11.016  -49.995  47.898 0.0000000000
31044  -10.928  -50.330  48.106 0.0000000000
33170  -10.452  -49.455  47.750 0.0000000000
31047  -9.909  -50.894  47.843 0.0000000000
38049  -35.181  -42.810  38.004 0.0000000000
59046  -47.876  -20.774  27.637 0.0000000000
59064  -46.978  -20.479  25.938 0.0000000000
59055  -48.178  -20.068  26.804 0.0000000000
48804  -34.914  -30.683  34.020 0.0000000000
39918  -21.782  -41.614  33.699 0.0000000000
38997  -20.626  -42.267  34.446 0.0000000000
36160  -11.399  -44.277  47.009 0.0000000000
35234  -12.046  -46.775  47.240 0.0000000000
42701  -37.687  -38.235  28.318 0.0000000000
43479  -37.817  -37.913  30.611 0.0000000000
44226  -37.167  -37.307  31.744 0.0000000000
45750  -33.021  -33.962  37.848 0.0000000000
115347  -25.335  -39.987  32.440 0.0000000000
109704  -25.183  -39.957  31.483 0.0000000000
40872  -25.988  -39.771  31.875 0.0000000000
40893  -27.600  -39.547  31.626 0.0000000000
41800  -28.277  -39.174  30.044 0.0000000000
40880  -34.299  -40.420  32.294 0.0000000000
106392  -33.300  -40.012  31.007 0.0000000000
108185  -34.022  -40.169  30.907 0.0000000000
40923  -34.552  -39.873  29.678 0.0000000000
41867  -35.376  -39.159  27.203 0.0000000000
38060  -27.033  -42.763  37.189 0.0000000000
38961  -26.587  -42.380  36.377 0.0000000000
125606  -26.567  -42.017  35.887 0.0000000000
39899  -26.506  -41.190  34.623 0.0000000000
60935  -42.880  -17.775  21.960 0.0000000000
66106  -46.035  -12.053  20.759 0.0000000000
66911  -49.915  -11.889  27.195 0.0000000000
110018  -48.697  -11.860  26.046 0.0000000000
50857  -32.733  -29.801  28.243 0.0000000000
54559  -35.808  -25.151  24.661 0.0000000000
56332  -36.686  -24.030  25.223 0.0000000000
123367  -41.208  -24.393  31.764 0.0000000000
56295  -40.602  -23.742  30.576 0.0000000000
56293  -41.254  -23.370  31.867 0.0000000000
38929  -19.255  -42.324  38.251 0.0000000000
38921  -19.018  -42.186  39.065 0.0000000000
38906  -17.570  -42.133  41.046 0.0000000000
115692  -17.320  -43.207  40.958 0.0000000000
36221  -17.312  -45.513  40.694 0.0000000000
34250  -16.778  -46.513  39.913 0.0000000000
34249  -16.195  -47.201  40.357 0.0000000000
34253  -16.314  -47.046  39.358 0.0000000000
40903  -36.869  -39.661  32.039 0.0000000000
41779  -37.751  -38.650  32.801 0.0000000000
41772  -37.748  -38.712  33.594 0.0000000000
42650  -37.732  -38.650  34.984 0.0000000000
38985  -30.033  -41.810  35.981 0.0000000000
39903  -30.191  -41.216  34.673 0.0000000000
39884  -31.389  -41.485  35.240 0.0000000000
39905  -31.874  -41.308  34.505 0.0000000000
39930  -33.337  -41.158  33.829 0.0000000000
38990  -34.945  -42.032  36.401 0.0000000000
121030  -34.476  -41.365  34.842 0.0000000000
112311  -34.276  -41.173  34.081 0.0000000000
40858  -35.001  -40.522  32.798 0.0000000000
40882  -36.426  -40.176  32.556 0.0000000000
38064  -30.733  -42.549  37.325 0.0000000000
58152  -41.851  -21.361  24.513 0.0000000000
107730  -41.961  -21.227  23.047 0.0000000000
58163  -42.647  -21.268  23.589 0.0000000000
59085  -43.194  -20.822  23.327 0.0000000000
125617  -43.488  -19.041  23.014 0.0000000000
60023  -46.089  -19.614  24.964 0.0000000000
60929  -44.616  -18.707  24.182 0.0000000000
127751  -43.388  -18.222  22.947 0.0000000000
62693  -43.575  -16.869  23.165 0.0000000000
63532  -44.240  -15.517  23.185 0.0000000000
64426  -44.542  -14.748  23.012 0.0000000000
65260  -45.160  -13.862  23.114 0.0000000000
64428  -45.801  -14.093  23.727 0.0000000000
64424  -47.145  -14.153  24.920 0.0000000000
117999  -48.651  -13.362  26.089 0.0000000000
63518  -49.075  -15.330  27.044 0.0000000000
65236  -49.847  -13.439  27.426 0.0000000000
46768  -32.135  -33.641  31.303 0.0000000000
117092  -32.056  -33.605  30.350 0.0000000000
108662  -31.938  -33.021  30.763 0.0000000000
48833  -32.230  -31.596  30.048 0.0000000000
49872  -32.612  -30.631  29.841 0.0000000000
49835  -34.464  -30.239  32.353 0.0000000000
49860  -33.926  -29.596  31.028 0.0000000000
49873  -32.996  -29.820  29.717 0.0000000000
51826  -33.745  -28.543  29.103 0.0000000000
51841  -34.222  -28.049  28.604 0.0000000000
52729  -35.114  -26.871  27.757 0.0000000000
53578  -35.909  -26.347  27.277 0.0000000000
52714  -36.443  -26.904  29.020 0.0000000000
53557  -38.768  -26.388  29.451 0.0000000000
52686  -40.081  -26.440  30.667 0.0000000000
53539  -40.770  -26.548  31.744 0.0000000000
54461  -41.150  -25.264  31.718 0.0000000000
39857  -21.031  -41.273  37.606 0.0000000000
123537  -20.775  -41.916  35.156 0.0000000000
38955  -20.415  -41.916  35.878 0.0000000000
38954  -19.681  -42.442  36.527 0.0000000000
38038  -18.973  -43.112  37.124 0.0000000000
120950  -34.416  -36.058  29.675 0.0000000000
44983  -33.509  -35.605  30.847 0.0000000000
110891  -37.785  -38.032  33.022 0.0000000000
43454  -37.443  -37.706  33.037 0.0000000000
44208  -36.347  -37.009  32.860 0.0000000000
111278  -35.676  -36.923  33.806 0.0000000000
44207  -35.751  -36.748  33.096 0.0000000000
44214  -35.073  -36.418  32.688 0.0000000000
44962  -33.395  -35.618  32.654 0.0000000000
44973  -32.803  -35.076  32.186 0.0000000000
45798  -32.255  -34.127  33.547 0.0000000000
47786  -32.647  -32.825  34.293 0.0000000000
48768  -33.894  -31.800  34.965 0.0000000000
47733  -33.611  -32.785  37.446 0.0000000000
47754  -34.166  -32.211  36.622 0.0000000000
40855  -30.215  -40.613  33.522 0.0000000000
115846  -29.967  -39.760  31.676 0.0000000000
41824  -29.667  -38.907  29.411 0.0000000000
41804  -32.250  -39.643  30.137 0.0000000000
41825  -31.167  -39.101  28.998 0.0000000000
112234  -24.408  -42.429  37.352 0.0000000000
123516  -23.276  -41.742  35.720 0.0000000000
38980  -25.115  -41.938  35.781 0.0000000000
39876  -23.618  -41.525  35.070 0.0000000000
39896  -22.276  -41.403  34.356 0.0000000000
115345  -22.123  -41.576  32.753 0.0000000000
66096  -45.481  -12.704  22.050 0.0000000000
66097  -45.938  -11.986  21.733 0.0000000000
66957  -46.930  -10.828  22.095 0.0000000000
125218  -47.786  -10.926  24.324 0.0000000000
126270  -47.627  -10.421  22.981 0.0000000000
66966  -47.213  -10.588  21.319 0.0000000000
68754  -47.710  -9.861  21.525 0.0000000000
68756  -48.887  -8.924  21.183 0.0000000000
69719  -49.529  -8.576  20.700 0.0000000000
69711  -50.045  -8.048  21.118 0.0000000000
70638  -50.302  -7.340  22.294 0.0000000000
33193  -15.192  -47.982  43.854 0.0000000000
127087  -14.524  -48.054  44.755 0.0000000000
117162  -14.181  -49.200  43.854 0.0000000000
45867  -32.628  -34.165  27.943 0.0000000000
58150  -40.046  -21.054  24.143 0.0000000000
54532  -36.752  -25.702  26.851 0.0000000000
55433  -37.474  -24.522  26.946 0.0000000000
56320  -37.514  -23.763  26.657 0.0000000000
55410  -39.751  -24.124  29.166 0.0000000000
126411  -38.611  -23.029  27.705 0.0000000000
57191  -38.289  -22.189  26.460 0.0000000000
58136  -38.716  -21.418  25.880 0.0000000000
58137  -39.675  -20.954  25.269 0.0000000000
58151  -40.845  -20.861  24.776 0.0000000000
121312  -42.133  -21.024  25.956 0.0000000000
58128  -43.565  -21.226  26.339 0.0000000000
106979  -44.892  -21.258  27.435 0.0000000000
36178  -14.701  -45.209  43.929 0.0000000000
37064  -15.056  -44.579  43.168 0.0000000000
35272  -15.572  -46.482  43.770 0.0000000000
33197  -15.330  -48.078  42.685 0.0000000000
31091  -14.585  -49.125  42.214 0.0000000000
34200  -13.678  -47.624  45.967 0.0000000000
34197  -12.894  -47.755  47.031 0.0000000000
34196  -12.443  -48.207  47.458 0.0000000000
108365  -12.284  -49.905  47.279 0.0000000000
33176  -12.219  -48.952  47.548 0.0000000000
35226  -11.348  -47.478  47.813 0.0000000000
34190  -10.657  -47.371  47.839 0.0000000000
34189  -10.263  -47.273  47.657 0.0000000000
30069  -9.594  -51.896  47.634 0.0000000000
119766  -9.100  -50.021  47.310 0.0000000000
36171  -14.075  -45.804  44.599 0.0000000000
35260  -14.373  -46.694  45.028 0.0000000000
41807  -37.286  -39.137  30.623 0.0000000000
39901  -28.404  -41.101  34.661 0.0000000000
39925  -28.978  -40.769  34.120 0.0000000000
41791  -36.806  -39.619  31.189 0.0000000000
40915  -36.135  -39.901  30.986 0.0000000000
41806  -36.567  -39.557  30.430 0.0000000000
38984  -29.136  -41.711  36.141 0.0000000000
39881  -28.767  -41.404  35.397 0.0000000000
65274  -44.584  -13.799  21.606 0.0000000000
119353  -33.360  -35.422  28.917 0.0000000000
45840  -32.812  -35.076  29.331 0.0000000000
113813  -34.418  -27.376  27.288 0.0000000000
52745  -34.236  -27.479  26.308 0.0000000000
53588  -34.783  -26.729  25.916 0.0000000000
53600  -35.335  -26.056  25.583 0.0000000000
36258  -17.383  -45.647  37.941 0.0000000000
121134  -17.656  -45.073  38.163 0.0000000000
128701  -17.497  -45.490  38.601 0.0000000000
39888  -37.081  -40.594  35.370 0.0000000000
40830  -37.556  -40.111  35.508 0.0000000000
38067  -33.582  -42.832  37.401 0.0000000000
39867  -37.324  -41.101  36.997 0.0000000000
39866  -37.107  -40.947  36.148 0.0000000000
38047  -32.829  -43.297  37.848 0.0000000000
107431  -44.994  -21.312  26.467 0.0000000000
113327  -45.036  -21.146  25.666 0.0000000000
58142  -45.701  -21.064  26.144 0.0000000000
116059  -48.044  -17.819  26.231 0.0000000000
124648  -47.149  -17.528  25.442 0.0000000000
62687  -46.439  -16.345  24.715 0.0000000000
62681  -47.491  -16.289  25.496 0.0000000000
48786  -33.622  -31.599  34.166 0.0000000000
48803  -34.137  -30.969  33.676 0.0000000000
51776  -36.889  -28.688  32.167 0.0000000000
50817  -36.108  -28.941  31.854 0.0000000000
51796  -36.667  -28.401  31.411 0.0000000000
51814  -37.231  -27.925  30.992 0.0000000000
109346  -23.085  -41.817  36.271 0.0000000000
38957  -22.228  -41.636  36.241 0.0000000000
71526  -51.274  -6.244  22.305 0.0000000000
72403  -51.847  -5.908  21.943 0.0000000000
36143  -11.392  -46.212  47.593 0.0000000000
36142  -10.714  -45.492  47.896 0.0000000000
113698  -37.084  -37.243  30.842 0.0000000000
44238  -37.127  -37.163  30.172 0.0000000000
44225  -36.547  -36.923  31.258 0.0000000000
43430  -37.277  -37.861  36.079 0.0000000000
43419  -36.941  -37.587  36.396 0.0000000000
124043  -33.441  -35.768  36.223 0.0000000000
125145  -32.845  -35.184  35.749 0.0000000000
45767  -32.707  -34.454  36.148 0.0000000000
40870  -23.835  -40.733  31.614 0.0000000000
40890  -24.441  -40.425  31.016 0.0000000000
39929  -32.709  -40.944  33.370 0.0000000000
39944  -32.307  -40.553  32.625 0.0000000000
40849  -24.704  -40.214  33.008 0.0000000000
122715  -24.212  -40.590  33.635 0.0000000000
120248  -23.304  -41.064  32.046 0.0000000000
66975  -46.928  -11.150  19.934 0.0000000000
128160  -47.209  -12.397  24.769 0.0000000000
66926  -48.126  -11.734  25.455 0.0000000000
68728  -48.899  -9.092  25.046 0.0000000000
69683  -49.110  -8.537  24.505 0.0000000000
69682  -48.900  -8.636  23.673 0.0000000000
70619  -49.681  -7.881  24.661 0.0000000000
48854  -32.152  -31.238  28.385 0.0000000000
126784  -32.090  -31.923  28.024 0.0000000000
48863  -32.099  -31.365  27.448 0.0000000000
120482  -36.926  -23.297  24.745 0.0000000000
124921  -36.682  -23.297  23.825 0.0000000000
56345  -37.149  -22.585  24.149 0.0000000000
57200  -37.447  -22.677  25.124 0.0000000000
54485  -39.976  -25.519  29.569 0.0000000000
54484  -39.597  -25.372  29.030 0.0000000000
55407  -40.053  -24.865  29.437 0.0000000000
115546  -41.711  -21.122  29.692 0.0000000000
58112  -40.713  -20.957  28.008 0.0000000000
58103  -42.235  -20.707  28.984 0.0000000000
35316  -17.121  -46.034  41.080 0.0000000000
36206  -17.017  -45.304  41.671 0.0000000000
35305  -16.971  -45.887  41.782 0.0000000000
35292  -16.623  -45.928  42.300 0.0000000000
123729  -15.944  -47.390  41.691 0.0000000000
117872  -16.392  -47.085  41.244 0.0000000000
30066  -10.472  -51.348  47.869 0.0000000000
30061  -10.784  -50.568  47.956 0.0000000000
30060  -10.653  -51.211  48.017 0.0000000000
31042  -10.180  -50.527  48.078 0.0000000000
30059  -10.213  -50.959  48.115 0.0000000000
49808  -36.326  -30.259  34.752 0.0000000000
39005  -21.080  -42.105  33.732 0.0000000000
36162  -12.665  -45.975  45.994 0.0000000000
36161  -11.800  -45.341  46.498 0.0000000000
36150  -11.619  -45.964  47.198 0.0000000000
36151  -12.328  -46.464  46.779 0.0000000000
120726  -37.454  -38.557  29.249 0.0000000000
42670  -37.824  -38.041  31.151 0.0000000000
42675  -37.857  -38.195  30.553 0.0000000000
43473  -37.750  -37.887  31.317 0.0000000000
43472  -37.519  -37.635  31.122 0.0000000000
43463  -37.653  -37.730  31.802 0.0000000000
40850  -26.154  -39.988  32.831 0.0000000000
41788  -28.291  -39.358  30.947 0.0000000000
40900  -34.673  -40.191  31.367 0.0000000000
40924  -35.351  -39.849  30.058 0.0000000000
41828  -34.422  -39.642  28.674 0.0000000000
41850  -35.414  -39.423  28.259 0.0000000000
41868  -36.306  -38.891  27.805 0.0000000000
38963  -28.592  -42.283  36.915 0.0000000000
38062  -28.653  -42.842  37.725 0.0000000000
38061  -27.904  -42.748  37.444 0.0000000000
38043  -28.174  -43.248  38.099 0.0000000000
38982  -27.202  -41.822  35.881 0.0000000000
39922  -26.127  -40.483  33.728 0.0000000000
121428  -25.478  -40.163  33.193 0.0000000000
50858  -33.031  -29.193  27.758 0.0000000000
50869  -32.995  -29.355  26.973 0.0000000000
54545  -35.959  -25.448  25.587 0.0000000000
55452  -36.381  -24.792  25.467 0.0000000000
56285  -41.372  -23.437  32.763 0.0000000000
120251  -42.350  -21.429  31.532 0.0000000000
38020  -18.773  -43.093  38.015 0.0000000000
38009  -18.026  -43.686  39.531 0.0000000000
38920  -18.353  -42.859  39.598 0.0000000000
38002  -17.687  -43.605  40.237 0.0000000000
35322  -17.235  -46.020  39.532 0.0000000000
36233  -17.374  -45.528  39.938 0.0000000000
116462  -17.160  -46.039  40.323 0.0000000000
40883  -37.039  -39.858  32.918 0.0000000000
41771  -37.513  -39.340  33.339 0.0000000000
109829  -37.553  -39.442  34.406 0.0000000000
41745  -38.194  -39.302  36.633 0.0000000000
41755  -37.970  -39.039  35.892 0.0000000000
42637  -38.058  -38.801  36.612 0.0000000000
38986  -30.880  -41.800  35.925 0.0000000000
39883  -30.532  -41.517  35.261 0.0000000000
38987  -31.766  -41.733  35.975 0.0000000000
125832  -33.425  -41.886  36.046 0.0000000000
39885  -32.266  -41.520  35.238 0.0000000000
39906  -32.756  -41.380  34.407 0.0000000000
39907  -33.690  -41.409  34.645 0.0000000000
38943  -35.176  -42.617  37.160 0.0000000000
112646  -35.997  -41.268  35.724 0.0000000000
39887  -35.193  -41.421  35.469 0.0000000000
39908  -35.079  -41.111  34.481 0.0000000000
39931  -34.982  -40.838  33.640 0.0000000000
39932  -35.601  -40.736  34.074 0.0000000000
118568  -36.572  -40.235  33.326 0.0000000000
38065  -31.646  -42.616  37.326 0.0000000000
38965  -30.373  -42.149  36.636 0.0000000000
58153  -42.722  -21.494  24.374 0.0000000000
121016  -43.809  -20.723  23.833 0.0000000000
121947  -43.991  -20.166  23.797 0.0000000000
60031  -43.562  -20.059  23.215 0.0000000000
60032  -44.099  -19.476  23.792 0.0000000000
59072  -47.225  -19.971  25.667 0.0000000000
59071  -46.438  -20.215  25.377 0.0000000000
60024  -47.010  -19.513  25.388 0.0000000000
60922  -45.406  -18.424  24.647 0.0000000000
60928  -43.884  -18.520  23.542 0.0000000000
114738  -44.236  -18.006  23.837 0.0000000000
61774  -43.698  -17.717  23.319 0.0000000000
61775  -44.246  -17.264  23.763 0.0000000000
122877  -44.367  -16.294  23.610 0.0000000000
63533  -45.000  -15.411  23.697 0.0000000000
64427  -45.244  -14.593  23.509 0.0000000000
64419  -47.627  -14.664  25.412 0.0000000000
113907  -47.684  -13.909  25.361 0.0000000000
64420  -48.300  -14.180  25.860 0.0000000000
110383  -32.302  -33.307  31.973 0.0000000000
47818  -32.154  -32.815  31.462 0.0000000000
112549  -32.438  -31.548  30.948 0.0000000000
48834  -32.753  -30.821  30.710 0.0000000000
49820  -35.369  -30.234  33.522 0.0000000000
49819  -34.654  -30.452  33.163 0.0000000000
49836  -35.117  -30.003  32.691 0.0000000000
50815  -34.682  -29.406  31.325 0.0000000000
50827  -33.656  -29.350  30.286 0.0000000000
50838  -33.366  -29.136  29.516 0.0000000000
50839  -34.061  -28.700  29.937 0.0000000000
51828  -35.367  -28.038  29.574 0.0000000000
51827  -34.599  -28.251  29.410 0.0000000000
51842  -34.988  -27.783  28.908 0.0000000000
52728  -34.627  -27.525  28.146 0.0000000000
115358  -35.228  -27.209  28.478 0.0000000000
53567  -35.907  -26.634  28.279 0.0000000000
52684  -38.465  -27.304  30.748 0.0000000000
52700  -37.911  -26.881  30.096 0.0000000000
53547  -38.837  -26.831  30.242 0.0000000000
53548  -39.508  -26.480  30.085 0.0000000000
52649  -41.122  -26.851  32.409 0.0000000000
53520  -41.600  -26.326  32.901 0.0000000000
53540  -41.220  -26.122  32.086 0.0000000000
55402  -41.427  -24.928  32.366 0.0000000000
106563  -22.208  -41.617  36.789 0.0000000000
39858  -21.663  -41.511  37.116 0.0000000000
39853  -22.063  -41.279  37.964 0.0000000000
38976  -19.678  -42.539  35.825 0.0000000000
38938  -19.530  -42.428  37.394 0.0000000000
38058  -19.120  -43.083  36.278 0.0000000000
35223  -9.875  -45.979  47.519 0.0000000000
115635  -37.329  -36.995  29.127 0.0000000000
44264  -36.778  -36.608  28.811 0.0000000000
44235  -35.082  -36.466  31.070 0.0000000000
44248  -35.113  -36.451  30.108 0.0000000000
44984  -34.303  -36.112  30.494 0.0000000000
112575  -37.787  -38.284  33.083 0.0000000000
42657  -37.771  -38.296  33.642 0.0000000000
44209  -36.782  -37.334  33.439 0.0000000000
44217  -36.996  -37.291  32.600 0.0000000000
44206  -34.980  -36.564  33.444 0.0000000000
44961  -32.714  -34.985  33.085 0.0000000000
45811  -32.434  -34.355  32.550 0.0000000000
47768  -32.727  -33.103  35.109 0.0000000000
46735  -32.380  -33.551  34.346 0.0000000000
47787  -33.178  -32.287  34.636 0.0000000000
47769  -33.380  -32.427  35.472 0.0000000000
123453  -33.365  -33.217  38.048 0.0000000000
126074  -33.815  -32.713  38.075 0.0000000000
48752  -34.862  -31.642  36.128 0.0000000000
40891  -25.800  -39.683  31.050 0.0000000000
40909  -25.239  -40.186  30.447 0.0000000000
128658  -25.712  -40.330  29.692 0.0000000000
39927  -30.666  -40.898  34.065 0.0000000000
41790  -30.524  -39.666  31.121 0.0000000000
125396  -29.798  -39.517  30.977 0.0000000000
41802  -30.130  -39.322  30.351 0.0000000000
40911  -32.334  -39.846  31.019 0.0000000000
41805  -32.953  -39.860  30.383 0.0000000000
38958  -23.730  -42.118  36.782 0.0000000000
126691  -23.743  -41.998  36.221 0.0000000000
38981  -26.016  -42.087  35.804 0.0000000000
38960  -25.611  -42.403  36.400 0.0000000000
106293  -23.014  -41.227  34.397 0.0000000000
39919  -22.519  -41.214  33.628 0.0000000000
65261  -45.836  -13.412  23.492 0.0000000000
66089  -45.628  -13.027  22.895 0.0000000000
66956  -46.696  -11.714  23.330 0.0000000000
109495  -46.047  -12.209  22.689 0.0000000000
117727  -46.537  -11.445  22.388 0.0000000000
66919  -49.035  -11.048  26.302 0.0000000000
66927  -48.482  -11.070  25.630 0.0000000000
116949  -48.374  -10.488  25.172 0.0000000000
109019  -48.208  -9.892  23.719 0.0000000000
67867  -47.790  -10.529  23.600 0.0000000000
67877  -47.465  -10.274  22.314 0.0000000000
68745  -47.860  -9.629  22.215 0.0000000000
69709  -48.856  -8.767  22.054 0.0000000000
68755  -48.294  -9.290  21.721 0.0000000000
68765  -49.028  -9.179  20.268 0.0000000000
69710  -49.447  -8.415  21.567 0.0000000000
70620  -50.012  -7.382  23.979 0.0000000000
70634  -50.123  -7.256  23.097 0.0000000000
71525  -50.641  -6.691  22.709 0.0000000000
71513  -50.528  -6.702  23.579 0.0000000000
118344  -14.745  -48.725  42.963 0.0000000000
32131  -14.643  -48.639  43.745 0.0000000000
127011  -14.336  -49.122  43.418 0.0000000000
46783  -32.077  -33.560  29.408 0.0000000000
45854  -32.444  -34.310  28.897 0.0000000000
46796  -32.193  -33.501  28.468 0.0000000000
123798  -38.276  -21.616  24.025 0.0000000000
57216  -38.606  -21.737  23.166 0.0000000000
58160  -39.610  -21.382  23.267 0.0000000000
58159  -39.076  -21.321  23.994 0.0000000000
53579  -37.185  -25.988  27.826 0.0000000000
54514  -36.758  -26.009  27.278 0.0000000000
54517  -38.937  -25.025  28.095 0.0000000000
55417  -37.810  -24.956  27.398 0.0000000000
55418  -38.460  -24.685  27.777 0.0000000000
55434  -37.936  -24.179  27.369 0.0000000000
122875  -40.337  -23.434  30.068 0.0000000000
110126  -40.226  -24.057  29.810 0.0000000000
56298  -40.006  -23.211  29.593 0.0000000000
57166  -39.466  -22.470  28.567 0.0000000000
57177  -38.970  -22.271  27.961 0.0000000000
57176  -38.638  -22.258  27.236 0.0000000000
58110  -39.301  -21.442  27.262 0.0000000000
106983  -40.769  -20.853  27.103 0.0000000000
58127  -40.170  -20.909  26.624 0.0000000000
58138  -40.610  -20.822  25.699 0.0000000000
106976  -41.561  -20.986  25.345 0.0000000000
121319  -43.801  -20.767  28.337 0.0000000000
106981  -43.283  -20.913  27.129 0.0000000000
106980  -43.964  -21.015  27.550 0.0000000000
58129  -44.268  -21.248  26.773 0.0000000000
35291  -16.131  -46.380  42.786 0.0000000000
37065  -15.627  -44.967  42.852 0.0000000000
36180  -15.597  -45.808  43.271 0.0000000000
36179  -15.297  -45.593  43.582 0.0000000000
34228  -15.715  -46.702  43.497 0.0000000000
33194  -15.559  -47.535  43.172 0.0000000000
32152  -15.065  -48.759  41.620 0.0000000000
115215  -15.047  -48.530  42.284 0.0000000000
32124  -14.182  -48.550  44.919 0.0000000000
34201  -14.166  -47.656  45.347 0.0000000000
33185  -14.095  -48.145  45.419 0.0000000000
32119  -13.250  -48.807  46.799 0.0000000000
33180  -13.319  -48.335  46.754 0.0000000000
33179  -12.967  -48.263  47.137 0.0000000000
117923  -11.803  -51.421  46.794 0.0000000000
31054  -12.083  -50.597  46.930 0.0000000000
31051  -11.664  -50.442  47.414 0.0000000000
32111  -11.057  -49.755  47.838 0.0000000000
32113  -11.438  -49.543  47.701 0.0000000000
33175  -11.507  -49.094  47.732 0.0000000000
34192  -11.425  -48.397  47.809 0.0000000000
34187  -11.058  -48.795  47.886 0.0000000000
34191  -11.048  -47.883  47.925 0.0000000000
34186  -10.813  -48.314  47.879 0.0000000000
33169  -9.815  -48.904  47.606 0.0000000000
34185  -10.329  -48.290  47.735 0.0000000000
33174  -9.972  -48.257  47.617 0.0000000000
110589  -9.915  -47.842  47.516 0.0000000000
30063  -9.656  -51.201  47.702 0.0000000000
35247  -13.686  -47.141  45.803 0.0000000000
127370  -37.821  -38.136  31.664 0.0000000000
40851  -27.087  -40.196  33.176 0.0000000000
127697  -27.575  -40.548  33.566 0.0000000000
40852  -27.982  -40.348  33.227 0.0000000000
40875  -28.658  -39.976  32.748 0.0000000000
40901  -35.571  -40.159  31.508 0.0000000000
40925  -35.931  -39.814  30.394 0.0000000000
38063  -29.874  -42.531  37.332 0.0000000000
39880  -27.851  -41.400  35.336 0.0000000000
39900  -27.499  -41.122  34.582 0.0000000000
63538  -43.311  -15.763  22.034 0.0000000000
111946  -34.107  -35.741  28.960 0.0000000000
51862  -33.696  -28.312  26.291 0.0000000000
51872  -33.861  -28.029  25.595 0.0000000000
53590  -36.063  -25.782  26.295 0.0000000000
37142  -18.037  -44.483  37.611 0.0000000000
37124  -17.924  -44.534  38.412 0.0000000000
120877  -17.807  -44.659  39.090 0.0000000000
37108  -17.687  -44.426  39.685 0.0000000000
36247  -17.474  -45.552  39.213 0.0000000000
40831  -37.985  -39.643  36.174 0.0000000000
38967  -32.170  -42.201  36.669 0.0000000000
38968  -33.087  -42.281  36.679 0.0000000000
38970  -35.783  -42.040  36.738 0.0000000000
38992  -36.364  -41.454  36.332 0.0000000000
39910  -36.719  -40.501  34.798 0.0000000000
58140  -43.648  -21.420  25.419 0.0000000000
58154  -43.555  -21.413  24.675 0.0000000000
58155  -44.376  -21.239  25.082 0.0000000000
59078  -44.700  -20.842  24.748 0.0000000000
60914  -47.584  -18.892  25.558 0.0000000000
111317  -46.754  -19.028  25.240 0.0000000000
60924  -46.908  -18.289  25.363 0.0000000000
117176  -46.078  -18.203  25.123 0.0000000000
61767  -45.553  -17.542  24.638 0.0000000000
62685  -44.912  -16.931  24.257 0.0000000000
62686  -45.750  -16.662  24.481 0.0000000000
63526  -45.868  -15.763  24.241 0.0000000000
114184  -46.323  -15.159  24.348 0.0000000000
63527  -46.510  -15.660  24.590 0.0000000000
63521  -47.553  -15.530  25.441 0.0000000000
63522  -48.169  -15.179  25.935 0.0000000000
48801  -32.765  -32.147  33.102 0.0000000000
48812  -33.007  -31.501  32.429 0.0000000000
49834  -33.677  -30.605  32.034 0.0000000000
50800  -35.572  -29.520  32.271 0.0000000000
50816  -35.359  -29.196  31.565 0.0000000000
50829  -35.135  -28.840  30.854 0.0000000000
51812  -35.640  -28.292  30.330 0.0000000000
52698  -36.227  -27.641  29.773 0.0000000000
115068  -37.742  -27.507  30.666 0.0000000000
52669  -38.837  -27.561  31.463 0.0000000000
38932  -23.645  -42.159  38.431 0.0000000000
37152  -18.714  -43.689  35.970 0.0000000000
70648  -51.113  -7.003  21.101 0.0000000000
71540  -51.801  -6.589  20.753 0.0000000000
35224  -10.514  -46.268  47.857 0.0000000000
112017  -37.670  -37.496  28.946 0.0000000000
44249  -36.041  -36.692  29.624 0.0000000000
43446  -37.563  -38.078  34.658 0.0000000000
43455  -37.672  -38.024  33.722 0.0000000000
43438  -37.113  -37.643  34.707 0.0000000000
44193  -36.678  -37.406  34.662 0.0000000000
44179  -34.919  -36.680  36.105 0.0000000000
44178  -34.143  -36.344  36.783 0.0000000000
44920  -34.151  -36.287  35.779 0.0000000000
44944  -33.960  -36.133  34.563 0.0000000000
44952  -34.105  -36.172  33.860 0.0000000000
44943  -33.359  -35.628  34.344 0.0000000000
45790  -32.397  -34.393  34.526 0.0000000000
45779  -32.543  -34.518  35.335 0.0000000000
46720  -32.642  -33.793  35.710 0.0000000000
47718  -34.540  -32.463  38.341 0.0000000000
41786  -26.978  -39.546  30.359 0.0000000000
40856  -31.050  -40.761  33.380 0.0000000000
40878  -31.404  -40.509  32.664 0.0000000000
40897  -31.381  -39.793  31.186 0.0000000000
41848  -33.383  -39.594  28.649 0.0000000000
38942  -25.260  -42.629  37.146 0.0000000000
39898  -25.464  -41.045  34.430 0.0000000000
39877  -24.659  -41.459  34.991 0.0000000000
126703  -24.657  -40.904  34.270 0.0000000000
39943  -22.916  -41.074  32.795 0.0000000000
39955  -23.340  -41.390  31.282 0.0000000000
66085  -46.724  -12.855  24.418 0.0000000000
66090  -46.296  -12.662  23.594 0.0000000000
68718  -48.583  -9.810  25.094 0.0000000000
68738  -48.458  -9.275  23.353 0.0000000000
69701  -48.845  -8.685  22.867 0.0000000000
69695  -49.336  -8.195  23.120 0.0000000000
110263  -14.011  -49.828  42.119 0.0000000000
47852  -32.147  -32.354  27.155 0.0000000000
56357  -37.089  -22.792  23.257 0.0000000000
53570  -38.349  -26.056  28.645 0.0000000000
53580  -37.908  -25.737  28.045 0.0000000000
54499  -38.651  -25.501  28.273 0.0000000000
54500  -39.198  -25.286  28.503 0.0000000000
57156  -41.165  -22.062  30.783 0.0000000000
57160  -40.398  -22.155  29.527 0.0000000000
58101  -40.141  -21.733  28.784 0.0000000000
106982  -41.709  -20.694  27.033 0.0000000000
106986  -43.002  -20.642  28.065 0.0000000000
37092  -16.958  -44.502  41.630 0.0000000000
37085  -16.556  -44.373  42.063 0.0000000000
117238  -16.548  -44.824  42.151 0.0000000000
36189  -16.439  -45.034  42.320 0.0000000000
35280  -16.321  -45.612  42.532 0.0000000000
34236  -16.071  -46.962  42.641 0.0000000000
33198  -15.763  -47.441  42.337 0.0000000000
33204  -15.422  -48.292  41.158 0.0000000000
31062  -13.142  -49.946  45.008 0.0000000000
32122  -13.752  -48.764  45.650 0.0000000000
31058  -13.297  -49.453  45.923 0.0000000000
31055  -12.651  -49.910  46.685 0.0000000000
30070  -11.209  -51.401  47.548 0.0000000000
109117  -11.200  -50.761  47.598 0.0000000000
30062  -11.253  -50.492  47.897 0.0000000000
125063  -10.812  -50.098  48.057 0.0000000000
32110  -10.861  -50.016  48.399 0.0000000000
111559  -10.779  -49.836  47.825 0.0000000000
32109  -10.357  -50.084  47.978 0.0000000000
32108  -10.061  -49.831  47.757 0.0000000000
31041  -9.929  -50.154  47.705 0.0000000000
38048  -34.399  -43.056  37.809 0.0000000000
38946  -36.938  -41.642  37.443 0.0000000000
58114  -46.383  -21.126  27.490 0.0000000000
58130  -46.515  -20.917  26.567 0.0000000000
58131  -47.264  -20.613  26.549 0.0000000000
59065  -47.702  -20.109  26.226 0.0000000000
128520  -48.311  -18.263  26.428 0.0000000000
61755  -48.459  -17.656  26.685 0.0000000000
62676  -48.362  -16.841  26.541 0.0000000000
48788  -35.170  -30.907  34.906 0.0000000000
49807  -35.647  -30.472  34.408 0.0000000000
49821  -36.064  -30.008  33.912 0.0000000000
50782  -36.521  -29.469  33.460 0.0000000000
119972  -38.511  -28.217  32.743 0.0000000000
38998  -21.576  -41.674  34.754 0.0000000000
39004  -20.522  -42.687  33.592 0.0000000000
36149  -11.079  -45.076  47.502 0.0000000000
42686  -37.723  -38.123  29.269 0.0000000000
42687  -37.931  -38.138  30.057 0.0000000000
45758  -32.879  -34.255  36.966 0.0000000000
40892  -26.687  -39.560  31.184 0.0000000000
40873  -26.887  -39.794  32.227 0.0000000000
41787  -27.510  -39.415  30.763 0.0000000000
128181  -27.912  -39.299  30.428 0.0000000000
40899  -33.741  -40.268  31.657 0.0000000000
40912  -33.764  -40.030  30.174 0.0000000000
40913  -34.622  -40.023  30.487 0.0000000000
40922  -33.832  -39.855  29.360 0.0000000000
38059  -26.143  -42.775  37.051 0.0000000000
39879  -26.513  -41.685  35.441 0.0000000000
60936  -42.959  -18.404  22.234 0.0000000000
66974  -46.509  -11.570  20.377 0.0000000000
66920  -49.317  -12.044  26.607 0.0000000000
109821  -49.564  -11.302  26.865 0.0000000000
69675  -50.206  -8.238  25.986 0.0000000000
50868  -32.654  -29.930  27.332 0.0000000000
55405  -40.881  -24.546  31.112 0.0000000000
55404  -40.481  -24.654  30.307 0.0000000000
112306  -40.989  -23.845  31.289 0.0000000000
56296  -40.951  -22.977  31.077 0.0000000000
58086  -41.777  -21.632  31.196 0.0000000000
106330  -41.727  -21.370  30.424 0.0000000000
58087  -42.418  -21.166  30.868 0.0000000000
58088  -43.221  -20.872  30.613 0.0000000000
38928  -18.652  -43.047  38.891 0.0000000000
39842  -18.659  -41.894  39.807 0.0000000000
116616  -17.313  -44.163  41.057 0.0000000000
37101  -17.491  -44.402  40.425 0.0000000000
37093  -17.282  -44.940  41.170 0.0000000000
120763  -16.777  -46.566  40.751 0.0000000000
33214  -15.804  -47.690  39.609 0.0000000000
29161  -10.409  -52.290  47.850 0.0000000000
41778  -37.439  -39.233  32.417 0.0000000000
107427  -37.745  -38.728  34.322 0.0000000000
42643  -37.711  -38.468  35.664 0.0000000000
128865  -38.313  -39.587  37.340 0.0000000000
39882  -29.679  -41.506  35.327 0.0000000000
39904  -31.040  -41.205  34.608 0.0000000000
110714  -32.243  -41.176  33.873 0.0000000000
126413  -32.740  -41.209  33.857 0.0000000000
38969  -34.485  -42.677  37.005 0.0000000000
38989  -34.137  -41.692  35.616 0.0000000000
39945  -34.060  -40.712  33.245 0.0000000000
40859  -35.816  -40.512  33.234 0.0000000000
40881  -35.738  -40.347  32.279 0.0000000000
38045  -30.164  -42.973  37.911 0.0000000000
58161  -41.160  -21.293  23.920 0.0000000000
108773  -41.248  -21.393  23.140 0.0000000000
58162  -41.978  -21.435  23.792 0.0000000000
58164  -43.394  -21.272  23.984 0.0000000000
58143  -46.298  -20.725  25.842 0.0000000000
59079  -45.421  -20.363  24.882 0.0000000000
60033  -45.271  -19.822  24.594 0.0000000000
122335  -45.382  -19.205  24.590 0.0000000000
127924  -44.772  -19.513  24.301 0.0000000000
61780  -43.177  -17.527  22.554 0.0000000000
63531  -43.625  -16.010  22.878 0.0000000000
63539  -43.839  -15.267  22.549 0.0000000000
64434  -44.064  -14.681  22.316 0.0000000000
65259  -44.513  -14.103  22.394 0.0000000000
64423  -46.468  -14.372  24.304 0.0000000000
65257  -46.791  -13.622  24.537 0.0000000000
65252  -48.067  -13.286  25.556 0.0000000000
63517  -48.559  -15.760  26.542 0.0000000000
115958  -48.766  -14.045  26.486 0.0000000000
65243  -49.207  -13.442  26.785 0.0000000000
66070  -49.275  -12.725  26.650 0.0000000000
66062  -49.612  -12.687  27.072 0.0000000000
45831  -32.366  -34.445  30.800 0.0000000000
45839  -32.376  -34.394  29.847 0.0000000000
110020  -31.962  -32.731  29.894 0.0000000000
47824  -32.106  -32.306  30.784 0.0000000000
48843  -32.236  -31.188  29.207 0.0000000000
49884  -32.509  -30.410  28.883 0.0000000000
49845  -34.234  -29.957  31.695 0.0000000000
49844  -33.464  -30.303  31.271 0.0000000000
49859  -33.247  -30.052  30.486 0.0000000000
49885  -32.915  -29.638  29.028 0.0000000000
50848  -33.141  -29.081  28.678 0.0000000000
51840  -33.543  -28.540  28.172 0.0000000000
51853  -34.010  -27.998  27.700 0.0000000000
53568  -36.785  -26.373  28.363 0.0000000000
52699  -37.078  -26.973  29.587 0.0000000000
53556  -37.811  -26.494  29.175 0.0000000000
53558  -39.571  -25.974  29.438 0.0000000000
124862  -40.457  -25.902  30.685 0.0000000000
51798  -38.312  -28.105  31.944 0.0000000000
51778  -39.126  -27.805  32.224 0.0000000000
52670  -39.721  -27.355  31.711 0.0000000000
114508  -40.772  -27.338  32.650 0.0000000000
52648  -40.506  -27.153  32.016 0.0000000000
52671  -40.197  -26.838  31.349 0.0000000000
126476  -40.485  -26.316  31.173 0.0000000000
54460  -40.815  -25.893  31.398 0.0000000000
54476  -40.696  -25.271  30.897 0.0000000000
55392  -41.504  -24.432  33.099 0.0000000000
38074  -20.000  -42.502  35.087 0.0000000000
38939  -20.522  -41.819  36.904 0.0000000000
38057  -18.506  -43.834  36.873 0.0000000000
119929  -18.103  -44.513  36.945 0.0000000000
71534  -52.279  -5.946  21.233 0.0000000000
44996  -35.063  -36.176  29.048 0.0000000000
41793  -37.707  -38.558  31.966 0.0000000000
42663  -37.831  -38.135  32.381 0.0000000000
43464  -37.724  -37.872  32.375 0.0000000000
128327  -37.469  -37.592  32.314 0.0000000000
44192  -36.314  -37.249  35.025 0.0000000000
44200  -35.644  -37.004  34.656 0.0000000000
44201  -36.312  -37.228  34.137 0.0000000000
122870  -36.197  -37.065  33.439 0.0000000000
44215  -35.803  -36.673  32.418 0.0000000000
44223  -35.115  -36.342  31.946 0.0000000000
109558  -34.191  -36.155  33.055 0.0000000000
44963  -34.256  -36.087  32.254 0.0000000000
44974  -33.443  -35.614  31.778 0.0000000000
44982  -32.817  -35.107  31.272 0.0000000000
45822  -32.466  -34.454  31.703 0.0000000000
110650  -32.331  -33.866  32.047 0.0000000000
46761  -32.282  -33.546  32.683 0.0000000000
46752  -32.368  -33.001  33.473 0.0000000000
47801  -32.917  -32.185  33.841 0.0000000000
46705  -33.130  -33.392  37.103 0.0000000000
47753  -33.536  -32.719  36.767 0.0000000000
47734  -34.306  -32.380  37.470 0.0000000000
127090  -33.882  -32.535  37.080 0.0000000000
125534  -33.589  -32.447  36.167 0.0000000000
47770  -34.073  -31.977  35.779 0.0000000000
48769  -34.664  -31.452  35.320 0.0000000000
39926  -29.821  -40.830  34.155 0.0000000000
40854  -29.480  -40.566  33.658 0.0000000000
40876  -29.601  -40.240  32.986 0.0000000000
40877  -30.548  -40.399  32.814 0.0000000000
121419  -30.068  -40.041  32.335 0.0000000000
40895  -29.327  -39.769  32.211 0.0000000000
41789  -29.168  -39.513  31.367 0.0000000000
41801  -29.145  -39.198  30.346 0.0000000000
40898  -32.818  -40.189  31.818 0.0000000000
122339  -31.689  -39.636  30.563 0.0000000000
41826  -32.016  -39.406  29.309 0.0000000000
107049  -31.463  -39.401  29.887 0.0000000000
109543  -30.612  -39.139  29.649 0.0000000000
38933  -24.317  -42.525  38.224 0.0000000000
38979  -24.149  -41.863  35.737 0.0000000000
39875  -22.687  -41.527  35.055 0.0000000000
65266  -45.017  -13.406  22.305 0.0000000000
66965  -46.539  -11.318  21.339 0.0000000000
66940  -48.033  -10.983  24.994 0.0000000000
107099  -47.230  -10.928  22.955 0.0000000000
67895  -47.305  -10.617  20.387 0.0000000000
68763  -47.658  -10.165  20.795 0.0000000000
67896  -47.839  -10.172  20.062 0.0000000000
68764  -48.264  -9.579  20.749 0.0000000000
68771  -48.533  -9.792  19.735 0.0000000000
70646  -49.901  -7.895  21.920 0.0000000000
70647  -50.486  -7.461  21.496 0.0000000000
71514  -51.073  -6.122  23.152 0.0000000000
34218  -15.250  -47.283  44.380 0.0000000000
34209  -14.865  -47.228  44.769 0.0000000000
33190  -15.027  -47.755  44.349 0.0000000000
32126  -14.653  -48.308  44.335 0.0000000000
32125  -14.213  -48.923  44.343 0.0000000000
31080  -13.916  -49.610  43.498 0.0000000000
31070  -13.697  -49.644  44.212 0.0000000000
125260  -36.242  -26.048  26.838 0.0000000000
54515  -37.428  -25.579  27.437 0.0000000000
54533  -37.203  -25.163  26.859 0.0000000000
55453  -36.967  -24.422  26.225 0.0000000000
123234  -39.342  -24.063  28.620 0.0000000000
56301  -39.521  -23.343  28.909 0.0000000000
56311  -39.003  -23.409  28.279 0.0000000000
56310  -38.521  -23.871  27.770 0.0000000000
56321  -38.112  -23.172  27.132 0.0000000000
57190  -37.696  -22.851  26.143 0.0000000000
57201  -38.016  -21.991  25.509 0.0000000000
119064  -39.379  -21.136  26.316 0.0000000000
127213  -39.357  -21.149  24.551 0.0000000000
106975  -42.417  -21.410  25.108 0.0000000000
58139  -42.924  -21.335  25.706 0.0000000000
106977  -42.715  -20.942  26.554 0.0000000000
58094  -43.616  -20.685  29.786 0.0000000000
36172  -14.931  -46.071  44.429 0.0000000000
35271  -15.410  -46.346  44.086 0.0000000000
34210  -15.373  -46.866  44.326 0.0000000000
33191  -15.506  -47.312  43.849 0.0000000000
120750  -15.155  -48.213  43.331 0.0000000000
33205  -15.542  -48.191  40.332 0.0000000000
35248  -14.296  -47.233  45.225 0.0000000000
35236  -13.232  -47.470  46.521 0.0000000000
33184  -13.596  -48.465  46.212 0.0000000000
34198  -13.336  -47.919  46.675 0.0000000000
35235  -12.680  -47.182  46.878 0.0000000000
35230  -12.343  -47.479  47.316 0.0000000000
35229  -11.727  -47.080  47.577 0.0000000000
30076  -12.261  -50.918  46.415 0.0000000000
32118  -12.735  -49.295  47.177 0.0000000000
31049  -12.115  -49.616  47.498 0.0000000000
124287  -12.492  -49.111  47.424 0.0000000000
34193  -11.840  -48.268  47.758 0.0000000000
34195  -11.913  -47.856  47.655 0.0000000000
35225  -11.070  -47.127  47.923 0.0000000000
29160  -10.181  -52.500  47.786 0.0000000000
109961  -9.987  -51.961  47.979 0.0000000000
30064  -9.928  -51.436  47.914 0.0000000000
31046  -9.773  -50.516  47.712 0.0000000000
32112  -9.833  -49.845  47.670 0.0000000000
31043  -10.226  -50.559  47.950 0.0000000000
31048  -11.424  -50.025  47.686 0.0000000000
31056  -13.129  -49.255  46.642 0.0000000000
32107  -9.972  -49.816  47.683 0.0000000000
32114  -12.203  -49.333  47.479 0.0000000000
33172  -11.095  -49.176  47.854 0.0000000000
33178  -12.521  -48.745  47.427 0.0000000000
33181  -13.713  -48.021  46.132 0.0000000000
33187  -14.638  -47.654  44.797 0.0000000000
34219  -15.561  -47.043  43.949 0.0000000000
34237  -16.529  -46.451  42.174 0.0000000000
35279  -15.850  -46.021  43.058 0.0000000000
35330  -17.291  -45.952  38.695 0.0000000000
36222  -17.463  -44.995  40.273 0.0000000000
41799  -26.893  -39.708  29.584 0.0000000000
44932  -34.237  -36.307  35.038 0.0000000000
52634  -41.317  -27.199  33.244 0.0000000000
52715  -37.117  -26.547  28.935 0.0000000000
53549  -40.086  -26.006  30.020 0.0000000000
58115  -47.195  -20.884  27.203 0.0000000000
58126  -38.810  -21.595  26.669 0.0000000000
59070  -45.689  -20.773  25.450 0.0000000000
61769  -47.055  -16.754  25.223 0.0000000000
66069  -48.943  -12.682  26.310 0.0000000000
66077  -47.718  -12.435  25.300 0.0000000000
70633  -49.709  -7.722  23.355 0.0000000000
108405  -16.821  -44.882  41.853 0.0000000000
113492  -10.760  -48.956  47.840 0.0000000000
116986  -10.781  -50.059  48.239 0.0000000000
117365  -36.568  -26.228  27.719 0.0000000000
121442  -43.788  -21.117  26.949 0.0000000000
121722  -46.463  -18.651  25.209 0.0000000000
122254  -41.342  -24.157  32.338 0.0000000000
126063  -39.933  -20.894  25.993 0.0000000000
127838  -11.374  -45.230  47.054 0.0000000000
128274  -33.335  -40.845  33.274 0.0000000000
