#!ascii label  , from subject sub-050 vox2ras=TkReg
742
40905  -19.000  -41.571  53.257 0.0000000000
53024  -43.593  -29.931  44.671 0.0000000000
58584  -45.723  -23.419  39.832 0.0000000000
62119  -50.053  -19.342  33.386 0.0000000000
53021  -37.747  -29.684  45.383 0.0000000000
61222  -47.348  -20.868  36.332 0.0000000000
65408  -49.824  -15.697  27.261 0.0000000000
128319  -54.132  -12.915  24.603 0.0000000000
50273  -45.843  -32.013  41.950 0.0000000000
53099  -47.697  -29.038  39.723 0.0000000000
55792  -45.188  -26.747  42.891 0.0000000000
44617  -20.260  -39.076  55.048 0.0000000000
45641  -24.649  -37.976  52.912 0.0000000000
47418  -27.283  -36.033  50.544 0.0000000000
48322  -31.965  -34.960  51.130 0.0000000000
47453  -34.679  -36.061  47.876 0.0000000000
47509  -38.444  -35.454  43.472 0.0000000000
49331  -42.782  -33.426  42.552 0.0000000000
55822  -49.800  -26.881  37.219 0.0000000000
66229  -54.910  -13.082  23.442 0.0000000000
51159  -44.877  -31.015  43.502 0.0000000000
53075  -45.490  -29.658  43.039 0.0000000000
53954  -44.595  -28.616  43.035 0.0000000000
44641  -20.258  -38.431  53.149 0.0000000000
44627  -21.904  -38.839  54.334 0.0000000000
111758  -34.412  -34.195  46.311 0.0000000000
46640  -36.466  -36.784  44.820 0.0000000000
120241  -36.138  -33.275  43.953 0.0000000000
53012  -41.701  -29.184  45.649 0.0000000000
50245  -41.305  -31.907  44.307 0.0000000000
50232  -43.634  -31.484  44.673 0.0000000000
49337  -44.238  -33.345  41.963 0.0000000000
114939  -47.062  -26.014  40.636 0.0000000000
54879  -48.658  -27.717  38.455 0.0000000000
57733  -47.357  -24.657  38.834 0.0000000000
61252  -48.703  -20.215  35.089 0.0000000000
58630  -49.233  -23.637  35.251 0.0000000000
58647  -50.603  -23.028  33.460 0.0000000000
60412  -52.810  -21.388  32.100 0.0000000000
66169  -53.003  -14.420  28.696 0.0000000000
65383  -52.234  -15.370  29.677 0.0000000000
52040  -36.465  -30.553  44.364 0.0000000000
61288  -47.192  -21.001  32.084 0.0000000000
66200  -52.151  -14.121  25.846 0.0000000000
65410  -53.673  -14.669  26.672 0.0000000000
64709  -54.723  -17.037  22.712 0.0000000000
127062  -46.657  -33.957  38.795 0.0000000000
52089  -46.566  -30.598  41.482 0.0000000000
54865  -46.547  -27.373  42.304 0.0000000000
41906  -20.353  -40.806  55.121 0.0000000000
43740  -26.063  -39.555  52.134 0.0000000000
47400  -25.867  -36.710  52.742 0.0000000000
45671  -26.674  -37.754  51.721 0.0000000000
46599  -28.077  -36.427  50.382 0.0000000000
119959  -30.725  -36.990  50.766 0.0000000000
45690  -32.437  -36.936  49.843 0.0000000000
48335  -34.402  -35.208  50.009 0.0000000000
44707  -36.860  -38.699  46.325 0.0000000000
49322  -38.857  -32.741  43.802 0.0000000000
118685  -40.528  -34.702  43.095 0.0000000000
46663  -42.979  -36.984  43.079 0.0000000000
47538  -44.200  -36.238  41.865 0.0000000000
48424  -45.337  -35.240  40.857 0.0000000000
58621  -47.810  -23.843  36.796 0.0000000000
63832  -50.413  -17.580  30.466 0.0000000000
62132  -51.534  -18.769  32.490 0.0000000000
41916  -19.053  -41.321  54.854 0.0000000000
52029  -44.331  -30.384  44.491 0.0000000000
53026  -44.593  -29.832  44.013 0.0000000000
53948  -44.092  -29.361  43.764 0.0000000000
51118  -34.432  -32.722  44.833 0.0000000000
49313  -34.957  -33.697  44.841 0.0000000000
51135  -35.110  -32.186  44.361 0.0000000000
53023  -41.971  -29.270  45.611 0.0000000000
51142  -42.595  -31.661  45.952 0.0000000000
51125  -43.595  -31.129  45.385 0.0000000000
116148  -44.170  -31.327  44.384 0.0000000000
116382  -47.376  -25.626  39.728 0.0000000000
58586  -46.517  -23.714  39.933 0.0000000000
62108  -49.595  -19.928  33.949 0.0000000000
113297  -49.847  -21.302  34.175 0.0000000000
60405  -50.366  -20.751  33.605 0.0000000000
59499  -51.289  -22.288  32.805 0.0000000000
116847  -51.492  -20.492  32.594 0.0000000000
64669  -53.791  -15.584  27.982 0.0000000000
118825  -53.507  -15.370  29.056 0.0000000000
63857  -53.343  -17.191  28.610 0.0000000000
65426  -50.982  -14.920  24.197 0.0000000000
66211  -52.490  -13.765  25.130 0.0000000000
66190  -53.089  -13.721  26.536 0.0000000000
117751  -53.671  -13.642  25.429 0.0000000000
65417  -53.729  -14.323  25.661 0.0000000000
66212  -54.076  -13.505  24.966 0.0000000000
65443  -54.545  -15.506  22.580 0.0000000000
50280  -46.095  -32.976  40.711 0.0000000000
50281  -46.786  -32.317  40.512 0.0000000000
51176  -46.183  -31.390  41.846 0.0000000000
53963  -45.979  -27.903  43.222 0.0000000000
53970  -46.344  -28.026  42.695 0.0000000000
55794  -46.063  -26.736  43.127 0.0000000000
117443  -46.233  -26.404  42.268 0.0000000000
56780  -45.647  -26.392  42.389 0.0000000000
41907  -21.206  -40.657  54.912 0.0000000000
43711  -21.266  -39.645  55.161 0.0000000000
44628  -22.904  -38.767  54.017 0.0000000000
126859  -26.376  -35.842  50.758 0.0000000000
47401  -26.194  -36.854  52.329 0.0000000000
46567  -26.525  -37.195  52.659 0.0000000000
46574  -26.667  -37.203  51.626 0.0000000000
45672  -27.136  -37.112  50.850 0.0000000000
46584  -27.392  -36.368  50.718 0.0000000000
120746  -31.376  -35.652  51.407 0.0000000000
45675  -32.176  -37.413  51.088 0.0000000000
120744  -32.509  -36.653  51.295 0.0000000000
112613  -34.892  -34.520  48.319 0.0000000000
49280  -34.068  -34.091  49.048 0.0000000000
47442  -35.036  -35.943  48.899 0.0000000000
45693  -34.786  -36.880  49.667 0.0000000000
46612  -34.824  -36.778  48.009 0.0000000000
43786  -35.738  -38.128  47.065 0.0000000000
45719  -35.691  -37.580  46.744 0.0000000000
46648  -37.022  -36.278  43.927 0.0000000000
46641  -37.111  -37.659  45.368 0.0000000000
110346  -38.639  -36.917  44.286 0.0000000000
46649  -39.408  -36.993  44.273 0.0000000000
50226  -38.091  -31.471  44.911 0.0000000000
50227  -38.805  -31.419  44.954 0.0000000000
50256  -41.570  -32.521  43.361 0.0000000000
49329  -40.796  -33.422  42.902 0.0000000000
48404  -41.458  -34.549  42.769 0.0000000000
46662  -41.658  -36.446  43.325 0.0000000000
111139  -42.940  -35.566  42.618 0.0000000000
47526  -43.619  -35.521  42.359 0.0000000000
114925  -44.841  -32.705  41.839 0.0000000000
47528  -44.706  -34.142  41.703 0.0000000000
49343  -45.571  -33.331  41.112 0.0000000000
116016  -45.825  -34.345  40.213 0.0000000000
44626  -19.529  -38.792  54.802 0.0000000000
44615  -18.889  -38.961  55.616 0.0000000000
118872  -18.837  -39.864  56.038 0.0000000000
51206  -47.728  -30.639  39.427 0.0000000000
52145  -48.406  -30.070  38.606 0.0000000000
55815  -49.106  -27.143  37.876 0.0000000000
60365  -46.495  -21.308  37.775 0.0000000000
124660  -46.858  -22.231  37.884 0.0000000000
59476  -47.093  -22.005  36.979 0.0000000000
57785  -50.707  -24.512  34.856 0.0000000000
57772  -50.203  -24.754  35.579 0.0000000000
64643  -52.204  -16.402  30.701 0.0000000000
63845  -50.983  -16.817  30.033 0.0000000000
63834  -51.755  -16.914  31.112 0.0000000000
63808  -51.531  -17.735  31.959 0.0000000000
62976  -52.653  -17.947  31.622 0.0000000000
61290  -53.086  -19.243  31.504 0.0000000000
109534  -53.814  -12.742  23.303 0.0000000000
67008  -54.743  -12.933  23.879 0.0000000000
67015  -54.661  -12.448  22.968 0.0000000000
128972  -54.859  -12.154  22.297 0.0000000000
51167  -45.321  -31.283  42.908 0.0000000000
51168  -45.745  -31.309  42.391 0.0000000000
52069  -45.244  -30.429  43.326 0.0000000000
111020  -45.047  -28.982  43.298 0.0000000000
54853  -44.903  -27.399  43.061 0.0000000000
45636  -20.236  -38.597  54.497 0.0000000000
44618  -21.277  -38.751  54.814 0.0000000000
118252  -23.377  -38.431  53.063 0.0000000000
47473  -34.735  -35.378  46.913 0.0000000000
108299  -35.165  -36.143  46.359 0.0000000000
47472  -34.912  -35.151  46.009 0.0000000000
47498  -35.972  -35.649  44.367 0.0000000000
48401  -37.573  -34.869  43.432 0.0000000000
53010  -39.791  -30.235  45.252 0.0000000000
50228  -40.126  -31.398  45.217 0.0000000000
51141  -41.608  -31.677  46.109 0.0000000000
50230  -42.020  -31.587  45.264 0.0000000000
50258  -43.250  -32.469  43.130 0.0000000000
120537  -43.342  -33.352  42.397 0.0000000000
120235  -43.726  -31.990  43.376 0.0000000000
50260  -44.826  -31.639  43.122 0.0000000000
122235  -18.696  -38.870  53.012 0.0000000000
121749  -47.520  -27.682  40.191 0.0000000000
53981  -47.999  -28.548  39.365 0.0000000000
115961  -47.615  -27.217  39.830 0.0000000000
55814  -48.306  -26.902  38.398 0.0000000000
56825  -48.771  -25.721  37.373 0.0000000000
61237  -48.027  -20.458  35.605 0.0000000000
59482  -48.049  -22.094  35.794 0.0000000000
60389  -48.719  -21.357  35.261 0.0000000000
58638  -50.226  -23.549  34.242 0.0000000000
65401  -51.599  -14.614  27.831 0.0000000000
65400  -50.359  -15.638  27.855 0.0000000000
65392  -52.538  -14.788  29.178 0.0000000000
65377  -53.060  -15.785  29.987 0.0000000000
53055  -42.235  -30.110  43.785 0.0000000000
53054  -41.090  -30.111  43.889 0.0000000000
59450  -45.659  -22.490  39.104 0.0000000000
62093  -46.569  -20.274  35.782 0.0000000000
61251  -47.549  -19.957  34.822 0.0000000000
106340  -48.295  -19.893  34.298 0.0000000000
62129  -49.117  -19.453  33.196 0.0000000000
66188  -51.316  -14.622  26.209 0.0000000000
110936  -52.848  -13.829  27.251 0.0000000000
65403  -53.687  -14.883  27.454 0.0000000000
64677  -53.749  -15.589  27.084 0.0000000000
66221  -54.466  -13.527  24.183 0.0000000000
64708  -53.985  -16.030  23.212 0.0000000000
112917  -47.361  -33.159  38.145 0.0000000000
51190  -47.288  -31.552  40.040 0.0000000000
119166  -47.461  -29.754  40.148 0.0000000000
119629  -46.456  -29.737  41.866 0.0000000000
53089  -46.876  -28.874  41.466 0.0000000000
53975  -47.230  -28.027  40.930 0.0000000000
54866  -46.876  -27.352  41.419 0.0000000000
56790  -46.513  -25.998  41.283 0.0000000000
53074  -44.306  -29.131  42.426 0.0000000000
53969  -44.551  -28.375  41.920 0.0000000000
120374  -44.934  -27.075  40.840 0.0000000000
40890  -19.513  -41.493  54.097 0.0000000000
40891  -20.554  -41.458  54.072 0.0000000000
40930  -26.706  -40.763  50.737 0.0000000000
45661  -23.316  -37.613  52.062 0.0000000000
46563  -24.785  -37.150  52.663 0.0000000000
46557  -25.349  -37.447  53.387 0.0000000000
43747  -26.438  -39.145  52.048 0.0000000000
107319  -29.060  -36.951  49.693 0.0000000000
45688  -30.170  -36.721  49.630 0.0000000000
125238  -31.337  -35.070  49.386 0.0000000000
49270  -32.997  -34.908  49.345 0.0000000000
48323  -32.795  -35.055  50.989 0.0000000000
46589  -33.657  -36.346  50.118 0.0000000000
44671  -33.762  -37.990  49.658 0.0000000000
45730  -36.636  -38.013  45.901 0.0000000000
50240  -36.562  -32.484  44.161 0.0000000000
49326  -37.528  -33.850  43.537 0.0000000000
48402  -38.378  -34.386  43.388 0.0000000000
50254  -39.620  -32.282  43.901 0.0000000000
48403  -39.183  -33.781  43.344 0.0000000000
47510  -39.425  -35.576  43.545 0.0000000000
46661  -40.703  -36.428  43.615 0.0000000000
46652  -42.176  -36.848  43.262 0.0000000000
46684  -44.403  -36.287  41.386 0.0000000000
48412  -44.202  -34.792  42.069 0.0000000000
47539  -44.786  -35.652  41.309 0.0000000000
46719  -45.307  -35.939  40.143 0.0000000000
47579  -45.826  -35.280  39.481 0.0000000000
41905  -19.494  -40.939  55.476 0.0000000000
59452  -46.331  -22.622  39.088 0.0000000000
57746  -47.476  -23.933  37.885 0.0000000000
56838  -49.540  -25.545  36.760 0.0000000000
58629  -48.366  -23.170  35.702 0.0000000000
57762  -50.119  -25.366  36.295 0.0000000000
55833  -50.401  -26.255  36.600 0.0000000000
62141  -48.516  -19.588  31.719 0.0000000000
62130  -49.852  -19.033  33.091 0.0000000000
64659  -50.041  -16.195  28.159 0.0000000000
63855  -49.762  -17.046  28.497 0.0000000000
62987  -49.837  -18.244  30.895 0.0000000000
62962  -50.339  -18.556  32.531 0.0000000000
62131  -50.602  -18.777  32.903 0.0000000000
112094  -52.353  -20.356  32.214 0.0000000000
127869  -18.226  -41.778  53.222 0.0000000000
53025  -44.152  -30.038  44.609 0.0000000000
53042  -44.198  -29.602  44.293 0.0000000000
51134  -34.177  -32.313  44.698 0.0000000000
116856  -34.643  -33.193  44.899 0.0000000000
117163  -34.934  -31.917  44.339 0.0000000000
109942  -42.690  -30.067  45.000 0.0000000000
52015  -43.511  -30.712  45.489 0.0000000000
53014  -43.738  -30.519  44.931 0.0000000000
126054  -44.103  -30.756  44.725 0.0000000000
58570  -45.838  -23.819  40.205 0.0000000000
57705  -46.437  -24.410  40.411 0.0000000000
58585  -46.052  -23.032  40.071 0.0000000000
61254  -49.749  -20.493  34.170 0.0000000000
61266  -50.207  -19.955  33.543 0.0000000000
60406  -50.962  -21.128  32.855 0.0000000000
61267  -50.846  -20.178  32.964 0.0000000000
63866  -53.193  -17.100  27.765 0.0000000000
63867  -53.663  -16.444  28.293 0.0000000000
110903  -52.891  -13.382  24.497 0.0000000000
66998  -53.514  -13.246  25.073 0.0000000000
66990  -53.394  -13.634  25.684 0.0000000000
66999  -53.884  -13.276  24.984 0.0000000000
66213  -54.359  -13.038  24.429 0.0000000000
128079  -45.796  -32.599  41.371 0.0000000000
50274  -46.236  -32.146  41.322 0.0000000000
55787  -45.466  -26.896  43.292 0.0000000000
54855  -45.982  -27.234  43.478 0.0000000000
55793  -45.727  -26.641  43.102 0.0000000000
55798  -45.145  -26.607  42.031 0.0000000000
43710  -20.317  -39.678  55.311 0.0000000000
44610  -20.792  -39.141  55.101 0.0000000000
45640  -23.414  -38.511  52.904 0.0000000000
44629  -23.632  -38.756  53.062 0.0000000000
48312  -26.430  -36.161  51.127 0.0000000000
47408  -26.407  -36.526  51.267 0.0000000000
119529  -26.407  -36.905  51.756 0.0000000000
46575  -27.154  -36.413  50.736 0.0000000000
128207  -31.228  -34.869  51.118 0.0000000000
121478  -32.048  -36.178  51.514 0.0000000000
47422  -32.307  -35.673  51.366 0.0000000000
48354  -34.706  -35.314  47.988 0.0000000000
47452  -35.011  -35.335  48.532 0.0000000000
47443  -34.764  -36.160  48.332 0.0000000000
45711  -35.268  -37.336  47.633 0.0000000000
46619  -35.118  -36.772  47.396 0.0000000000
46658  -38.036  -36.383  43.731 0.0000000000
111272  -37.700  -37.166  44.556 0.0000000000
46659  -39.016  -36.289  43.852 0.0000000000
51138  -38.419  -31.215  45.719 0.0000000000
51120  -38.773  -31.019  45.996 0.0000000000
49330  -41.905  -33.440  42.645 0.0000000000
48405  -42.384  -34.514  42.479 0.0000000000
48406  -43.165  -34.426  42.322 0.0000000000
49339  -45.386  -32.622  41.624 0.0000000000
114315  -45.769  -33.760  40.588 0.0000000000
44625  -18.726  -38.901  54.977 0.0000000000
44616  -19.617  -39.074  55.315 0.0000000000
43709  -19.511  -39.730  55.769 0.0000000000
52128  -47.950  -29.738  39.383 0.0000000000
54883  -49.756  -27.665  37.132 0.0000000000
119870  -50.118  -26.953  36.817 0.0000000000
61211  -46.662  -20.891  37.077 0.0000000000
60376  -46.885  -21.433  37.031 0.0000000000
63835  -52.653  -16.726  30.958 0.0000000000
64632  -52.224  -16.866  31.192 0.0000000000
63821  -51.937  -17.254  31.548 0.0000000000
53949  -44.573  -29.235  43.416 0.0000000000
53955  -45.062  -28.203  43.184 0.0000000000
45649  -20.568  -38.486  53.935 0.0000000000
119358  -23.001  -38.252  52.809 0.0000000000
49299  -34.322  -34.279  47.161 0.0000000000
108438  -34.809  -34.627  47.763 0.0000000000
48366  -34.638  -34.866  46.906 0.0000000000
48378  -34.641  -34.153  45.927 0.0000000000
49319  -35.538  -33.971  44.206 0.0000000000
48394  -35.483  -34.801  44.431 0.0000000000
48395  -36.021  -34.702  43.839 0.0000000000
47507  -36.756  -35.316  43.660 0.0000000000
48400  -36.829  -34.513  43.590 0.0000000000
53011  -40.927  -29.887  45.739 0.0000000000
51122  -41.007  -30.987  46.125 0.0000000000
51143  -43.352  -31.371  45.403 0.0000000000
50231  -42.841  -31.706  44.868 0.0000000000
125131  -42.922  -31.938  43.854 0.0000000000
50247  -43.434  -31.758  44.043 0.0000000000
51152  -44.542  -30.990  43.997 0.0000000000
51151  -44.433  -31.407  43.705 0.0000000000
50266  -45.085  -31.970  42.604 0.0000000000
44648  -19.428  -38.656  53.038 0.0000000000
44640  -19.808  -38.554  53.929 0.0000000000
54869  -47.326  -27.222  40.649 0.0000000000
55809  -47.382  -26.563  40.255 0.0000000000
55813  -47.640  -26.652  39.205 0.0000000000
56812  -47.819  -25.962  38.279 0.0000000000
109662  -48.618  -20.760  35.331 0.0000000000
59498  -50.426  -21.823  33.414 0.0000000000
59490  -49.857  -22.438  33.985 0.0000000000
58639  -51.092  -24.092  34.049 0.0000000000
58648  -51.590  -23.491  33.312 0.0000000000
65402  -52.231  -14.472  28.395 0.0000000000
64645  -53.327  -16.414  30.147 0.0000000000
53071  -41.568  -30.273  43.111 0.0000000000
107978  -46.858  -20.122  35.209 0.0000000000
61275  -47.369  -20.582  33.138 0.0000000000
62117  -48.873  -19.725  33.810 0.0000000000
62128  -48.271  -19.906  33.405 0.0000000000
66199  -51.347  -14.590  25.116 0.0000000000
65416  -50.390  -15.099  25.646 0.0000000000
66177  -51.433  -14.599  27.151 0.0000000000
66189  -52.381  -13.954  26.735 0.0000000000
66202  -53.435  -13.977  26.131 0.0000000000
66191  -53.327  -14.081  27.110 0.0000000000
63883  -53.469  -16.437  26.511 0.0000000000
64684  -53.633  -15.551  26.105 0.0000000000
64694  -53.565  -15.625  24.955 0.0000000000
67016  -54.812  -12.793  23.357 0.0000000000
49363  -46.931  -33.819  38.218 0.0000000000
49357  -46.896  -33.362  39.116 0.0000000000
51177  -46.705  -31.460  41.030 0.0000000000
50286  -47.256  -32.454  39.586 0.0000000000
119248  -47.136  -30.617  40.573 0.0000000000
52070  -45.611  -30.521  42.741 0.0000000000
52088  -46.059  -30.585  42.191 0.0000000000
115156  -45.911  -29.704  42.469 0.0000000000
53088  -46.401  -28.862  42.253 0.0000000000
53971  -46.716  -28.078  41.871 0.0000000000
56788  -45.906  -25.894  41.722 0.0000000000
56789  -46.093  -25.846  41.669 0.0000000000
41917  -20.100  -41.224  54.826 0.0000000000
41919  -22.138  -40.963  54.626 0.0000000000
44619  -22.531  -39.155  54.677 0.0000000000
41929  -25.561  -40.828  52.057 0.0000000000
41930  -25.969  -40.746  51.671 0.0000000000
121825  -26.602  -41.045  50.934 0.0000000000
41931  -26.434  -40.544  51.296 0.0000000000
45670  -23.650  -37.096  51.403 0.0000000000
45652  -23.984  -37.874  52.511 0.0000000000
46565  -25.623  -36.855  53.184 0.0000000000
46558  -25.914  -37.233  53.677 0.0000000000
45643  -26.499  -37.470  53.329 0.0000000000
45662  -26.686  -37.425  52.492 0.0000000000
45654  -26.885  -37.851  52.988 0.0000000000
128859  -26.588  -38.872  51.953 0.0000000000
43755  -26.645  -39.388  51.434 0.0000000000
114540  -26.777  -38.966  50.893 0.0000000000
43763  -26.678  -39.643  50.476 0.0000000000
125668  -27.160  -37.432  50.436 0.0000000000
45686  -27.939  -37.052  50.115 0.0000000000
111207  -27.991  -37.241  49.676 0.0000000000
45687  -29.091  -36.512  50.231 0.0000000000
46586  -30.938  -36.668  51.185 0.0000000000
45673  -30.241  -36.437  50.657 0.0000000000
121798  -29.958  -36.486  50.105 0.0000000000
115399  -31.012  -36.721  49.759 0.0000000000
45689  -31.845  -36.927  49.698 0.0000000000
128251  -32.476  -37.295  49.232 0.0000000000
43772  -32.971  -37.826  48.838 0.0000000000
44670  -33.031  -37.538  49.388 0.0000000000
48344  -34.457  -34.440  49.477 0.0000000000
49279  -33.667  -34.488  48.752 0.0000000000
123931  -33.838  -34.775  50.112 0.0000000000
48334  -32.950  -35.033  49.894 0.0000000000
47432  -33.307  -35.213  50.436 0.0000000000
47424  -33.490  -35.775  50.386 0.0000000000
47433  -34.130  -35.923  49.984 0.0000000000
119014  -35.273  -37.097  49.192 0.0000000000
128519  -34.935  -37.555  49.672 0.0000000000
44672  -34.702  -38.295  49.592 0.0000000000
43773  -34.355  -39.104  49.367 0.0000000000
44706  -35.736  -37.886  46.977 0.0000000000
43799  -36.865  -38.902  46.396 0.0000000000
46632  -36.044  -37.196  45.740 0.0000000000
46626  -35.503  -36.956  46.601 0.0000000000
114253  -35.978  -31.477  44.452 0.0000000000
51136  -37.083  -31.200  44.775 0.0000000000
50242  -38.458  -31.986  44.245 0.0000000000
50241  -37.609  -32.197  44.194 0.0000000000
49321  -37.996  -32.856  43.734 0.0000000000
49327  -38.398  -33.538  43.504 0.0000000000
50244  -40.358  -31.789  44.431 0.0000000000
120801  -39.674  -31.685  44.553 0.0000000000
49328  -39.913  -33.100  43.388 0.0000000000
109959  -39.993  -33.940  43.151 0.0000000000
119039  -39.739  -34.781  43.310 0.0000000000
47511  -40.238  -35.634  43.452 0.0000000000
110312  -42.772  -36.518  42.999 0.0000000000
46670  -44.051  -36.855  42.285 0.0000000000
49332  -43.810  -32.633  42.538 0.0000000000
48411  -43.744  -34.021  42.164 0.0000000000
48416  -45.066  -34.807  41.348 0.0000000000
46704  -45.143  -35.839  40.779 0.0000000000
47557  -45.577  -35.458  40.204 0.0000000000
47578  -45.535  -35.538  39.500 0.0000000000
49356  -46.325  -34.267  39.371 0.0000000000
48456  -46.172  -34.940  38.980 0.0000000000
48457  -46.519  -34.416  38.461 0.0000000000
41897  -19.618  -40.524  55.502 0.0000000000
42786  -19.048  -40.233  55.933 0.0000000000
53985  -48.528  -28.487  38.763 0.0000000000
53104  -48.850  -29.207  38.340 0.0000000000
53986  -49.180  -28.452  38.135 0.0000000000
60337  -46.057  -21.938  38.769 0.0000000000
111795  -47.283  -22.831  37.436 0.0000000000
57747  -48.286  -24.901  37.048 0.0000000000
59483  -48.685  -22.335  35.213 0.0000000000
56839  -50.349  -25.872  36.603 0.0000000000
56840  -50.691  -25.861  36.350 0.0000000000
62142  -49.357  -18.932  32.440 0.0000000000
64660  -51.012  -15.722  28.591 0.0000000000
63844  -50.186  -17.391  29.420 0.0000000000
63843  -49.421  -17.955  28.862 0.0000000000
62999  -49.703  -18.206  29.810 0.0000000000
62964  -51.925  -18.069  32.140 0.0000000000
62974  -50.823  -17.985  32.037 0.0000000000
62963  -51.122  -18.242  32.451 0.0000000000
61276  -51.559  -19.676  32.557 0.0000000000
119587  -52.369  -19.375  32.091 0.0000000000
52041  -44.534  -30.448  44.243 0.0000000000
52052  -44.796  -30.363  43.804 0.0000000000
50219  -34.248  -33.562  45.854 0.0000000000
50239  -35.492  -33.029  44.270 0.0000000000
115306  -42.043  -29.491  45.551 0.0000000000
52013  -41.798  -29.906  46.254 0.0000000000
52014  -42.743  -30.277  46.019 0.0000000000
51124  -43.153  -31.099  45.966 0.0000000000
51144  -43.794  -31.174  44.914 0.0000000000
51145  -44.257  -30.887  44.580 0.0000000000
56798  -46.793  -25.266  40.568 0.0000000000
57718  -47.002  -24.502  39.953 0.0000000000
115681  -47.048  -24.049  39.367 0.0000000000
61253  -49.174  -20.349  34.665 0.0000000000
60396  -49.255  -20.932  34.783 0.0000000000
60411  -51.836  -21.270  32.474 0.0000000000
66180  -53.478  -14.660  28.115 0.0000000000
127927  -53.400  -14.877  28.737 0.0000000000
65393  -53.619  -15.280  28.527 0.0000000000
64661  -53.717  -15.897  28.741 0.0000000000
66201  -52.981  -13.574  25.920 0.0000000000
65427  -54.077  -14.267  24.844 0.0000000000
118625  -54.785  -13.866  22.580 0.0000000000
63908  -54.888  -17.967  22.764 0.0000000000
49350  -46.203  -33.630  40.017 0.0000000000
49351  -46.683  -32.984  40.028 0.0000000000
53076  -45.851  -28.785  42.791 0.0000000000
54860  -46.256  -27.283  43.069 0.0000000000
55799  -46.362  -26.844  42.641 0.0000000000
56781  -45.974  -26.282  42.522 0.0000000000
56787  -45.605  -26.058  41.443 0.0000000000
41898  -20.366  -40.441  55.164 0.0000000000
42788  -20.926  -40.195  55.077 0.0000000000
42795  -21.936  -40.550  55.028 0.0000000000
43732  -25.839  -39.422  52.616 0.0000000000
46566  -26.205  -36.874  53.125 0.0000000000
45685  -26.844  -38.077  50.905 0.0000000000
46583  -26.867  -37.029  51.774 0.0000000000
45674  -31.436  -37.351  51.025 0.0000000000
46587  -31.780  -36.751  51.401 0.0000000000
45676  -32.790  -37.216  50.752 0.0000000000
49289  -34.210  -34.238  48.385 0.0000000000
49288  -33.971  -34.228  48.317 0.0000000000
49281  -34.620  -34.402  48.743 0.0000000000
48345  -35.147  -34.502  49.040 0.0000000000
48336  -35.042  -35.177  49.409 0.0000000000
47434  -34.614  -35.845  49.557 0.0000000000
45702  -35.249  -37.283  48.437 0.0000000000
45756  -39.548  -37.547  44.489 0.0000000000
46650  -40.208  -36.979  44.014 0.0000000000
128043  -37.523  -30.813  45.415 0.0000000000
51137  -37.666  -30.995  45.607 0.0000000000
50255  -40.572  -32.404  43.610 0.0000000000
47512  -41.110  -35.637  43.206 0.0000000000
47513  -42.072  -35.604  42.892 0.0000000000
47514  -43.373  -36.452  42.699 0.0000000000
47515  -43.712  -36.731  42.573 0.0000000000
47527  -44.036  -35.943  42.124 0.0000000000
49338  -45.192  -33.688  41.431 0.0000000000
48417  -45.510  -34.377  40.911 0.0000000000
48425  -45.634  -34.942  40.452 0.0000000000
54880  -49.401  -27.710  37.716 0.0000000000
61198  -46.172  -21.144  38.139 0.0000000000
59465  -46.518  -22.137  38.509 0.0000000000
59472  -46.671  -21.765  37.825 0.0000000000
59477  -47.712  -22.727  36.438 0.0000000000
58631  -49.943  -23.945  34.882 0.0000000000
64652  -52.047  -15.948  30.167 0.0000000000
64651  -51.557  -15.933  29.613 0.0000000000
64642  -51.661  -16.497  30.491 0.0000000000
63833  -51.174  -17.170  30.902 0.0000000000
63819  -50.603  -17.762  31.377 0.0000000000
63820  -51.319  -17.475  31.524 0.0000000000
62133  -52.465  -18.604  31.882 0.0000000000
67006  -53.699  -12.935  24.233 0.0000000000
67007  -54.450  -12.716  23.869 0.0000000000
67026  -55.030  -12.540  22.672 0.0000000000
50267  -45.421  -31.958  42.287 0.0000000000
115516  -45.091  -29.675  43.500 0.0000000000
53057  -45.433  -28.791  43.148 0.0000000000
53956  -45.574  -27.954  43.247 0.0000000000
54854  -45.559  -27.290  43.378 0.0000000000
45631  -20.244  -38.776  54.769 0.0000000000
45632  -20.793  -38.662  54.814 0.0000000000
45638  -21.245  -38.632  54.477 0.0000000000
108885  -21.892  -38.686  53.917 0.0000000000
45639  -22.629  -38.592  53.717 0.0000000000
45653  -24.427  -37.923  52.777 0.0000000000
48332  -31.398  -35.130  50.172 0.0000000000
49290  -34.334  -34.310  48.085 0.0000000000
48367  -34.688  -35.143  47.708 0.0000000000
47462  -34.778  -35.956  47.248 0.0000000000
47485  -35.513  -36.094  45.389 0.0000000000
48389  -35.024  -34.490  45.013 0.0000000000
47497  -35.227  -35.280  44.976 0.0000000000
47508  -37.550  -35.685  43.546 0.0000000000
53009  -38.452  -30.229  45.373 0.0000000000
52011  -39.154  -30.757  45.737 0.0000000000
51121  -39.794  -31.098  45.724 0.0000000000
124895  -40.850  -31.583  45.837 0.0000000000
50229  -41.073  -31.518  45.330 0.0000000000
51123  -42.157  -31.010  46.359 0.0000000000
50246  -42.272  -32.014  44.199 0.0000000000
50257  -42.501  -32.579  43.239 0.0000000000
50248  -44.008  -31.766  43.791 0.0000000000
50259  -44.204  -31.843  43.180 0.0000000000
50265  -44.538  -32.274  42.516 0.0000000000
44639  -18.876  -38.676  53.970 0.0000000000
53980  -47.574  -28.296  40.031 0.0000000000
54873  -47.924  -27.882  39.358 0.0000000000
54878  -47.917  -27.314  39.001 0.0000000000
55821  -48.996  -26.469  37.657 0.0000000000
60377  -47.496  -21.390  36.349 0.0000000000
60388  -48.129  -21.344  35.792 0.0000000000
125482  -48.350  -21.666  35.526 0.0000000000
59489  -49.256  -21.818  34.667 0.0000000000
58637  -49.447  -22.977  34.624 0.0000000000
106362  -50.794  -15.190  27.535 0.0000000000
65391  -51.302  -15.054  28.211 0.0000000000
65382  -51.836  -15.078  29.022 0.0000000000
66162  -53.122  -14.889  29.224 0.0000000000
65384  -52.785  -15.255  29.645 0.0000000000
65376  -52.488  -15.827  30.103 0.0000000000
64644  -52.840  -16.314  30.493 0.0000000000
53040  -42.564  -30.070  44.663 0.0000000000
53056  -43.311  -29.652  43.903 0.0000000000
53072  -42.408  -30.125  42.969 0.0000000000
53035  -38.311  -29.715  44.267 0.0000000000
53945  -39.539  -29.553  44.428 0.0000000000
53946  -40.412  -29.507  44.734 0.0000000000
53038  -40.604  -29.643  44.580 0.0000000000
53039  -41.503  -30.142  44.862 0.0000000000
59449  -45.471  -23.022  39.312 0.0000000000
124475  -45.793  -22.965  39.531 0.0000000000
59463  -45.502  -21.942  38.726 0.0000000000
60348  -45.071  -21.540  38.242 0.0000000000
61221  -46.174  -20.422  37.108 0.0000000000
62084  -46.688  -20.482  36.448 0.0000000000
61236  -47.255  -20.456  35.917 0.0000000000
62094  -47.453  -20.196  35.384 0.0000000000
62095  -48.270  -19.967  35.024 0.0000000000
61265  -47.462  -20.161  34.041 0.0000000000
62107  -48.977  -19.901  34.410 0.0000000000
62118  -49.462  -19.593  33.624 0.0000000000
65415  -49.676  -15.449  25.959 0.0000000000
65409  -50.347  -15.261  26.648 0.0000000000
66178  -52.286  -14.136  27.610 0.0000000000
66179  -52.907  -14.030  27.948 0.0000000000
63876  -53.611  -16.386  27.440 0.0000000000
65433  -53.904  -15.071  24.020 0.0000000000
65434  -54.399  -14.461  23.295 0.0000000000
50291  -47.577  -32.524  38.596 0.0000000000
51205  -47.780  -31.727  39.045 0.0000000000
119711  -46.940  -29.725  41.056 0.0000000000
53094  -47.319  -28.907  40.603 0.0000000000
55805  -46.954  -26.646  41.019 0.0000000000
55800  -46.563  -26.742  41.834 0.0000000000
53962  -44.589  -28.254  42.805 0.0000000000
119973  -44.662  -27.512  42.576 0.0000000000
54859  -44.755  -26.998  42.496 0.0000000000
118773  -44.884  -26.873  41.713 0.0000000000
58583  -45.528  -23.593  39.684 0.0000000000
40906  -20.006  -41.619  53.331 0.0000000000
42789  -21.762  -40.078  55.166 0.0000000000
118944  -26.416  -39.050  52.712 0.0000000000
43741  -26.172  -39.760  51.831 0.0000000000
43748  -26.576  -39.750  51.282 0.0000000000
116871  -28.519  -35.993  50.587 0.0000000000
46585  -29.126  -36.026  50.656 0.0000000000
44682  -31.396  -37.146  48.859 0.0000000000
49268  -30.674  -35.117  49.667 0.0000000000
111188  -33.526  -34.405  48.324 0.0000000000
49269  -32.097  -35.080  49.379 0.0000000000
48333  -32.320  -35.149  50.067 0.0000000000
47423  -33.032  -35.780  51.105 0.0000000000
46588  -33.255  -36.499  50.727 0.0000000000
45677  -33.156  -36.715  50.052 0.0000000000
46600  -34.337  -36.382  49.780 0.0000000000
45692  -34.043  -37.164  49.911 0.0000000000
45691  -33.161  -37.267  49.954 0.0000000000
43764  -33.559  -38.510  49.332 0.0000000000
45720  -36.718  -38.407  46.160 0.0000000000
126866  -36.921  -37.922  45.684 0.0000000000
45731  -37.743  -38.647  46.074 0.0000000000
44718  -38.150  -38.963  46.472 0.0000000000
50224  -35.964  -31.957  44.279 0.0000000000
50225  -37.232  -31.608  44.637 0.0000000000
116061  -37.046  -33.112  43.912 0.0000000000
125617  -39.356  -31.398  44.937 0.0000000000
50243  -39.074  -31.858  44.393 0.0000000000
128517  -39.357  -32.961  43.586 0.0000000000
124283  -39.081  -34.810  43.381 0.0000000000
46660  -39.870  -36.367  43.806 0.0000000000
46651  -41.071  -36.905  43.715 0.0000000000
122535  -44.487  -35.328  41.735 0.0000000000
47596  -45.829  -35.201  38.776 0.0000000000
48438  -45.901  -34.939  39.820 0.0000000000
53100  -48.331  -29.189  39.046 0.0000000000
114859  -46.168  -23.112  39.697 0.0000000000
58600  -46.607  -23.225  39.343 0.0000000000
116102  -47.107  -23.634  38.868 0.0000000000
58612  -46.875  -22.859  38.486 0.0000000000
56824  -47.817  -25.091  37.773 0.0000000000
56826  -49.852  -26.106  37.029 0.0000000000
114702  -47.646  -21.837  36.264 0.0000000000
58622  -48.239  -23.801  36.166 0.0000000000
57771  -49.107  -24.328  35.837 0.0000000000
57761  -48.832  -24.746  36.418 0.0000000000
62140  -47.979  -20.159  32.453 0.0000000000
112041  -48.643  -19.556  32.667 0.0000000000
64668  -49.506  -16.069  27.540 0.0000000000
64658  -49.228  -16.633  27.731 0.0000000000
64650  -50.634  -16.527  29.016 0.0000000000
63854  -48.922  -17.473  28.080 0.0000000000
62986  -49.194  -18.896  30.236 0.0000000000
62972  -49.213  -18.841  31.348 0.0000000000
62973  -50.024  -18.345  31.865 0.0000000000
62120  -50.774  -19.359  32.998 0.0000000000
61277  -53.063  -19.979  31.695 0.0000000000
111250  -53.042  -20.666  31.776 0.0000000000
59509  -53.407  -21.997  31.573 0.0000000000
40913  -25.926  -41.119  51.592 0.0000000000
40914  -26.315  -41.117  51.288 0.0000000000
40929  -26.450  -41.473  50.799 0.0000000000
40943  -26.726  -41.229  50.440 0.0000000000
41940  -26.851  -40.870  50.277 0.0000000000
42787  -19.932  -40.152  55.505 0.0000000000
42813  -25.942  -40.136  51.788 0.0000000000
42818  -26.676  -40.458  50.924 0.0000000000
44609  -19.858  -39.353  55.505 0.0000000000
44651  -26.692  -38.303  52.403 0.0000000000
44660  -26.699  -38.612  51.648 0.0000000000
46601  -34.915  -36.419  49.261 0.0000000000
49271  -33.726  -34.620  49.364 0.0000000000
49320  -36.436  -33.877  43.731 0.0000000000
51119  -37.956  -30.756  46.115 0.0000000000
51126  -43.823  -31.068  45.008 0.0000000000
51139  -39.352  -31.303  45.455 0.0000000000
51140  -40.263  -31.291  45.546 0.0000000000
52010  -38.192  -30.500  46.087 0.0000000000
52012  -40.190  -30.655  45.681 0.0000000000
52016  -43.806  -30.942  45.079 0.0000000000
52026  -37.055  -30.879  44.793 0.0000000000
52028  -44.018  -30.680  44.802 0.0000000000
53013  -43.053  -30.184  45.290 0.0000000000
53022  -39.233  -29.809  44.843 0.0000000000
53041  -43.512  -29.742  44.451 0.0000000000
53928  -40.440  -29.675  45.112 0.0000000000
53929  -41.161  -29.175  45.413 0.0000000000
53939  -37.929  -29.545  45.119 0.0000000000
53940  -40.485  -29.474  44.909 0.0000000000
53947  -41.170  -29.193  45.402 0.0000000000
55788  -45.820  -26.893  43.425 0.0000000000
58571  -46.091  -23.662  40.197 0.0000000000
58599  -45.155  -23.798  38.800 0.0000000000
59451  -45.997  -22.636  39.335 0.0000000000
61210  -46.278  -20.840  37.628 0.0000000000
61223  -47.992  -20.946  35.878 0.0000000000
62975  -52.148  -17.601  31.768 0.0000000000
66985  -53.236  -13.818  26.311 0.0000000000
117153  -26.150  -39.028  53.139 0.0000000000
117352  -38.502  -29.755  44.669 0.0000000000
124482  -45.999  -20.213  36.396 0.0000000000
128833  -33.802  -35.384  50.241 0.0000000000
