#!ascii label  , from subject sub-007 vox2ras=TkReg
1795
17679  -30.672  -71.551  -46.924 0.1000000015
17703  -30.194  -71.534  -47.721 0.1000000015
15675  -29.210  -72.858  -47.879 0.1000000015
16682  -29.224  -72.333  -48.412 0.1000000015
16697  -28.989  -72.183  -49.117 0.1000000015
121095  -29.368  -71.449  -49.591 0.1000000015
15697  -28.347  -73.217  -50.396 0.1000000015
17776  -28.303  -71.723  -51.458 0.1000000015
17790  -28.589  -71.235  -52.125 0.1000000015
16721  -27.813  -72.359  -51.607 0.1000000015
17789  -27.865  -71.759  -52.244 0.1000000015
130935  -28.221  -71.370  -52.871 0.1000000015
17803  -27.724  -71.849  -53.149 0.1000000015
16734  -27.476  -72.572  -52.503 0.1000000015
17816  -27.712  -71.997  -54.178 0.1000000015
17831  -28.343  -71.734  -55.996 0.1000000015
16744  -27.401  -72.543  -53.574 0.1000000015
17830  -27.735  -72.122  -55.152 0.1000000015
16757  -27.309  -72.646  -54.601 0.1000000015
133757  -32.733  -70.760  -48.809 0.1000000015
17704  -30.920  -71.043  -47.646 0.1000000015
17725  -31.323  -70.748  -48.361 0.1000000015
17723  -29.657  -71.597  -48.605 0.1000000015
18787  -31.643  -70.215  -49.800 0.1000000015
18768  -30.984  -70.543  -49.125 0.1000000015
17745  -30.121  -70.878  -49.329 0.1000000015
18786  -30.673  -70.269  -49.978 0.1000000015
141096  -29.104  -71.424  -50.329 0.1000000015
18831  -29.909  -70.603  -51.282 0.1000000015
17791  -29.490  -70.836  -52.093 0.1000000015
17804  -28.338  -71.530  -53.764 0.1000000015
23299  -30.750  -66.909  -55.688 0.1000000015
132024  -29.614  -67.467  -55.733 0.1000000015
128568  -30.084  -68.665  -55.494 0.1000000015
19965  -29.690  -69.783  -55.568 0.1000000015
18894  -30.018  -70.887  -56.086 0.1000000015
18905  -29.271  -71.419  -56.070 0.1000000015
120857  -29.631  -71.644  -55.826 0.1000000015
17818  -29.785  -71.651  -55.218 0.1000000015
17817  -28.594  -71.708  -55.050 0.1000000015
17707  -34.265  -71.642  -47.814 0.1000000015
18790  -34.217  -70.611  -50.001 0.2000000030
18770  -34.325  -70.963  -49.188 0.2000000030
17727  -33.628  -71.070  -48.468 0.1000000015
18815  -34.851  -70.540  -50.528 0.1000000015
18813  -33.364  -70.462  -50.275 0.1000000015
18789  -33.493  -70.707  -49.381 0.1000000015
18814  -34.064  -70.423  -51.032 0.1000000015
18788  -32.606  -70.487  -49.618 0.1000000015
24311  -33.493  -65.404  -47.485 0.1000000015
118396  -33.405  -66.740  -48.427 0.1000000015
119153  -33.247  -70.242  -51.167 0.1000000015
119494  -32.473  -70.024  -51.463 0.1000000015
18811  -31.445  -70.076  -50.825 0.1000000015
22062  -33.059  -67.188  -49.131 0.1000000015
22075  -33.345  -67.127  -49.872 0.1000000015
122418  -33.711  -66.719  -49.413 0.1000000015
22104  -33.215  -67.166  -51.730 0.1000000015
22118  -33.044  -66.763  -52.791 0.1000000015
23264  -32.950  -66.450  -53.902 0.1000000015
119125  -32.526  -70.066  -52.290 0.1000000015
18848  -31.097  -70.431  -52.669 0.1000000015
18863  -30.156  -70.719  -52.972 0.1000000015
22090  -33.292  -67.194  -50.728 0.1000000015
22103  -32.334  -67.295  -52.091 0.1000000015
22137  -32.208  -66.584  -54.046 0.1000000015
23295  -32.531  -66.503  -55.326 0.1000000015
21071  -33.300  -67.866  -55.405 0.1000000015
123954  -31.804  -69.337  -55.333 0.1000000015
17805  -30.164  -71.129  -54.239 0.1000000015
22136  -31.457  -66.895  -53.571 0.1000000015
127518  -31.376  -66.674  -55.353 0.1000000015
23300  -31.821  -66.943  -55.612 0.1000000015
21069  -31.749  -68.148  -55.621 0.1000000015
18896  -31.340  -70.553  -55.247 0.1000000015
17833  -30.539  -71.275  -55.476 0.1000000015
132023  -30.453  -67.686  -55.741 0.1000000015
125463  -30.999  -68.731  -55.538 0.1000000015
18895  -30.601  -70.765  -55.671 0.1000000015
17819  -30.583  -71.416  -55.210 0.1000000015
134532  -29.209  -71.449  -54.352 0.1000000015
18791  -35.623  -70.562  -49.962 0.1000000015
124624  -34.946  -70.939  -49.713 0.2000000030
127688  -35.084  -71.806  -48.352 0.1000000015
17708  -35.902  -72.011  -48.134 0.2000000030
128597  -35.249  -72.183  -47.517 0.2000000030
137996  -35.407  -70.217  -50.901 0.1000000015
18836  -34.757  -70.315  -51.414 0.1000000015
25404  -32.936  -64.853  -46.255 0.1000000015
135237  -33.071  -65.397  -46.849 0.1000000015
18835  -34.096  -70.225  -52.055 0.1000000015
18834  -33.268  -70.123  -52.095 0.1000000015
18851  -33.662  -70.182  -52.946 0.1000000015
23197  -34.061  -66.088  -49.008 0.1000000015
23212  -33.867  -66.688  -50.366 0.1000000015
23229  -33.886  -66.625  -51.408 0.1000000015
18849  -32.124  -70.242  -52.917 0.1000000015
23245  -33.830  -66.262  -52.554 0.1000000015
23265  -33.978  -65.840  -53.969 0.1000000015
22150  -33.386  -66.597  -55.470 0.1000000015
21056  -33.874  -67.725  -55.298 0.1000000015
19949  -32.790  -69.826  -54.654 0.1000000015
18865  -31.935  -70.563  -54.364 0.1000000015
128475  -31.687  -70.546  -53.697 0.1000000015
17820  -31.291  -71.012  -55.006 0.1000000015
19889  -38.209  -68.813  -50.329 0.1000000015
19874  -37.765  -69.354  -49.893 0.1000000015
19888  -37.646  -69.131  -50.679 0.1000000015
19873  -37.020  -69.642  -50.204 0.1000000015
18793  -37.310  -70.008  -49.383 0.2000000030
18771  -36.898  -70.726  -48.880 0.2000000030
18792  -36.515  -70.313  -49.681 0.2000000030
17730  -36.529  -71.473  -48.421 0.2000000030
17709  -36.603  -71.964  -47.876 0.2000000030
19886  -35.898  -69.790  -51.348 0.1000000015
19887  -36.767  -69.395  -51.107 0.1000000015
128979  -36.268  -69.502  -51.783 0.1000000015
19923  -35.013  -69.852  -52.833 0.1000000015
25405  -33.381  -64.625  -47.013 0.1000000015
25430  -33.898  -64.739  -48.257 0.1000000015
25431  -34.191  -64.514  -49.193 0.1000000015
25444  -34.432  -64.321  -50.169 0.1000000015
19903  -34.850  -70.140  -52.204 0.1000000015
18852  -34.367  -70.100  -52.928 0.1000000015
142902  -32.623  -64.683  -45.507 0.1000000015
26517  -32.948  -63.795  -45.897 0.1000000015
24342  -33.815  -65.850  -48.201 0.1000000015
138311  -34.152  -65.328  -48.799 0.1000000015
23230  -34.418  -65.976  -51.072 0.1000000015
23246  -34.459  -65.724  -52.249 0.1000000015
23266  -34.947  -65.347  -54.010 0.1000000015
22138  -34.774  -66.532  -54.566 0.1000000015
131416  -34.432  -68.814  -54.249 0.1000000015
18867  -33.893  -70.022  -53.623 0.1000000015
24276  -32.199  -65.181  -44.793 0.1000000015
136978  -34.355  -66.414  -55.022 0.1000000015
19951  -33.995  -68.585  -54.726 0.1000000015
19937  -33.990  -69.481  -54.178 0.1000000015
121682  -32.710  -70.350  -54.218 0.1000000015
25379  -31.800  -65.016  -43.930 0.1000000015
135051  -31.474  -64.866  -43.281 0.1000000015
24261  -31.224  -65.631  -43.552 0.1000000015
24247  -30.977  -65.291  -42.799 0.1000000015
23231  -39.388  -66.182  -50.746 0.1000000015
20996  -38.159  -68.604  -50.891 0.1000000015
131256  -39.611  -65.477  -51.168 0.1000000015
128976  -38.567  -66.800  -51.614 0.1000000015
131759  -38.477  -68.466  -49.997 0.1000000015
18772  -37.670  -70.379  -48.611 0.2000000030
23247  -38.897  -65.793  -51.808 0.1000000015
22105  -37.860  -67.541  -51.695 0.1000000015
19906  -37.476  -68.866  -51.290 0.1000000015
24391  -38.353  -64.820  -52.088 0.1000000015
27607  -32.693  -62.881  -44.385 0.1000000015
26503  -32.848  -63.167  -45.190 0.1000000015
26504  -33.177  -62.971  -46.030 0.1000000015
26518  -33.377  -63.217  -46.688 0.1000000015
26532  -33.519  -63.685  -47.413 0.1000000015
26545  -33.619  -63.918  -48.109 0.1000000015
26546  -33.822  -63.758  -48.811 0.1000000015
23269  -37.659  -65.611  -52.392 0.1000000015
21010  -37.051  -68.352  -51.817 0.1000000015
120178  -36.155  -69.350  -52.312 0.1000000015
127701  -33.305  -64.004  -46.624 0.1000000015
25456  -34.671  -64.051  -51.062 0.1000000015
24388  -34.866  -65.092  -51.962 0.1000000015
123976  -35.944  -66.974  -53.101 0.1000000015
21026  -35.744  -68.271  -53.209 0.1000000015
19924  -35.571  -69.277  -53.011 0.1000000015
27592  -32.624  -62.586  -43.794 0.1000000015
24373  -34.583  -65.061  -50.801 0.1000000015
24389  -35.536  -64.615  -52.531 0.1000000015
23286  -35.312  -65.883  -54.122 0.1000000015
23267  -35.909  -65.694  -53.316 0.1000000015
19939  -34.997  -68.537  -53.825 0.1000000015
26488  -32.411  -63.565  -44.347 0.1000000015
25380  -32.194  -64.327  -44.308 0.1000000015
26473  -32.200  -63.151  -43.714 0.1000000015
25365  -31.870  -64.017  -43.597 0.1000000015
118623  -31.350  -64.387  -42.661 0.1000000015
25355  -30.730  -64.919  -42.189 0.1000000015
24246  -30.137  -65.456  -42.380 0.1000000015
20997  -38.544  -68.184  -50.524 0.1000000015
24392  -39.417  -64.793  -51.473 0.1000000015
24374  -39.796  -64.756  -51.030 0.1000000015
23215  -39.201  -65.984  -50.172 0.1000000015
19875  -38.260  -68.983  -49.611 0.1000000015
25466  -38.770  -64.109  -51.595 0.1000000015
25458  -38.917  -63.719  -51.120 0.1000000015
22076  -38.690  -67.745  -49.960 0.1000000015
19861  -37.957  -69.607  -49.091 0.1000000015
138071  -36.966  -63.298  -52.010 0.1000000015
26566  -37.973  -63.428  -51.540 0.1000000015
129581  -33.108  -62.531  -44.925 0.1000000015
27649  -33.521  -62.646  -47.582 0.1000000015
27657  -33.588  -63.120  -48.333 0.1000000015
25464  -35.981  -63.736  -52.351 0.1000000015
142685  -37.270  -64.831  -52.501 0.1000000015
20971  -38.428  -68.869  -48.320 0.1000000015
18773  -38.330  -69.830  -48.233 0.2000000030
27624  -33.325  -62.433  -45.660 0.1000000015
26555  -34.170  -63.556  -49.708 0.1000000015
26561  -34.629  -63.212  -50.721 0.1000000015
25463  -35.053  -64.278  -51.778 0.1000000015
26456  -32.265  -62.639  -43.034 0.1000000015
26472  -31.747  -63.449  -42.948 0.1000000015
118309  -31.414  -63.806  -42.178 0.1000000015
26442  -31.179  -63.674  -41.440 0.1000000015
25343  -30.915  -64.346  -41.803 0.1000000015
25342  -30.136  -64.746  -41.705 0.1000000015
26563  -38.120  -62.912  -50.939 0.1000000015
25446  -38.704  -63.584  -50.633 0.1000000015
25447  -39.441  -64.214  -50.834 0.1000000015
27665  -37.414  -62.179  -51.118 0.1000000015
25459  -39.468  -64.286  -51.183 0.1000000015
24359  -39.510  -64.949  -50.473 0.1000000015
136265  -39.024  -66.809  -50.290 0.1000000015
23214  -38.725  -65.341  -49.716 0.1000000015
20984  -38.458  -68.503  -49.308 0.1000000015
26562  -35.487  -62.630  -51.281 0.1000000015
26565  -37.267  -62.758  -51.554 0.1000000015
23200  -38.700  -67.037  -49.592 0.1000000015
28653  -33.592  -61.853  -45.071 0.1000000015
28667  -33.764  -61.755  -46.072 0.1000000015
27636  -33.540  -62.336  -46.643 0.1000000015
27650  -33.748  -61.782  -47.623 0.1000000015
118801  -33.946  -62.846  -49.237 0.1000000015
136219  -34.333  -62.695  -50.059 0.1000000015
27661  -35.006  -62.099  -50.644 0.1000000015
26564  -36.150  -62.970  -51.796 0.1000000015
22064  -38.508  -67.966  -48.976 0.1000000015
120159  -38.304  -69.128  -48.891 0.1000000015
27608  -33.086  -62.238  -44.302 0.1000000015
20959  -38.396  -68.856  -47.427 0.1000000015
27578  -31.779  -63.079  -42.066 0.1000000015
27545  -31.314  -62.706  -40.460 0.1000000015
26422  -30.888  -63.379  -40.763 0.1000000015
28598  -30.242  -61.859  -39.861 0.1000000015
27663  -37.861  -61.953  -50.450 0.1000000015
26557  -38.264  -62.841  -50.365 0.1000000015
28694  -37.566  -61.038  -50.398 0.1000000015
25445  -38.157  -63.663  -49.822 0.1000000015
28696  -37.287  -61.618  -50.913 0.1000000015
27662  -36.173  -61.394  -50.630 0.1000000015
28642  -33.595  -61.599  -44.150 0.1000000015
121055  -34.348  -62.010  -49.753 0.1000000015
128655  -35.076  -61.455  -50.144 0.1000000015
28693  -35.953  -60.745  -50.045 0.1000000015
23199  -38.335  -66.373  -49.376 0.1000000015
27580  -33.008  -61.973  -43.450 0.1000000015
28643  -34.239  -61.260  -44.724 0.1000000015
27637  -33.904  -61.646  -46.865 0.1000000015
124864  -33.836  -62.066  -48.663 0.1000000015
22063  -38.148  -67.410  -48.606 0.1000000015
27579  -32.733  -62.038  -42.646 0.1000000015
28601  -32.976  -61.242  -40.893 0.1000000015
28613  -32.780  -61.811  -41.771 0.1000000015
127811  -32.307  -61.470  -40.193 0.1000000015
27565  -32.146  -62.507  -41.421 0.1000000015
28599  -31.825  -62.145  -40.236 0.1000000015
27530  -31.090  -62.134  -39.921 0.1000000015
28586  -31.628  -61.521  -39.745 0.1000000015
29753  -36.355  -60.123  -49.500 0.1000000015
29756  -37.334  -60.305  -50.195 0.1000000015
28695  -38.351  -60.351  -50.098 0.1000000015
27658  -38.093  -62.133  -49.934 0.1000000015
120685  -36.497  -59.667  -48.855 0.1000000015
26556  -37.901  -63.016  -49.685 0.1000000015
29733  -34.887  -60.615  -47.161 0.1000000015
29745  -34.950  -60.647  -48.094 0.1000000015
28688  -35.180  -60.600  -49.047 0.1000000015
26547  -37.290  -63.743  -48.994 0.1000000015
28631  -33.658  -61.420  -43.422 0.1000000015
28632  -34.306  -61.109  -43.843 0.1000000015
28654  -34.279  -61.273  -45.628 0.1000000015
28687  -34.331  -61.223  -48.392 0.1000000015
121347  -37.717  -65.749  -49.163 0.1000000015
28623  -33.381  -61.452  -42.627 0.1000000015
23198  -37.402  -66.540  -48.620 0.1000000015
22049  -38.341  -68.262  -48.122 0.1000000015
28614  -33.489  -61.092  -41.726 0.1000000015
29677  -33.597  -60.720  -41.109 0.1000000015
29644  -32.851  -60.292  -39.829 0.1000000015
29643  -32.124  -60.781  -39.607 0.1000000015
138121  -32.404  -59.896  -39.111 0.1000000015
30708  -32.311  -59.233  -38.586 0.1000000015
118648  -31.425  -60.929  -39.377 0.1000000015
28689  -38.381  -61.048  -50.074 0.1000000015
26548  -37.284  -62.815  -48.875 0.1000000015
29702  -35.020  -60.692  -43.899 0.1000000015
29727  -34.957  -60.738  -46.186 0.1000000015
29746  -35.625  -60.085  -47.923 0.1000000015
29678  -34.232  -60.519  -41.602 0.1000000015
28624  -34.130  -61.056  -42.999 0.1000000015
121936  -34.700  -60.794  -43.288 0.1000000015
29716  -34.900  -60.828  -45.221 0.1000000015
28668  -34.316  -61.197  -46.546 0.1000000015
24345  -37.699  -64.730  -49.224 0.1000000015
30744  -34.337  -59.706  -40.224 0.1000000015
138814  -33.575  -59.994  -40.058 0.1000000015
30726  -33.811  -59.413  -39.571 0.1000000015
141533  -33.138  -59.745  -39.485 0.1000000015
123793  -33.084  -59.178  -38.864 0.1000000015
125231  -32.549  -58.602  -38.262 0.1000000015
30846  -37.695  -59.351  -48.929 0.1000000015
28690  -38.928  -60.371  -49.991 0.1000000015
29747  -36.473  -59.553  -47.895 0.1000000015
29734  -35.716  -60.230  -46.944 0.1000000015
29679  -35.028  -60.254  -41.780 0.1000000015
29661  -34.000  -60.262  -40.738 0.1000000015
30727  -34.642  -59.241  -39.641 0.1000000015
31759  -33.386  -58.483  -38.287 0.1000000015
31739  -32.804  -57.859  -37.785 0.1000000015
29754  -37.697  -59.745  -49.826 0.1000000015
28691  -39.151  -59.884  -49.628 0.1000000015
29735  -36.668  -59.834  -46.909 0.1000000015
29691  -34.723  -60.611  -42.510 0.1000000015
29703  -35.327  -60.524  -43.207 0.1000000015
138740  -34.766  -60.873  -44.458 0.1000000015
29717  -35.405  -60.625  -44.674 0.1000000015
119050  -35.038  -59.481  -40.275 0.1000000015
31760  -34.253  -58.437  -38.329 0.1000000015
31740  -33.721  -57.958  -37.732 0.1000000015
32777  -33.514  -57.312  -37.395 0.1000000015
29748  -37.362  -59.320  -47.889 0.1000000015
133116  -35.837  -60.402  -45.780 0.1000000015
30765  -35.671  -59.943  -41.450 0.1000000015
29692  -35.671  -60.202  -42.391 0.1000000015
119710  -35.753  -60.458  -43.969 0.1000000015
29718  -36.252  -60.402  -44.836 0.1000000015
29662  -34.877  -60.018  -40.937 0.1000000015
133546  -34.508  -58.088  -37.680 0.1000000015
32778  -34.795  -57.748  -37.072 0.1000000015
32760  -35.119  -57.191  -36.463 0.1000000015
33818  -34.253  -57.117  -36.910 0.1000000015
135461  -37.001  -60.240  -44.808 0.1000000015
132563  -36.108  -60.251  -43.255 0.1000000015
133381  -36.545  -60.251  -44.046 0.1000000015
30745  -35.664  -59.598  -40.647 0.1000000015
30710  -34.963  -58.856  -38.920 0.1000000015
139452  -34.943  -58.455  -38.216 0.1000000015
32779  -35.653  -57.949  -36.918 0.1000000015
32761  -36.097  -57.479  -36.321 0.1000000015
30728  -35.629  -59.206  -39.724 0.1000000015
140602  -35.610  -59.011  -39.004 0.1000000015
31761  -35.683  -58.723  -38.376 0.1000000015
31741  -35.287  -58.267  -37.616 0.1000000015
126767  -36.556  -57.008  -35.923 0.1000000015
32762  -37.001  -57.437  -36.452 0.1000000015
31780  -36.223  -59.124  -38.975 0.1000000015
31762  -36.633  -58.880  -38.248 0.1000000015
31742  -36.142  -58.429  -37.588 0.1000000015
31743  -37.042  -58.432  -37.615 0.1000000015
17702  -29.569  -72.155  -47.774 0.1000000015
16681  -28.915  -72.906  -48.697 0.1000000015
17744  -28.706  -72.001  -49.913 0.1000000015
17764  -29.775  -70.778  -50.318 0.1000000015
17763  -28.589  -71.790  -50.693 0.1000000015
15696  -28.090  -72.810  -51.030 0.1000000015
17777  -29.045  -71.122  -51.143 0.1000000015
18769  -31.889  -70.507  -48.982 0.1000000015
17724  -30.474  -70.991  -48.434 0.1000000015
18812  -32.478  -70.206  -50.500 0.1000000015
18810  -30.474  -70.361  -50.758 0.1000000015
18832  -30.787  -70.298  -51.569 0.1000000015
138934  -30.273  -70.563  -52.083 0.1000000015
22161  -30.123  -67.102  -55.808 0.1000000015
19964  -28.686  -69.461  -55.433 0.1000000015
19966  -30.466  -69.931  -55.624 0.1000000015
18893  -29.247  -70.733  -55.950 0.1000000015
17728  -34.469  -71.375  -48.570 0.1000000015
17746  -35.009  -71.344  -49.009 0.2000000030
25416  -33.606  -64.461  -47.635 0.1000000015
23213  -34.296  -66.069  -49.987 0.1000000015
123982  -33.216  -66.111  -55.231 0.1000000015
23282  -31.829  -66.493  -54.728 0.1000000015
22164  -32.799  -67.145  -55.582 0.1000000015
22163  -32.037  -67.463  -55.666 0.1000000015
21072  -33.550  -67.187  -55.549 0.1000000015
19968  -33.058  -68.830  -55.030 0.1000000015
131333  -31.070  -70.022  -55.512 0.1000000015
18897  -32.152  -70.003  -55.048 0.1000000015
18864  -30.857  -70.668  -53.632 0.1000000015
18878  -32.005  -70.406  -54.685 0.1000000015
17806  -31.159  -70.893  -54.509 0.1000000015
18816  -36.167  -69.922  -50.509 0.1000000015
17748  -36.137  -70.996  -49.181 0.2000000030
17729  -35.689  -71.523  -48.760 0.2000000030
119356  -32.539  -70.426  -53.738 0.1000000015
131582  -34.551  -65.491  -53.328 0.1000000015
21042  -34.504  -67.592  -54.779 0.1000000015
19905  -36.744  -69.113  -51.838 0.1000000015
24343  -34.381  -65.294  -49.612 0.1000000015
19938  -34.622  -69.540  -53.567 0.1000000015
25392  -32.550  -64.084  -44.992 0.1000000015
24402  -35.153  -65.168  -53.089 0.1000000015
138182  -35.437  -65.319  -53.670 0.1000000015
23285  -34.616  -65.877  -54.519 0.1000000015
21043  -35.134  -67.295  -53.910 0.1000000015
18879  -33.409  -70.030  -54.192 0.1000000015
134998  -31.557  -65.909  -44.317 0.1000000015
132240  -39.629  -65.372  -50.793 0.1000000015
22091  -38.913  -67.274  -50.716 0.1000000015
22106  -38.617  -67.456  -51.228 0.1000000015
22120  -37.879  -66.617  -52.170 0.1000000015
18752  -38.075  -70.826  -47.903 0.2000000030
22119  -36.900  -67.353  -52.259 0.1000000015
25465  -37.430  -64.034  -52.226 0.1000000015
23268  -36.739  -66.263  -52.615 0.1000000015
19925  -36.342  -68.865  -52.524 0.1000000015
25457  -35.174  -63.423  -51.600 0.1000000015
24403  -35.788  -65.079  -53.085 0.1000000015
24390  -36.391  -64.542  -52.665 0.1000000015
27564  -31.557  -63.039  -41.086 0.1000000015
26441  -30.481  -63.999  -41.241 0.1000000015
27664  -36.267  -61.956  -51.118 0.1000000015
131106  -32.341  -62.415  -42.204 0.1000000015
27544  -30.454  -62.765  -40.258 0.1000000015
28692  -34.636  -61.283  -49.390 0.1000000015
120661  -31.758  -58.676  -38.428 0.1000000015
19706  -40.814  -70.418  -34.358 0.5000000000
125937  -40.179  -75.514  -38.748 0.5000000000
14523  -40.975  -75.032  -38.471 0.5000000000
19696  -39.731  -69.408  -33.728 0.5000000000
18622  -40.468  -70.641  -35.120 0.5000000000
140757  -41.183  -71.187  -36.009 0.5000000000
131753  -40.253  -74.358  -38.749 0.5000000000
21863  -39.813  -67.827  -33.166 0.5000000000
20768  -39.332  -68.579  -33.452 0.5000000000
134113  -40.041  -70.141  -34.334 0.5000000000
15551  -40.498  -73.321  -38.627 0.5000000000
19695  -38.911  -69.223  -33.916 0.5000000000
19704  -38.761  -69.548  -34.838 0.5000000000
20777  -38.246  -68.963  -34.343 0.4000000060
15561  -38.266  -73.315  -39.564 0.5000000000
15575  -37.977  -73.542  -40.259 0.5000000000
15560  -37.926  -72.777  -39.992 0.5000000000
16569  -37.794  -72.729  -40.696 0.5000000000
17625  -38.201  -70.922  -41.601 0.5000000000
19782  -38.340  -69.483  -41.729 0.4000000060
20873  -37.371  -68.720  -41.772 0.4000000060
12448  -41.838  -76.520  -35.962 0.1000000015
13508  -41.492  -75.518  -38.068 0.5000000000
19697  -40.797  -69.645  -33.747 0.5000000000
18623  -41.396  -70.831  -34.879 0.5000000000
142083  -41.044  -74.057  -38.466 0.5000000000
20769  -40.271  -68.656  -33.398 0.5000000000
125931  -39.335  -67.007  -33.054 0.5000000000
24137  -39.634  -65.448  -32.789 0.5000000000
24154  -39.117  -65.924  -32.778 0.5000000000
24136  -38.834  -65.358  -32.608 0.4000000060
131336  -38.998  -66.425  -32.873 0.3000000119
21862  -38.898  -67.761  -33.266 0.5000000000
21861  -37.895  -67.721  -33.430 0.4000000060
124644  -38.498  -66.966  -33.029 0.3000000119
19726  -39.324  -70.136  -36.480 0.6999999881
19739  -39.142  -70.058  -37.271 0.5000000000
24153  -38.348  -66.090  -32.818 0.3000000119
20766  -37.828  -68.450  -33.920 0.4000000060
19715  -38.719  -69.700  -35.876 0.5000000000
17575  -39.728  -70.933  -37.909 0.6000000238
119106  -40.259  -71.637  -38.198 0.6000000238
15550  -39.457  -73.594  -38.863 0.5000000000
124781  -38.362  -74.302  -39.813 0.3000000119
23011  -37.632  -66.773  -33.140 0.3000000119
21880  -37.220  -68.094  -34.097 0.3000000119
20790  -37.484  -68.825  -35.688 0.4000000060
20823  -38.201  -69.053  -37.186 0.5000000000
18659  -39.009  -70.339  -38.175 0.6000000238
118213  -38.635  -70.763  -38.841 0.6000000238
16558  -38.208  -72.347  -39.477 0.5000000000
23033  -36.370  -66.893  -34.119 0.4000000060
21900  -36.961  -68.271  -35.088 0.4000000060
20836  -38.220  -68.893  -38.059 0.5000000000
128788  -38.601  -69.779  -38.803 0.5000000000
17607  -38.174  -71.337  -39.489 0.5000000000
17606  -37.836  -71.973  -40.165 0.5000000000
23032  -35.674  -66.581  -34.605 0.4000000060
21899  -36.270  -67.761  -35.470 0.4000000060
20804  -36.768  -68.414  -36.863 0.5000000000
20835  -37.504  -68.449  -38.237 0.5000000000
120519  -38.467  -68.987  -38.806 0.4000000060
18664  -38.382  -70.297  -39.531 0.5000000000
17618  -38.000  -70.879  -40.409 0.5000000000
21898  -35.721  -67.510  -36.124 0.4000000060
20821  -36.798  -68.318  -37.682 0.5000000000
123035  -38.026  -68.546  -38.827 0.5000000000
20849  -38.174  -68.748  -39.349 0.4000000060
19772  -38.212  -69.349  -40.648 0.4000000060
18677  -38.337  -70.013  -41.089 0.5000000000
21932  -35.997  -68.142  -37.980 0.5000000000
20847  -36.784  -68.408  -39.596 0.4000000060
20859  -37.615  -68.724  -40.845 0.4000000060
20860  -38.092  -68.967  -41.311 0.4000000060
20833  -36.125  -68.210  -38.902 0.3000000119
20846  -35.708  -68.295  -39.894 0.4000000060
20858  -36.502  -68.468  -40.256 0.3000000119
128476  -35.835  -68.505  -40.744 0.3000000119
20872  -36.112  -68.584  -41.545 0.3000000119
13462  -42.443  -76.027  -34.408 0.1000000015
13472  -41.933  -76.521  -35.047 0.1000000015
14482  -42.871  -75.136  -34.931 0.1000000015
131969  -42.484  -75.988  -35.380 0.1000000015
14503  -43.093  -74.434  -36.659 0.4000000060
13493  -42.194  -75.366  -37.183 0.4000000060
133709  -41.739  -75.782  -37.498 0.4000000060
14512  -42.132  -74.875  -37.864 0.4000000060
14524  -41.852  -74.284  -38.273 0.5000000000
19698  -41.944  -69.340  -33.876 0.5000000000
124850  -42.402  -69.888  -34.366 0.5000000000
19707  -41.591  -70.200  -34.233 0.5000000000
15552  -42.700  -73.238  -38.489 0.5000000000
140553  -41.576  -73.306  -38.494 0.5000000000
123207  -40.258  -67.038  -33.231 0.5000000000
21864  -40.760  -67.828  -33.288 0.5000000000
20770  -41.305  -68.604  -33.535 0.5000000000
24155  -40.440  -65.570  -33.073 0.5000000000
23012  -39.755  -66.223  -33.018 0.5000000000
17593  -41.284  -71.964  -38.116 0.6000000238
25239  -39.415  -64.690  -32.532 0.4000000060
25238  -38.533  -64.548  -32.366 0.2000000030
26305  -38.188  -63.721  -32.108 0.2000000030
24135  -37.941  -65.262  -32.593 0.3000000119
24152  -37.373  -65.894  -32.971 0.3000000119
23010  -36.806  -66.477  -33.417 0.4000000060
25237  -37.563  -64.372  -32.410 0.3000000119
24134  -36.981  -65.014  -32.818 0.3000000119
26304  -37.257  -63.548  -32.179 0.3000000119
25252  -36.090  -64.847  -33.128 0.4000000060
24150  -35.667  -65.451  -33.659 0.4000000060
25251  -35.391  -64.653  -33.616 0.3000000119
132944  -35.400  -65.935  -34.182 0.4000000060
23068  -35.077  -66.924  -35.869 0.4000000060
21919  -35.099  -67.306  -36.691 0.4000000060
24170  -34.650  -65.381  -35.166 0.3000000119
23067  -34.457  -66.571  -36.470 0.3000000119
21931  -35.134  -67.660  -37.567 0.4000000060
23081  -33.837  -66.101  -37.221 0.3000000119
120558  -34.387  -67.433  -38.103 0.3000000119
21955  -35.090  -67.940  -39.243 0.4000000060
23080  -33.633  -66.064  -38.053 0.2000000030
21954  -34.227  -67.556  -39.542 0.3000000119
20857  -34.943  -68.317  -40.599 0.3000000119
25306  -33.945  -64.892  -38.362 0.1000000015
23095  -33.551  -66.578  -39.832 0.2000000030
21966  -34.254  -67.825  -40.446 0.4000000060
119087  -37.194  -63.439  -38.799 0.1000000015
14492  -43.252  -74.454  -35.671 0.1000000015
14491  -42.812  -75.173  -35.940 0.1000000015
15525  -43.503  -73.851  -36.348 0.2000000030
15539  -43.456  -73.553  -37.458 0.5000000000
14513  -42.809  -74.436  -37.659 0.4000000060
14525  -42.642  -74.045  -38.252 0.4000000060
19699  -42.987  -69.059  -34.443 0.5000000000
18624  -42.292  -70.573  -34.824 0.4000000060
18631  -43.051  -70.827  -35.665 0.4000000060
17565  -42.877  -71.593  -37.384 0.4000000060
17594  -42.370  -72.051  -38.206 0.5000000000
122339  -41.228  -67.054  -33.437 0.5000000000
21865  -41.775  -67.769  -33.551 0.5000000000
20771  -42.357  -68.405  -33.832 0.4000000060
16549  -42.088  -72.545  -38.382 0.4000000060
25241  -40.909  -64.154  -32.720 0.4000000060
25253  -41.103  -64.950  -33.063 0.4000000060
23013  -40.765  -66.317  -33.337 0.5000000000
129725  -39.918  -63.460  -32.043 0.4000000060
24138  -40.271  -64.797  -32.761 0.5000000000
25240  -40.056  -64.057  -32.445 0.4000000060
27435  -40.189  -62.758  -31.726 0.3000000119
26300  -39.459  -63.117  -31.865 0.3000000119
26299  -38.713  -63.072  -31.843 0.3000000119
133321  -38.338  -62.343  -31.434 0.2000000030
26298  -37.784  -62.972  -31.798 0.2000000030
28462  -37.918  -61.529  -31.134 0.1000000015
27420  -37.379  -62.179  -31.456 0.3000000119
28461  -37.074  -61.339  -31.362 0.1000000015
27434  -36.827  -62.789  -31.975 0.3000000119
25235  -35.721  -63.492  -32.949 0.3000000119
27419  -36.588  -61.895  -31.731 0.2000000030
27433  -36.159  -62.335  -32.307 0.2000000030
27432  -35.718  -62.695  -32.908 0.2000000030
25267  -34.947  -64.207  -34.288 0.2000000030
136608  -34.454  -64.823  -35.604 0.2000000030
140823  -35.266  -62.728  -34.200 0.2000000030
26336  -34.712  -63.611  -35.142 0.2000000030
24181  -34.284  -64.778  -36.228 0.2000000030
27463  -35.084  -62.872  -34.878 0.2000000030
27462  -34.916  -63.064  -35.640 0.1000000015
131174  -34.019  -65.012  -37.001 0.2000000030
24199  -33.799  -65.311  -37.806 0.2000000030
27483  -35.546  -62.808  -36.034 0.1000000015
26369  -34.626  -63.796  -37.266 0.1000000015
26386  -34.833  -63.837  -38.151 0.1000000015
26401  -34.885  -64.030  -39.066 0.1000000015
26359  -37.024  -62.940  -37.121 0.1000000015
26371  -36.310  -63.303  -37.582 0.1000000015
26387  -35.424  -63.737  -38.763 0.1000000015
118162  -37.156  -63.248  -37.901 0.1000000015
26388  -36.197  -63.568  -38.979 0.1000000015
136685  -38.005  -63.287  -38.996 0.1000000015
26391  -39.788  -63.262  -38.712 0.1000000015
15526  -43.987  -73.054  -36.562 0.3000000119
17568  -45.277  -71.074  -37.203 0.3000000119
17567  -44.834  -71.566  -37.387 0.3000000119
15540  -43.897  -72.592  -37.680 0.3000000119
129901  -43.484  -72.898  -38.241 0.3000000119
15538  -43.154  -73.492  -38.333 0.4000000060
19727  -44.703  -69.972  -37.332 0.3000000119
17580  -44.770  -71.152  -37.604 0.3000000119
16537  -43.634  -72.306  -38.228 0.5000000000
15553  -43.295  -72.795  -38.450 0.5000000000
20779  -43.786  -68.383  -35.009 0.4000000060
19709  -43.767  -69.360  -35.351 0.5000000000
18632  -43.930  -70.467  -36.592 0.4000000060
18638  -43.453  -71.177  -36.846 0.4000000060
17578  -43.147  -71.827  -38.203 0.5000000000
26320  -41.798  -64.345  -33.043 0.4000000060
120061  -42.009  -65.843  -33.562 0.4000000060
120285  -42.233  -67.107  -33.638 0.5000000000
21866  -42.597  -67.710  -33.818 0.5000000000
27436  -41.960  -62.624  -32.217 0.4000000060
26307  -41.675  -63.445  -32.484 0.4000000060
118482  -41.881  -65.166  -33.393 0.5000000000
118383  -41.217  -62.747  -31.840 0.4000000060
26306  -40.669  -63.457  -32.177 0.4000000060
27422  -41.759  -61.964  -31.913 0.4000000060
29557  -41.558  -61.192  -31.782 0.3000000119
126306  -39.856  -61.973  -31.544 0.3000000119
28464  -40.041  -61.238  -31.375 0.3000000119
28463  -39.033  -61.572  -31.335 0.2000000030
29531  -38.726  -59.947  -30.688 0.1000000015
29530  -37.795  -59.961  -30.745 0.1000000015
142826  -36.858  -60.624  -31.429 0.1000000015
28460  -36.526  -61.049  -31.794 0.1000000015
124849  -36.011  -61.160  -33.057 0.2000000030
30617  -36.719  -59.546  -31.798 0.1000000015
30639  -36.537  -59.795  -32.563 0.1000000015
27448  -35.869  -61.916  -32.945 0.2000000030
29556  -36.301  -60.689  -32.452 0.2000000030
119514  -36.017  -60.950  -33.903 0.2000000030
28525  -35.859  -61.752  -35.082 0.1000000015
28513  -36.231  -61.045  -34.759 0.1000000015
128400  -36.259  -62.260  -35.723 0.1000000015
28527  -37.490  -61.268  -35.742 0.1000000015
27484  -36.516  -62.681  -36.409 0.1000000015
27486  -38.225  -62.389  -36.847 0.1000000015
27496  -37.825  -62.749  -37.106 0.1000000015
27498  -39.466  -62.744  -37.600 0.1000000015
26374  -39.205  -63.131  -37.993 0.1000000015
27500  -41.123  -62.295  -38.218 0.1000000015
27513  -41.895  -62.983  -38.842 0.1000000015
27514  -42.821  -63.045  -39.021 0.1000000015
27515  -43.797  -63.023  -39.275 0.1000000015
18633  -45.721  -70.705  -36.525 0.3000000119
17553  -45.033  -71.831  -35.900 0.2000000030
19741  -45.830  -69.309  -37.252 0.3000000119
19728  -44.949  -69.193  -37.172 0.4000000060
20793  -45.162  -68.413  -36.879 0.3000000119
25254  -42.631  -64.749  -33.320 0.3000000119
24157  -42.625  -65.582  -33.613 0.3000000119
131079  -43.815  -67.195  -34.867 0.4000000060
21902  -44.845  -67.795  -36.382 0.3000000119
26308  -42.442  -62.932  -32.526 0.3000000119
26321  -42.712  -63.748  -32.910 0.3000000119
23034  -44.169  -66.445  -34.779 0.4000000060
23053  -44.515  -67.198  -35.636 0.4000000060
21903  -45.301  -67.208  -36.367 0.3000000119
141978  -42.157  -61.295  -32.110 0.3000000119
28479  -42.643  -61.977  -32.389 0.3000000119
29544  -42.085  -60.599  -31.992 0.3000000119
132112  -41.517  -60.553  -31.676 0.3000000119
131977  -40.896  -60.906  -31.484 0.3000000119
130465  -40.290  -60.412  -31.182 0.3000000119
30619  -39.665  -59.831  -30.869 0.2000000030
133632  -38.468  -58.308  -30.350 0.1000000015
32700  -37.443  -57.454  -31.091 0.1000000015
30602  -37.462  -59.165  -30.838 0.1000000015
131122  -37.230  -58.216  -31.579 0.1000000015
31673  -36.901  -58.894  -32.186 0.1000000015
30656  -36.692  -59.749  -33.509 0.2000000030
141908  -37.089  -59.377  -33.642 0.2000000030
30664  -37.172  -59.619  -34.114 0.2000000030
29598  -37.003  -60.689  -35.158 0.1000000015
30665  -37.896  -59.416  -34.553 0.1000000015
29599  -38.038  -60.511  -35.456 0.1000000015
28528  -38.352  -61.228  -35.988 0.1000000015
30676  -38.854  -60.038  -35.348 0.1000000015
28542  -38.627  -61.753  -36.543 0.1000000015
28529  -38.974  -61.221  -36.245 0.1000000015
28543  -39.334  -61.572  -36.699 0.1000000015
28556  -39.774  -62.074  -37.241 0.1000000015
27499  -40.286  -62.598  -37.858 0.1000000015
28569  -42.059  -62.281  -38.307 0.1000000015
28558  -41.353  -61.478  -37.839 0.1000000015
28559  -42.241  -61.366  -37.983 0.1000000015
28570  -42.966  -62.208  -38.499 0.1000000015
28571  -44.442  -62.505  -39.194 0.1000000015
132007  -43.735  -62.137  -38.619 0.1000000015
28572  -45.083  -62.777  -39.765 0.1000000015
18625  -45.479  -70.887  -34.752 0.2000000030
17541  -44.929  -71.611  -34.982 0.2000000030
19710  -46.316  -69.735  -34.990 0.2000000030
18634  -46.153  -69.832  -36.678 0.3000000119
20781  -46.678  -68.371  -35.165 0.2000000030
19719  -46.360  -69.012  -36.611 0.3000000119
19742  -46.151  -68.699  -37.072 0.3000000119
24158  -43.343  -65.257  -33.652 0.3000000119
23016  -43.314  -66.041  -34.042 0.3000000119
21921  -45.699  -67.908  -36.828 0.3000000119
27449  -43.182  -62.803  -32.739 0.3000000119
25255  -43.487  -64.395  -33.368 0.3000000119
24172  -43.881  -65.667  -34.131 0.3000000119
24173  -44.645  -65.592  -34.458 0.3000000119
23054  -44.955  -66.726  -35.643 0.3000000119
28480  -43.420  -61.291  -32.604 0.3000000119
27437  -43.478  -62.083  -32.676 0.3000000119
24182  -45.225  -66.160  -35.194 0.3000000119
129119  -45.783  -66.585  -36.067 0.2000000030
23069  -46.276  -67.175  -36.645 0.2000000030
29559  -43.513  -60.283  -32.417 0.2000000030
29558  -42.734  -60.864  -32.300 0.2000000030
29545  -42.694  -59.850  -32.034 0.3000000119
128059  -41.844  -59.911  -31.706 0.3000000119
30621  -41.376  -59.303  -31.310 0.3000000119
29543  -41.105  -60.128  -31.371 0.3000000119
30620  -40.533  -59.581  -31.073 0.2000000030
30604  -39.078  -59.165  -30.509 0.1000000015
31663  -40.705  -58.632  -30.945 0.2000000030
31662  -39.612  -58.409  -30.589 0.1000000015
32683  -39.205  -57.504  -30.322 0.1000000015
33719  -38.362  -55.853  -30.223 0.1000000015
34681  -38.631  -55.152  -29.939 0.1000000015
36629  -39.255  -53.820  -29.960 0.1000000015
136548  -37.872  -56.009  -30.681 0.1000000015
34694  -38.105  -55.290  -30.687 0.1000000015
35677  -38.291  -54.662  -31.049 0.1000000015
37646  -39.604  -52.651  -30.990 0.1000000015
38659  -40.513  -51.947  -30.347 0.1000000015
38648  -42.754  -51.113  -29.608 0.1000000015
33744  -37.403  -56.601  -31.640 0.1000000015
35693  -38.512  -54.445  -31.939 0.1000000015
37668  -39.638  -52.896  -31.777 0.1000000015
38673  -41.288  -51.807  -31.064 0.1000000015
140981  -42.599  -51.467  -31.051 0.1000000015
136118  -37.272  -58.117  -32.294 0.1000000015
33754  -37.539  -56.677  -32.475 0.1000000015
31698  -37.909  -58.148  -33.825 0.2000000030
30657  -37.544  -58.988  -33.837 0.1000000015
31706  -38.368  -58.747  -34.446 0.1000000015
29588  -38.201  -59.862  -35.045 0.1000000015
30677  -39.494  -59.479  -35.276 0.1000000015
29600  -38.932  -60.704  -35.791 0.1000000015
29610  -39.562  -60.885  -36.253 0.1000000015
28544  -40.074  -61.254  -36.854 0.1000000015
29617  -40.825  -60.877  -37.231 0.1000000015
29618  -41.626  -60.666  -37.531 0.1000000015
29619  -42.460  -60.534  -37.683 0.1000000015
29628  -43.133  -61.288  -38.186 0.1000000015
29629  -44.180  -61.428  -38.463 0.1000000015
24159  -48.104  -65.695  -34.676 0.2000000030
21883  -47.019  -67.559  -35.791 0.2000000030
20809  -46.307  -68.446  -36.771 0.3000000119
24175  -48.446  -65.143  -34.915 0.2000000030
23036  -47.639  -66.228  -35.341 0.2000000030
21905  -47.081  -66.924  -36.244 0.2000000030
21904  -46.617  -67.751  -36.425 0.3000000119
20808  -46.276  -68.012  -36.863 0.3000000119
126204  -44.632  -63.141  -33.436 0.3000000119
26323  -45.278  -63.902  -33.949 0.3000000119
25269  -45.014  -64.764  -34.162 0.3000000119
28495  -44.089  -61.751  -32.861 0.3000000119
27451  -44.632  -62.292  -33.187 0.3000000119
25270  -45.930  -64.568  -34.653 0.3000000119
24174  -45.638  -65.403  -34.860 0.3000000119
30642  -44.901  -59.565  -32.399 0.2000000030
28481  -44.142  -60.862  -32.775 0.3000000119
24183  -46.236  -65.970  -35.624 0.2000000030
23055  -46.680  -66.373  -36.290 0.2000000030
30641  -44.072  -59.582  -32.221 0.2000000030
138704  -43.437  -59.523  -32.058 0.2000000030
30623  -43.849  -59.129  -31.797 0.2000000030
30622  -42.229  -59.088  -31.567 0.3000000119
126562  -43.158  -58.875  -31.632 0.3000000119
31664  -41.965  -57.839  -31.155 0.2000000030
119915  -41.283  -57.832  -30.923 0.2000000030
32684  -40.324  -57.693  -30.659 0.2000000030
33705  -39.771  -55.799  -29.777 0.1000000015
34732  -38.840  -54.899  -32.829 0.1000000015
35709  -39.296  -54.123  -32.706 0.1000000015
36656  -39.765  -53.315  -32.663 0.1000000015
132858  -41.397  -52.340  -32.509 0.1000000015
33755  -38.107  -56.695  -33.293 0.1000000015
129784  -38.409  -55.785  -33.064 0.1000000015
34733  -39.298  -55.377  -33.502 0.1000000015
36671  -41.558  -53.287  -33.484 0.1000000015
32723  -38.226  -57.444  -33.748 0.1000000015
137090  -38.737  -56.364  -33.695 0.1000000015
33769  -39.386  -56.479  -34.111 0.1000000015
34745  -39.798  -55.866  -34.025 0.1000000015
35726  -40.941  -55.031  -33.908 0.1000000015
119141  -38.898  -57.908  -34.345 0.1000000015
33770  -40.279  -56.540  -34.479 0.1000000015
32734  -40.325  -57.283  -34.818 0.1000000015
30667  -39.295  -58.755  -34.821 0.1000000015
31715  -40.126  -58.905  -35.187 0.1000000015
136224  -40.535  -58.343  -35.401 0.1000000015
30678  -40.239  -59.563  -35.747 0.1000000015
29612  -41.181  -60.063  -37.023 0.1000000015
25242  -49.147  -64.496  -33.251 0.3000000119
25272  -48.791  -64.423  -34.704 0.3000000119
25284  -48.391  -64.695  -35.242 0.3000000119
24186  -47.931  -65.440  -35.663 0.2000000030
24185  -47.394  -65.684  -36.096 0.2000000030
23071  -47.209  -66.244  -36.254 0.2000000030
26349  -48.150  -64.149  -35.244 0.3000000119
25283  -47.786  -64.930  -35.730 0.3000000119
25282  -46.926  -64.889  -35.892 0.3000000119
23070  -46.869  -66.674  -36.348 0.2000000030
136845  -45.277  -62.210  -33.431 0.3000000119
27452  -46.116  -62.261  -33.820 0.3000000119
26339  -46.954  -63.589  -34.794 0.3000000119
24184  -46.961  -65.669  -36.155 0.2000000030
124166  -45.510  -59.934  -32.729 0.2000000030
28497  -45.644  -61.593  -33.377 0.3000000119
28498  -46.363  -61.353  -33.512 0.3000000119
30624  -44.516  -58.999  -31.864 0.2000000030
32701  -43.419  -57.907  -30.972 0.3000000119
32686  -42.512  -57.577  -30.893 0.2000000030
32685  -41.814  -57.302  -30.841 0.2000000030
32746  -40.949  -56.937  -35.032 0.1000000015
31716  -41.128  -58.171  -35.838 0.1000000015
31727  -41.418  -58.800  -36.298 0.1000000015
30686  -40.946  -59.502  -36.332 0.1000000015
25231  -50.187  -64.216  -31.629 0.1000000015
25244  -50.570  -63.295  -32.012 0.2000000030
25243  -49.873  -63.962  -32.618 0.3000000119
25258  -49.607  -63.872  -33.520 0.3000000119
26326  -49.972  -63.174  -33.655 0.3000000119
26342  -49.699  -63.072  -34.263 0.3000000119
27453  -47.033  -61.865  -33.950 0.3000000119
27464  -47.971  -62.330  -34.466 0.3000000119
29561  -46.258  -59.871  -32.819 0.3000000119
29575  -46.731  -60.539  -33.234 0.3000000119
132688  -47.126  -61.140  -33.580 0.3000000119
28499  -47.858  -61.429  -33.853 0.3000000119
30644  -46.673  -59.410  -31.974 0.2000000030
30625  -45.309  -58.898  -31.897 0.2000000030
31677  -44.915  -58.414  -31.353 0.1000000015
31676  -44.055  -58.524  -31.418 0.2000000030
31665  -45.273  -58.104  -30.534 0.1000000015
32702  -44.459  -57.894  -30.777 0.2000000030
131923  -43.147  -57.073  -30.375 0.3000000119
26327  -50.581  -62.535  -33.166 0.3000000119
27454  -50.643  -62.102  -33.343 0.3000000119
28501  -50.322  -61.772  -33.433 0.3000000119
28514  -48.773  -61.761  -34.002 0.3000000119
30645  -47.636  -59.812  -31.807 0.3000000119
29576  -47.806  -60.632  -33.183 0.3000000119
28500  -48.556  -61.141  -33.444 0.3000000119
30607  -47.168  -59.557  -31.033 0.2000000030
30606  -46.566  -59.260  -30.346 0.1000000015
142501  -45.706  -58.477  -30.516 0.1000000015
31650  -45.685  -58.581  -29.888 0.1000000015
32688  -44.809  -57.372  -30.068 0.1000000015
27427  -50.740  -62.194  -32.182 0.3000000119
27426  -50.294  -62.055  -31.792 0.2000000030
126378  -50.312  -61.455  -32.979 0.3000000119
124139  -49.515  -61.349  -33.346 0.3000000119
140985  -49.525  -61.322  -32.346 0.3000000119
30627  -47.756  -60.016  -31.369 0.2000000030
30628  -48.264  -60.284  -31.835 0.3000000119
29577  -48.774  -60.768  -32.828 0.3000000119
28455  -47.015  -60.616  -30.627 0.2000000030
28465  -47.762  -60.945  -31.155 0.2000000030
28453  -45.694  -61.077  -30.251 0.1000000015
29532  -46.242  -60.341  -30.120 0.1000000015
28452  -45.036  -61.831  -30.260 0.1000000015
127663  -45.685  -59.997  -29.587 0.1000000015
30592  -45.635  -59.254  -29.414 0.1000000015
130168  -45.268  -58.639  -29.361 0.1000000015
31643  -44.682  -58.253  -29.085 0.1000000015
27425  -49.077  -62.304  -31.509 0.2000000030
28467  -49.625  -61.584  -32.070 0.2000000030
28466  -48.614  -61.315  -31.680 0.2000000030
141553  -46.486  -62.179  -30.962 0.1000000015
27423  -47.142  -61.568  -31.023 0.2000000030
28449  -45.101  -60.733  -29.683 0.1000000015
29522  -44.918  -59.844  -29.135 0.1000000015
30590  -44.308  -59.170  -28.878 0.1000000015
28447  -43.659  -61.645  -29.444 0.1000000015
29525  -44.189  -60.810  -29.334 0.1000000015
29521  -43.820  -60.080  -28.984 0.1000000015
27404  -42.984  -62.124  -29.267 0.1000000015
28445  -43.129  -61.081  -29.176 0.1000000015
29520  -42.807  -60.320  -28.826 0.1000000015
120054  -39.792  -70.652  -37.008 0.4000000060
133977  -40.083  -70.637  -36.128 0.5000000000
19716  -39.496  -70.138  -35.321 0.5000000000
140206  -40.373  -70.949  -36.618 0.4000000060
17577  -41.490  -71.759  -37.727 0.5000000000
17564  -41.878  -71.645  -37.001 0.4000000060
14522  -39.481  -74.691  -39.067 0.5000000000
18649  -39.397  -70.462  -37.605 0.5000000000
17576  -40.500  -71.429  -37.743 0.6000000238
16547  -39.686  -72.357  -38.611 0.5000000000
15549  -38.756  -73.994  -39.236 0.3000000119
16548  -40.942  -72.463  -38.428 0.5000000000
137000  -40.114  -76.947  -38.659 0.5000000000
20791  -38.118  -69.201  -35.313 0.4000000060
135606  -37.815  -71.833  -41.102 0.5000000000
18686  -38.630  -70.202  -42.137 0.4000000060
13483  -42.310  -75.785  -36.355 0.2000000030
133157  -42.145  -71.104  -35.402 0.5000000000
17563  -40.670  -71.271  -37.097 0.4000000060
132778  -37.629  -68.640  -34.729 0.3000000119
19725  -38.729  -69.597  -36.834 0.4000000060
21860  -37.018  -67.316  -33.656 0.4000000060
20806  -38.096  -69.257  -36.275 0.5000000000
19738  -38.655  -69.532  -37.574 0.6000000238
17592  -39.319  -71.197  -38.421 0.6000000238
16546  -38.698  -72.914  -38.974 0.5000000000
20789  -36.789  -68.473  -36.017 0.4000000060
20805  -37.505  -68.775  -36.603 0.4000000060
20822  -37.555  -68.594  -37.474 0.5000000000
19752  -38.649  -69.576  -38.180 0.5000000000
17591  -38.678  -71.784  -38.898 0.5000000000
23052  -36.103  -67.197  -34.805 0.4000000060
23009  -36.063  -66.182  -33.848 0.4000000060
19763  -38.329  -69.309  -39.606 0.4000000060
23051  -35.674  -67.105  -35.342 0.4000000060
23031  -34.982  -66.017  -34.787 0.3000000119
21920  -35.950  -67.970  -37.035 0.5000000000
20834  -36.786  -68.277  -38.338 0.5000000000
18669  -38.292  -69.887  -40.208 0.5000000000
122965  -37.228  -68.379  -38.893 0.4000000060
119949  -37.941  -68.899  -40.157 0.4000000060
20848  -37.688  -68.555  -39.477 0.4000000060
21943  -35.192  -67.872  -38.423 0.4000000060
131730  -37.282  -68.582  -40.191 0.4000000060
19708  -43.112  -70.093  -34.916 0.5000000000
17552  -42.483  -71.377  -36.275 0.4000000060
24156  -41.300  -65.695  -33.376 0.5000000000
122024  -39.195  -63.814  -32.144 0.3000000119
24151  -36.476  -65.659  -33.256 0.4000000060
25236  -36.476  -64.015  -32.590 0.3000000119
130563  -36.200  -63.123  -32.441 0.3000000119
138859  -35.346  -63.825  -33.604 0.3000000119
24171  -34.925  -65.241  -34.276 0.3000000119
139386  -35.183  -66.588  -35.226 0.3000000119
138165  -34.449  -65.358  -35.808 0.3000000119
25266  -34.614  -64.557  -35.021 0.2000000030
121387  -34.234  -65.655  -36.383 0.3000000119
21918  -34.326  -67.060  -37.281 0.3000000119
23090  -33.837  -66.796  -37.999 0.3000000119
21942  -33.971  -67.193  -38.761 0.3000000119
140252  -34.550  -67.569  -38.816 0.4000000060
20845  -34.807  -68.024  -39.939 0.4000000060
24206  -33.693  -65.534  -38.589 0.2000000030
23089  -33.618  -66.472  -38.843 0.3000000119
21965  -33.725  -67.277  -40.187 0.2000000030
25300  -34.215  -64.441  -37.694 0.2000000030
25315  -33.936  -64.948  -39.078 0.2000000030
139342  -36.142  -63.669  -39.717 0.1000000015
26389  -37.903  -63.200  -38.294 0.1000000015
20778  -43.155  -68.053  -34.267 0.4000000060
19717  -43.652  -70.171  -35.668 0.5000000000
17566  -43.801  -71.461  -37.786 0.4000000060
131989  -42.378  -71.803  -37.873 0.5000000000
23014  -41.694  -66.396  -33.525 0.5000000000
132361  -39.266  -62.472  -31.634 0.3000000119
29540  -37.462  -60.688  -31.072 0.1000000015
29541  -38.361  -60.745  -30.956 0.1000000015
28478  -36.190  -61.522  -32.310 0.2000000030
26319  -35.385  -63.049  -33.564 0.2000000030
27447  -35.497  -62.220  -33.694 0.2000000030
26337  -35.098  -63.362  -34.282 0.2000000030
26347  -34.550  -63.596  -35.944 0.2000000030
28512  -35.718  -61.559  -34.316 0.2000000030
26356  -34.334  -64.083  -36.629 0.2000000030
27474  -35.441  -62.466  -35.324 0.1000000015
26357  -34.849  -63.315  -36.527 0.1000000015
26358  -35.937  -63.098  -36.805 0.1000000015
27475  -37.065  -61.950  -36.017 0.1000000015
26370  -35.306  -63.437  -37.406 0.1000000015
27485  -37.350  -62.463  -36.598 0.1000000015
127120  -35.756  -63.541  -38.184 0.1000000015
26372  -37.842  -62.987  -37.592 0.1000000015
26373  -38.474  -63.101  -37.933 0.1000000015
27511  -40.052  -63.082  -38.225 0.1000000015
15516  -44.190  -73.088  -35.584 0.3000000119
18641  -45.598  -70.302  -37.211 0.3000000119
17554  -45.381  -71.345  -36.481 0.3000000119
18652  -45.377  -70.005  -37.490 0.3000000119
18651  -44.904  -70.598  -37.613 0.3000000119
16520  -45.051  -71.781  -36.817 0.3000000119
139593  -44.338  -71.465  -37.752 0.3000000119
18639  -44.432  -70.737  -37.527 0.3000000119
19740  -45.361  -69.535  -37.432 0.3000000119
19718  -44.277  -69.663  -36.361 0.3000000119
21882  -43.658  -67.703  -34.735 0.4000000060
21901  -44.225  -67.799  -35.441 0.4000000060
20792  -44.456  -68.622  -36.123 0.4000000060
23015  -42.657  -66.438  -33.773 0.4000000060
21881  -43.121  -67.274  -34.145 0.4000000060
27421  -40.800  -61.846  -31.602 0.3000000119
29542  -39.362  -60.649  -31.079 0.2000000030
30603  -38.170  -59.204  -30.494 0.1000000015
30618  -37.015  -59.875  -31.230 0.1000000015
127502  -37.068  -59.016  -31.397 0.1000000015
29586  -36.606  -60.301  -34.250 0.1000000015
28526  -36.613  -61.454  -35.420 0.1000000015
28541  -37.841  -61.812  -36.348 0.1000000015
27487  -39.000  -62.291  -37.054 0.1000000015
27497  -38.582  -62.796  -37.421 0.1000000015
28557  -40.539  -61.749  -37.551 0.1000000015
17542  -45.519  -71.172  -35.685 0.2000000030
18626  -46.052  -70.350  -35.574 0.2000000030
16509  -44.402  -72.482  -35.205 0.2000000030
20807  -45.738  -68.726  -37.193 0.3000000119
126892  -43.394  -66.707  -34.317 0.4000000060
133799  -37.763  -58.585  -30.536 0.1000000015
32682  -38.253  -57.324  -30.260 0.1000000015
32681  -37.749  -57.169  -30.553 0.1000000015
123675  -37.408  -58.381  -30.938 0.1000000015
33718  -37.634  -56.602  -30.903 0.1000000015
32713  -37.285  -57.399  -31.959 0.1000000015
30640  -36.971  -59.200  -33.106 0.1000000015
29587  -37.479  -60.044  -34.783 0.1000000015
30666  -38.697  -59.378  -34.927 0.1000000015
18614  -45.839  -70.257  -34.656 0.2000000030
20780  -46.178  -69.007  -34.564 0.2000000030
126331  -46.489  -69.016  -35.404 0.2000000030
19711  -46.402  -69.417  -35.934 0.3000000119
20794  -46.602  -68.472  -36.129 0.2000000030
27450  -43.975  -62.590  -32.965 0.3000000119
26322  -43.726  -63.455  -33.163 0.3000000119
25256  -44.370  -64.096  -33.629 0.3000000119
25268  -44.146  -64.992  -33.786 0.3000000119
122938  -44.289  -60.132  -32.530 0.3000000119
30605  -39.927  -59.127  -30.810 0.1000000015
33720  -38.880  -56.503  -30.049 0.1000000015
33704  -38.918  -55.653  -29.785 0.1000000015
35665  -38.655  -54.613  -30.278 0.1000000015
37632  -39.925  -52.276  -30.612 0.1000000015
37631  -39.604  -52.900  -30.226 0.1000000015
34705  -37.639  -55.863  -31.291 0.1000000015
35678  -38.811  -54.042  -30.990 0.1000000015
35694  -39.185  -53.650  -31.882 0.1000000015
38672  -40.438  -51.995  -31.044 0.1000000015
37647  -40.052  -52.335  -31.454 0.1000000015
38660  -41.266  -51.632  -30.123 0.1000000015
38662  -42.838  -51.296  -30.502 0.1000000015
34719  -37.630  -55.828  -32.199 0.1000000015
34706  -37.915  -55.158  -31.586 0.1000000015
34720  -38.172  -55.185  -32.325 0.1000000015
37669  -40.430  -52.650  -32.414 0.1000000015
37670  -41.652  -52.033  -31.878 0.1000000015
32722  -37.577  -57.544  -32.974 0.1000000015
140853  -37.851  -56.223  -32.752 0.1000000015
31688  -37.361  -58.487  -33.021 0.1000000015
29611  -40.359  -60.336  -36.413 0.1000000015
24160  -48.612  -65.103  -33.975 0.2000000030
23037  -48.084  -65.840  -35.287 0.2000000030
23035  -47.278  -66.916  -35.056 0.2000000030
25257  -49.012  -64.512  -34.161 0.3000000119
21884  -47.333  -66.748  -35.816 0.2000000030
142301  -44.995  -62.662  -33.450 0.3000000119
28496  -44.892  -61.405  -33.076 0.3000000119
26338  -46.111  -63.763  -34.421 0.3000000119
118194  -45.530  -63.022  -33.764 0.3000000119
25271  -46.689  -64.389  -35.213 0.3000000119
25281  -46.521  -65.103  -35.529 0.3000000119
29560  -44.900  -60.432  -32.754 0.3000000119
31675  -42.493  -58.235  -31.352 0.3000000119
31674  -41.699  -58.466  -31.243 0.2000000030
119596  -40.013  -56.800  -30.268 0.1000000015
36670  -40.041  -53.934  -33.320 0.1000000015
38690  -42.234  -51.971  -32.489 0.1000000015
33756  -39.106  -55.953  -33.730 0.1000000015
129575  -39.637  -54.672  -33.339 0.1000000015
34734  -40.119  -55.208  -33.801 0.1000000015
32732  -38.791  -56.990  -34.036 0.1000000015
32733  -39.624  -57.211  -34.459 0.1000000015
31707  -39.990  -58.056  -34.832 0.1000000015
31708  -40.746  -57.669  -35.315 0.1000000015
31726  -40.744  -58.900  -35.771 0.1000000015
24140  -48.594  -65.066  -32.829 0.3000000119
25273  -49.359  -63.828  -34.251 0.3000000119
25285  -48.946  -63.806  -34.842 0.3000000119
26348  -47.411  -64.325  -35.396 0.3000000119
26340  -48.447  -63.250  -34.871 0.3000000119
26325  -46.970  -62.720  -34.326 0.3000000119
120467  -47.603  -63.127  -34.719 0.3000000119
30643  -45.764  -59.376  -32.339 0.2000000030
29574  -45.731  -60.675  -33.155 0.3000000119
124123  -42.397  -56.963  -30.570 0.2000000030
33721  -41.799  -56.552  -30.483 0.2000000030
24128  -49.520  -65.136  -31.041 0.1000000015
26309  -50.276  -63.219  -32.931 0.3000000119
27465  -48.998  -62.483  -34.511 0.3000000119
28515  -49.656  -61.985  -34.005 0.3000000119
29562  -47.237  -59.963  -32.639 0.3000000119
123179  -45.992  -58.965  -31.759 0.2000000030
31678  -45.698  -58.586  -31.141 0.2000000030
26310  -50.705  -62.533  -32.430 0.3000000119
27438  -50.885  -62.055  -32.865 0.3000000119
29563  -48.164  -60.240  -32.374 0.3000000119
29533  -47.467  -60.197  -30.942 0.2000000030
29526  -46.820  -59.901  -30.391 0.2000000030
30626  -46.452  -58.953  -31.125 0.2000000030
31651  -46.097  -58.760  -30.437 0.1000000015
140140  -46.135  -59.070  -29.863 0.1000000015
30593  -46.217  -59.617  -29.869 0.1000000015
31649  -45.150  -57.967  -29.717 0.1000000015
28468  -50.374  -61.797  -32.292 0.3000000119
29547  -48.924  -60.918  -32.031 0.3000000119
29546  -48.106  -60.539  -31.497 0.2000000030
28454  -46.419  -61.249  -30.614 0.1000000015
30591  -45.050  -59.033  -29.057 0.1000000015
26291  -47.918  -63.008  -31.153 0.2000000030
27424  -47.946  -62.073  -31.416 0.2000000030
27412  -45.771  -62.075  -30.719 0.1000000015
118221  -38.640  -75.320  -40.266 0.3000000119
13541  -38.788  -76.518  -40.723 0.3000000119
10521  -35.842  -79.253  -41.376 0.2000000030
11493  -34.293  -77.901  -41.566 0.2000000030
12529  -38.864  -77.635  -40.430 0.4000000060
10524  -37.848  -78.681  -41.016 0.3000000119
121522  -38.503  -75.466  -41.189 0.4000000060
11495  -38.432  -78.022  -41.061 0.3000000119
128426  -37.232  -79.152  -40.923 0.3000000119
14552  -38.207  -74.469  -40.683 0.4000000060
12539  -38.588  -77.004  -41.648 0.4000000060
10523  -37.289  -78.659  -41.784 0.3000000119
10534  -35.764  -79.145  -42.277 0.2000000030
14555  -38.516  -74.542  -41.782 0.4000000060
138689  -38.672  -76.232  -41.697 0.4000000060
11509  -37.811  -77.921  -42.578 0.4000000060
15581  -38.066  -73.596  -41.196 0.4000000060
12543  -38.617  -76.773  -42.702 0.4000000060
10553  -37.466  -78.055  -43.069 0.3000000119
10551  -35.959  -78.716  -43.120 0.3000000119
137987  -38.847  -74.280  -42.400 0.4000000060
13545  -38.835  -76.263  -42.500 0.4000000060
12548  -38.156  -76.975  -43.548 0.3000000119
10552  -36.794  -78.400  -43.108 0.4000000060
16577  -38.148  -72.709  -41.601 0.4000000060
121957  -39.019  -76.177  -43.118 0.4000000060
11541  -37.645  -77.260  -43.713 0.3000000119
15589  -39.310  -74.103  -42.915 0.4000000060
13549  -39.274  -75.569  -42.996 0.4000000060
13552  -38.949  -75.885  -43.607 0.4000000060
16585  -38.736  -72.699  -42.376 0.4000000060
13553  -39.314  -75.257  -43.564 0.4000000060
12564  -38.388  -76.330  -43.799 0.3000000119
124315  -38.385  -71.883  -42.063 0.4000000060
130057  -39.414  -73.211  -42.973 0.4000000060
14559  -39.472  -74.690  -43.355 0.4000000060
13570  -38.691  -75.702  -44.029 0.4000000060
130056  -40.183  -72.858  -43.598 0.4000000060
15590  -39.794  -73.769  -43.589 0.4000000060
13571  -39.255  -75.205  -44.050 0.4000000060
13569  -37.948  -75.848  -44.284 0.3000000119
16586  -39.430  -72.124  -42.913 0.4000000060
15599  -40.358  -73.292  -44.038 0.4000000060
14578  -39.456  -74.487  -44.486 0.4000000060
14577  -38.712  -75.036  -44.510 0.3000000119
124565  -37.036  -75.478  -44.610 0.2000000030
17632  -38.926  -71.088  -42.483 0.3000000119
17633  -39.868  -71.207  -43.108 0.4000000060
128406  -40.307  -71.988  -43.569 0.4000000060
135896  -40.309  -73.053  -44.481 0.4000000060
15615  -39.961  -73.759  -44.452 0.4000000060
14576  -37.793  -74.954  -44.694 0.2000000030
14592  -38.295  -74.438  -44.938 0.2000000030
132886  -36.515  -73.815  -44.811 0.3000000119
19794  -38.896  -69.648  -42.646 0.3000000119
18687  -39.415  -70.385  -42.827 0.3000000119
121232  -40.052  -70.614  -43.435 0.3000000119
125102  -39.778  -73.158  -45.041 0.3000000119
15632  -38.243  -73.739  -45.425 0.2000000030
14593  -38.971  -74.238  -44.991 0.2000000030
15614  -37.501  -74.139  -45.001 0.2000000030
15613  -34.950  -73.793  -44.427 0.2000000030
20874  -38.350  -69.159  -42.209 0.3000000119
133674  -39.593  -69.933  -43.229 0.3000000119
17641  -40.682  -71.854  -44.044 0.4000000060
15633  -39.078  -73.524  -45.373 0.1000000015
136106  -38.081  -68.847  -42.473 0.3000000119
19795  -39.163  -69.493  -43.211 0.3000000119
18701  -40.444  -70.973  -44.179 0.2000000030
17666  -40.358  -71.835  -45.104 0.2000000030
15631  -37.213  -73.461  -45.474 0.1000000015
16606  -34.798  -73.193  -44.672 0.2000000030
19819  -38.932  -69.273  -44.678 0.2000000030
18714  -40.063  -70.312  -44.694 0.2000000030
17686  -39.540  -71.592  -45.764 0.1000000015
137640  -38.545  -73.142  -45.785 0.1000000015
16626  -37.046  -72.889  -46.123 0.1000000015
16625  -36.216  -72.996  -45.400 0.1000000015
132562  -38.118  -68.894  -43.292 0.3000000119
19808  -38.938  -69.234  -43.723 0.3000000119
20871  -35.114  -68.485  -41.352 0.2000000030
20889  -36.265  -68.627  -42.432 0.1000000015
20890  -37.267  -68.711  -42.831 0.3000000119
20907  -38.080  -69.033  -44.226 0.2000000030
18728  -39.861  -70.476  -45.427 0.1000000015
16648  -38.431  -72.565  -46.304 0.1000000015
137229  -36.340  -72.614  -46.159 0.1000000015
120758  -35.276  -68.524  -42.140 0.2000000030
20905  -36.284  -68.630  -43.325 0.2000000030
20906  -37.201  -68.771  -43.766 0.2000000030
19830  -39.509  -69.765  -45.249 0.1000000015
18740  -39.374  -70.782  -46.110 0.1000000015
17685  -38.887  -71.548  -46.551 0.1000000015
16647  -37.630  -72.550  -46.799 0.1000000015
16645  -35.888  -72.408  -46.741 0.1000000015
16643  -34.075  -71.897  -46.243 0.1000000015
20918  -36.283  -68.544  -44.182 0.1000000015
20919  -37.137  -68.685  -44.795 0.2000000030
20920  -38.138  -69.074  -45.134 0.1000000015
19839  -39.372  -70.013  -46.053 0.1000000015
17711  -38.493  -71.281  -47.305 0.1000000015
140907  -37.706  -72.179  -47.264 0.1000000015
16666  -36.274  -72.261  -47.452 0.1000000015
16644  -34.963  -72.241  -46.515 0.1000000015
17682  -33.082  -71.589  -46.092 0.1000000015
20934  -38.424  -69.151  -45.920 0.1000000015
18753  -38.599  -70.419  -47.425 0.1000000015
17731  -37.335  -71.164  -48.210 0.1000000015
21977  -34.370  -68.130  -41.245 0.2000000030
20870  -34.575  -68.326  -41.889 0.1000000015
20888  -35.345  -68.566  -42.971 0.1000000015
20904  -35.457  -68.468  -43.769 0.1000000015
20917  -35.462  -68.338  -44.541 0.1000000015
20933  -37.545  -68.587  -45.836 0.1000000015
20947  -38.694  -69.509  -46.617 0.1000000015
17710  -37.744  -71.685  -47.610 0.1000000015
19849  -38.549  -69.628  -47.450 0.1000000015
127113  -36.114  -79.348  -41.819 0.3000000119
11494  -37.935  -78.107  -41.733 0.3000000119
11510  -38.301  -77.466  -42.166 0.3000000119
10535  -36.504  -78.962  -42.312 0.3000000119
125132  -38.795  -75.549  -42.184 0.4000000060
11525  -37.192  -77.775  -43.541 0.3000000119
15582  -38.655  -73.593  -42.189 0.4000000060
12549  -38.603  -76.577  -43.313 0.4000000060
137282  -40.626  -72.530  -43.948 0.4000000060
133658  -37.011  -74.616  -44.745 0.2000000030
15616  -40.269  -72.560  -44.860 0.2000000030
20891  -38.665  -69.148  -42.910 0.3000000119
18700  -39.948  -70.161  -43.896 0.3000000119
16629  -39.703  -72.327  -45.416 0.2000000030
16627  -37.862  -73.045  -45.994 0.1000000015
17649  -40.603  -71.661  -44.530 0.4000000060
19820  -39.560  -69.683  -44.312 0.2000000030
18729  -40.380  -71.047  -44.957 0.2000000030
16649  -38.983  -72.102  -46.009 0.1000000015
127343  -35.156  -72.836  -45.143 0.1000000015
17684  -38.299  -72.088  -47.038 0.1000000015
16646  -36.761  -72.546  -46.849 0.1000000015
16624  -34.601  -72.345  -45.598 0.1000000015
20887  -34.538  -68.322  -42.619 0.1000000015
19829  -39.035  -69.577  -45.881 0.1000000015
18739  -38.958  -70.169  -46.747 0.1000000015
137665  -34.451  -71.932  -47.049 0.1000000015
131940  -32.915  -71.470  -46.917 0.1000000015
20946  -38.144  -68.722  -46.625 0.1000000015
134649  -36.168  -68.395  -44.901 0.1000000015
11440  -39.931  -78.197  -37.429 0.3000000119
11429  -39.302  -78.269  -37.863 0.2000000030
12482  -38.738  -78.245  -37.940 0.3000000119
11439  -39.159  -78.280  -38.598 0.2000000030
12485  -41.108  -76.717  -37.504 0.4000000060
12484  -40.407  -77.593  -37.813 0.2000000030
12483  -39.751  -78.189  -38.119 0.3000000119
11438  -38.621  -78.254  -38.560 0.2000000030
13507  -40.801  -76.296  -38.284 0.4000000060
11453  -38.640  -78.381  -39.229 0.2000000030
131170  -37.836  -78.117  -38.970 0.1000000015
11452  -38.033  -78.560  -39.279 0.2000000030
12505  -39.554  -77.719  -38.955 0.3000000119
12503  -37.524  -76.995  -38.835 0.1000000015
12502  -36.928  -77.378  -39.412 0.1000000015
12528  -36.033  -77.239  -39.944 0.1000000015
11451  -37.383  -78.466  -39.458 0.1000000015
11477  -36.555  -78.558  -39.870 0.1000000015
13538  -34.700  -76.160  -40.228 0.1000000015
127882  -35.598  -78.070  -40.306 0.1000000015
12526  -34.249  -76.685  -40.301 0.1000000015
12527  -35.142  -76.995  -40.231 0.1000000015
13521  -39.585  -76.573  -39.340 0.3000000119
11454  -39.163  -78.038  -39.500 0.2000000030
10493  -38.164  -78.773  -39.811 0.2000000030
10492  -37.455  -78.900  -39.812 0.2000000030
123133  -34.729  -77.529  -40.629 0.1000000015
13537  -33.870  -76.016  -40.156 0.1000000015
14535  -39.043  -75.208  -39.514 0.2000000030
11478  -38.704  -78.352  -40.062 0.2000000030
10508  -36.782  -79.158  -40.454 0.2000000030
12525  -33.309  -76.464  -40.140 0.1000000015
12504  -39.303  -77.271  -39.825 0.3000000119
10510  -38.236  -78.663  -40.414 0.3000000119
140929  -36.239  -79.276  -40.859 0.2000000030
11475  -33.795  -77.158  -40.672 0.1000000015
10520  -35.148  -78.799  -42.019 0.1000000015
141502  -32.678  -77.405  -41.258 0.1000000015
13520  -39.088  -76.208  -39.913 0.2000000030
11508  -34.412  -78.369  -42.766 0.1000000015
124553  -32.766  -77.594  -42.149 0.1000000015
11507  -33.538  -77.832  -42.468 0.1000000015
10550  -35.219  -78.732  -43.012 0.1000000015
123499  -35.360  -78.354  -43.971 0.1000000015
10518  -31.667  -78.331  -41.691 0.1000000015
11523  -34.680  -78.389  -43.611 0.1000000015
11540  -36.886  -77.279  -44.128 0.3000000119
11521  -32.984  -77.544  -43.766 0.1000000015
14536  -39.680  -75.749  -39.078 0.3000000119
11476  -35.308  -78.480  -41.068 0.1000000015
11492  -33.302  -77.384  -41.467 0.1000000015
10509  -37.636  -78.989  -40.320 0.2000000030
136417  -35.989  -79.037  -40.527 0.1000000015
133355  -32.211  -77.747  -41.538 0.1000000015
11522  -33.821  -77.923  -43.555 0.1000000015
11491  -31.724  -77.934  -40.795 0.1000000015
11506  -32.952  -77.788  -43.104 0.1000000015
11524  -36.332  -78.098  -43.785 0.2000000030
12559  -33.342  -76.783  -44.459 0.1000000015
12558  -32.352  -76.655  -44.472 0.1000000015
13565  -32.925  -76.016  -44.537 0.2000000030
12557  -31.363  -76.485  -44.376 0.1000000015
12561  -35.386  -76.841  -44.775 0.2000000030
12560  -34.401  -77.055  -44.583 0.2000000030
13564  -31.961  -75.821  -44.418 0.2000000030
13566  -33.907  -76.190  -44.570 0.1000000015
122780  -33.513  -75.167  -44.449 0.1000000015
11539  -35.852  -77.572  -44.410 0.2000000030
120924  -34.713  -76.342  -44.740 0.1000000015
122781  -32.529  -75.125  -44.319 0.1000000015
14574  -34.487  -75.480  -44.585 0.1000000015
130259  -33.552  -74.188  -44.272 0.1000000015
13567  -35.340  -75.790  -44.741 0.1000000015
12563  -37.741  -76.731  -43.985 0.2000000030
121696  -37.003  -76.410  -44.398 0.2000000030
13568  -36.180  -76.105  -44.704 0.2000000030
132525  -34.293  -74.420  -44.341 0.1000000015
14575  -35.167  -74.701  -44.506 0.1000000015
140447  -35.089  -77.612  -44.499 0.1000000015
12470  -41.029  -77.209  -36.938 0.2000000030
12468  -39.048  -78.020  -37.389 0.1000000015
15505  -43.771  -73.529  -34.897 0.1000000015
24139  -48.022  -65.572  -33.548 0.1000000015
19700  -44.939  -69.579  -33.410 0.1000000015
17527  -44.570  -71.105  -34.042 0.1000000015
21868  -46.779  -67.599  -34.672 0.1000000015
18613  -45.202  -70.326  -34.015 0.1000000015
24126  -47.909  -65.565  -32.276 0.2000000030
23000  -47.305  -65.978  -32.941 0.1000000015
20763  -44.031  -68.631  -31.984 0.1000000015
23019  -47.456  -66.261  -34.200 0.1000000015
23017  -46.110  -66.724  -33.062 0.1000000015
137856  -45.498  -67.953  -33.314 0.1000000015
20773  -45.430  -68.806  -33.564 0.1000000015
20772  -44.677  -68.906  -32.820 0.1000000015
13492  -41.666  -76.416  -36.857 0.2000000030
15515  -43.739  -73.727  -35.536 0.1000000015
19701  -45.675  -69.655  -34.181 0.1000000015
20774  -46.162  -68.223  -34.095 0.1000000015
23018  -46.749  -66.903  -34.004 0.1000000015
18602  -44.314  -70.204  -33.339 0.1000000015
19689  -44.099  -69.405  -32.638 0.1000000015
21867  -46.036  -67.403  -33.627 0.1000000015
22998  -45.982  -66.692  -32.157 0.1000000015
11420  -40.628  -77.537  -36.743 0.1000000015
11419  -40.174  -77.907  -36.805 0.1000000015
27414  -50.006  -62.400  -31.155 0.1000000015
142478  -50.697  -62.489  -30.605 0.1000000015
27415  -51.144  -62.696  -30.354 0.1000000015
26294  -51.271  -63.190  -30.225 0.1000000015
25227  -51.090  -64.093  -30.201 0.1000000015
120987  -50.845  -62.486  -31.309 0.1000000015
26301  -51.038  -62.724  -31.386 0.1000000015
27407  -50.675  -62.665  -29.770 0.1000000015
27408  -51.350  -62.717  -29.447 0.1000000015
27409  -51.840  -62.789  -29.116 0.1000000015
25213  -51.691  -63.912  -29.054 0.1000000015
26293  -49.829  -62.716  -30.349 0.1000000015
26281  -51.687  -63.177  -29.391 0.1000000015
25228  -51.416  -63.718  -29.678 0.1000000015
24108  -50.816  -65.397  -29.059 0.1000000015
26241  -52.103  -63.392  -27.676 0.1000000015
26258  -50.054  -63.015  -28.960 0.1000000015
27388  -50.979  -62.555  -28.935 0.1000000015
27389  -51.539  -62.636  -28.837 0.1000000015
27390  -51.794  -62.845  -28.256 0.1000000015
26280  -49.651  -63.084  -29.588 0.1000000015
26259  -52.002  -63.274  -28.691 0.1000000015
25197  -51.884  -64.132  -28.199 0.1000000015
26292  -48.817  -63.032  -30.872 0.1000000015
27363  -50.989  -62.473  -27.345 0.1000000015
130203  -51.166  -62.573  -28.139 0.1000000015
26240  -49.559  -63.101  -28.182 0.1000000015
26257  -48.909  -63.654  -28.965 0.1000000015
26278  -47.680  -63.552  -30.398 0.1000000015
34695  -41.924  -55.642  -29.970 0.1000000015
131367  -47.983  -63.860  -29.568 0.1000000015
120979  -47.071  -63.263  -30.773 0.1000000015
27413  -47.100  -62.662  -31.112 0.1000000015
32687  -44.084  -57.183  -30.210 0.1000000015
122907  -41.027  -57.058  -30.635 0.1000000015
33706  -40.880  -56.224  -30.160 0.1000000015
33722  -42.776  -56.261  -30.067 0.1000000015
35658  -40.666  -53.961  -29.378 0.1000000015
141856  -40.796  -55.435  -29.880 0.1000000015
139111  -50.433  -62.719  -28.371 0.1000000015
26226  -52.198  -62.911  -26.960 0.1000000015
25232  -50.941  -63.604  -31.056 0.1000000015
25226  -50.410  -64.584  -30.657 0.1000000015
27416  -51.426  -62.884  -29.648 0.1000000015
24121  -50.654  -65.021  -29.832 0.1000000015
25212  -51.222  -64.523  -29.459 0.1000000015
26279  -48.780  -63.431  -30.005 0.1000000015
34683  -40.136  -54.877  -29.623 0.1000000015
21976  -33.824  -67.538  -41.103 0.1000000015
23099  -33.513  -66.767  -40.860 0.1000000015
14490  -39.464  -75.409  -35.726 0.1000000015
137162  -38.952  -75.721  -36.562 0.1000000015
13481  -38.751  -76.799  -37.070 0.1000000015
126571  -38.683  -74.506  -35.655 0.1000000015
14501  -38.550  -74.775  -36.326 0.1000000015
14511  -38.357  -75.214  -37.108 0.1000000015
13482  -39.449  -76.780  -36.392 0.1000000015
15514  -38.324  -73.953  -35.064 0.1000000015
15513  -37.562  -73.626  -35.415 0.1000000015
15502  -37.604  -73.428  -34.723 0.1000000015
137837  -39.042  -74.579  -35.057 0.1000000015
16505  -37.035  -72.964  -34.305 0.1000000015
14479  -39.109  -74.195  -34.184 0.1000000015
22947  -33.534  -66.334  -28.412 0.1000000015
22948  -34.428  -66.265  -28.404 0.1000000015
20745  -32.927  -68.169  -30.760 0.1000000015
20755  -32.473  -68.696  -31.285 0.1000000015
19674  -32.980  -69.101  -31.891 0.1000000015
19684  -32.577  -69.412  -32.582 0.1000000015
12458  -39.883  -77.707  -36.531 0.1000000015
138529  -31.782  -69.568  -32.625 0.1000000015
19685  -33.525  -69.385  -32.539 0.1000000015
15501  -36.744  -73.305  -35.204 0.1000000015
16504  -36.190  -72.735  -34.588 0.1000000015
13506  -38.426  -77.405  -37.782 0.1000000015
19692  -32.190  -69.711  -33.310 0.1000000015
18620  -33.363  -70.502  -34.525 0.1000000015
17537  -34.504  -71.524  -34.648 0.1000000015
134918  -35.413  -72.408  -34.769 0.1000000015
17539  -35.838  -72.107  -34.078 0.1000000015
16490  -36.605  -72.388  -33.816 0.1000000015
15503  -38.299  -73.626  -34.330 0.1000000015
12481  -38.209  -77.806  -38.370 0.1000000015
18604  -30.902  -70.495  -33.764 0.1000000015
17536  -33.767  -71.161  -35.079 0.1000000015
22968  -33.956  -66.835  -28.974 0.1000000015
21824  -33.602  -67.363  -29.549 0.1000000015
121086  -33.833  -68.282  -30.637 0.1000000015
13459  -40.365  -75.944  -34.890 0.1000000015
13470  -40.767  -76.601  -35.155 0.1000000015
12445  -40.192  -76.861  -35.809 0.1000000015
20756  -33.426  -68.687  -31.280 0.1000000015
12457  -39.357  -77.702  -36.865 0.1000000015
18608  -34.460  -70.438  -33.595 0.1000000015
17522  -34.822  -71.162  -33.960 0.1000000015
17523  -35.539  -71.431  -33.692 0.1000000015
16506  -37.880  -73.145  -33.984 0.1000000015
18609  -35.237  -70.699  -33.356 0.1000000015
17524  -36.288  -71.702  -33.425 0.1000000015
16491  -37.447  -72.591  -33.561 0.1000000015
129196  -35.314  -66.323  -28.372 0.1000000015
22969  -34.848  -66.903  -28.890 0.1000000015
22949  -36.198  -66.443  -28.362 0.1000000015
22926  -36.690  -65.977  -27.818 0.1000000015
13460  -41.075  -76.251  -34.362 0.1000000015
21825  -34.435  -67.452  -29.392 0.1000000015
20732  -34.844  -67.990  -29.708 0.1000000015
14480  -39.789  -75.027  -34.541 0.1000000015
13471  -41.275  -76.624  -35.032 0.1000000015
21844  -34.123  -67.942  -29.920 0.1000000015
12446  -40.714  -77.021  -35.776 0.1000000015
19675  -33.929  -69.070  -31.854 0.1000000015
19686  -34.408  -69.499  -32.414 0.1000000015
18596  -34.865  -70.007  -32.947 0.1000000015
19694  -34.029  -69.776  -33.151 0.1000000015
17512  -36.749  -71.277  -32.765 0.1000000015
17525  -37.086  -71.949  -33.152 0.1000000015
18597  -35.648  -70.303  -32.676 0.1000000015
18610  -36.013  -70.952  -33.106 0.1000000015
22950  -37.083  -66.518  -28.431 0.1000000015
14481  -40.659  -75.580  -33.737 0.1000000015
21803  -35.712  -67.015  -28.848 0.1000000015
21804  -36.576  -67.063  -28.893 0.1000000015
22951  -38.050  -66.773  -28.459 0.1000000015
22952  -38.963  -66.808  -28.034 0.1000000015
124956  -40.047  -74.863  -33.462 0.1000000015
13461  -41.784  -76.305  -34.250 0.1000000015
21827  -36.099  -67.744  -29.230 0.1000000015
15492  -38.740  -73.524  -33.601 0.1000000015
130844  -40.300  -77.481  -36.326 0.1000000015
20746  -34.801  -68.427  -30.394 0.1000000015
20733  -35.605  -68.333  -29.747 0.1000000015
16479  -37.897  -72.249  -32.800 0.1000000015
20757  -34.330  -68.796  -31.145 0.1000000015
19676  -34.766  -69.297  -31.648 0.1000000015
19687  -35.224  -69.749  -32.178 0.1000000015
18584  -35.989  -70.055  -31.881 0.1000000015
21805  -37.350  -67.100  -28.916 0.1000000015
15493  -39.628  -74.176  -33.017 0.1000000015
17513  -37.492  -71.626  -32.387 0.1000000015
16480  -38.733  -72.704  -32.297 0.1000000015
20747  -35.533  -68.793  -30.411 0.1000000015
20758  -35.136  -69.068  -30.943 0.1000000015
19677  -35.543  -69.583  -31.382 0.1000000015
15483  -40.103  -74.244  -31.861 0.1000000015
14463  -41.041  -75.168  -31.943 0.1000000015
16481  -39.598  -73.381  -31.618 0.1000000015
21828  -37.001  -67.707  -29.306 0.1000000015
17499  -37.843  -71.384  -31.556 0.1000000015
17514  -38.244  -72.063  -31.923 0.1000000015
16467  -39.138  -72.538  -31.442 0.1000000015
20734  -36.544  -68.404  -29.636 0.1000000015
18585  -36.744  -70.358  -31.574 0.1000000015
18599  -37.138  -70.959  -31.999 0.1000000015
124787  -36.206  -68.907  -30.157 0.1000000015
19678  -36.285  -69.861  -31.102 0.1000000015
19679  -37.080  -70.060  -30.862 0.1000000015
19661  -35.869  -69.344  -30.711 0.1000000015
15484  -40.920  -74.684  -31.495 0.1000000015
15485  -41.100  -74.705  -31.675 0.1000000015
16468  -40.078  -73.188  -30.854 0.1000000015
21829  -37.993  -67.661  -29.201 0.1000000015
18587  -38.225  -71.074  -30.831 0.1000000015
17500  -38.670  -71.784  -31.187 0.1000000015
18586  -37.478  -70.687  -31.205 0.1000000015
16493  -41.425  -73.691  -32.282 0.1000000015
16469  -40.895  -73.598  -30.682 0.1000000015
17501  -39.612  -72.261  -30.816 0.1000000015
19663  -37.436  -69.650  -30.338 0.1000000015
20748  -37.011  -69.015  -30.036 0.1000000015
16482  -41.466  -72.893  -31.614 0.1000000015
20735  -37.448  -68.382  -29.689 0.1000000015
22927  -37.573  -66.079  -27.843 0.1000000015
22913  -40.915  -66.221  -26.582 0.1000000015
22930  -40.629  -66.613  -27.376 0.1000000015
22929  -39.746  -66.731  -27.545 0.1000000015
133080  -39.061  -66.432  -27.412 0.1000000015
21843  -33.313  -67.739  -30.188 0.1000000015
19693  -33.129  -69.670  -33.263 0.1000000015
18606  -32.776  -70.004  -33.993 0.1000000015
18607  -33.660  -70.175  -33.816 0.1000000015
18621  -34.127  -70.810  -34.288 0.1000000015
17551  -34.835  -72.083  -34.885 0.1000000015
16529  -35.709  -72.970  -35.462 0.1000000015
16492  -38.323  -72.885  -33.193 0.1000000015
21826  -35.254  -67.596  -29.294 0.1000000015
18598  -36.400  -70.621  -32.362 0.1000000015
14471  -40.557  -75.004  -32.322 0.1000000015
15482  -39.209  -73.425  -32.630 0.1000000015
15472  -40.553  -74.000  -31.104 0.1000000015
18574  -37.826  -70.366  -30.520 0.1000000015
15473  -41.063  -74.216  -31.026 0.1000000015
141394  -40.133  -66.369  -26.883 0.1000000015
5459  -30.267  -84.400  -46.593 0.1000000015
5447  -29.926  -85.171  -46.438 0.1000000015
7840  -30.978  -81.559  -49.967 0.1000000015
137594  -30.908  -81.677  -49.045 0.1000000015
7013  -30.659  -82.148  -48.418 0.1000000015
142551  -29.653  -84.117  -47.706 0.1000000015
7848  -31.060  -81.189  -50.900 0.1000000015
126240  -31.451  -79.913  -50.755 0.1000000015
9660  -30.846  -80.092  -50.844 0.1000000015
6202  -30.459  -84.101  -46.110 0.1000000015
5448  -30.222  -84.949  -45.761 0.1000000015
4714  -29.947  -85.421  -45.101 0.1000000015
124264  -30.438  -83.679  -46.729 0.1000000015
7012  -30.021  -82.784  -48.535 0.1000000015
142719  -30.059  -83.166  -47.999 0.1000000015
6212  -30.167  -83.675  -47.388 0.1000000015
4724  -29.578  -85.678  -45.862 0.1000000015
129168  -31.490  -81.034  -50.097 0.1000000015
125725  -29.573  -83.587  -48.298 0.1000000015
6243  -29.462  -83.110  -49.317 0.1000000015
130705  -31.746  -80.448  -50.533 0.1000000015
9661  -32.011  -79.348  -50.750 0.1000000015
9645  -31.336  -79.040  -50.727 0.1000000015
136896  -28.576  -81.316  -40.321 0.1000000015
6144  -28.314  -83.660  -41.184 0.1000000015
7729  -28.932  -82.048  -40.341 0.1000000015
6191  -30.186  -84.560  -45.258 0.1000000015
5430  -30.385  -84.981  -44.166 0.1000000015
4689  -30.303  -85.491  -43.190 0.1000000015
5406  -30.019  -85.146  -41.987 0.1000000015
5398  -29.191  -84.316  -41.513 0.1000000015
6145  -29.723  -83.925  -40.924 0.1000000015
134745  -30.332  -83.744  -45.719 0.1000000015
4688  -29.799  -85.483  -42.889 0.1000000015
6979  -30.416  -83.300  -46.491 0.1000000015
131723  -29.558  -85.804  -44.507 0.1000000015
6996  -30.702  -82.010  -47.649 0.1000000015
125991  -30.487  -82.968  -47.109 0.1000000015
8725  -31.997  -79.905  -50.712 0.1000000015
131272  -29.569  -81.488  -40.385 0.1000000015
6906  -28.243  -82.540  -40.484 0.1000000015
8613  -28.985  -80.629  -40.338 0.1000000015
5417  -30.634  -85.121  -42.793 0.1000000015
5407  -30.636  -84.933  -42.156 0.1000000015
5399  -30.316  -84.433  -41.452 0.1000000015
5429  -30.689  -85.024  -43.239 0.1000000015
6181  -30.420  -84.665  -43.679 0.1000000015
7833  -31.119  -81.434  -48.315 0.1000000015
7834  -31.403  -80.897  -48.419 0.1000000015
8702  -31.741  -80.416  -48.966 0.1000000015
9629  -32.325  -79.861  -49.559 0.1000000015
8710  -32.346  -79.855  -50.307 0.1000000015
7811  -30.454  -82.452  -46.898 0.1000000015
7728  -27.743  -81.646  -40.440 0.1000000015
6134  -30.061  -83.505  -40.602 0.1000000015
6922  -27.619  -83.016  -40.855 0.1000000015
6968  -29.721  -83.371  -45.294 0.1000000015
7727  -26.936  -81.612  -40.858 0.1000000015
7809  -28.802  -81.497  -46.188 0.1000000015
8683  -28.386  -80.458  -46.484 0.1000000015
9601  -27.669  -79.600  -46.275 0.1000000015
6146  -30.560  -83.791  -40.971 0.1000000015
6171  -30.673  -84.686  -42.584 0.1000000015
6180  -29.930  -84.067  -43.377 0.1000000015
6967  -28.781  -82.782  -44.717 0.1000000015
6956  -28.916  -83.115  -43.634 0.1000000015
7794  -29.289  -82.428  -45.755 0.1000000015
7793  -28.377  -81.818  -45.323 0.1000000015
6159  -30.592  -84.147  -41.663 0.1000000015
6935  -30.614  -83.701  -41.912 0.1000000015
7771  -28.693  -82.197  -43.257 0.1000000015
6957  -29.601  -83.706  -44.241 0.1000000015
7783  -28.307  -81.888  -44.340 0.1000000015
4679  -30.418  -85.317  -42.553 0.1000000015
4690  -30.423  -85.305  -43.525 0.1000000015
4700  -30.062  -85.731  -43.991 0.1000000015
4701  -30.147  -85.454  -44.349 0.1000000015
5439  -30.168  -85.082  -44.884 0.1000000015
5473  -29.134  -84.526  -48.028 0.1000000015
6170  -29.851  -83.794  -42.850 0.1000000015
6190  -30.064  -84.276  -44.768 0.1000000015
6227  -30.363  -82.738  -47.787 0.1000000015
6905  -27.401  -82.291  -40.709 0.1000000015
6923  -28.873  -83.263  -40.709 0.1000000015
6945  -29.301  -83.204  -42.825 0.1000000015
7841  -31.415  -81.056  -49.205 0.1000000015
8668  -27.944  -81.035  -45.750 0.1000000015
9630  -32.679  -79.199  -50.027 0.1000000015
10522  -36.524  -79.299  -41.317 0.2000000030
10536  -37.214  -78.417  -42.608 0.3000000119
11430  -40.498  -77.704  -37.150 0.1000000015
11526  -37.842  -77.543  -43.278 0.3000000119
11527  -38.310  -77.245  -43.013 0.4000000060
12447  -41.218  -76.903  -35.755 0.1000000015
12459  -40.613  -77.388  -36.346 0.1000000015
12460  -41.147  -77.075  -36.443 0.1000000015
12562  -36.222  -76.886  -44.597 0.2000000030
14502  -42.611  -75.021  -36.772 0.4000000060
14558  -39.135  -74.859  -42.664 0.4000000060
14594  -39.552  -73.922  -44.921 0.4000000060
15474  -41.230  -73.984  -31.247 0.1000000015
16519  -44.612  -72.451  -36.195 0.3000000119
16530  -44.552  -72.216  -37.178 0.3000000119
16538  -44.288  -71.809  -37.782 0.3000000119
16550  -43.143  -72.323  -38.457 0.5000000000
16593  -40.611  -72.423  -44.383 0.4000000060
16607  -35.581  -73.398  -44.773 0.2000000030
16628  -39.092  -72.802  -45.678 0.2000000030
16667  -37.133  -72.200  -47.441 0.1000000015
16709  -28.392  -72.481  -50.427 0.1000000015
16722  -28.239  -72.238  -51.039 0.1000000015
17538  -35.147  -71.811  -34.325 0.1000000015
17579  -43.836  -71.781  -38.011 0.5000000000
17581  -45.196  -70.602  -37.512 0.3000000119
17640  -40.361  -71.316  -43.659 0.4000000060
17665  -40.003  -71.120  -45.488 0.1000000015
17683  -33.681  -71.630  -46.969 0.1000000015
17747  -35.489  -71.113  -49.334 0.2000000030
17832  -30.130  -71.464  -55.967 0.1000000015
18640  -44.992  -70.069  -37.652 0.3000000119
18648  -38.949  -69.997  -37.761 0.6000000238
18650  -39.947  -70.953  -37.470 0.5000000000
18833  -31.740  -70.071  -51.948 0.1000000015
18850  -32.930  -70.190  -52.979 0.1000000015
18866  -33.240  -70.263  -53.685 0.1000000015
19705  -39.341  -69.754  -34.368 0.5000000000
19729  -45.932  -69.685  -37.183 0.3000000119
19730  -46.172  -69.126  -37.039 0.3000000119
19904  -35.596  -69.773  -52.190 0.1000000015
19950  -33.482  -69.251  -54.608 0.1000000015
19967  -32.503  -69.292  -55.091 0.1000000015
20767  -38.483  -68.484  -33.644 0.4000000060
21011  -38.023  -68.235  -51.278 0.1000000015
21012  -38.549  -68.034  -50.953 0.1000000015
21055  -33.566  -68.434  -55.023 0.1000000015
21070  -32.504  -68.243  -55.432 0.1000000015
21879  -36.606  -67.602  -34.512 0.4000000060
21922  -46.633  -67.322  -36.530 0.2000000030
21953  -33.729  -67.084  -39.412 0.3000000119
22117  -32.235  -67.078  -53.095 0.1000000015
22151  -33.997  -66.898  -55.473 0.1000000015
22162  -31.167  -67.393  -55.813 0.1000000015
22912  -39.456  -66.240  -26.837 0.1000000015
22999  -46.617  -66.356  -32.460 0.1000000015
23050  -34.659  -66.116  -35.638 0.3000000119
23056  -47.506  -66.112  -35.968 0.2000000030
23168  -32.926  -66.168  -47.131 0.1000000015
23248  -39.179  -66.492  -51.204 0.1000000015
23283  -32.756  -66.201  -54.810 0.1000000015
23284  -33.485  -65.982  -54.767 0.1000000015
23296  -33.800  -66.170  -55.266 0.1000000015
24192  -47.125  -66.100  -36.304 0.2000000030
24210  -33.625  -65.700  -39.433 0.2000000030
24358  -38.853  -64.349  -50.077 0.1000000015
24404  -36.565  -65.300  -52.790 0.1000000015
25280  -34.368  -64.137  -35.773 0.2000000030
25307  -34.344  -64.416  -38.638 0.1000000015
26324  -46.316  -63.091  -34.197 0.3000000119
26341  -49.222  -63.055  -34.679 0.3000000119
26343  -50.234  -62.634  -33.660 0.3000000119
26402  -35.533  -63.774  -39.440 0.1000000015
27362  -50.294  -62.673  -27.672 0.1000000015
27364  -51.646  -62.639  -27.369 0.1000000015
27466  -49.559  -62.604  -34.284 0.3000000119
27467  -50.092  -62.332  -33.848 0.3000000119
27546  -31.886  -62.530  -40.759 0.1000000015
27666  -36.490  -62.412  -51.450 0.1000000015
28482  -50.078  -61.470  -32.525 0.3000000119
28483  -50.660  -61.777  -32.727 0.3000000119
28494  -35.768  -61.539  -33.570 0.2000000030
28600  -32.400  -62.030  -40.820 0.1000000015
28615  -33.986  -60.925  -42.300 0.1000000015
28681  -34.285  -61.167  -47.440 0.1000000015
29539  -36.566  -60.241  -31.835 0.1000000015
29564  -48.729  -60.665  -32.286 0.3000000119
29565  -49.455  -61.141  -32.609 0.3000000119
29573  -36.301  -60.422  -33.288 0.2000000030
29601  -39.600  -60.185  -35.765 0.1000000015
29660  -33.278  -60.550  -40.493 0.1000000015
30709  -34.021  -58.870  -38.990 0.1000000015
32780  -36.567  -57.976  -36.968 0.1000000015
35656  -38.975  -54.599  -29.767 0.1000000015
35710  -40.364  -54.601  -33.624 0.1000000015
36641  -39.306  -53.308  -30.965 0.1000000015
37648  -40.879  -52.194  -31.744 0.1000000015
38661  -42.061  -51.402  -29.881 0.1000000015
119030  -27.333  -73.218  -53.148 0.1000000015
120786  -37.736  -57.866  -30.509 0.1000000015
121296  -29.068  -70.962  -53.212 0.1000000015
121796  -36.231  -68.098  -36.319 0.5000000000
121837  -38.884  -70.829  -46.847 0.1000000015
122011  -47.727  -63.693  -35.063 0.3000000119
122238  -37.070  -71.732  -47.906 0.2000000030
122723  -42.064  -51.523  -30.708 0.1000000015
123445  -35.570  -72.494  -45.855 0.1000000015
124464  -44.399  -71.219  -37.683 0.3000000119
128902  -46.809  -66.421  -33.352 0.1000000015
129004  -30.180  -71.578  -55.660 0.1000000015
129288  -29.128  -68.432  -55.500 0.1000000015
129470  -36.344  -68.056  -52.541 0.1000000015
130370  -39.696  -74.365  -43.946 0.4000000060
131006  -34.070  -65.930  -54.782 0.1000000015
132574  -38.038  -56.576  -30.351 0.1000000015
133193  -31.984  -80.466  -49.849 0.1000000015
133437  -35.642  -60.150  -48.697 0.1000000015
134638  -36.850  -68.549  -40.889 0.4000000060
136620  -39.172  -75.741  -43.354 0.4000000060
137199  -50.733  -61.777  -33.076 0.3000000119
137445  -39.492  -69.668  -43.647 0.3000000119
137563  -35.716  -74.028  -44.530 0.2000000030
137975  -35.432  -62.232  -34.603 0.2000000030
138106  -34.130  -57.612  -37.312 0.1000000015
139252  -36.684  -63.368  -32.291 0.3000000119
139533  -38.855  -69.346  -45.390 0.1000000015
139874  -38.081  -68.882  -41.935 0.3000000119
141092  -35.744  -64.182  -33.108 0.3000000119
141141  -45.699  -60.449  -29.861 0.1000000015
141318  -32.706  -60.853  -40.201 0.1000000015
141496  -33.689  -70.249  -51.607 0.1000000015
141603  -38.671  -72.093  -46.545 0.1000000015
141754  -36.800  -62.381  -36.223 0.1000000015
142480  -32.073  -70.743  -48.372 0.1000000015
142620  -36.535  -63.431  -38.274 0.1000000015
142683  -44.974  -69.750  -37.519 0.3000000119
142790  -32.907  -67.340  -29.746 0.1000000015
142973  -52.002  -62.843  -27.604 0.1000000015
142977  -35.290  -70.099  -51.626 0.1000000015
