#!ascii label  , from subject sub-007 vox2ras=TkReg
1759
21859  46.613  -66.656  -39.293 0.2000000030
21849  46.619  -66.466  -38.647 0.2000000030
21858  46.786  -65.876  -39.652 0.2000000030
131594  46.496  -67.360  -39.160 0.2000000030
23029  47.256  -64.954  -40.472 0.1000000015
20851  46.588  -67.214  -38.595 0.3000000119
21848  46.812  -65.994  -39.173 0.2000000030
23015  47.332  -65.177  -39.981 0.1000000015
122316  46.482  -66.372  -39.915 0.2000000030
24184  47.745  -64.601  -39.677 0.1000000015
24183  48.237  -63.947  -40.042 0.1000000015
26305  48.614  -62.454  -39.966 0.1000000015
134718  47.997  -63.843  -40.553 0.1000000015
28628  49.191  -60.604  -39.900 0.1000000015
26319  48.459  -62.399  -40.565 0.1000000015
27465  49.364  -61.042  -40.004 0.1000000015
30674  48.997  -58.725  -39.663 0.2000000030
28647  49.231  -60.534  -40.213 0.1000000015
26295  47.099  -63.061  -39.159 0.1000000015
116872  47.706  -62.274  -39.349 0.1000000015
24171  47.308  -64.948  -38.997 0.2000000030
26294  48.352  -62.390  -39.642 0.1000000015
25183  47.553  -64.324  -39.116 0.1000000015
25198  47.957  -63.836  -39.506 0.1000000015
27467  48.452  -61.614  -39.569 0.1000000015
29743  48.530  -59.233  -39.497 0.1000000015
31557  48.607  -57.025  -38.775 0.2000000030
31578  48.552  -57.892  -38.981 0.2000000030
33492  48.256  -55.387  -38.940 0.1000000015
31577  48.935  -57.570  -39.449 0.2000000030
138213  47.608  -54.297  -38.691 0.2000000030
136988  47.419  -54.224  -39.339 0.1000000015
129248  45.800  -53.878  -39.180 0.1000000015
140151  47.762  -61.610  -39.407 0.1000000015
28630  47.705  -60.791  -39.502 0.1000000015
28629  48.573  -60.161  -39.689 0.1000000015
135608  47.671  -55.111  -37.864 0.2000000030
33478  47.337  -54.122  -37.811 0.2000000030
35465  45.765  -53.282  -38.347 0.2000000030
35464  46.657  -53.515  -38.572 0.2000000030
34474  45.083  -53.657  -38.690 0.1000000015
34494  44.841  -54.322  -39.112 0.2000000030
29744  47.721  -59.639  -39.463 0.1000000015
30675  47.887  -58.617  -39.141 0.2000000030
132887  47.261  -56.477  -37.965 0.2000000030
33493  48.022  -55.653  -38.311 0.3000000119
35466  44.785  -53.030  -38.127 0.3000000119
34458  43.797  -53.259  -38.079 0.2000000030
123216  43.364  -54.035  -38.245 0.2000000030
33517  43.691  -55.405  -39.260 0.2000000030
33479  47.266  -55.161  -37.233 0.3000000119
31558  48.202  -57.172  -38.585 0.2000000030
36448  44.732  -52.510  -37.325 0.3000000119
35447  44.146  -52.686  -37.692 0.3000000119
36451  41.748  -52.513  -36.809 0.3000000119
35448  43.383  -52.826  -37.478 0.3000000119
34459  42.887  -53.619  -37.793 0.2000000030
33494  43.314  -54.870  -38.626 0.2000000030
33518  42.809  -55.743  -39.141 0.2000000030
135834  43.177  -51.623  -36.445 0.4000000060
36431  45.318  -52.625  -36.765 0.3000000119
36449  43.939  -52.200  -37.161 0.3000000119
35445  46.453  -53.310  -37.687 0.2000000030
35449  42.341  -53.055  -37.345 0.3000000119
34476  42.534  -54.475  -38.145 0.2000000030
35450  41.177  -53.419  -37.275 0.2000000030
34477  41.410  -54.857  -38.179 0.2000000030
140754  41.032  -51.581  -35.672 0.3000000119
36450  43.001  -52.163  -36.876 0.3000000119
36452  40.539  -52.889  -36.881 0.2000000030
139765  39.599  -53.327  -37.713 0.2000000030
121451  39.692  -52.953  -37.305 0.2000000030
35452  39.465  -53.732  -38.139 0.1000000015
34461  40.754  -54.245  -37.688 0.2000000030
34478  40.337  -54.845  -38.247 0.2000000030
34462  39.941  -54.288  -37.927 0.2000000030
131981  41.385  -55.549  -38.656 0.2000000030
37551  39.581  -51.348  -35.553 0.3000000119
37570  39.133  -51.751  -36.485 0.3000000119
36435  41.057  -52.106  -36.130 0.3000000119
38715  38.307  -50.616  -36.577 0.2000000030
37571  38.597  -51.211  -36.767 0.3000000119
39879  38.417  -49.947  -37.336 0.2000000030
36436  39.853  -52.430  -36.559 0.3000000119
37581  38.791  -51.558  -37.384 0.1000000015
38735  38.845  -51.143  -38.097 0.1000000015
37595  39.174  -51.501  -38.842 0.1000000015
36454  39.020  -52.135  -38.174 0.1000000015
39892  38.773  -50.214  -38.138 0.1000000015
36468  39.354  -53.066  -38.761 0.1000000015
38706  38.203  -50.388  -35.586 0.3000000119
37552  38.622  -51.151  -36.007 0.2000000030
40922  38.309  -48.726  -36.372 0.2000000030
41976  39.520  -47.356  -36.398 0.2000000030
41975  40.506  -47.306  -36.815 0.1000000015
40933  38.622  -49.006  -37.158 0.1000000015
41990  39.875  -47.858  -37.143 0.1000000015
40932  39.385  -48.493  -37.598 0.1000000015
38734  39.237  -50.619  -38.791 0.1000000015
135569  39.899  -50.278  -39.252 0.1000000015
121258  37.919  -49.365  -35.616 0.2000000030
41974  41.302  -47.349  -37.185 0.1000000015
40931  40.341  -48.253  -37.746 0.1000000015
42004  41.339  -47.963  -37.809 0.1000000015
39878  38.960  -49.295  -37.987 0.1000000015
40944  40.773  -48.550  -38.410 0.1000000015
39890  40.375  -49.092  -38.822 0.1000000015
39891  39.631  -49.692  -38.698 0.1000000015
138151  42.728  -47.034  -37.595 0.1000000015
40957  41.110  -48.840  -39.164 0.1000000015
39901  40.574  -49.647  -39.443 0.1000000015
43032  41.816  -46.869  -37.045 0.1000000015
27466  49.074  -61.263  -39.844 0.1000000015
126903  47.905  -63.097  -39.367 0.1000000015
33514  48.155  -55.224  -39.730 0.1000000015
130113  42.080  -61.397  -25.140 0.5000000000
27247  42.525  -61.122  -24.367 0.5000000000
121461  41.294  -61.486  -25.560 0.5000000000
27272  40.244  -61.496  -25.567 0.5000000000
138784  43.188  -61.117  -22.734 0.2000000030
119122  43.080  -60.989  -22.765 0.2000000030
28391  42.373  -60.966  -22.728 0.3000000119
28403  42.911  -60.789  -22.991 0.3000000119
28423  42.238  -60.850  -23.367 0.5000000000
27248  41.691  -61.169  -24.398 0.5000000000
129968  40.756  -61.261  -24.569 0.5000000000
27249  39.803  -61.273  -24.712 0.5000000000
27297  40.623  -61.611  -26.460 0.5000000000
27298  39.730  -61.507  -26.413 0.5000000000
27319  40.872  -61.707  -27.314 0.5000000000
138941  42.245  -62.150  -28.372 0.5000000000
27220  42.061  -61.294  -22.541 0.3000000119
28392  41.622  -61.087  -22.577 0.3000000119
28424  41.255  -60.945  -23.526 0.5000000000
28445  38.921  -61.128  -24.798 0.5000000000
27273  39.321  -61.372  -25.618 0.5000000000
27320  40.087  -61.558  -27.152 0.5000000000
124374  40.308  -61.567  -27.852 0.5000000000
26194  45.434  -62.961  -30.899 0.4000000060
26195  44.616  -62.648  -30.633 0.5000000000
26177  43.754  -62.438  -30.182 0.5000000000
27340  42.306  -62.139  -29.290 0.5000000000
26212  44.956  -62.358  -31.577 0.4000000060
26070  42.518  -61.970  -22.704 0.3000000119
28393  40.858  -60.919  -22.372 0.4000000060
118333  40.299  -60.937  -23.625 0.5000000000
28406  39.641  -60.563  -23.175 0.5000000000
28425  39.445  -60.981  -24.026 0.5000000000
118927  38.724  -60.606  -23.837 0.5000000000
117038  38.511  -61.026  -25.700 0.5000000000
27274  38.926  -61.231  -26.444 0.5000000000
132576  40.966  -61.765  -28.032 0.6000000238
132740  43.168  -62.391  -29.466 0.5000000000
27330  41.425  -61.859  -28.719 0.5000000000
27331  40.495  -61.563  -28.587 0.5000000000
26229  46.402  -61.787  -32.815 0.4000000060
122716  45.857  -62.472  -31.810 0.4000000060
26196  44.008  -62.111  -31.335 0.5000000000
22736  41.478  -65.546  -22.864 0.1000000015
22737  40.594  -65.243  -22.836 0.1000000015
130637  39.910  -64.952  -22.686 0.1000000015
124572  41.162  -64.609  -23.280 0.1000000015
23910  40.278  -64.163  -23.178 0.1000000015
23911  39.428  -64.297  -22.776 0.1000000015
23923  41.121  -63.660  -23.254 0.1000000015
25011  39.652  -63.360  -22.778 0.1000000015
26071  41.703  -61.886  -22.486 0.2000000030
25009  41.375  -62.689  -22.723 0.1000000015
121275  40.290  -60.647  -22.635 0.5000000000
27221  41.272  -61.270  -22.394 0.4000000060
132008  39.765  -60.427  -22.366 0.4000000060
116316  39.141  -60.252  -22.689 0.5000000000
28408  37.749  -60.155  -24.103 0.5000000000
28426  38.107  -60.712  -24.906 0.5000000000
27321  39.341  -61.322  -27.141 0.5000000000
26178  42.797  -62.234  -30.198 0.5000000000
26230  45.437  -61.829  -32.475 0.4000000060
27396  47.687  -61.462  -33.943 0.5000000000
19605  41.389  -67.979  -21.779 0.1000000015
20667  41.219  -67.044  -21.863 0.1000000015
21647  41.853  -66.375  -22.379 0.1000000015
21648  40.903  -66.104  -22.333 0.1000000015
22738  39.300  -65.175  -22.335 0.1000000015
22725  40.036  -65.713  -22.287 0.1000000015
23912  38.699  -64.451  -22.427 0.1000000015
27211  37.442  -61.058  -21.187 0.2000000030
25021  41.844  -63.346  -23.179 0.1000000015
25010  40.551  -62.979  -22.770 0.1000000015
26073  38.962  -62.752  -22.390 0.1000000015
116545  37.979  -61.464  -21.393 0.2000000030
26072  40.929  -61.935  -22.353 0.2000000030
116330  39.979  -62.231  -22.351 0.1000000015
26059  39.431  -61.476  -21.852 0.2000000030
28383  38.880  -60.335  -21.809 0.2000000030
28385  37.153  -60.224  -21.285 0.2000000030
27222  40.362  -61.130  -22.075 0.2000000030
28394  40.080  -60.622  -22.062 0.3000000119
28395  38.564  -59.978  -22.257 0.3000000119
28407  38.367  -60.119  -23.161 0.5000000000
27332  39.743  -61.316  -28.304 0.5000000000
29554  37.720  -59.747  -23.061 0.4000000060
28525  39.599  -60.932  -30.418 0.5000000000
28503  39.259  -60.881  -29.640 0.5000000000
28487  39.018  -60.854  -28.711 0.5000000000
27354  40.406  -61.284  -30.360 0.5000000000
27355  39.940  -61.258  -29.812 0.5000000000
27343  39.844  -61.282  -29.095 0.5000000000
28446  37.756  -60.437  -25.914 0.5000000000
28427  37.539  -60.189  -25.076 0.5000000000
125088  42.481  -61.807  -31.071 0.5000000000
117330  41.205  -61.565  -30.278 0.5000000000
129731  38.571  -60.676  -28.037 0.5000000000
27372  44.566  -61.694  -32.263 0.5000000000
26197  43.226  -62.154  -30.903 0.5000000000
27342  40.700  -61.534  -29.493 0.5000000000
27333  39.153  -61.084  -27.859 0.6000000238
116074  41.978  -61.892  -30.230 0.5000000000
121520  46.399  -61.283  -33.701 0.4000000060
19606  40.732  -68.451  -21.504 0.1000000015
116230  40.341  -67.170  -21.546 0.1000000015
21623  39.624  -66.935  -21.391 0.1000000015
125971  38.425  -67.001  -20.734 0.1000000015
118589  40.242  -66.530  -21.853 0.1000000015
22727  38.475  -65.322  -22.003 0.1000000015
24996  38.336  -63.650  -22.375 0.1000000015
134683  37.612  -62.522  -21.490 0.1000000015
26053  37.210  -61.854  -21.052 0.2000000030
26060  38.528  -61.953  -21.720 0.1000000015
29533  38.187  -59.917  -21.812 0.3000000119
120106  37.545  -59.571  -21.751 0.3000000119
29534  36.909  -59.288  -21.430 0.2000000030
29542  37.718  -59.578  -22.201 0.3000000119
29543  37.066  -58.922  -22.051 0.3000000119
128672  37.237  -59.446  -23.849 0.4000000060
29555  36.996  -59.268  -22.980 0.4000000060
29649  37.239  -59.568  -29.818 0.5000000000
29630  37.167  -59.577  -28.909 0.5000000000
28488  38.077  -60.393  -28.614 0.5000000000
123354  36.457  -58.405  -29.137 0.5000000000
30577  36.442  -58.043  -28.335 0.5000000000
123091  36.693  -58.820  -27.961 0.5000000000
122277  36.986  -59.401  -28.080 0.5000000000
28481  37.961  -60.374  -27.764 0.6000000238
29567  37.156  -59.607  -24.754 0.5000000000
31471  36.517  -57.797  -27.322 0.5000000000
30569  36.599  -58.482  -27.523 0.5000000000
29611  37.365  -59.859  -27.481 0.6000000238
28461  38.306  -60.797  -26.458 0.5000000000
28480  38.575  -60.845  -27.242 0.5000000000
26239  47.718  -62.098  -34.401 0.4000000060
27404  47.261  -61.453  -34.106 0.4000000060
27388  47.129  -61.458  -33.576 0.4000000060
133626  37.024  -66.894  -19.614 0.1000000015
20651  37.708  -66.957  -20.229 0.1000000015
21625  36.807  -66.342  -20.113 0.1000000015
22726  39.246  -66.113  -21.854 0.1000000015
21624  38.803  -66.678  -21.244 0.1000000015
22711  38.048  -66.387  -20.965 0.1000000015
22713  36.756  -65.570  -20.623 0.1000000015
134480  38.413  -66.017  -21.518 0.1000000015
22712  37.558  -65.427  -21.370 0.1000000015
23882  36.749  -64.876  -21.074 0.1000000015
23893  37.886  -64.505  -22.080 0.1000000015
23894  37.140  -64.342  -21.519 0.1000000015
24998  36.913  -63.389  -21.352 0.1000000015
117881  36.473  -62.118  -20.655 0.2000000030
27204  35.821  -61.389  -20.202 0.2000000030
28377  35.771  -60.357  -20.164 0.2000000030
28376  36.375  -60.433  -20.631 0.2000000030
29524  36.562  -59.716  -20.966 0.2000000030
36249  36.449  -52.271  -23.698 0.2000000030
36265  36.689  -52.477  -24.481 0.2000000030
36266  35.986  -52.645  -24.199 0.2000000030
34280  35.183  -54.229  -24.423 0.2000000030
34266  34.887  -54.840  -23.783 0.2000000030
126200  35.901  -53.665  -25.400 0.2000000030
34297  35.665  -54.438  -25.303 0.2000000030
33279  35.320  -55.281  -24.584 0.2000000030
32326  35.464  -56.236  -24.232 0.2000000030
31442  35.693  -57.073  -23.984 0.4000000060
33297  36.216  -54.868  -26.124 0.2000000030
34296  36.203  -53.960  -26.003 0.3000000119
33298  35.794  -55.471  -25.469 0.3000000119
32336  35.966  -56.361  -25.541 0.4000000060
32337  35.648  -56.030  -24.935 0.3000000119
32325  35.812  -56.777  -24.804 0.4000000060
31441  36.103  -57.561  -24.579 0.5000000000
30529  36.590  -58.561  -23.524 0.4000000060
137491  36.921  -59.035  -23.699 0.5000000000
33348  36.506  -55.618  -27.795 0.5000000000
32369  36.494  -56.415  -27.613 0.4000000060
127591  36.484  -56.127  -26.963 0.4000000060
120929  36.210  -55.808  -26.216 0.4000000060
32351  36.320  -56.707  -26.268 0.4000000060
137557  36.403  -57.897  -25.734 0.5000000000
30558  36.418  -58.195  -25.119 0.5000000000
29568  36.795  -58.856  -24.385 0.5000000000
126106  36.505  -56.961  -27.062 0.5000000000
123092  36.582  -58.480  -26.774 0.5000000000
29612  36.800  -59.182  -27.240 0.5000000000
28462  37.824  -60.396  -26.920 0.5000000000
29597  37.258  -59.790  -26.593 0.5000000000
29585  37.178  -59.701  -25.675 0.5000000000
21619  36.154  -66.575  -18.374 0.1000000015
20641  36.779  -67.124  -18.929 0.1000000015
21621  36.377  -66.467  -19.332 0.1000000015
22701  35.283  -65.494  -18.226 0.1000000015
22707  36.036  -65.641  -19.832 0.1000000015
22708  35.418  -65.148  -19.089 0.1000000015
23875  35.635  -64.640  -19.785 0.1000000015
23876  35.180  -64.400  -19.202 0.1000000015
23883  35.845  -63.939  -20.346 0.1000000015
23884  35.306  -63.823  -19.673 0.1000000015
23895  36.428  -64.105  -21.012 0.1000000015
26054  35.842  -62.430  -20.324 0.2000000030
26039  35.261  -62.330  -19.849 0.2000000030
29525  36.030  -59.684  -20.493 0.2000000030
29535  36.258  -58.980  -20.973 0.2000000030
36250  35.681  -52.609  -23.500 0.2000000030
128657  35.384  -53.267  -24.145 0.2000000030
35253  34.842  -53.940  -23.594 0.2000000030
30511  36.511  -58.646  -21.568 0.2000000030
37371  36.654  -51.558  -22.300 0.1000000015
36231  36.165  -52.101  -22.885 0.1000000015
35240  34.992  -53.132  -23.212 0.1000000015
33266  35.081  -55.699  -23.689 0.1000000015
120351  36.613  -58.666  -22.688 0.3000000119
30521  36.398  -58.318  -22.150 0.2000000030
33267  34.754  -55.286  -23.192 0.1000000015
32315  35.360  -56.517  -23.364 0.1000000015
31415  36.243  -58.042  -22.896 0.2000000030
30565  36.522  -58.422  -25.943 0.5000000000
29598  36.743  -59.147  -26.271 0.5000000000
29586  36.736  -59.023  -25.372 0.5000000000
21616  36.162  -66.894  -17.459 0.1000000015
22691  35.061  -65.421  -17.345 0.1000000015
22692  34.721  -64.854  -17.227 0.1000000015
23852  34.805  -64.987  -17.809 0.1000000015
23853  34.482  -64.341  -17.642 0.1000000015
23863  34.856  -64.611  -18.473 0.1000000015
119956  34.269  -63.284  -18.410 0.1000000015
24977  34.949  -63.083  -19.525 0.1000000015
26040  34.609  -62.372  -19.288 0.2000000030
27187  34.868  -61.537  -19.562 0.2000000030
28365  35.167  -60.618  -19.694 0.2000000030
120501  35.349  -59.649  -19.901 0.2000000030
140618  36.117  -58.501  -21.244 0.2000000030
36232  35.374  -52.516  -22.662 0.1000000015
133041  34.604  -53.770  -22.729 0.1000000015
34267  34.632  -54.595  -23.013 0.1000000015
31405  35.446  -57.464  -21.516 0.1000000015
30512  36.026  -58.126  -21.582 0.2000000030
33259  34.555  -55.256  -22.510 0.1000000015
33258  34.875  -55.954  -22.878 0.1000000015
31427  35.740  -57.327  -23.102 0.2000000030
129387  34.883  -65.635  -15.988 0.1000000015
22685  34.721  -65.125  -16.540 0.1000000015
23807  34.702  -64.406  -14.527 0.1000000015
23841  34.416  -64.424  -16.819 0.1000000015
24924  34.158  -63.830  -15.447 0.1000000015
130370  34.070  -63.806  -16.337 0.1000000015
26024  33.865  -62.793  -17.820 0.1000000015
24952  34.120  -63.580  -17.708 0.1000000015
27174  33.899  -60.966  -18.416 0.1000000015
28366  34.406  -60.817  -19.146 0.1000000015
28349  34.108  -60.154  -18.597 0.1000000015
126099  34.704  -59.938  -19.229 0.2000000030
29526  35.104  -58.754  -20.081 0.2000000030
125556  35.682  -59.055  -20.441 0.2000000030
30504  35.578  -58.263  -20.833 0.2000000030
31397  34.783  -57.358  -20.706 0.1000000015
37332  37.110  -51.159  -20.905 0.1000000015
37349  35.754  -51.597  -21.169 0.1000000015
36218  35.103  -52.102  -21.192 0.1000000015
35228  34.423  -53.631  -21.881 0.1000000015
36204  34.654  -52.762  -20.702 0.1000000015
35211  34.396  -53.502  -21.016 0.1000000015
34255  34.395  -54.460  -22.202 0.1000000015
32301  34.688  -55.977  -22.013 0.1000000015
32300  35.303  -56.791  -22.354 0.1000000015
24906  34.719  -63.604  -14.139 0.1000000015
27136  34.034  -62.311  -14.784 0.1000000015
134835  33.697  -62.110  -15.507 0.1000000015
27167  33.549  -61.403  -16.865 0.1000000015
27175  33.664  -60.994  -17.657 0.1000000015
29504  34.237  -59.345  -18.716 0.2000000030
30481  34.202  -58.545  -18.845 0.1000000015
31372  34.054  -57.629  -18.944 0.2000000030
30493  34.541  -58.304  -19.577 0.2000000030
117557  34.102  -56.958  -19.356 0.1000000015
136324  34.402  -57.534  -19.845 0.2000000030
36191  35.310  -52.303  -19.395 0.1000000015
35198  34.745  -52.801  -19.857 0.1000000015
35199  34.364  -53.449  -19.576 0.1000000015
34218  33.971  -54.180  -19.332 0.1000000015
117380  34.145  -55.779  -20.160 0.1000000015
32264  34.230  -56.757  -20.062 0.1000000015
37333  36.288  -51.418  -20.530 0.1000000015
37334  35.549  -51.736  -20.587 0.1000000015
134987  34.448  -53.340  -20.303 0.1000000015
34232  34.114  -54.086  -20.328 0.1000000015
121443  34.190  -55.030  -20.764 0.1000000015
118321  34.384  -55.897  -21.153 0.1000000015
32276  34.437  -56.528  -20.737 0.1000000015
32286  34.826  -56.690  -21.434 0.1000000015
34246  34.283  -54.322  -21.311 0.1000000015
33245  34.346  -55.174  -21.675 0.1000000015
25979  34.753  -62.025  -14.050 0.1000000015
27137  33.732  -61.591  -15.119 0.1000000015
28323  33.388  -60.597  -16.115 0.1000000015
29490  33.555  -59.706  -17.348 0.1000000015
31373  33.740  -58.083  -18.298 0.1000000015
34182  36.307  -53.942  -16.869 0.1000000015
34183  35.264  -54.107  -17.136 0.1000000015
33178  34.141  -55.317  -17.530 0.1000000015
32220  33.814  -56.328  -17.526 0.1000000015
120103  33.640  -57.319  -17.998 0.1000000015
35178  37.167  -52.801  -17.887 0.1000000015
35156  36.807  -53.356  -17.367 0.1000000015
34201  34.784  -53.734  -17.865 0.1000000015
34184  34.469  -54.496  -17.630 0.1000000015
33198  33.874  -55.743  -18.372 0.1000000015
36171  36.538  -52.342  -18.418 0.1000000015
36172  35.632  -52.515  -18.636 0.1000000015
35180  35.208  -53.106  -18.247 0.1000000015
34202  34.148  -54.292  -18.431 0.1000000015
33219  33.920  -55.139  -19.109 0.1000000015
125825  34.011  -56.167  -19.283 0.1000000015
140296  33.536  -59.166  -16.131 0.1000000015
30445  34.091  -57.975  -15.716 0.1000000015
31331  33.814  -57.590  -16.461 0.1000000015
32183  34.646  -56.761  -15.666 0.1000000015
31354  33.578  -58.175  -17.377 0.1000000015
34164  35.775  -54.661  -16.547 0.1000000015
33154  35.279  -55.387  -16.244 0.1000000015
32200  34.143  -56.659  -16.421 0.1000000015
33177  34.803  -54.867  -16.876 0.1000000015
28405  40.882  -60.803  -22.882 0.4000000060
25012  38.973  -63.702  -22.648 0.1000000015
130812  39.441  -60.288  -22.031 0.4000000060
20668  40.641  -67.715  -21.494 0.1000000015
28384  38.110  -60.478  -21.474 0.3000000119
27203  36.751  -61.201  -20.814 0.2000000030
27210  38.838  -60.971  -21.552 0.2000000030
27209  39.588  -60.677  -21.824 0.2000000030
138154  37.816  -59.981  -21.588 0.2000000030
28505  37.693  -60.077  -29.282 0.5000000000
20669  39.927  -67.611  -21.177 0.1000000015
20649  39.105  -67.441  -20.830 0.1000000015
24997  37.622  -63.562  -21.887 0.1000000015
117405  38.170  -62.862  -22.101 0.1000000015
138033  36.859  -62.606  -21.075 0.1000000015
29650  36.720  -58.978  -29.475 0.5000000000
29631  36.680  -58.910  -28.643 0.5000000000
31489  36.273  -57.709  -29.346 0.5000000000
127389  36.469  -57.092  -27.916 0.5000000000
128741  37.380  -66.144  -20.659 0.1000000015
126726  36.230  -64.807  -20.457 0.1000000015
24990  36.224  -63.119  -20.741 0.1000000015
35279  36.053  -53.044  -24.912 0.2000000030
35280  35.561  -53.702  -24.873 0.2000000030
31426  36.120  -57.797  -23.734 0.4000000060
31457  36.200  -57.312  -25.496 0.5000000000
30541  36.421  -58.187  -24.277 0.5000000000
33317  36.483  -55.242  -26.936 0.5000000000
31465  36.461  -57.655  -26.364 0.5000000000
21617  35.609  -66.138  -17.582 0.1000000015
137755  35.703  -66.048  -18.287 0.1000000015
22700  35.766  -65.945  -18.898 0.1000000015
24965  34.757  -63.753  -18.953 0.1000000015
24991  35.520  -63.129  -20.133 0.1000000015
21614  35.686  -66.617  -16.713 0.1000000015
22684  35.199  -65.883  -16.677 0.1000000015
23864  34.464  -63.934  -18.258 0.1000000015
26033  34.157  -62.510  -18.588 0.1000000015
27188  34.209  -61.677  -18.893 0.2000000030
118118  34.741  -59.099  -19.366 0.2000000030
37347  37.269  -51.245  -21.678 0.1000000015
37348  36.427  -51.389  -21.460 0.1000000015
37372  35.709  -51.819  -21.987 0.1000000015
36233  34.735  -53.009  -22.366 0.1000000015
31416  35.886  -57.669  -22.253 0.2000000030
22668  34.625  -65.072  -15.661 0.1000000015
22667  34.941  -65.620  -15.195 0.1000000015
22653  34.727  -64.948  -14.999 0.1000000015
24907  34.365  -63.930  -14.782 0.1000000015
23808  34.438  -64.465  -15.215 0.1000000015
23823  34.341  -64.483  -16.004 0.1000000015
25980  34.229  -63.246  -14.816 0.1000000015
25994  33.856  -62.971  -15.708 0.1000000015
26008  33.816  -63.108  -16.896 0.1000000015
26009  33.648  -62.225  -16.316 0.1000000015
26025  33.723  -62.270  -17.175 0.1000000015
27166  33.792  -61.810  -17.950 0.1000000015
28350  33.707  -60.313  -17.892 0.1000000015
30505  34.847  -58.061  -20.240 0.2000000030
36219  34.647  -52.870  -21.539 0.1000000015
137588  34.542  -62.798  -14.270 0.1000000015
27152  33.491  -61.445  -15.789 0.1000000015
28337  33.486  -60.466  -17.067 0.1000000015
29505  33.756  -59.565  -18.094 0.1000000015
124062  34.848  -52.871  -19.012 0.1000000015
36190  35.979  -51.824  -18.971 0.1000000015
37318  35.730  -51.727  -19.827 0.1000000015
36203  35.121  -52.196  -20.249 0.1000000015
35181  34.450  -53.530  -18.689 0.1000000015
33234  33.971  -54.843  -19.941 0.1000000015
27118  34.151  -61.377  -14.555 0.1000000015
28303  33.637  -60.725  -15.128 0.1000000015
29459  33.874  -59.845  -14.837 0.1000000015
128191  33.562  -59.759  -15.586 0.1000000015
29473  33.466  -59.782  -16.500 0.1000000015
30446  33.553  -59.048  -16.869 0.1000000015
35157  35.744  -53.457  -17.530 0.1000000015
136704  33.995  -54.968  -18.199 0.1000000015
33155  34.425  -55.722  -16.700 0.1000000015
32243  33.838  -56.659  -18.591 0.1000000015
35179  36.190  -52.896  -17.988 0.1000000015
30429  33.809  -58.886  -15.522 0.1000000015
135192  33.640  -58.449  -16.327 0.1000000015
31353  33.691  -57.188  -17.160 0.1000000015
32199  34.867  -56.110  -15.900 0.1000000015
32182  35.300  -56.640  -15.359 0.1000000015
34181  37.360  -54.002  -16.879 0.1000000015
35155  37.865  -53.426  -17.454 0.1000000015
26082  47.515  -62.055  -23.475 0.1000000015
124848  47.875  -61.522  -23.987 0.1000000015
27229  46.775  -61.457  -23.846 0.1000000015
130238  45.040  -61.399  -23.628 0.1000000015
28402  44.476  -61.208  -23.625 0.1000000015
27217  45.254  -61.670  -23.417 0.1000000015
116854  44.227  -61.626  -23.174 0.1000000015
27218  43.563  -61.142  -22.910 0.1000000015
139385  48.362  -61.493  -24.283 0.2000000030
27243  46.983  -61.280  -24.319 0.1000000015
27242  47.895  -61.389  -24.637 0.2000000030
28401  45.422  -61.153  -24.001 0.1000000015
27232  43.593  -60.977  -23.128 0.1000000015
27265  49.247  -61.787  -25.003 0.2000000030
116325  46.941  -61.301  -25.022 0.2000000030
28443  46.117  -61.193  -24.601 0.2000000030
28444  45.302  -61.236  -24.791 0.2000000030
28421  43.869  -61.032  -23.879 0.3000000119
28422  43.087  -60.898  -23.595 0.3000000119
27245  43.968  -61.283  -24.709 0.3000000119
27246  43.292  -61.209  -24.539 0.3000000119
27267  46.091  -61.395  -25.416 0.2000000030
27268  45.352  -61.460  -25.552 0.2000000030
27290  48.294  -61.791  -25.931 0.2000000030
27269  44.502  -61.424  -25.368 0.2000000030
134769  47.541  -61.823  -26.202 0.2000000030
25068  51.517  -63.636  -28.727 0.1000000015
27289  49.139  -61.875  -25.657 0.2000000030
27266  47.658  -61.528  -25.459 0.2000000030
117919  48.513  -61.578  -25.147 0.2000000030
27270  43.564  -61.469  -25.434 0.3000000119
27271  42.762  -61.445  -25.297 0.4000000060
26128  50.856  -62.588  -27.283 0.1000000015
26113  49.892  -62.157  -26.196 0.1000000015
27292  45.730  -61.712  -26.238 0.2000000030
27293  44.832  -61.739  -26.313 0.2000000030
25050  51.566  -63.367  -27.733 0.1000000015
26129  49.737  -62.351  -27.149 0.2000000030
27291  46.734  -61.666  -26.024 0.2000000030
26114  48.939  -62.033  -26.519 0.2000000030
123114  51.367  -63.143  -29.242 0.1000000015
140406  50.816  -62.771  -29.947 0.2000000030
26151  51.174  -62.753  -28.000 0.1000000015
26170  50.914  -62.676  -29.143 0.1000000015
26115  47.982  -62.154  -26.739 0.2000000030
27314  46.166  -62.008  -26.944 0.2000000030
27294  43.908  -61.681  -26.298 0.4000000060
26152  50.175  -62.484  -28.168 0.1000000015
27316  44.275  -62.017  -27.226 0.4000000060
121462  42.172  -61.595  -25.984 0.4000000060
26130  48.617  -62.241  -27.387 0.3000000119
26131  47.541  -62.363  -27.674 0.3000000119
139967  49.189  -62.334  -27.921 0.2000000030
26154  48.360  -62.469  -28.183 0.4000000060
27317  43.299  -61.885  -27.024 0.4000000060
27296  41.513  -61.712  -26.663 0.4000000060
26132  46.501  -62.300  -27.663 0.3000000119
26155  46.798  -62.560  -28.355 0.4000000060
129061  47.591  -62.623  -28.429 0.3000000119
37387  38.649  -51.754  -23.250 0.1000000015
37388  37.799  -51.712  -23.220 0.1000000015
124608  42.401  -61.832  -26.887 0.4000000060
129969  45.023  -62.254  -27.883 0.4000000060
27329  42.703  -62.113  -27.701 0.5000000000
26156  45.802  -62.502  -28.358 0.4000000060
26133  45.752  -62.223  -27.610 0.4000000060
36248  37.283  -52.160  -23.845 0.1000000015
27328  43.500  -62.175  -27.728 0.5000000000
27318  41.718  -61.976  -27.664 0.5000000000
36247  38.200  -52.141  -23.822 0.1000000015
36263  38.735  -52.421  -24.383 0.1000000015
36264  37.686  -52.397  -24.721 0.1000000015
36283  36.865  -52.666  -25.328 0.1000000015
118899  47.563  -62.829  -23.076 0.1000000015
27216  46.375  -61.797  -23.460 0.1000000015
27231  44.260  -61.351  -23.358 0.1000000015
26066  46.888  -62.499  -23.274 0.1000000015
26068  45.056  -62.466  -23.249 0.1000000015
26069  43.349  -61.594  -22.873 0.1000000015
26081  48.616  -62.116  -23.433 0.1000000015
27313  47.057  -62.130  -26.868 0.2000000030
27295  43.013  -61.649  -26.189 0.4000000060
27315  45.291  -62.040  -27.052 0.3000000119
25005  45.849  -63.437  -22.961 0.1000000015
24089  39.464  -64.523  -32.572 0.1000000015
24105  39.143  -64.634  -33.179 0.1000000015
22913  41.310  -65.293  -33.770 0.1000000015
122942  38.210  -64.529  -33.114 0.1000000015
116082  41.652  -65.053  -32.910 0.1000000015
24090  38.670  -64.542  -32.362 0.1000000015
24106  37.158  -64.442  -33.101 0.1000000015
24093  35.750  -65.004  -33.013 0.1000000015
125172  37.795  -64.413  -33.907 0.1000000015
18512  36.911  -69.772  -28.259 0.1000000015
19731  35.253  -69.065  -31.642 0.1000000015
19741  35.004  -68.659  -32.133 0.1000000015
24087  41.115  -64.488  -32.252 0.1000000015
133487  35.476  -68.007  -32.361 0.1000000015
24104  39.966  -64.617  -33.164 0.1000000015
22884  35.644  -65.883  -32.063 0.1000000015
22900  42.035  -64.730  -32.136 0.1000000015
22903  35.444  -65.685  -32.675 0.1000000015
121643  42.106  -65.458  -33.470 0.1000000015
18486  36.948  -68.844  -26.992 0.1000000015
17323  36.832  -70.426  -28.732 0.1000000015
16216  36.568  -71.187  -29.373 0.1000000015
121128  38.467  -69.306  -25.925 0.1000000015
131523  37.802  -68.973  -26.389 0.1000000015
18499  37.381  -69.446  -27.727 0.1000000015
17322  37.586  -70.119  -28.304 0.1000000015
16231  36.999  -72.007  -29.884 0.1000000015
16263  35.232  -72.922  -32.797 0.1000000015
18549  35.344  -70.043  -31.516 0.1000000015
24088  40.194  -64.397  -32.384 0.1000000015
24067  39.340  -64.365  -31.701 0.1000000015
24091  37.600  -64.465  -32.207 0.1000000015
24064  42.325  -64.565  -31.309 0.1000000015
116794  42.617  -65.346  -32.801 0.1000000015
22912  42.868  -65.886  -33.712 0.1000000015
16215  37.553  -71.082  -28.940 0.1000000015
17294  39.249  -69.823  -26.193 0.1000000015
18485  38.517  -69.463  -26.753 0.1000000015
122555  37.824  -69.272  -27.105 0.1000000015
127054  38.267  -70.469  -28.371 0.1000000015
16230  37.996  -71.965  -29.624 0.1000000015
15118  37.759  -73.298  -31.227 0.1000000015
14113  37.186  -73.454  -32.282 0.1000000015
15139  36.374  -73.271  -32.281 0.1000000015
15138  37.241  -73.195  -32.476 0.1000000015
16262  36.480  -72.864  -32.491 0.1000000015
17355  36.909  -71.388  -31.650 0.1000000015
18548  36.338  -70.156  -31.399 0.1000000015
19730  36.091  -68.316  -31.462 0.1000000015
22868  36.695  -65.796  -30.778 0.1000000015
24065  41.479  -64.364  -31.430 0.1000000015
24053  39.433  -64.361  -30.662 0.1000000015
24068  38.295  -64.452  -31.415 0.1000000015
22882  37.018  -64.960  -31.036 0.1000000015
135234  36.450  -65.198  -31.435 0.1000000015
22881  42.909  -64.911  -31.945 0.1000000015
15097  39.344  -72.874  -30.191 0.1000000015
17281  39.438  -70.206  -25.244 0.1000000015
17295  39.217  -69.898  -27.207 0.1000000015
17321  39.042  -70.343  -28.051 0.1000000015
16214  38.704  -71.183  -28.788 0.1000000015
16229  38.981  -72.126  -29.485 0.1000000015
15098  38.375  -72.749  -30.303 0.1000000015
14111  38.539  -73.296  -32.234 0.1000000015
15157  38.063  -72.895  -32.539 0.1000000015
17353  38.975  -70.780  -31.926 0.1000000015
17280  40.053  -70.431  -25.877 0.1000000015
130407  39.753  -70.256  -26.715 0.1000000015
17310  39.802  -70.514  -27.560 0.1000000015
17320  39.480  -70.871  -28.313 0.1000000015
16261  37.589  -72.403  -32.322 0.1000000015
17354  38.006  -71.044  -31.768 0.1000000015
18547  37.434  -70.030  -31.383 0.1000000015
19718  37.571  -68.105  -31.206 0.1000000015
19729  36.870  -68.931  -31.288 0.1000000015
20751  37.906  -67.542  -30.606 0.1000000015
20769  36.834  -67.990  -31.324 0.1000000015
21738  36.902  -66.533  -30.566 0.1000000015
20752  37.079  -67.297  -30.918 0.1000000015
22866  38.043  -65.112  -30.028 0.1000000015
124028  37.195  -66.097  -30.070 0.1000000015
21739  36.408  -66.693  -31.195 0.1000000015
24052  40.360  -64.307  -30.359 0.1000000015
24054  38.516  -64.576  -30.608 0.1000000015
24055  37.723  -64.723  -30.732 0.1000000015
24051  41.753  -64.387  -30.652 0.1000000015
24063  43.149  -64.715  -31.090 0.1000000015
22899  43.456  -65.487  -32.401 0.1000000015
132444  43.723  -65.111  -31.671 0.1000000015
22880  44.481  -65.371  -31.368 0.1000000015
15096  40.305  -73.009  -30.326 0.1000000015
15116  39.716  -73.336  -30.872 0.1000000015
16157  40.034  -70.713  -24.850 0.1000000015
16156  40.674  -70.937  -25.301 0.1000000015
128351  40.723  -70.798  -26.126 0.1000000015
16175  41.044  -71.047  -26.959 0.1000000015
16197  40.099  -71.084  -28.176 0.1000000015
16213  39.603  -71.510  -28.831 0.1000000015
16228  39.935  -72.271  -29.521 0.1000000015
14097  39.173  -73.389  -31.583 0.1000000015
16281  38.961  -72.671  -32.568 0.1000000015
17293  40.300  -70.647  -26.766 0.1000000015
17352  39.744  -70.458  -31.713 0.1000000015
18546  38.457  -69.926  -31.489 0.1000000015
19728  38.020  -68.967  -31.374 0.1000000015
18538  38.939  -69.074  -31.365 0.1000000015
19716  39.258  -68.571  -30.846 0.1000000015
19717  38.479  -68.275  -31.076 0.1000000015
21726  38.390  -66.274  -29.345 0.1000000015
20746  38.142  -66.959  -29.891 0.1000000015
122807  41.144  -64.317  -29.957 0.1000000015
24027  41.690  -64.425  -29.223 0.1000000015
138479  40.368  -64.461  -29.624 0.1000000015
24014  39.955  -64.808  -28.987 0.1000000015
22839  38.475  -65.556  -29.404 0.1000000015
22840  37.751  -65.799  -29.697 0.1000000015
137777  42.405  -64.504  -28.935 0.1000000015
24030  38.858  -64.885  -29.878 0.1000000015
129326  41.938  -64.417  -29.999 0.1000000015
24026  42.539  -64.453  -29.651 0.1000000015
24050  42.521  -64.495  -30.481 0.1000000015
22865  44.024  -64.772  -30.887 0.1000000015
22879  45.217  -65.606  -31.062 0.1000000015
15045  40.741  -72.164  -24.114 0.1000000015
16139  40.461  -71.361  -24.437 0.1000000015
16155  41.437  -71.239  -25.851 0.1000000015
15115  40.469  -73.358  -30.967 0.1000000015
16138  41.141  -71.608  -24.821 0.1000000015
16196  40.805  -71.289  -28.003 0.1000000015
16211  41.286  -71.866  -28.747 0.1000000015
14109  40.348  -73.143  -31.819 0.1000000015
15136  40.906  -72.875  -31.733 0.1000000015
16259  39.602  -71.668  -32.285 0.1000000015
125443  41.398  -73.080  -31.258 0.1000000015
17351  40.434  -70.994  -31.842 0.1000000015
18536  40.542  -69.687  -30.876 0.1000000015
18537  39.746  -69.495  -31.206 0.1000000015
19715  40.015  -68.953  -30.430 0.1000000015
19707  39.523  -68.077  -30.043 0.1000000015
118381  39.721  -67.664  -29.288 0.1000000015
20745  39.021  -67.131  -29.490 0.1000000015
123753  39.090  -66.398  -28.857 0.1000000015
24013  40.458  -64.883  -28.410 0.1000000015
21710  38.994  -65.880  -28.785 0.1000000015
24012  41.832  -64.638  -28.400 0.1000000015
134103  41.146  -64.577  -28.555 0.1000000015
123509  43.255  -64.521  -29.083 0.1000000015
24025  43.993  -64.557  -29.517 0.1000000015
24049  43.419  -64.523  -30.138 0.1000000015
22864  44.740  -65.156  -30.626 0.1000000015
15082  42.614  -72.934  -29.677 0.1000000015
15094  43.027  -73.480  -30.258 0.1000000015
15044  41.455  -72.484  -24.436 0.1000000015
15053  41.904  -71.990  -25.185 0.1000000015
16154  42.231  -71.705  -26.041 0.1000000015
16195  41.607  -71.494  -27.791 0.1000000015
15083  41.789  -72.620  -29.594 0.1000000015
15095  42.228  -73.224  -30.495 0.1000000015
15114  42.285  -73.156  -30.944 0.1000000015
15084  40.936  -72.557  -29.692 0.1000000015
15135  41.689  -72.778  -31.448 0.1000000015
17342  42.287  -71.285  -30.771 0.1000000015
18535  41.272  -69.989  -30.559 0.1000000015
16257  41.255  -72.228  -31.711 0.1000000015
17350  41.148  -71.370  -31.645 0.1000000015
18526  40.791  -69.312  -30.037 0.1000000015
19706  40.310  -68.438  -29.508 0.1000000015
20736  40.185  -67.707  -28.670 0.1000000015
20737  39.573  -66.984  -28.697 0.1000000015
21694  40.443  -66.077  -27.153 0.1000000015
23988  41.069  -64.921  -27.836 0.1000000015
21695  40.022  -65.823  -27.637 0.1000000015
23987  41.997  -64.935  -27.653 0.1000000015
24011  42.654  -64.705  -28.300 0.1000000015
123384  44.191  -64.587  -28.785 0.1000000015
15072  43.702  -72.999  -27.436 0.1000000015
15043  42.315  -72.849  -24.735 0.1000000015
15062  43.492  -73.058  -26.267 0.1000000015
15073  43.018  -72.554  -28.361 0.1000000015
14086  43.818  -73.962  -30.191 0.1000000015
14033  41.052  -72.928  -23.821 0.1000000015
14032  41.817  -73.311  -24.110 0.1000000015
15052  42.696  -72.442  -25.650 0.1000000015
16210  42.135  -72.064  -28.663 0.1000000015
14094  43.105  -73.432  -30.583 0.1000000015
15113  43.091  -73.332  -30.777 0.1000000015
16227  43.000  -71.922  -30.621 0.1000000015
120667  42.856  -72.991  -31.044 0.1000000015
18524  42.262  -69.987  -29.429 0.1000000015
18525  41.561  -69.644  -29.737 0.1000000015
19705  41.085  -68.995  -29.199 0.1000000015
19699  40.720  -68.358  -28.710 0.1000000015
20735  40.742  -67.828  -27.849 0.1000000015
21708  40.048  -67.000  -27.980 0.1000000015
21684  41.008  -66.410  -26.762 0.1000000015
22799  42.265  -65.266  -26.960 0.1000000015
22801  40.643  -65.510  -27.348 0.1000000015
138808  43.632  -64.813  -27.418 0.1000000015
24009  44.490  -64.633  -27.833 0.1000000015
14042  43.136  -73.406  -25.244 0.1000000015
14064  44.349  -73.865  -28.066 0.1000000015
14073  44.138  -74.078  -29.288 0.1000000015
130155  43.766  -73.323  -28.526 0.1000000015
14093  43.787  -73.690  -30.560 0.1000000015
16225  44.268  -72.621  -30.171 0.1000000015
16226  43.632  -72.009  -30.179 0.1000000015
17331  43.333  -71.152  -29.677 0.1000000015
18511  41.789  -69.388  -28.880 0.1000000015
19697  41.941  -69.182  -27.952 0.1000000015
19698  41.304  -68.713  -28.340 0.1000000015
19673  41.842  -68.066  -26.750 0.1000000015
19686  41.530  -68.362  -27.461 0.1000000015
140734  41.593  -66.692  -26.420 0.1000000015
20716  41.277  -67.393  -26.903 0.1000000015
22781  42.609  -65.696  -26.397 0.1000000015
21685  40.961  -65.787  -26.900 0.1000000015
131459  43.294  -65.582  -26.193 0.1000000015
22800  41.402  -65.337  -27.162 0.1000000015
23965  44.152  -64.908  -26.913 0.1000000015
24008  45.643  -64.740  -27.843 0.1000000015
24007  46.719  -65.021  -27.879 0.1000000015
14041  44.007  -74.078  -25.885 0.1000000015
14054  44.325  -73.808  -26.909 0.1000000015
14072  44.529  -74.577  -29.789 0.1000000015
14085  44.452  -74.346  -30.265 0.1000000015
13068  43.446  -74.527  -25.084 0.1000000015
16209  44.015  -71.495  -29.398 0.1000000015
18509  43.169  -70.157  -28.231 0.1000000015
18510  42.476  -69.761  -28.543 0.1000000015
19685  42.177  -68.795  -27.114 0.1000000015
138440  43.105  -66.775  -25.489 0.1000000015
20715  42.030  -67.378  -26.245 0.1000000015
21683  42.232  -66.452  -26.136 0.1000000015
22780  43.894  -65.260  -26.223 0.1000000015
23964  44.684  -64.977  -26.300 0.1000000015
23963  45.419  -64.760  -26.445 0.1000000015
23961  47.572  -64.587  -26.503 0.1000000015
132626  49.739  -64.743  -26.612 0.1000000015
119344  44.607  -75.991  -26.348 0.1000000015
14053  44.757  -74.760  -27.697 0.1000000015
129451  44.950  -74.838  -29.275 0.1000000015
15092  45.520  -73.371  -29.781 0.1000000015
16224  45.183  -72.572  -29.615 0.1000000015
14063  44.680  -74.657  -28.895 0.1000000015
16208  44.761  -71.739  -29.095 0.1000000015
17318  43.619  -70.738  -28.783 0.1000000015
17309  43.898  -70.480  -27.964 0.1000000015
18498  42.749  -69.558  -27.531 0.1000000015
19672  42.437  -68.267  -26.341 0.1000000015
137260  42.487  -67.657  -25.968 0.1000000015
22743  49.546  -65.405  -22.434 0.1000000015
22744  48.003  -65.375  -23.246 0.1000000015
124942  46.863  -65.262  -23.953 0.1000000015
22754  45.545  -65.745  -24.438 0.1000000015
22755  44.938  -65.517  -24.982 0.1000000015
20705  43.359  -67.316  -25.260 0.1000000015
20706  42.669  -67.096  -25.716 0.1000000015
23920  48.584  -64.768  -23.474 0.1000000015
22752  47.493  -64.844  -23.963 0.1000000015
22753  46.148  -65.226  -24.570 0.1000000015
21671  43.526  -66.448  -25.311 0.1000000015
23919  49.882  -64.522  -22.604 0.1000000015
23932  49.050  -64.408  -24.021 0.1000000015
23933  47.859  -64.541  -24.445 0.1000000015
23934  46.897  -64.776  -24.769 0.1000000015
22765  45.291  -65.026  -25.687 0.1000000015
22766  44.435  -65.373  -25.628 0.1000000015
23931  50.263  -64.078  -23.630 0.1000000015
23947  48.383  -64.334  -25.103 0.1000000015
127377  48.128  -64.436  -25.947 0.1000000015
140701  45.919  -64.705  -26.195 0.1000000015
23945  50.998  -63.969  -25.450 0.1000000015
23960  48.558  -64.758  -26.701 0.1000000015
118855  50.860  -64.507  -26.184 0.1000000015
12151  44.876  -76.154  -26.794 0.1000000015
13074  44.849  -75.754  -27.102 0.1000000015
13084  45.098  -74.961  -28.184 0.1000000015
13083  45.401  -74.999  -28.445 0.1000000015
13093  45.318  -74.778  -29.387 0.1000000015
13103  45.781  -74.381  -29.400 0.1000000015
15080  45.870  -72.542  -29.023 0.1000000015
16193  45.046  -71.252  -28.166 0.1000000015
17317  44.337  -71.032  -28.487 0.1000000015
18497  43.452  -70.071  -27.504 0.1000000015
18483  43.098  -68.825  -26.044 0.1000000015
20704  44.091  -67.814  -24.819 0.1000000015
19656  42.903  -67.918  -25.748 0.1000000015
22745  47.203  -66.004  -23.512 0.1000000015
20686  45.780  -66.680  -24.007 0.1000000015
21660  44.859  -66.419  -24.484 0.1000000015
20693  44.044  -66.846  -24.820 0.1000000015
25001  50.242  -63.140  -22.621 0.1000000015
23918  50.431  -63.921  -23.046 0.1000000015
12160  45.665  -75.388  -27.489 0.1000000015
12161  45.097  -75.523  -27.460 0.1000000015
13092  46.100  -74.533  -28.813 0.1000000015
15079  46.473  -72.711  -28.394 0.1000000015
15091  46.050  -73.225  -29.211 0.1000000015
16207  45.515  -71.861  -28.662 0.1000000015
16192  45.771  -71.408  -27.704 0.1000000015
17308  44.573  -70.787  -27.677 0.1000000015
18496  44.065  -70.362  -27.143 0.1000000015
18470  43.904  -69.275  -25.780 0.1000000015
18482  44.422  -70.003  -26.382 0.1000000015
19641  44.954  -68.148  -24.480 0.1000000015
19654  44.383  -68.779  -25.016 0.1000000015
21655  46.960  -66.908  -23.491 0.1000000015
20692  45.278  -67.386  -24.250 0.1000000015
19655  43.570  -68.356  -25.386 0.1000000015
22732  49.900  -65.610  -21.773 0.1000000015
21654  48.322  -66.447  -22.957 0.1000000015
128647  44.610  -67.311  -24.509 0.1000000015
23902  49.726  -64.828  -21.963 0.1000000015
12149  46.021  -75.618  -26.718 0.1000000015
13082  46.320  -74.722  -27.823 0.1000000015
14062  46.764  -73.641  -27.916 0.1000000015
15071  47.014  -72.514  -27.413 0.1000000015
16206  46.119  -71.974  -28.307 0.1000000015
17307  45.102  -71.097  -27.418 0.1000000015
17292  44.803  -70.694  -26.903 0.1000000015
19653  45.326  -69.072  -24.773 0.1000000015
18469  44.876  -69.568  -25.560 0.1000000015
132922  45.510  -67.947  -24.225 0.1000000015
20685  46.143  -67.746  -23.920 0.1000000015
134426  48.989  -65.878  -22.683 0.1000000015
26064  49.449  -62.737  -22.718 0.1000000015
127468  46.442  -75.003  -27.024 0.1000000015
14051  47.315  -73.010  -26.805 0.1000000015
15070  47.366  -72.290  -26.702 0.1000000015
16173  46.343  -71.284  -26.901 0.1000000015
16191  46.594  -71.844  -27.506 0.1000000015
17291  45.559  -70.994  -26.901 0.1000000015
123248  46.122  -70.846  -26.393 0.1000000015
17279  45.409  -70.389  -26.132 0.1000000015
19640  45.806  -68.476  -24.317 0.1000000015
21653  49.760  -66.304  -22.129 0.1000000015
20684  48.161  -67.377  -23.120 0.1000000015
130088  48.973  -63.284  -22.449 0.1000000015
26065  48.390  -62.727  -22.968 0.1000000015
16171  47.549  -71.858  -26.295 0.1000000015
16190  47.113  -71.954  -26.916 0.1000000015
16172  47.015  -71.589  -26.592 0.1000000015
17290  46.867  -71.103  -26.127 0.1000000015
17278  46.438  -70.514  -25.703 0.1000000015
18468  45.881  -69.808  -25.292 0.1000000015
18451  46.359  -69.233  -24.612 0.1000000015
119472  48.984  -64.752  -21.538 0.1000000015
22720  49.860  -65.780  -21.377 0.1000000015
25003  48.115  -63.425  -22.515 0.1000000015
17289  47.588  -71.401  -25.821 0.1000000015
134500  48.262  -70.727  -24.815 0.1000000015
129422  48.220  -71.181  -25.153 0.1000000015
18449  48.284  -69.867  -23.951 0.1000000015
18466  47.913  -70.187  -24.698 0.1000000015
124346  47.597  -70.714  -25.390 0.1000000015
19633  47.884  -69.079  -23.306 0.1000000015
18467  47.065  -69.870  -25.172 0.1000000015
23889  49.411  -65.322  -21.323 0.1000000015
22721  49.126  -65.876  -21.044 0.1000000015
21643  49.950  -66.209  -21.497 0.1000000015
129113  49.036  -67.266  -22.441 0.1000000015
19634  47.406  -68.010  -23.453 0.1000000015
25004  46.972  -63.373  -22.820 0.1000000015
20675  49.537  -67.098  -21.652 0.1000000015
19632  48.519  -68.980  -22.582 0.1000000015
18450  47.442  -69.464  -24.323 0.1000000015
20683  49.172  -68.069  -22.210 0.1000000015
129970  48.488  -68.129  -22.828 0.1000000015
17357  34.582  -70.902  -31.928 0.1000000015
122545  35.921  -69.240  -31.335 0.1000000015
20770  36.471  -67.493  -31.348 0.1000000015
119903  35.635  -68.165  -31.862 0.1000000015
20771  35.963  -67.385  -31.621 0.1000000015
22914  39.712  -64.720  -33.843 0.1000000015
21759  35.774  -66.562  -31.773 0.1000000015
22901  40.777  -64.786  -33.051 0.1000000015
24070  36.737  -64.636  -31.839 0.1000000015
22883  36.103  -65.818  -31.545 0.1000000015
24092  36.405  -64.631  -32.625 0.1000000015
24107  36.357  -64.614  -33.480 0.1000000015
22902  35.921  -65.119  -32.101 0.1000000015
135474  36.482  -69.226  -27.863 0.1000000015
18550  34.310  -69.350  -31.922 0.1000000015
134061  34.622  -69.803  -31.698 0.1000000015
21779  35.409  -66.464  -32.375 0.1000000015
17311  38.346  -69.752  -27.697 0.1000000015
15099  37.389  -72.777  -30.590 0.1000000015
17356  35.607  -71.673  -32.000 0.1000000015
24066  40.437  -64.220  -31.382 0.1000000015
24069  37.447  -64.584  -31.418 0.1000000015
14112  37.687  -73.441  -32.176 0.1000000015
119900  36.856  -73.505  -31.615 0.1000000015
14098  38.138  -73.415  -31.726 0.1000000015
135931  37.653  -73.219  -32.437 0.1000000015
22867  37.331  -65.374  -30.297 0.1000000015
121019  41.045  -64.254  -30.756 0.1000000015
24029  39.663  -64.627  -29.741 0.1000000015
15137  40.100  -72.953  -32.206 0.1000000015
16260  38.582  -71.948  -32.370 0.1000000015
135753  40.417  -70.885  -27.494 0.1000000015
20747  37.445  -66.783  -30.249 0.1000000015
21727  37.715  -66.339  -29.774 0.1000000015
22838  39.208  -65.236  -29.125 0.1000000015
16212  40.434  -71.716  -28.802 0.1000000015
16280  39.719  -72.607  -32.413 0.1000000015
17345  40.319  -70.161  -31.411 0.1000000015
20750  38.757  -67.755  -30.388 0.1000000015
22816  39.704  -65.468  -28.341 0.1000000015
16174  41.956  -71.464  -26.830 0.1000000015
14095  40.773  -73.207  -31.350 0.1000000015
137695  41.270  -73.248  -30.792 0.1000000015
16258  40.527  -72.149  -32.138 0.1000000015
17343  41.600  -70.816  -30.995 0.1000000015
17344  40.928  -70.444  -31.269 0.1000000015
21709  39.553  -66.230  -28.155 0.1000000015
24010  43.518  -64.679  -28.171 0.1000000015
24024  44.704  -64.789  -29.418 0.1000000015
24048  44.319  -64.731  -30.107 0.1000000015
15081  43.428  -73.427  -29.548 0.1000000015
139988  41.548  -73.047  -30.272 0.1000000015
15063  42.853  -72.125  -26.857 0.1000000015
16194  42.341  -71.797  -27.681 0.1000000015
16245  42.371  -72.465  -31.203 0.1000000015
17332  42.667  -70.759  -29.982 0.1000000015
17333  41.986  -70.327  -30.265 0.1000000015
139629  40.065  -66.339  -27.583 0.1000000015
23986  42.867  -64.920  -27.522 0.1000000015
16244  43.421  -72.944  -30.756 0.1000000015
20725  40.542  -66.847  -27.304 0.1000000015
22798  43.222  -65.168  -26.761 0.1000000015
23985  45.085  -64.718  -27.057 0.1000000015
17319  42.955  -70.342  -29.121 0.1000000015
22782  41.684  -65.860  -26.588 0.1000000015
22767  43.702  -65.738  -25.682 0.1000000015
23984  46.125  -64.614  -27.054 0.1000000015
23983  47.211  -64.790  -27.285 0.1000000015
22796  48.195  -65.276  -27.480 0.1000000015
13075  44.549  -75.034  -26.631 0.1000000015
15093  44.753  -73.638  -30.341 0.1000000015
18484  42.731  -69.090  -26.712 0.1000000015
23962  46.644  -64.569  -26.398 0.1000000015
13104  45.326  -74.559  -29.818 0.1000000015
122443  43.461  -69.644  -26.699 0.1000000015
21659  46.302  -65.930  -23.901 0.1000000015
136128  45.584  -65.214  -25.004 0.1000000015
21670  44.185  -65.944  -25.044 0.1000000015
22764  46.144  -64.826  -25.458 0.1000000015
140084  46.893  -64.552  -25.718 0.1000000015
23948  47.529  -64.461  -25.414 0.1000000015
23901  50.190  -63.876  -22.612 0.1000000015
23946  49.450  -64.166  -24.848 0.1000000015
124449  48.963  -64.335  -25.857 0.1000000015
23944  51.378  -64.128  -26.245 0.1000000015
128822  50.090  -64.249  -25.618 0.1000000015
25002  49.712  -63.654  -22.368 0.1000000015
118482  48.993  -64.060  -22.074 0.1000000015
19639  46.751  -68.697  -23.894 0.1000000015
26134  44.117  -62.338  -28.196 0.4000000060
26174  47.187  -62.913  -28.944 0.3000000119
117514  46.300  -62.985  -28.999 0.3000000119
26175  45.430  -62.865  -29.241 0.3000000119
26157  44.826  -62.540  -28.723 0.4000000060
26158  43.125  -62.328  -28.542 0.4000000060
125436  43.938  -62.497  -29.112 0.4000000060
140374  47.917  -68.101  -35.556 0.1000000015
21809  47.460  -67.227  -35.440 0.1000000015
22928  47.496  -65.666  -34.635 0.2000000030
25145  48.183  -63.153  -34.507 0.3000000119
27353  41.655  -61.570  -30.980 0.4000000060
26173  48.174  -62.784  -29.020 0.3000000119
140242  46.390  -61.200  -33.921 0.4000000060
27389  45.830  -61.410  -33.237 0.4000000060
24120  48.066  -64.554  -34.500 0.2000000030
26240  46.679  -61.969  -34.429 0.3000000119
27398  45.793  -61.230  -33.772 0.4000000060
27352  43.240  -61.633  -31.608 0.4000000060
19767  47.875  -68.900  -35.804 0.1000000015
24121  46.875  -64.781  -34.394 0.3000000119
27390  45.105  -61.323  -33.110 0.4000000060
116565  43.836  -61.493  -32.101 0.4000000060
27373  42.616  -61.205  -31.870 0.4000000060
139181  47.465  -68.334  -36.226 0.1000000015
27375  40.908  -61.265  -31.017 0.5000000000
22929  46.483  -65.658  -34.721 0.2000000030
126361  47.280  -63.851  -34.419 0.3000000119
27391  44.125  -61.077  -32.886 0.4000000060
28526  37.888  -60.116  -30.094 0.4000000060
27406  45.348  -61.369  -34.118 0.4000000060
27399  44.822  -61.199  -33.630 0.4000000060
27392  42.583  -60.841  -32.533 0.4000000060
27393  41.998  -60.888  -32.076 0.4000000060
27374  41.436  -61.098  -31.599 0.5000000000
20829  47.098  -68.133  -36.933 0.2000000030
20813  47.064  -67.640  -36.223 0.2000000030
21810  46.614  -66.882  -35.741 0.2000000030
21795  46.973  -66.483  -35.012 0.2000000030
26241  45.677  -61.945  -34.507 0.3000000119
19798  46.844  -68.566  -37.368 0.1000000015
27400  43.918  -61.042  -33.570 0.4000000060
25146  47.055  -62.873  -34.611 0.3000000119
27407  44.430  -61.363  -34.134 0.4000000060
116299  43.257  -60.866  -32.998 0.4000000060
28543  40.702  -60.841  -31.705 0.5000000000
28544  39.199  -60.605  -31.210 0.5000000000
125130  38.698  -60.542  -30.396 0.4000000060
28553  41.849  -60.631  -32.700 0.4000000060
28542  41.296  -60.712  -32.234 0.5000000000
116510  39.880  -60.609  -31.860 0.5000000000
138272  38.588  -60.390  -31.040 0.4000000060
22946  46.189  -66.213  -35.349 0.2000000030
123701  46.403  -63.830  -34.568 0.4000000060
24122  45.902  -64.879  -34.645 0.2000000030
25147  46.023  -62.825  -34.765 0.3000000119
25150  45.392  -63.926  -34.920 0.4000000060
26242  44.748  -61.945  -34.595 0.3000000119
121851  41.145  -60.517  -32.829 0.5000000000
28545  38.462  -60.151  -31.644 0.5000000000
29659  37.355  -59.631  -30.697 0.4000000060
25148  44.932  -62.924  -35.009 0.4000000060
27408  43.540  -61.431  -34.184 0.4000000060
27401  43.010  -61.107  -33.628 0.4000000060
118332  39.563  -60.355  -32.733 0.5000000000
21811  45.995  -66.510  -35.977 0.2000000030
20830  46.762  -67.602  -37.102 0.2000000030
22947  45.479  -65.968  -35.707 0.2000000030
29660  36.720  -58.916  -30.445 0.4000000060
24133  45.049  -65.078  -35.318 0.2000000030
27409  42.641  -61.539  -34.333 0.4000000060
28559  41.447  -60.672  -33.417 0.4000000060
21826  45.623  -66.272  -36.468 0.2000000030
25151  44.621  -64.065  -35.503 0.3000000119
136974  44.229  -63.364  -35.555 0.4000000060
26245  44.133  -62.631  -35.169 0.3000000119
28560  40.410  -60.476  -33.347 0.5000000000
28555  38.688  -60.100  -32.514 0.5000000000
32380  36.407  -56.302  -28.352 0.4000000060
20843  46.697  -67.777  -37.841 0.2000000030
21825  46.340  -66.969  -36.635 0.2000000030
27413  43.048  -62.047  -34.832 0.4000000060
28558  42.104  -61.128  -33.840 0.4000000060
29663  37.958  -59.638  -32.320 0.5000000000
29665  36.872  -59.124  -31.378 0.4000000060
34311  36.632  -54.190  -26.922 0.4000000060
137238  46.551  -67.615  -38.574 0.2000000030
131640  45.293  -65.999  -36.987 0.2000000030
22948  44.901  -65.572  -36.307 0.2000000030
24134  44.514  -64.783  -35.974 0.2000000030
26246  43.375  -62.554  -35.395 0.4000000060
28561  39.400  -60.191  -33.710 0.5000000000
28562  38.865  -60.053  -33.217 0.5000000000
26243  43.906  -61.962  -34.686 0.3000000119
129345  40.700  -60.723  -34.019 0.5000000000
29664  37.632  -59.646  -31.518 0.5000000000
34323  36.600  -54.773  -27.735 0.4000000060
125818  36.228  -57.056  -28.811 0.4000000060
30587  36.453  -58.290  -29.871 0.4000000060
21838  45.913  -66.483  -37.238 0.2000000030
25158  44.062  -64.023  -36.227 0.4000000060
30603  36.540  -58.606  -32.062 0.4000000060
30592  36.349  -58.158  -30.570 0.4000000060
21837  46.497  -67.108  -37.761 0.2000000030
24144  44.394  -64.822  -36.707 0.2000000030
119749  36.277  -56.219  -29.224 0.4000000060
31491  36.207  -57.561  -30.212 0.4000000060
32391  35.993  -56.770  -30.691 0.4000000060
27410  41.787  -61.529  -34.612 0.3000000119
29676  38.496  -59.711  -33.994 0.5000000000
29671  37.490  -59.245  -32.995 0.5000000000
30597  36.392  -58.378  -31.253 0.4000000060
25152  43.634  -63.195  -35.887 0.4000000060
26247  42.607  -62.432  -35.614 0.4000000060
27415  41.447  -61.784  -35.498 0.3000000119
28565  41.254  -61.072  -34.246 0.4000000060
26255  42.983  -62.848  -36.339 0.4000000060
29684  39.102  -60.034  -34.692 0.5000000000
33391  36.378  -55.547  -29.597 0.4000000060
29672  37.154  -59.201  -32.192 0.5000000000
30602  36.894  -58.709  -32.844 0.5000000000
27411  41.100  -61.387  -34.967 0.4000000060
28567  39.914  -60.505  -34.323 0.5000000000
29677  37.780  -59.345  -33.682 0.5000000000
28575  39.637  -60.410  -35.333 0.5000000000
26176  44.607  -62.697  -29.637 0.4000000060
123619  36.157  -56.901  -29.727 0.4000000060
29685  37.735  -59.118  -34.464 0.5000000000
26209  49.282  -62.700  -31.448 0.3000000119
25104  48.281  -63.070  -31.108 0.3000000119
138793  46.728  -63.331  -30.471 0.2000000030
25086  45.963  -63.258  -30.032 0.2000000030
26208  50.486  -62.755  -32.148 0.2000000030
126144  48.766  -62.430  -32.073 0.3000000119
123983  48.226  -62.120  -32.674 0.3000000119
26228  47.390  -62.017  -32.766 0.3000000119
26234  50.350  -62.516  -33.468 0.2000000030
27394  49.237  -61.903  -34.146 0.2000000030
27395  48.703  -61.704  -33.825 0.2000000030
22927  48.586  -65.638  -34.616 0.2000000030
20861  45.964  -67.610  -39.435 0.1000000015
20875  45.578  -67.281  -39.956 0.1000000015
28632  45.066  -60.549  -39.334 0.1000000015
26171  49.990  -62.488  -29.113 0.1000000015
26193  48.316  -63.040  -30.009 0.2000000030
25105  47.480  -63.293  -30.326 0.2000000030
26192  49.271  -62.802  -30.570 0.2000000030
26169  51.119  -63.093  -30.052 0.1000000015
25114  50.916  -63.529  -31.597 0.1000000015
26191  50.138  -62.861  -31.236 0.2000000030
25103  51.028  -63.659  -30.660 0.1000000015
24085  51.009  -63.852  -32.093 0.1000000015
19823  46.256  -67.871  -38.854 0.1000000015
24173  45.742  -64.470  -38.420 0.1000000015
25185  45.134  -63.610  -38.698 0.1000000015
119930  44.313  -62.982  -38.607 0.1000000015
26282  43.711  -62.479  -38.403 0.1000000015
24172  46.845  -64.518  -38.699 0.1000000015
27447  44.321  -62.183  -38.829 0.1000000015
26297  44.980  -61.933  -39.121 0.1000000015
29747  43.622  -60.084  -38.814 0.1000000015
29730  42.412  -59.674  -38.371 0.1000000015
131431  43.168  -59.460  -38.513 0.1000000015
30659  42.655  -58.896  -38.218 0.1000000015
132836  50.265  -62.614  -30.025 0.2000000030
119416  50.709  -62.986  -30.622 0.1000000015
25159  43.521  -63.496  -36.736 0.1000000015
26248  41.952  -62.238  -35.773 0.3000000119
22973  46.290  -66.382  -37.922 0.1000000015
121212  45.691  -65.825  -37.707 0.1000000015
22974  44.853  -65.431  -37.202 0.1000000015
25171  43.610  -63.559  -37.631 0.1000000015
26269  42.686  -62.401  -37.307 0.2000000030
130955  41.555  -61.977  -36.350 0.3000000119
28582  40.243  -60.391  -36.726 0.3000000119
29702  39.113  -59.349  -36.528 0.3000000119
20874  46.242  -67.012  -39.861 0.1000000015
25170  44.073  -64.173  -37.767 0.1000000015
26283  43.057  -62.037  -38.143 0.1000000015
26270  41.865  -61.883  -37.127 0.2000000030
125275  40.569  -59.965  -37.322 0.3000000119
119113  46.789  -65.225  -38.639 0.1000000015
27449  42.829  -61.207  -38.484 0.1000000015
29713  41.119  -59.550  -37.755 0.2000000030
30640  40.312  -59.073  -37.381 0.3000000119
29731  41.827  -59.187  -38.055 0.1000000015
30639  41.191  -58.717  -37.698 0.2000000030
31532  40.281  -57.407  -37.024 0.4000000060
30658  43.483  -58.728  -38.332 0.1000000015
30638  42.092  -58.254  -37.801 0.1000000015
31531  41.327  -57.266  -37.079 0.3000000119
26080  49.484  -62.217  -23.380 0.1000000015
26089  50.465  -62.173  -24.684 0.1000000015
29686  37.191  -58.754  -33.764 0.4000000060
119975  38.382  -59.412  -35.072 0.4000000060
28574  40.157  -60.766  -35.924 0.3000000119
29694  38.958  -59.761  -35.738 0.4000000060
29695  38.377  -59.071  -36.046 0.4000000060
30630  38.896  -58.506  -36.571 0.4000000060
31534  38.586  -57.527  -36.321 0.4000000060
30629  39.801  -58.324  -37.023 0.4000000060
32451  39.896  -56.752  -36.632 0.5000000000
31545  40.683  -58.133  -37.343 0.3000000119
31542  43.702  -57.352  -37.624 0.2000000030
31543  42.695  -57.448  -37.505 0.1000000015
32450  40.824  -56.600  -36.628 0.4000000060
31561  44.463  -57.716  -38.038 0.1000000015
32463  43.195  -56.723  -37.080 0.2000000030
31530  42.291  -56.970  -36.937 0.2000000030
30656  45.863  -58.606  -39.039 0.1000000015
127277  45.321  -57.295  -38.031 0.1000000015
32447  43.685  -56.098  -36.544 0.2000000030
30655  46.810  -58.282  -39.047 0.1000000015
31540  46.253  -56.756  -37.827 0.1000000015
119730  36.494  -58.127  -32.635 0.4000000060
31500  36.111  -57.722  -31.956 0.3000000119
30607  36.695  -58.121  -33.386 0.4000000060
30621  37.437  -57.918  -35.346 0.4000000060
30615  37.221  -58.415  -34.680 0.4000000060
30620  38.062  -58.237  -36.000 0.4000000060
31512  36.900  -57.629  -34.703 0.4000000060
32452  39.150  -56.891  -36.434 0.4000000060
32438  39.526  -56.175  -36.135 0.4000000060
32439  38.551  -56.483  -35.969 0.4000000060
32437  40.347  -56.128  -36.235 0.5000000000
32448  42.753  -56.241  -36.535 0.3000000119
32449  41.807  -56.446  -36.509 0.4000000060
33469  41.219  -55.748  -36.087 0.4000000060
32445  45.420  -55.803  -36.534 0.2000000030
32446  44.584  -55.991  -36.496 0.2000000030
33467  43.270  -55.578  -36.079 0.2000000030
32460  45.882  -56.203  -37.079 0.1000000015
139824  45.405  -56.724  -37.474 0.2000000030
30689  49.181  -58.980  -40.366 0.1000000015
32408  36.341  -56.431  -32.881 0.4000000060
125431  36.075  -56.753  -32.186 0.4000000060
33441  36.727  -55.989  -33.996 0.4000000060
33456  37.614  -55.891  -35.088 0.4000000060
33440  37.181  -55.748  -34.558 0.4000000060
129707  38.221  -55.741  -35.376 0.4000000060
118546  39.504  -54.648  -35.229 0.4000000060
33454  39.058  -55.497  -35.652 0.4000000060
128530  40.174  -55.363  -35.763 0.3000000119
34437  41.514  -54.243  -35.313 0.4000000060
123836  41.063  -54.965  -35.642 0.4000000060
33452  42.897  -54.988  -35.584 0.3000000119
33453  41.918  -55.031  -35.626 0.4000000060
33480  46.382  -55.377  -36.666 0.2000000030
34449  45.302  -54.703  -35.946 0.2000000030
33466  44.160  -55.501  -36.071 0.2000000030
32459  46.843  -56.007  -37.305 0.2000000030
30710  48.603  -58.421  -41.982 0.1000000015
127201  48.856  -59.082  -41.353 0.1000000015
125532  49.027  -57.476  -40.475 0.1000000015
118766  36.197  -56.093  -30.067 0.3000000119
33423  36.431  -55.660  -32.315 0.4000000060
32399  36.107  -56.254  -31.459 0.3000000119
33422  36.795  -55.245  -33.031 0.4000000060
34405  37.748  -54.654  -33.751 0.4000000060
123039  37.022  -55.255  -33.781 0.4000000060
34423  38.158  -54.755  -34.455 0.4000000060
132649  37.537  -55.068  -34.320 0.4000000060
34439  38.579  -54.972  -35.082 0.4000000060
34438  40.518  -54.329  -35.324 0.4000000060
34421  40.003  -53.695  -34.548 0.3000000119
129212  43.456  -52.617  -34.191 0.3000000119
131812  42.736  -52.897  -34.296 0.3000000119
35426  42.143  -53.501  -34.819 0.3000000119
35410  42.000  -52.732  -34.234 0.3000000119
35427  41.118  -53.396  -34.907 0.3000000119
35422  45.616  -53.134  -36.178 0.2000000030
35423  45.001  -53.328  -35.470 0.2000000030
35409  44.063  -52.787  -34.532 0.3000000119
132038  43.744  -53.370  -34.563 0.2000000030
34436  42.514  -54.283  -35.168 0.3000000119
136565  46.079  -53.643  -36.420 0.2000000030
128078  44.265  -54.424  -35.272 0.2000000030
33464  46.919  -54.513  -36.873 0.2000000030
34352  36.612  -54.828  -29.531 0.3000000119
34335  37.139  -54.092  -29.527 0.3000000119
33405  36.465  -55.243  -30.366 0.3000000119
33414  36.434  -55.389  -31.304 0.4000000060
133764  36.199  -55.940  -30.778 0.3000000119
34380  38.483  -54.565  -31.936 0.3000000119
34366  37.861  -54.353  -31.195 0.4000000060
34394  38.914  -54.431  -32.637 0.4000000060
125850  37.232  -54.849  -33.189 0.4000000060
35379  39.622  -54.029  -32.536 0.4000000060
137406  38.434  -54.402  -33.378 0.4000000060
35394  39.776  -53.545  -33.505 0.3000000119
34422  38.964  -54.422  -34.540 0.4000000060
34403  39.149  -54.080  -33.628 0.4000000060
125658  42.635  -51.500  -33.305 0.3000000119
36372  41.846  -51.453  -32.709 0.2000000030
127402  40.756  -52.140  -32.248 0.2000000030
35393  40.403  -52.951  -33.756 0.3000000119
37513  42.906  -51.200  -33.557 0.3000000119
36408  42.892  -52.232  -33.688 0.3000000119
36409  42.132  -52.133  -33.301 0.2000000030
35411  41.078  -52.750  -34.118 0.2000000030
36432  44.503  -52.122  -36.451 0.2000000030
37548  43.626  -51.439  -35.153 0.3000000119
37531  43.401  -51.470  -34.286 0.3000000119
36407  43.811  -52.049  -34.322 0.3000000119
34336  36.713  -54.533  -28.639 0.3000000119
33372  36.443  -55.423  -28.770 0.3000000119
35363  40.205  -53.934  -31.396 0.3000000119
37490  40.798  -51.070  -31.040 0.2000000030
116162  40.300  -52.665  -31.501 0.2000000030
123684  40.013  -53.353  -32.008 0.2000000030
38647  40.458  -50.441  -31.320 0.2000000030
138584  41.309  -51.226  -32.097 0.2000000030
36373  40.851  -51.597  -31.567 0.2000000030
30654  47.507  -57.635  -38.698 0.1000000015
31559  46.961  -57.061  -38.318 0.1000000015
37567  43.356  -51.412  -35.947 0.3000000119
35437  46.089  -53.063  -36.911 0.2000000030
118988  45.162  -62.998  -30.058 0.3000000119
25106  46.288  -63.157  -31.114 0.3000000119
26211  46.803  -62.520  -31.936 0.3000000119
27403  48.250  -61.707  -34.138 0.2000000030
26172  49.216  -62.655  -29.560 0.2000000030
25085  46.845  -63.220  -29.643 0.2000000030
24145  43.890  -64.212  -37.097 0.1000000015
35318  36.914  -54.038  -27.915 0.3000000119
119081  35.910  -57.034  -31.481 0.3000000119
27416  40.782  -61.283  -35.672 0.2000000030
24159  45.175  -65.084  -37.944 0.1000000015
122372  49.757  -62.443  -32.221 0.2000000030
26210  47.766  -62.570  -31.937 0.3000000119
26226  50.074  -62.305  -32.914 0.1000000015
26227  49.114  -61.987  -33.058 0.2000000030
27470  44.454  -61.309  -39.060 0.1000000015
22990  46.112  -65.211  -38.325 0.1000000015
24174  44.700  -64.360  -38.169 0.1000000015
26268  43.301  -62.788  -37.864 0.1000000015
27448  43.636  -61.695  -38.666 0.1000000015
28615  43.030  -60.547  -38.690 0.1000000015
28617  41.755  -60.608  -38.077 0.1000000015
127283  43.217  -62.996  -37.177 0.2000000030
27423  40.638  -61.091  -36.493 0.3000000119
27432  42.327  -61.636  -37.864 0.2000000030
28596  40.805  -60.814  -37.221 0.3000000119
29714  39.844  -59.629  -36.943 0.4000000060
27433  41.542  -61.164  -37.642 0.3000000119
28595  41.218  -60.357  -37.739 0.3000000119
31513  36.622  -57.433  -33.917 0.4000000060
31519  37.866  -57.291  -35.795 0.4000000060
31541  44.656  -56.987  -37.537 0.2000000030
32462  44.131  -56.557  -37.063 0.2000000030
32416  36.529  -56.613  -33.610 0.4000000060
31520  37.219  -57.057  -35.219 0.4000000060
33465  44.963  -55.376  -36.132 0.2000000030
34435  43.552  -54.211  -35.036 0.3000000119
33451  43.808  -54.979  -35.568 0.2000000030
34434  44.871  -54.196  -35.464 0.2000000030
34382  36.749  -54.953  -31.826 0.4000000060
34367  36.901  -54.642  -31.041 0.4000000060
34396  36.965  -54.847  -32.525 0.4000000060
36422  44.466  -52.245  -35.437 0.2000000030
35408  44.551  -52.835  -34.988 0.2000000030
34351  37.407  -54.208  -30.401 0.4000000060
35378  40.194  -53.029  -32.864 0.2000000030
38663  39.966  -50.232  -32.211 0.2000000030
38662  40.921  -50.710  -31.980 0.2000000030
37501  41.073  -50.922  -31.734 0.2000000030
36389  41.171  -52.378  -33.027 0.2000000030
135263  36.855  -54.544  -30.182 0.2000000030
35334  38.601  -53.840  -29.980 0.3000000119
35317  37.204  -53.877  -28.695 0.2000000030
35335  37.859  -53.493  -29.189 0.2000000030
25143  50.127  -62.928  -34.423 0.1000000015
24117  50.610  -63.827  -34.189 0.1000000015
128012  49.847  -63.745  -34.551 0.1000000015
26153  49.159  -62.473  -28.660 0.1000000015
140518  49.549  -62.393  -34.343 0.1000000015
22926  49.610  -65.689  -34.461 0.1000000015
126681  49.154  -64.808  -34.573 0.1000000015
128029  36.883  -53.582  -26.898 0.1000000015
35305  37.135  -53.554  -27.360 0.1000000015
134701  38.436  -52.625  -26.931 0.1000000015
126326  37.564  -53.513  -28.139 0.1000000015
35304  37.840  -53.019  -27.405 0.1000000015
36305  38.543  -52.865  -27.609 0.1000000015
35316  38.404  -53.147  -28.385 0.1000000015
133784  37.778  -53.809  -29.936 0.2000000030
35315  39.369  -53.286  -28.935 0.2000000030
34365  39.036  -54.564  -31.247 0.2000000030
35314  40.465  -54.157  -29.538 0.2000000030
135115  39.567  -54.329  -30.058 0.2000000030
35347  38.325  -54.139  -30.561 0.2000000030
35333  39.915  -54.352  -29.849 0.2000000030
34364  39.586  -54.536  -30.664 0.2000000030
126877  39.766  -54.614  -31.219 0.2000000030
34379  39.402  -54.517  -31.788 0.2000000030
34378  39.902  -54.337  -31.546 0.2000000030
118187  40.370  -53.355  -30.897 0.1000000015
34334  40.817  -55.039  -29.242 0.2000000030
34350  40.189  -54.701  -30.301 0.2000000030
34363  40.156  -54.596  -31.038 0.2000000030
36330  40.799  -53.804  -30.173 0.1000000015
36299  37.019  -52.833  -26.161 0.1000000015
36298  37.714  -52.702  -26.573 0.1000000015
134361  38.301  -52.430  -26.246 0.1000000015
36304  39.126  -52.762  -27.340 0.1000000015
116424  38.886  -53.470  -29.427 0.2000000030
37549  42.858  -51.170  -35.154 0.2000000030
38675  42.466  -50.809  -33.585 0.2000000030
37532  42.890  -50.995  -34.093 0.2000000030
37568  41.776  -51.343  -35.545 0.2000000030
38704  40.297  -50.816  -34.642 0.2000000030
38676  41.799  -50.713  -33.097 0.2000000030
133537  41.270  -50.796  -34.643 0.2000000030
38692  41.527  -50.587  -34.012 0.2000000030
122358  40.931  -51.179  -35.236 0.2000000030
37514  42.394  -51.030  -32.993 0.2000000030
38679  38.484  -50.039  -33.789 0.1000000015
38694  39.256  -50.557  -34.195 0.2000000030
38678  39.626  -50.339  -33.204 0.2000000030
38677  40.888  -50.613  -32.650 0.2000000030
39855  37.913  -49.379  -34.176 0.1000000015
128517  38.139  -49.297  -33.599 0.1000000015
39846  38.559  -49.395  -32.961 0.1000000015
41963  38.259  -47.854  -35.330 0.1000000015
41977  38.587  -47.882  -36.134 0.1000000015
35302  40.430  -53.769  -28.016 0.1000000015
39834  39.047  -49.616  -32.152 0.1000000015
40898  38.285  -48.647  -33.126 0.1000000015
140684  39.104  -49.914  -32.893 0.1000000015
41953  38.166  -47.854  -34.447 0.1000000015
41945  38.301  -47.823  -33.540 0.1000000015
43007  39.668  -46.732  -35.561 0.1000000015
42993  39.446  -46.497  -34.606 0.1000000015
43005  41.146  -46.160  -36.013 0.1000000015
34321  41.403  -55.438  -28.407 0.1000000015
38648  39.723  -49.831  -31.571 0.1000000015
39835  38.625  -48.728  -32.117 0.1000000015
41944  38.704  -47.057  -34.051 0.1000000015
43006  40.804  -45.996  -35.394 0.1000000015
120888  40.207  -46.164  -35.056 0.1000000015
34333  41.354  -55.724  -29.549 0.1000000015
129088  40.709  -55.059  -30.180 0.1000000015
40868  39.726  -48.392  -30.656 0.1000000015
39819  39.960  -49.632  -30.860 0.1000000015
42945  40.518  -46.868  -30.856 0.1000000015
41909  39.521  -47.860  -31.055 0.1000000015
39820  39.240  -49.195  -31.461 0.1000000015
39800  39.559  -48.939  -30.902 0.1000000015
136991  40.201  -46.615  -31.498 0.1000000015
40889  39.016  -47.675  -31.727 0.1000000015
42982  41.138  -45.750  -33.067 0.1000000015
42974  40.403  -46.172  -32.284 0.1000000015
41932  38.705  -47.004  -33.125 0.1000000015
122159  38.949  -47.089  -32.393 0.1000000015
43928  42.707  -45.438  -33.628 0.1000000015
43929  41.807  -45.540  -33.764 0.1000000015
42983  40.145  -45.851  -33.297 0.1000000015
43948  41.538  -45.447  -34.584 0.1000000015
34332  41.770  -56.034  -30.023 0.1000000015
131224  41.225  -55.475  -30.108 0.1000000015
124705  40.304  -49.686  -30.149 0.1000000015
42972  42.549  -45.961  -32.121 0.1000000015
42973  41.542  -45.979  -32.192 0.1000000015
43921  42.159  -45.740  -32.936 0.1000000015
120773  40.643  -50.442  -30.443 0.1000000015
119783  38.491  -50.401  -34.703 0.1000000015
40914  37.835  -48.769  -34.858 0.1000000015
42992  40.094  -45.901  -34.205 0.1000000015
40867  40.257  -48.445  -30.018 0.1000000015
32523  44.919  -56.048  -41.824 0.1000000015
128181  44.011  -56.315  -41.876 0.1000000015
32535  44.649  -56.322  -42.653 0.1000000015
118278  45.357  -56.320  -43.531 0.1000000015
32560  45.574  -56.629  -45.163 0.1000000015
135228  45.689  -57.282  -45.553 0.1000000015
29829  44.555  -58.804  -44.223 0.1000000015
33546  45.783  -55.771  -41.758 0.1000000015
32508  44.358  -56.048  -41.069 0.1000000015
32549  45.105  -56.397  -44.519 0.1000000015
32559  46.259  -56.739  -44.855 0.1000000015
120008  43.010  -56.312  -40.501 0.1000000015
33538  44.035  -55.719  -39.768 0.1000000015
33536  45.670  -55.179  -40.422 0.1000000015
131854  45.989  -55.546  -41.000 0.1000000015
32522  45.584  -56.180  -42.587 0.1000000015
133919  43.062  -56.398  -41.973 0.1000000015
34495  44.123  -54.760  -38.971 0.1000000015
34504  46.200  -54.443  -39.930 0.1000000015
32524  43.433  -56.385  -41.147 0.1000000015
33519  41.814  -56.035  -39.060 0.1000000015
122814  40.789  -55.928  -39.081 0.1000000015
32511  41.317  -56.585  -40.414 0.1000000015
32491  42.274  -56.371  -39.918 0.1000000015
33537  44.743  -55.628  -40.184 0.1000000015
29830  43.587  -59.092  -44.408 0.1000000015
13094  44.886  -74.749  -29.933 0.1000000015
14071  46.265  -73.752  -28.976 0.1000000015
14083  45.740  -73.963  -29.652 0.1000000015
14084  45.124  -74.308  -30.189 0.1000000015
14096  40.073  -73.345  -31.472 0.1000000015
14099  37.256  -73.603  -31.981 0.1000000015
14110  39.629  -73.232  -32.078 0.1000000015
14122  39.240  -73.051  -32.450 0.1000000015
14123  37.797  -73.300  -32.347 0.1000000015
15117  38.758  -73.276  -30.936 0.1000000015
15156  38.331  -73.103  -32.477 0.1000000015
16246  41.795  -71.814  -31.388 0.1000000015
18545  39.213  -69.897  -31.532 0.1000000015
18601  47.382  -69.630  -35.878 0.1000000015
19785  47.321  -68.794  -36.530 0.1000000015
19809  46.509  -68.123  -38.200 0.1000000015
19824  45.600  -68.192  -39.027 0.1000000015
20784  35.541  -67.271  -32.052 0.1000000015
20862  45.179  -67.819  -39.494 0.1000000015
21672  42.999  -66.230  -25.826 0.1000000015
21737  45.971  -65.713  -30.764 0.1000000015
22815  40.333  -65.311  -27.871 0.1000000015
22930  45.750  -65.610  -35.059 0.2000000030
22988  46.933  -65.636  -38.889 0.2000000030
22989  46.452  -65.841  -38.361 0.1000000015
23002  47.156  -65.358  -39.402 0.2000000030
24028  40.769  -64.474  -29.098 0.1000000015
24061  50.895  -63.811  -31.255 0.1000000015
24119  49.003  -63.915  -34.574 0.1000000015
24160  44.439  -64.725  -37.497 0.1000000015
24191  47.792  -64.463  -40.260 0.1000000015
25083  51.367  -63.665  -29.698 0.1000000015
25084  47.577  -63.098  -29.536 0.3000000119
25115  47.206  -63.187  -31.192 0.3000000119
25144  49.285  -62.996  -34.568 0.1000000015
25186  44.197  -63.684  -38.243 0.1000000015
25187  43.770  -63.137  -38.206 0.1000000015
25197  48.346  -63.200  -39.788 0.1000000015
25199  47.378  -63.763  -39.054 0.1000000015
25210  48.340  -63.243  -40.246 0.1000000015
26127  51.413  -62.884  -27.242 0.1000000015
26150  51.431  -63.007  -28.571 0.1000000015
26189  50.837  -63.417  -30.922 0.1000000015
26190  50.734  -63.131  -31.491 0.1000000015
26235  49.677  -61.980  -33.665 0.2000000030
26237  50.059  -62.286  -34.091 0.1000000015
26238  48.745  -62.268  -34.392 0.1000000015
26256  42.236  -62.375  -36.423 0.3000000119
26281  45.028  -62.660  -39.012 0.1000000015
26293  48.731  -61.806  -39.832 0.1000000015
27219  42.773  -61.204  -22.663 0.2000000030
27230  45.837  -61.374  -23.722 0.1000000015
27241  48.874  -61.605  -24.487 0.1000000015
27244  46.239  -61.167  -24.024 0.1000000015
27341  41.528  -61.794  -29.590 0.5000000000
27387  48.058  -61.719  -33.431 0.2000000030
27397  46.852  -61.230  -33.962 0.4000000060
27405  46.333  -61.293  -34.052 0.4000000060
27414  42.224  -62.007  -35.063 0.3000000119
27422  41.147  -61.500  -36.920 0.3000000119
27450  42.117  -61.034  -38.164 0.2000000030
27487  48.953  -61.580  -40.123 0.1000000015
28404  41.567  -60.887  -22.762 0.4000000060
28420  44.621  -61.179  -24.314 0.3000000119
28504  38.420  -60.504  -29.452 0.5000000000
28524  40.121  -60.917  -31.089 0.5000000000
28546  38.069  -60.131  -30.903 0.4000000060
28552  42.411  -60.754  -33.149 0.4000000060
28554  40.520  -60.551  -32.455 0.5000000000
28566  40.444  -60.958  -34.916 0.4000000060
28583  39.599  -60.084  -36.257 0.3000000119
28616  42.370  -60.448  -38.401 0.1000000015
28634  43.602  -60.907  -38.856 0.1000000015
29670  38.211  -59.685  -33.120 0.5000000000
29715  39.510  -59.004  -36.987 0.4000000060
29741  49.149  -59.780  -40.008 0.2000000030
29742  48.993  -59.714  -39.813 0.1000000015
29813  44.156  -59.301  -43.364 0.1000000015
30468  33.600  -59.059  -17.592 0.1000000015
30482  33.753  -58.794  -18.190 0.1000000015
30614  37.792  -58.724  -35.350 0.4000000060
30616  36.817  -58.117  -34.143 0.4000000060
30637  43.047  -58.090  -38.002 0.1000000015
30690  49.241  -58.213  -40.073 0.1000000015
30701  49.089  -58.276  -40.959 0.1000000015
30746  45.407  -57.720  -45.656 0.1000000015
31330  34.250  -57.242  -15.839 0.1000000015
31494  36.053  -57.602  -31.045 0.4000000060
31506  36.383  -57.330  -32.940 0.4000000060
31533  39.405  -57.577  -36.709 0.5000000000
31544  41.429  -57.982  -37.487 0.2000000030
31560  46.219  -57.634  -38.584 0.1000000015
31633  45.780  -56.917  -45.413 0.1000000015
32426  37.246  -56.350  -35.016 0.4000000060
32427  36.795  -56.678  -34.506 0.4000000060
32440  37.749  -56.457  -35.457 0.4000000060
32458  47.580  -55.821  -37.763 0.3000000119
32461  45.025  -56.421  -36.941 0.2000000030
32474  48.409  -56.240  -38.768 0.2000000030
32475  48.030  -56.458  -38.359 0.3000000119
32490  43.286  -55.975  -39.822 0.1000000015
32492  41.344  -56.359  -39.622 0.1000000015
32509  43.832  -56.087  -40.383 0.1000000015
32548  45.967  -56.392  -44.383 0.1000000015
33347  41.829  -56.079  -29.076 0.1000000015
33427  36.583  -55.834  -33.287 0.4000000060
33450  44.588  -54.906  -35.680 0.2000000030
33455  37.852  -55.312  -34.842 0.4000000060
33468  42.313  -55.689  -36.065 0.3000000119
33495  42.234  -55.304  -38.583 0.2000000030
33496  40.743  -55.358  -38.566 0.1000000015
33515  45.320  -54.752  -39.704 0.1000000015
33516  44.481  -55.161  -39.458 0.2000000030
33547  45.224  -55.683  -41.035 0.1000000015
34381  37.386  -54.632  -31.886 0.4000000060
34395  37.843  -54.554  -32.777 0.4000000060
34404  38.462  -54.416  -34.002 0.4000000060
34433  45.524  -53.932  -35.938 0.2000000030
34460  41.856  -54.019  -37.622 0.2000000030
34472  47.835  -54.841  -38.462 0.2000000030
34473  47.300  -53.850  -38.761 0.2000000030
34475  44.195  -53.941  -38.590 0.2000000030
34492  47.947  -54.685  -39.163 0.2000000030
34493  46.732  -53.932  -39.373 0.1000000015
34502  47.652  -54.710  -39.888 0.1000000015
35294  37.195  -53.145  -26.818 0.1000000015
35424  44.340  -53.633  -34.930 0.3000000119
35425  43.067  -53.527  -34.595 0.3000000119
35436  46.689  -53.730  -36.905 0.2000000030
35446  45.583  -52.864  -37.559 0.2000000030
35451  40.075  -53.634  -37.451 0.2000000030
36388  43.238  -51.790  -33.807 0.3000000119
36406  44.241  -52.278  -34.747 0.3000000119
36421  45.026  -52.630  -35.931 0.2000000030
36433  43.694  -51.747  -36.494 0.4000000060
36434  42.476  -51.597  -36.228 0.4000000060
36437  39.163  -52.323  -37.324 0.1000000015
36453  39.321  -52.946  -37.935 0.2000000030
37530  44.003  -51.759  -34.869 0.3000000119
37547  44.033  -51.635  -35.734 0.2000000030
37550  42.050  -50.860  -34.610 0.2000000030
37569  40.226  -51.762  -35.902 0.3000000119
38509  37.845  -50.787  -21.118 0.1000000015
38661  41.610  -50.943  -32.430 0.2000000030
38693  40.537  -50.518  -33.588 0.2000000030
38705  38.944  -50.862  -35.139 0.1000000015
38722  38.554  -50.793  -37.395 0.2000000030
39799  39.939  -49.057  -30.296 0.1000000015
39821  39.236  -48.467  -31.324 0.1000000015
39863  38.010  -49.807  -34.766 0.1000000015
39869  38.132  -49.727  -36.457 0.2000000030
40905  37.990  -48.643  -33.966 0.1000000015
40921  38.936  -48.097  -36.904 0.2000000030
40943  41.628  -48.320  -38.615 0.1000000015
40945  39.848  -48.840  -38.280 0.1000000015
41923  39.749  -47.185  -31.194 0.1000000015
41933  38.532  -47.826  -32.635 0.1000000015
41952  38.826  -47.166  -34.964 0.1000000015
41962  38.943  -47.341  -35.709 0.1000000015
41988  42.126  -47.290  -37.573 0.1000000015
41989  40.701  -47.783  -37.310 0.1000000015
42962  39.552  -46.785  -31.923 0.1000000015
42975  39.435  -46.433  -32.744 0.1000000015
42984  39.359  -46.364  -33.658 0.1000000015
43930  40.893  -45.613  -33.938 0.1000000015
43949  40.821  -45.763  -34.761 0.1000000015
116516  42.038  -61.322  -31.534 0.5000000000
116521  43.277  -61.114  -32.358 0.4000000060
119097  37.506  -59.954  -28.269 0.5000000000
119110  46.239  -56.356  -43.382 0.1000000015
120821  38.889  -64.355  -31.084 0.1000000015
121688  47.633  -56.944  -38.366 0.2000000030
122059  48.555  -58.591  -39.290 0.1000000015
123735  34.136  -63.881  -17.092 0.1000000015
124864  38.084  -48.486  -35.687 0.2000000030
126382  39.716  -61.388  -27.670 0.6000000238
127543  41.079  -61.551  -36.204 0.2000000030
129583  36.972  -64.429  -34.014 0.1000000015
129896  41.963  -57.568  -37.352 0.2000000030
130742  43.312  -59.443  -43.366 0.1000000015
130947  41.731  -59.975  -38.156 0.1000000015
131545  50.869  -63.092  -32.054 0.2000000030
131705  40.458  -46.356  -35.662 0.1000000015
132877  34.507  -63.017  -18.988 0.1000000015
133109  48.804  -60.955  -39.649 0.1000000015
133545  46.157  -54.446  -36.344 0.2000000030
133865  49.522  -64.295  -34.564 0.1000000015
134082  42.893  -60.046  -38.613 0.1000000015
134717  36.706  -73.631  -32.091 0.1000000015
134836  39.148  -60.403  -31.997 0.5000000000
136699  45.665  -55.187  -36.258 0.2000000030
137035  37.579  -60.032  -28.775 0.5000000000
137087  48.470  -59.118  -42.170 0.1000000015
137139  35.058  -52.421  -21.971 0.1000000015
138432  45.715  -61.279  -25.085 0.2000000030
138767  36.525  -55.073  -28.234 0.3000000119
139493  36.923  -64.466  -32.408 0.1000000015
139832  44.799  -52.747  -35.416 0.2000000030
