#!ascii label  , from subject sub-018 vox2ras=TkReg
1539
97308  -51.443  14.214  19.828 0.0000000000
107333  -46.637  29.075  4.487 0.0000000000
106000  -49.543  28.096  14.322 0.0000000000
100646  -56.035  18.704  4.698 0.0000000000
145898  -49.930  26.547  -1.676 0.0000000000
102877  -50.313  22.547  2.411 0.0000000000
100707  -48.727  18.533  -2.316 0.0000000000
102134  -48.692  21.869  6.046 0.0000000000
93859  -47.984  9.269  28.915 0.0000000000
97281  -50.395  15.358  24.546 0.0000000000
111673  -41.883  37.084  7.249 0.0000000000
131804  -48.009  36.935  3.119 0.0000000000
110289  -52.598  34.254  -0.376 0.0000000000
126783  -50.716  23.367  19.149 0.0000000000
107300  -51.319  30.060  7.951 0.0000000000
104129  -52.920  24.565  10.029 0.0000000000
101279  -54.367  20.749  14.662 0.0000000000
128217  -52.136  18.536  12.406 0.0000000000
99896  -46.699  18.810  13.522 0.0000000000
97968  -55.060  15.891  19.762 0.0000000000
104939  -49.879  26.168  -5.146 0.0000000000
144341  -48.451  22.471  -4.053 0.0000000000
103598  -46.477  22.985  -4.408 0.0000000000
101445  -45.684  20.690  -0.293 0.0000000000
95715  -49.504  12.971  27.267 0.0000000000
97926  -48.921  15.754  25.122 0.0000000000
111206  -38.600  36.988  9.188 0.0000000000
110260  -51.276  35.122  2.287 0.0000000000
104042  -50.338  24.450  22.049 0.0000000000
132867  -51.557  27.555  18.068 0.0000000000
131511  -45.947  32.422  6.738 0.0000000000
106032  -47.421  27.785  7.833 0.0000000000
102894  -54.703  21.809  1.542 0.0000000000
104181  -53.263  24.841  4.996 0.0000000000
102138  -55.292  22.370  7.063 0.0000000000
102061  -51.542  21.619  12.076 0.0000000000
101336  -55.121  19.635  9.987 0.0000000000
99929  -55.891  18.523  12.515 0.0000000000
149822  -54.790  18.409  8.584 0.0000000000
102076  -47.886  21.263  10.161 0.0000000000
106074  -48.115  27.517  1.465 0.0000000000
131157  -47.052  24.745  3.914 0.0000000000
141339  -47.286  23.421  -0.028 0.0000000000
102208  -50.841  20.276  -1.056 0.0000000000
131656  -52.578  19.058  -0.018 0.0000000000
101392  -51.845  20.789  4.784 0.0000000000
128766  -49.020  20.393  2.293 0.0000000000
101389  -45.849  20.903  3.934 0.0000000000
147484  -51.973  8.973  27.882 0.0000000000
94766  -50.193  11.155  24.400 0.0000000000
96614  -49.059  13.686  21.250 0.0000000000
110198  -38.827  34.064  11.383 0.0000000000
109608  -41.498  33.699  7.402 0.0000000000
109627  -44.261  33.768  5.060 0.0000000000
138129  -47.081  33.312  3.049 0.0000000000
132070  -50.654  30.954  1.324 0.0000000000
107378  -52.819  29.504  -0.628 0.0000000000
107958  -51.470  30.302  -3.566 0.0000000000
109694  -52.382  33.668  -3.200 0.0000000000
101224  -50.201  20.603  24.369 0.0000000000
100511  -51.328  20.157  23.330 0.0000000000
99850  -50.036  18.309  18.768 0.0000000000
107291  -51.027  30.097  10.173 0.0000000000
104849  -50.108  24.771  6.347 0.0000000000
106020  -51.835  27.431  8.651 0.0000000000
106002  -52.734  27.345  14.249 0.0000000000
104097  -50.055  24.885  14.370 0.0000000000
102026  -51.934  21.599  16.618 0.0000000000
99860  -52.559  18.641  17.727 0.0000000000
147160  -56.073  17.726  16.920 0.0000000000
127289  -53.112  17.118  15.608 0.0000000000
99246  -50.208  17.327  15.278 0.0000000000
101348  -51.121  20.395  9.258 0.0000000000
99924  -49.364  18.939  13.006 0.0000000000
98616  -47.679  16.702  15.249 0.0000000000
125562  -51.083  12.949  20.046 0.0000000000
96620  -53.281  13.416  20.646 0.0000000000
128633  -53.441  15.334  19.927 0.0000000000
106133  -49.311  26.986  -4.913 0.0000000000
104936  -47.645  24.666  -5.628 0.0000000000
104928  -46.192  24.929  -4.633 0.0000000000
103588  -45.375  23.423  -2.666 0.0000000000
105976  -50.666  28.436  16.477 0.0000000000
107892  -46.277  31.102  5.599 0.0000000000
101421  -55.952  20.018  2.345 0.0000000000
102861  -55.362  21.986  4.254 0.0000000000
150690  -56.108  20.531  5.587 0.0000000000
101367  -55.323  20.783  7.514 0.0000000000
99969  -56.249  18.719  6.682 0.0000000000
99963  -55.834  18.565  8.496 0.0000000000
100638  -55.280  18.879  6.267 0.0000000000
106089  -49.387  27.353  -0.183 0.0000000000
105483  -47.279  26.014  0.644 0.0000000000
104890  -48.065  25.628  -1.220 0.0000000000
101474  -48.473  20.311  -4.011 0.0000000000
102217  -48.714  21.157  -2.271 0.0000000000
100715  -50.122  18.965  -2.617 0.0000000000
101448  -52.366  19.493  -1.233 0.0000000000
100685  -50.640  18.840  -0.408 0.0000000000
101431  -50.866  19.782  1.623 0.0000000000
100683  -48.512  19.193  -0.169 0.0000000000
101426  -45.578  19.976  1.749 0.0000000000
96578  -50.126  14.209  26.348 0.0000000000
94752  -49.950  12.117  26.355 0.0000000000
95748  -49.466  13.008  24.625 0.0000000000
129676  -49.109  12.839  23.221 0.0000000000
97291  -49.167  15.085  22.409 0.0000000000
111210  -40.071  36.645  7.719 0.0000000000
145189  -39.808  34.949  8.082 0.0000000000
110748  -41.407  35.324  6.900 0.0000000000
109618  -42.539  33.787  6.358 0.0000000000
110755  -42.889  35.533  5.964 0.0000000000
111697  -46.199  37.691  3.891 0.0000000000
110779  -45.685  35.467  3.198 0.0000000000
110781  -47.477  35.559  2.670 0.0000000000
108446  -48.509  31.955  2.037 0.0000000000
109648  -48.895  33.781  1.835 0.0000000000
110270  -52.369  34.425  1.613 0.0000000000
109038  -53.426  32.255  1.309 0.0000000000
108472  -53.768  31.709  0.322 0.0000000000
107394  -52.702  29.454  -2.617 0.0000000000
108490  -53.107  31.649  -2.033 0.0000000000
109064  -52.274  32.242  -3.037 0.0000000000
109682  -53.140  33.753  -2.303 0.0000000000
102734  -46.301  23.078  20.321 0.0000000000
101253  -46.232  20.554  19.795 0.0000000000
146520  -47.776  20.996  21.078 0.0000000000
100509  -48.683  19.926  22.630 0.0000000000
101993  -48.550  21.485  22.062 0.0000000000
103430  -50.892  24.139  20.356 0.0000000000
101995  -51.326  22.100  23.188 0.0000000000
102003  -51.257  21.665  21.534 0.0000000000
100518  -49.990  19.376  20.383 0.0000000000
101254  -50.797  20.993  19.344 0.0000000000
108986  -52.485  32.798  8.993 0.0000000000
107857  -50.990  31.367  9.888 0.0000000000
107862  -53.902  31.590  9.269 0.0000000000
103539  -48.502  23.522  3.735 0.0000000000
104162  -48.353  24.426  5.402 0.0000000000
103530  -50.182  23.652  4.374 0.0000000000
104147  -53.220  24.396  7.237 0.0000000000
104829  -52.355  25.703  7.032 0.0000000000
104812  -51.894  25.671  8.943 0.0000000000
106011  -51.490  27.400  10.753 0.0000000000
104784  -52.280  26.064  12.166 0.0000000000
105402  -52.472  26.760  14.432 0.0000000000
104105  -51.446  24.922  12.084 0.0000000000
102045  -52.457  20.951  13.405 0.0000000000
102044  -51.616  21.419  13.916 0.0000000000
102036  -52.641  21.227  15.462 0.0000000000
101261  -52.826  20.203  16.909 0.0000000000
100543  -53.895  19.952  16.772 0.0000000000
99862  -55.053  18.838  17.541 0.0000000000
100550  -55.538  19.884  15.500 0.0000000000
99928  -54.320  18.338  12.624 0.0000000000
99882  -54.183  17.898  14.315 0.0000000000
99881  -53.070  18.010  14.066 0.0000000000
98620  -51.408  16.699  15.896 0.0000000000
99879  -51.241  18.291  14.074 0.0000000000
102147  -50.480  21.430  5.484 0.0000000000
101373  -51.661  20.786  6.604 0.0000000000
102120  -50.292  21.505  7.296 0.0000000000
100592  -47.397  19.706  11.886 0.0000000000
101314  -48.763  20.100  11.165 0.0000000000
99922  -47.605  18.980  13.124 0.0000000000
99877  -48.549  18.250  14.328 0.0000000000
129189  -47.061  17.681  14.684 0.0000000000
125859  -45.866  15.983  14.888 0.0000000000
137673  -51.749  9.944  22.561 0.0000000000
97975  -55.601  15.334  18.525 0.0000000000
105515  -50.894  25.929  -3.565 0.0000000000
104909  -48.737  24.859  -2.909 0.0000000000
104240  -48.985  24.802  -4.757 0.0000000000
102933  -47.765  21.714  -5.245 0.0000000000
101464  -47.458  20.554  -3.816 0.0000000000
100705  -46.949  19.568  -1.204 0.0000000000
102222  -45.983  21.737  -2.365 0.0000000000
95704  -48.688  11.459  28.437 0.0000000000
96563  -48.283  13.328  26.740 0.0000000000
97927  -50.029  16.016  25.831 0.0000000000
112767  -40.616  39.306  7.598 0.0000000000
110787  -49.648  35.672  2.314 0.0000000000
111275  -51.401  36.648  1.624 0.0000000000
110812  -51.730  35.767  -0.314 0.0000000000
103419  -48.706  24.218  21.694 0.0000000000
104733  -50.192  26.154  20.053 0.0000000000
139011  -50.394  25.605  18.792 0.0000000000
106665  -49.521  29.083  8.256 0.0000000000
102879  -52.587  22.836  2.070 0.0000000000
103543  -52.739  23.923  3.665 0.0000000000
103545  -54.279  23.651  3.174 0.0000000000
103523  -54.362  23.653  5.386 0.0000000000
103501  -54.033  23.810  8.525 0.0000000000
102800  -51.869  23.158  10.650 0.0000000000
102094  -52.970  22.051  9.729 0.0000000000
102063  -52.946  20.855  10.934 0.0000000000
101297  -54.096  20.467  12.330 0.0000000000
101281  -55.908  19.739  13.625 0.0000000000
146070  -56.044  18.819  11.284 0.0000000000
99948  -55.391  18.188  10.313 0.0000000000
99953  -53.260  18.663  10.006 0.0000000000
102118  -48.680  22.241  7.927 0.0000000000
106648  -48.294  28.248  12.206 0.0000000000
106713  -47.536  28.390  3.013 0.0000000000
139661  -46.601  26.994  4.343 0.0000000000
105478  -46.870  26.267  2.215 0.0000000000
104203  -47.083  24.066  1.678 0.0000000000
102888  -48.717  22.311  1.515 0.0000000000
102912  -47.783  22.886  -1.795 0.0000000000
102195  -48.905  21.511  -0.139 0.0000000000
102185  -50.415  21.536  0.874 0.0000000000
102199  -53.250  20.906  -0.483 0.0000000000
101440  -54.249  20.061  0.087 0.0000000000
126108  -54.989  19.595  2.379 0.0000000000
101394  -53.819  19.979  3.902 0.0000000000
101408  -52.557  20.170  2.675 0.0000000000
124682  -50.314  20.738  3.133 0.0000000000
102168  -48.903  21.336  3.711 0.0000000000
100681  -46.667  19.532  0.817 0.0000000000
101404  -47.512  20.812  3.013 0.0000000000
94728  -50.346  10.546  28.108 0.0000000000
93889  -51.232  10.251  26.487 0.0000000000
93916  -51.952  9.533  24.835 0.0000000000
94784  -50.180  11.158  22.173 0.0000000000
95761  -50.052  11.993  20.756 0.0000000000
97301  -49.747  14.258  20.050 0.0000000000
108948  -40.761  32.596  10.895 0.0000000000
109589  -40.174  33.096  9.467 0.0000000000
108976  -42.002  32.655  8.770 0.0000000000
108995  -43.464  32.644  7.270 0.0000000000
109005  -45.463  32.628  5.930 0.0000000000
134867  -46.258  32.492  4.276 0.0000000000
111678  -43.276  37.345  6.518 0.0000000000
111225  -44.212  36.189  4.707 0.0000000000
109636  -46.014  33.370  3.796 0.0000000000
107904  -47.081  30.453  3.293 0.0000000000
107347  -48.407  29.457  2.414 0.0000000000
145420  -49.344  29.133  1.630 0.0000000000
106730  -50.454  28.743  0.511 0.0000000000
109036  -51.508  32.546  1.638 0.0000000000
107929  -51.853  30.117  0.667 0.0000000000
106755  -52.067  28.025  -1.267 0.0000000000
106116  -52.373  27.850  -2.831 0.0000000000
107402  -51.071  28.492  -4.379 0.0000000000
107393  -50.116  30.143  -2.973 0.0000000000
109062  -50.365  32.307  -2.577 0.0000000000
110837  -52.658  35.537  -2.457 0.0000000000
99202  -48.827  17.551  23.720 0.0000000000
99814  -51.057  18.152  25.226 0.0000000000
102715  -49.835  22.972  23.578 0.0000000000
100502  -51.312  19.840  24.779 0.0000000000
99203  -50.318  17.142  23.128 0.0000000000
98574  -49.394  16.618  21.856 0.0000000000
98583  -49.218  16.721  20.003 0.0000000000
98588  -50.623  16.209  18.893 0.0000000000
106655  -49.952  28.906  11.585 0.0000000000
105461  -46.814  25.993  5.769 0.0000000000
105437  -49.134  26.485  7.660 0.0000000000
105438  -50.411  27.030  7.518 0.0000000000
145388  -51.621  24.737  5.591 0.0000000000
105453  -52.015  26.481  6.800 0.0000000000
107314  -52.792  29.444  7.827 0.0000000000
106660  -52.424  29.325  9.864 0.0000000000
106657  -51.335  28.588  11.443 0.0000000000
106643  -51.496  28.479  14.347 0.0000000000
105979  -53.221  28.419  15.765 0.0000000000
104773  -50.690  26.157  16.423 0.0000000000
103446  -49.549  23.833  16.603 0.0000000000
103470  -50.393  22.854  12.866 0.0000000000
102770  -50.361  22.401  15.741 0.0000000000
144852  -50.551  22.635  17.443 0.0000000000
101259  -51.331  20.640  17.616 0.0000000000
99859  -51.398  18.842  17.684 0.0000000000
98597  -52.774  16.622  18.841 0.0000000000
99227  -54.381  17.177  19.207 0.0000000000
98599  -55.776  16.959  18.399 0.0000000000
98613  -55.081  16.390  16.893 0.0000000000
99884  -56.021  18.795  14.481 0.0000000000
99249  -55.173  17.656  15.622 0.0000000000
97981  -53.973  15.895  16.845 0.0000000000
98610  -51.752  16.136  16.411 0.0000000000
98609  -50.765  16.045  16.303 0.0000000000
147540  -53.282  20.009  6.466 0.0000000000
100622  -52.797  19.433  8.681 0.0000000000
100607  -52.233  19.122  10.296 0.0000000000
101346  -49.524  20.914  9.720 0.0000000000
100605  -50.449  19.672  10.722 0.0000000000
99926  -51.137  18.631  12.612 0.0000000000
130147  -49.392  18.301  14.295 0.0000000000
144312  -49.022  16.780  15.580 0.0000000000
96618  -51.582  13.516  20.035 0.0000000000
96619  -52.394  13.421  20.290 0.0000000000
97302  -52.163  13.984  20.146 0.0000000000
135185  -53.599  14.610  20.354 0.0000000000
97309  -52.505  14.634  19.905 0.0000000000
106132  -48.354  26.771  -4.635 0.0000000000
105533  -46.901  25.837  -4.931 0.0000000000
105524  -46.305  26.476  -4.089 0.0000000000
106619  -50.778  28.569  15.406 0.0000000000
135748  -46.444  29.860  4.797 0.0000000000
107322  -46.192  29.141  6.365 0.0000000000
107328  -46.244  29.137  5.391 0.0000000000
100660  -56.027  19.411  3.152 0.0000000000
101410  -56.270  20.053  3.112 0.0000000000
100654  -56.398  19.262  4.807 0.0000000000
101377  -56.419  19.606  5.686 0.0000000000
99974  -56.288  18.761  5.733 0.0000000000
99973  -56.131  18.612  6.156 0.0000000000
100645  -55.555  18.871  5.196 0.0000000000
129788  -49.131  26.690  -0.860 0.0000000000
105496  -48.175  26.221  -0.650 0.0000000000
105500  -48.889  25.991  -1.601 0.0000000000
100718  -48.494  19.444  -3.506 0.0000000000
101467  -49.639  19.291  -3.218 0.0000000000
100006  -49.749  18.666  -2.586 0.0000000000
151067  -50.656  18.660  -1.834 0.0000000000
143655  -49.754  18.554  -1.649 0.0000000000
100684  -49.499  19.072  -0.223 0.0000000000
100695  -48.337  18.692  -1.193 0.0000000000
93860  -48.988  9.487  29.426 0.0000000000
97271  -50.459  15.229  25.398 0.0000000000
96592  -50.177  14.282  25.354 0.0000000000
143634  -49.910  14.621  24.369 0.0000000000
147414  -49.433  13.750  24.168 0.0000000000
124866  -49.786  15.500  23.433 0.0000000000
111672  -41.048  36.924  7.426 0.0000000000
111212  -40.654  36.173  7.377 0.0000000000
149167  -41.433  36.169  7.097 0.0000000000
110754  -42.047  35.639  6.556 0.0000000000
149198  -42.121  36.540  6.877 0.0000000000
145963  -47.828  38.543  4.668 0.0000000000
112255  -46.964  38.284  4.252 0.0000000000
111698  -46.963  37.822  3.622 0.0000000000
111712  -46.557  37.125  3.366 0.0000000000
110258  -47.838  34.773  2.358 0.0000000000
110786  -48.511  35.577  2.392 0.0000000000
110278  -52.612  34.084  0.932 0.0000000000
132848  -53.430  32.660  1.061 0.0000000000
109672  -53.322  32.802  -0.050 0.0000000000
108482  -53.409  31.633  -0.929 0.0000000000
109683  -53.259  33.004  -1.430 0.0000000000
109058  -53.218  33.110  -2.310 0.0000000000
109671  -53.025  33.621  -1.053 0.0000000000
103429  -45.945  24.033  20.288 0.0000000000
103417  -46.609  23.709  20.508 0.0000000000
126635  -46.780  22.202  20.313 0.0000000000
102735  -47.383  23.101  20.896 0.0000000000
102002  -47.558  21.905  21.093 0.0000000000
102736  -51.354  22.725  21.672 0.0000000000
102749  -51.225  23.137  20.361 0.0000000000
125356  -50.999  21.118  20.373 0.0000000000
102755  -51.133  22.448  19.128 0.0000000000
107866  -50.595  30.803  8.151 0.0000000000
136213  -53.109  32.126  8.724 0.0000000000
108975  -53.469  32.313  9.094 0.0000000000
107868  -53.553  31.183  8.405 0.0000000000
103554  -49.865  22.929  3.151 0.0000000000
103540  -49.515  23.372  3.772 0.0000000000
103541  -50.483  23.372  3.696 0.0000000000
104138  -53.076  24.618  9.072 0.0000000000
151108  -52.476  25.152  8.714 0.0000000000
104813  -52.593  25.081  9.642 0.0000000000
105411  -52.029  25.761  11.090 0.0000000000
104790  -52.362  25.329  11.372 0.0000000000
104783  -51.927  25.793  12.512 0.0000000000
104114  -52.572  25.013  11.187 0.0000000000
102041  -53.411  20.830  14.153 0.0000000000
102040  -52.510  21.091  14.503 0.0000000000
102037  -53.442  20.912  15.051 0.0000000000
101274  -53.420  20.911  15.792 0.0000000000
101275  -54.267  20.692  15.426 0.0000000000
100544  -55.029  19.826  16.273 0.0000000000
101276  -55.267  20.436  15.023 0.0000000000
99927  -53.291  18.463  12.121 0.0000000000
99901  -52.939  18.347  13.126 0.0000000000
99880  -52.141  18.260  13.872 0.0000000000
99900  -51.691  18.437  13.266 0.0000000000
102146  -49.663  21.676  5.765 0.0000000000
102136  -50.390  21.593  6.365 0.0000000000
102135  -49.571  21.887  6.683 0.0000000000
99921  -46.819  19.327  12.601 0.0000000000
100573  -47.652  19.387  12.419 0.0000000000
142397  -47.334  18.579  13.866 0.0000000000
99875  -46.672  18.263  14.326 0.0000000000
99257  -46.308  17.451  14.755 0.0000000000
99874  -45.905  18.051  14.452 0.0000000000
93932  -51.095  10.634  21.831 0.0000000000
97314  -55.680  14.698  18.937 0.0000000000
97970  -55.472  15.636  19.183 0.0000000000
105526  -51.221  26.295  -4.289 0.0000000000
104921  -50.394  25.793  -4.287 0.0000000000
143546  -49.028  25.259  -5.083 0.0000000000
103614  -47.159  23.378  -5.493 0.0000000000
103615  -47.626  23.464  -5.602 0.0000000000
130122  -47.210  22.486  -5.128 0.0000000000
101472  -47.658  20.810  -4.858 0.0000000000
102229  -47.013  21.183  -4.257 0.0000000000
102223  -46.576  21.117  -3.025 0.0000000000
102919  -46.328  21.982  -3.240 0.0000000000
103580  -45.117  23.400  -1.889 0.0000000000
95712  -46.920  12.835  26.723 0.0000000000
97256  -49.849  15.074  26.168 0.0000000000
146385  -49.523  16.232  25.328 0.0000000000
112763  -39.762  39.381  7.900 0.0000000000
111261  -51.278  36.821  2.415 0.0000000000
111757  -51.309  37.345  0.923 0.0000000000
135155  -51.065  38.358  2.169 0.0000000000
105955  -51.038  27.907  19.073 0.0000000000
105356  -50.499  27.345  19.300 0.0000000000
105357  -50.935  27.300  19.275 0.0000000000
104740  -50.450  26.269  19.555 0.0000000000
104753  -50.825  26.473  18.845 0.0000000000
141337  -45.420  32.362  7.688 0.0000000000
138353  -47.973  28.453  8.358 0.0000000000
102893  -53.918  22.235  1.181 0.0000000000
102880  -53.567  22.962  1.871 0.0000000000
102881  -54.545  22.653  2.179 0.0000000000
102852  -55.298  22.143  5.432 0.0000000000
102860  -54.787  22.943  4.901 0.0000000000
102851  -54.880  22.955  5.914 0.0000000000
103508  -54.735  23.589  7.287 0.0000000000
102833  -55.082  22.816  7.618 0.0000000000
102821  -54.166  23.092  8.594 0.0000000000
102109  -54.016  22.025  8.529 0.0000000000
101350  -55.320  19.689  9.114 0.0000000000
101349  -54.148  20.561  9.607 0.0000000000
101335  -53.987  20.398  10.446 0.0000000000
101316  -53.953  20.364  11.306 0.0000000000
101317  -55.210  19.609  10.827 0.0000000000
125525  -55.197  19.707  11.721 0.0000000000
100608  -55.983  18.777  10.390 0.0000000000
99962  -55.501  18.347  8.753 0.0000000000
99955  -55.250  18.133  9.486 0.0000000000
99961  -54.629  18.332  9.025 0.0000000000
99947  -54.099  18.351  10.505 0.0000000000
100615  -53.536  18.671  9.207 0.0000000000
106066  -47.730  27.730  2.352 0.0000000000
105472  -47.003  26.883  2.671 0.0000000000
106073  -47.403  26.911  1.865 0.0000000000
104882  -47.170  25.132  0.191 0.0000000000
104877  -46.931  25.135  1.296 0.0000000000
103569  -47.290  23.521  0.811 0.0000000000
142583  -47.555  23.300  1.627 0.0000000000
102898  -47.629  22.801  0.266 0.0000000000
103590  -48.369  23.357  -3.396 0.0000000000
104232  -48.328  24.086  -2.861 0.0000000000
102920  -48.198  22.742  -2.836 0.0000000000
102218  -49.496  20.421  -2.103 0.0000000000
102206  -48.690  21.320  -1.147 0.0000000000
102207  -49.615  20.688  -1.034 0.0000000000
102196  -50.014  21.135  -0.076 0.0000000000
102197  -51.173  20.884  -0.117 0.0000000000
102186  -51.550  21.484  0.743 0.0000000000
102198  -52.297  20.895  -0.373 0.0000000000
145052  -52.503  18.976  -0.624 0.0000000000
100700  -53.465  19.846  -0.657 0.0000000000
100676  -53.786  19.540  0.333 0.0000000000
100666  -54.918  19.688  1.351 0.0000000000
124653  -53.709  19.423  1.011 0.0000000000
101409  -53.922  20.043  2.755 0.0000000000
100664  -52.690  19.565  1.222 0.0000000000
101430  -49.532  19.824  1.751 0.0000000000
101417  -50.806  20.330  2.467 0.0000000000
128826  -50.006  20.248  2.295 0.0000000000
102169  -49.832  21.197  3.931 0.0000000000
101446  -46.251  20.163  -0.653 0.0000000000
100693  -46.683  19.738  -0.105 0.0000000000
127427  -45.829  19.654  0.904 0.0000000000
101413  -45.441  20.307  2.583 0.0000000000
101414  -46.156  20.018  2.117 0.0000000000
94739  -49.274  11.648  28.182 0.0000000000
94727  -50.008  10.717  28.917 0.0000000000
94740  -49.725  11.788  27.544 0.0000000000
94765  -49.781  12.077  25.098 0.0000000000
94741  -50.436  10.997  27.016 0.0000000000
94753  -50.318  11.125  25.690 0.0000000000
93903  -51.062  10.306  25.172 0.0000000000
93915  -50.823  10.323  23.885 0.0000000000
94774  -50.035  11.091  23.221 0.0000000000
95756  -49.004  13.271  22.148 0.0000000000
135651  -49.224  12.442  22.096 0.0000000000
95760  -49.280  12.642  21.119 0.0000000000
96616  -49.576  13.373  20.375 0.0000000000
124913  -49.285  14.174  20.677 0.0000000000
126968  -39.038  34.279  12.381 0.0000000000
109561  -39.621  33.573  12.855 0.0000000000
109570  -39.456  33.526  11.876 0.0000000000
108939  -40.838  32.597  11.842 0.0000000000
109571  -40.111  33.057  11.367 0.0000000000
111664  -38.417  37.766  9.629 0.0000000000
111204  -38.474  36.268  9.839 0.0000000000
110216  -40.740  33.981  7.798 0.0000000000
110215  -39.449  34.650  8.717 0.0000000000
109597  -40.453  33.455  8.594 0.0000000000
108967  -40.962  32.685  9.013 0.0000000000
109598  -41.292  33.265  8.225 0.0000000000
108977  -42.663  32.668  8.241 0.0000000000
108994  -42.796  32.796  7.537 0.0000000000
109626  -43.592  33.787  5.496 0.0000000000
109004  -44.032  33.211  5.735 0.0000000000
109012  -44.827  33.116  5.447 0.0000000000
109014  -45.994  32.413  5.290 0.0000000000
109019  -45.681  33.066  4.540 0.0000000000
146628  -44.073  36.761  5.200 0.0000000000
111226  -44.544  37.082  4.684 0.0000000000
110253  -46.072  34.713  3.089 0.0000000000
110252  -45.362  34.702  3.457 0.0000000000
109024  -46.641  32.963  3.525 0.0000000000
138749  -46.628  32.172  3.618 0.0000000000
108438  -46.886  31.408  3.272 0.0000000000
107911  -47.795  30.147  2.750 0.0000000000
108445  -47.587  31.730  2.600 0.0000000000
137252  -49.778  31.062  1.565 0.0000000000
107913  -49.351  30.352  1.752 0.0000000000
107357  -49.775  29.703  1.387 0.0000000000
106723  -49.807  28.961  1.187 0.0000000000
107920  -50.704  30.115  1.031 0.0000000000
110788  -50.638  35.717  2.377 0.0000000000
137592  -50.167  35.135  2.176 0.0000000000
110268  -51.532  34.173  2.049 0.0000000000
107922  -53.270  31.263  1.003 0.0000000000
107921  -52.355  30.984  1.005 0.0000000000
107368  -52.576  29.761  0.119 0.0000000000
107377  -52.268  29.015  -0.269 0.0000000000
106742  -52.542  28.624  -1.172 0.0000000000
106102  -52.444  27.924  -1.893 0.0000000000
106765  -52.656  28.569  -2.120 0.0000000000
107960  -52.436  29.967  -3.298 0.0000000000
107399  -52.295  29.196  -3.520 0.0000000000
107398  -51.451  29.417  -3.944 0.0000000000
106778  -50.262  28.187  -4.498 0.0000000000
106772  -50.467  29.068  -4.015 0.0000000000
107397  -50.682  29.837  -3.487 0.0000000000
149042  -52.505  32.946  -3.032 0.0000000000
109063  -51.581  32.630  -3.117 0.0000000000
137544  -50.759  33.015  -2.774 0.0000000000
109693  -51.477  33.651  -3.153 0.0000000000
110824  -52.340  36.102  -1.846 0.0000000000
99828  -47.649  18.338  21.638 0.0000000000
99829  -48.466  18.896  22.730 0.0000000000
99822  -49.250  18.469  23.971 0.0000000000
99813  -50.093  17.959  24.963 0.0000000000
100488  -50.592  18.886  25.032 0.0000000000
142832  -49.334  24.374  22.030 0.0000000000
102727  -49.176  23.363  22.819 0.0000000000
103412  -50.049  24.225  22.952 0.0000000000
101238  -51.315  21.043  22.612 0.0000000000
101226  -51.233  21.056  24.211 0.0000000000
99824  -51.307  18.678  24.639 0.0000000000
99823  -50.858  18.083  23.378 0.0000000000
99830  -50.054  18.367  21.948 0.0000000000
145877  -49.695  18.724  19.610 0.0000000000
99839  -49.641  18.445  20.492 0.0000000000
99849  -49.593  18.057  19.426 0.0000000000
146619  -49.778  16.444  19.164 0.0000000000
99229  -49.779  17.372  18.988 0.0000000000
107284  -49.221  29.268  10.851 0.0000000000
104864  -46.625  25.659  3.911 0.0000000000
105460  -46.556  26.748  5.090 0.0000000000
104858  -46.961  25.163  4.666 0.0000000000
104848  -48.936  24.699  6.290 0.0000000000
104836  -48.446  25.289  6.804 0.0000000000
141043  -49.043  25.740  7.308 0.0000000000
105451  -50.051  26.029  7.261 0.0000000000
104180  -52.839  24.499  4.643 0.0000000000
104179  -51.966  24.044  4.401 0.0000000000
150001  -52.913  24.992  5.266 0.0000000000
105441  -52.154  26.558  7.323 0.0000000000
105454  -52.188  26.210  6.801 0.0000000000
106036  -52.067  27.623  7.735 0.0000000000
106035  -52.023  27.801  7.600 0.0000000000
106021  -52.374  28.423  8.419 0.0000000000
106663  -52.809  29.126  9.128 0.0000000000
106013  -52.082  28.097  9.172 0.0000000000
106009  -51.926  26.756  12.413 0.0000000000
106008  -51.586  27.617  11.794 0.0000000000
106005  -51.974  27.690  13.517 0.0000000000
125246  -51.370  28.214  13.495 0.0000000000
106001  -52.318  28.203  14.335 0.0000000000
106631  -52.655  28.761  15.250 0.0000000000
105991  -53.275  28.150  15.266 0.0000000000
104778  -51.272  26.055  14.528 0.0000000000
105397  -51.391  26.560  15.640 0.0000000000
104092  -50.360  25.614  15.325 0.0000000000
104762  -50.073  25.346  16.828 0.0000000000
104091  -49.689  24.668  15.343 0.0000000000
102793  -51.411  22.291  11.317 0.0000000000
103471  -50.693  23.371  12.092 0.0000000000
102786  -51.050  22.391  12.304 0.0000000000
102035  -51.950  21.663  15.914 0.0000000000
102771  -50.983  21.866  15.345 0.0000000000
102763  -51.200  22.019  16.302 0.0000000000
102762  -50.506  22.498  16.663 0.0000000000
102759  -51.262  22.093  17.234 0.0000000000
102022  -51.190  21.353  17.910 0.0000000000
102023  -51.700  21.392  17.267 0.0000000000
100535  -53.162  19.414  17.282 0.0000000000
100534  -52.107  19.521  17.305 0.0000000000
99852  -51.706  18.045  18.073 0.0000000000
99232  -52.165  17.320  18.460 0.0000000000
99853  -52.653  17.901  18.243 0.0000000000
99854  -53.551  18.171  18.326 0.0000000000
99863  -55.998  18.192  17.180 0.0000000000
99233  -55.631  17.509  18.325 0.0000000000
99236  -55.973  17.456  17.643 0.0000000000
98604  -55.920  16.809  17.792 0.0000000000
98614  -55.891  17.072  17.097 0.0000000000
99904  -56.078  18.680  13.047 0.0000000000
151017  -56.220  19.218  14.424 0.0000000000
146301  -55.888  18.641  13.667 0.0000000000
99264  -54.070  17.501  15.177 0.0000000000
136054  -54.802  17.943  14.848 0.0000000000
99248  -54.118  17.082  15.931 0.0000000000
98612  -54.053  16.533  16.445 0.0000000000
98622  -53.239  16.709  16.139 0.0000000000
98611  -52.862  16.163  16.537 0.0000000000
98621  -52.365  16.688  16.041 0.0000000000
98619  -50.531  16.731  15.745 0.0000000000
146512  -50.036  16.224  15.975 0.0000000000
97978  -49.970  15.541  16.214 0.0000000000
129036  -49.248  16.035  15.875 0.0000000000
101393  -52.810  20.450  4.415 0.0000000000
101383  -53.604  20.027  4.952 0.0000000000
101382  -52.655  20.476  5.364 0.0000000000
101365  -51.382  20.736  7.508 0.0000000000
101366  -52.284  20.265  7.235 0.0000000000
100621  -51.932  20.011  8.990 0.0000000000
100614  -52.558  19.307  9.515 0.0000000000
100613  -51.641  19.714  9.772 0.0000000000
102091  -48.244  21.675  9.481 0.0000000000
101345  -48.710  21.111  9.950 0.0000000000
100594  -49.247  19.614  11.706 0.0000000000
100604  -49.620  19.931  10.952 0.0000000000
100595  -50.109  19.419  11.484 0.0000000000
99937  -50.618  18.959  12.025 0.0000000000
99925  -50.228  18.787  12.815 0.0000000000
99898  -49.820  18.614  13.605 0.0000000000
99258  -47.689  17.428  14.877 0.0000000000
99244  -48.467  17.219  15.197 0.0000000000
98617  -48.393  16.328  15.515 0.0000000000
94793  -51.044  11.778  20.610 0.0000000000
95766  -52.569  12.628  20.514 0.0000000000
134785  -54.260  13.512  20.725 0.0000000000
105536  -49.715  26.520  -5.158 0.0000000000
104261  -48.755  25.396  -5.276 0.0000000000
105541  -48.528  25.590  -5.366 0.0000000000
104929  -46.905  24.936  -5.382 0.0000000000
104247  -46.149  24.177  -4.633 0.0000000000
102926  -45.934  22.995  -3.449 0.0000000000
104238  -45.701  24.527  -3.907 0.0000000000
105968  -50.548  28.262  17.626 0.0000000000
106608  -52.106  28.862  17.927 0.0000000000
108418  -46.288  31.797  6.131 0.0000000000
107886  -46.313  30.945  6.439 0.0000000000
106031  -46.750  27.611  7.183 0.0000000000
102177  -55.442  20.787  1.863 0.0000000000
102170  -55.259  21.852  2.439 0.0000000000
102171  -55.779  21.285  3.225 0.0000000000
102149  -55.816  21.162  5.029 0.0000000000
145254  -55.610  21.298  5.952 0.0000000000
102123  -55.479  21.283  6.829 0.0000000000
101376  -56.101  20.341  6.332 0.0000000000
101360  -55.823  19.570  7.787 0.0000000000
101351  -55.839  19.252  8.495 0.0000000000
100617  -55.960  18.635  9.093 0.0000000000
99968  -56.017  18.599  7.558 0.0000000000
99967  -55.746  18.490  7.875 0.0000000000
100632  -55.127  18.749  7.248 0.0000000000
106080  -48.490  27.325  0.548 0.0000000000
105484  -47.623  26.835  0.987 0.0000000000
105490  -47.906  26.580  0.185 0.0000000000
104889  -47.562  25.474  -0.643 0.0000000000
104214  -47.296  24.660  -0.639 0.0000000000
129301  -48.415  21.477  -4.515 0.0000000000
143552  -48.427  21.928  -3.515 0.0000000000
101466  -49.081  20.067  -3.792 0.0000000000
101456  -49.543  20.172  -3.195 0.0000000000
101447  -50.477  19.792  -1.930 0.0000000000
101459  -51.412  19.360  -1.565 0.0000000000
100709  -50.971  18.778  -1.676 0.0000000000
100697  -51.151  18.716  -1.361 0.0000000000
100686  -51.891  18.689  -0.611 0.0000000000
100674  -51.770  19.322  0.758 0.0000000000
100673  -50.888  19.102  0.567 0.0000000000
100672  -49.740  19.346  0.830 0.0000000000
100671  -48.678  19.404  0.727 0.0000000000
145925  -45.219  20.320  1.336 0.0000000000
93011  -50.681  8.969  28.628 0.0000000000
96565  -49.946  13.904  26.923 0.0000000000
95728  -49.935  13.256  26.829 0.0000000000
95740  -50.024  13.244  25.856 0.0000000000
94773  -49.503  11.949  23.829 0.0000000000
96603  -49.083  13.924  23.227 0.0000000000
96610  -48.955  14.238  22.265 0.0000000000
110187  -38.575  34.786  11.807 0.0000000000
111668  -38.939  37.401  8.569 0.0000000000
111207  -38.820  36.000  9.121 0.0000000000
147653  -39.674  36.093  8.065 0.0000000000
110745  -40.055  35.637  7.727 0.0000000000
110220  -41.164  34.578  7.151 0.0000000000
109609  -42.238  33.408  7.060 0.0000000000
110228  -41.701  34.841  6.645 0.0000000000
110230  -43.059  34.379  5.779 0.0000000000
110237  -43.712  34.476  5.179 0.0000000000
111687  -46.031  38.274  4.820 0.0000000000
111696  -45.304  37.448  4.227 0.0000000000
111235  -45.692  36.879  3.584 0.0000000000
110780  -46.529  35.526  2.955 0.0000000000
109643  -47.316  33.962  2.673 0.0000000000
109027  -47.918  32.603  2.406 0.0000000000
143725  -48.201  33.293  2.211 0.0000000000
109028  -48.682  32.914  1.934 0.0000000000
108454  -49.491  31.841  1.645 0.0000000000
110269  -52.135  34.776  2.155 0.0000000000
109656  -52.438  33.364  1.788 0.0000000000
109657  -52.806  33.601  1.445 0.0000000000
109043  -53.961  32.065  1.127 0.0000000000
107938  -53.487  30.953  -0.304 0.0000000000
107387  -52.847  29.353  -1.541 0.0000000000
107948  -53.185  30.889  -1.376 0.0000000000
107955  -52.846  30.914  -2.218 0.0000000000
108489  -52.443  31.378  -2.856 0.0000000000
108495  -51.977  30.851  -3.460 0.0000000000
109065  -52.896  32.541  -2.584 0.0000000000
109695  -52.912  33.498  -2.783 0.0000000000
129072  -52.852  34.434  -2.964 0.0000000000
104054  -45.563  24.276  19.643 0.0000000000
103428  -45.162  23.931  19.961 0.0000000000
102733  -45.511  22.790  19.956 0.0000000000
102015  -46.202  21.491  19.924 0.0000000000
100508  -47.848  19.197  21.547 0.0000000000
132331  -47.959  19.860  21.296 0.0000000000
101236  -48.242  20.512  21.622 0.0000000000
101237  -49.079  20.791  22.794 0.0000000000
104050  -50.599  24.974  21.042 0.0000000000
103413  -50.627  23.930  22.620 0.0000000000
103420  -51.103  23.943  21.655 0.0000000000
100510  -50.452  19.285  21.813 0.0000000000
101244  -50.950  20.816  21.128 0.0000000000
125078  -50.452  20.265  20.028 0.0000000000
100527  -50.041  19.329  19.199 0.0000000000
108392  -52.130  32.350  9.555 0.0000000000
107861  -53.248  31.696  9.516 0.0000000000
107858  -52.230  31.042  9.732 0.0000000000
104189  -47.739  24.109  3.899 0.0000000000
104175  -47.608  24.492  4.660 0.0000000000
104176  -48.400  24.064  4.516 0.0000000000
133767  -49.026  24.087  5.006 0.0000000000
104164  -50.576  24.410  5.676 0.0000000000
104167  -53.297  24.747  5.548 0.0000000000
104852  -52.828  25.166  5.741 0.0000000000
104152  -52.663  25.018  6.828 0.0000000000
104821  -52.180  25.686  7.948 0.0000000000
105418  -51.490  26.404  9.269 0.0000000000
106012  -51.453  27.258  9.685 0.0000000000
105410  -51.580  26.453  10.394 0.0000000000
105407  -51.756  26.551  11.480 0.0000000000
105405  -52.418  26.462  12.906 0.0000000000
105403  -52.929  26.930  14.102 0.0000000000
104782  -52.532  26.452  13.110 0.0000000000
104100  -51.058  25.188  12.897 0.0000000000
104099  -50.257  24.485  13.446 0.0000000000
102054  -52.156  21.061  12.399 0.0000000000
102053  -51.479  21.412  12.909 0.0000000000
102039  -51.728  21.469  14.929 0.0000000000
102027  -52.630  21.221  16.177 0.0000000000
101265  -52.422  21.007  16.703 0.0000000000
101266  -53.248  20.665  16.359 0.0000000000
99861  -53.803  18.854  17.814 0.0000000000
100537  -54.788  19.417  16.939 0.0000000000
99868  -55.592  18.934  16.668 0.0000000000
99869  -55.947  18.306  16.293 0.0000000000
126640  -55.447  18.413  12.151 0.0000000000
99903  -55.379  18.315  13.142 0.0000000000
99902  -54.153  18.199  13.509 0.0000000000
99263  -53.055  17.580  14.881 0.0000000000
141102  -52.125  17.259  15.445 0.0000000000
99262  -51.910  17.895  14.680 0.0000000000
99247  -51.136  17.304  15.296 0.0000000000
99261  -50.753  17.832  14.712 0.0000000000
147983  -51.198  20.946  4.699 0.0000000000
101381  -51.825  20.831  5.723 0.0000000000
102137  -51.142  21.323  6.044 0.0000000000
102121  -50.960  21.242  6.868 0.0000000000
101364  -50.725  21.065  7.931 0.0000000000
101313  -47.880  20.142  11.292 0.0000000000
101332  -48.304  20.662  10.635 0.0000000000
100593  -48.290  19.616  11.902 0.0000000000
99923  -48.515  18.975  13.123 0.0000000000
99897  -48.955  18.673  13.739 0.0000000000
130148  -48.090  18.580  13.760 0.0000000000
99876  -47.654  18.109  14.394 0.0000000000
98640  -47.012  17.055  15.036 0.0000000000
97983  -46.621  15.810  15.185 0.0000000000
98639  -46.401  16.577  15.043 0.0000000000
98638  -45.692  16.771  14.768 0.0000000000
93098  -52.764  9.309  23.438 0.0000000000
132894  -50.931  26.365  -2.546 0.0000000000
104899  -48.989  25.526  -2.427 0.0000000000
104911  -50.066  25.640  -3.616 0.0000000000
104239  -48.870  24.125  -4.039 0.0000000000
103599  -48.502  23.162  -4.550 0.0000000000
104260  -48.566  24.605  -5.373 0.0000000000
130839  -48.266  23.779  -5.485 0.0000000000
102928  -48.247  22.233  -5.036 0.0000000000
102235  -47.872  20.896  -5.129 0.0000000000
101473  -48.062  20.106  -3.808 0.0000000000
101465  -47.685  19.675  -3.173 0.0000000000
100706  -47.718  18.840  -1.805 0.0000000000
129987  -46.851  20.275  -2.613 0.0000000000
102216  -46.108  21.038  -1.839 0.0000000000
128408  -45.590  21.326  -0.888 0.0000000000
128334  -45.585  22.592  -2.338 0.0000000000
139784  -45.578  21.933  -1.563 0.0000000000
94725  -48.439  10.336  29.057 0.0000000000
94738  -47.617  11.155  28.162 0.0000000000
95714  -48.980  12.611  27.523 0.0000000000
128324  -47.979  14.039  26.072 0.0000000000
96564  -49.519  13.737  27.020 0.0000000000
96577  -49.917  14.450  26.494 0.0000000000
97257  -50.183  14.975  25.957 0.0000000000
97928  -50.544  15.967  25.431 0.0000000000
111667  -38.630  37.917  8.910 0.0000000000
138653  -39.122  38.143  8.357 0.0000000000
112228  -39.962  38.501  7.828 0.0000000000
138593  -41.517  37.763  7.444 0.0000000000
111245  -48.928  36.940  3.080 0.0000000000
110789  -51.221  36.128  2.362 0.0000000000
138153  -51.456  36.084  2.142 0.0000000000
110798  -51.636  35.688  1.374 0.0000000000
110813  -52.108  34.850  0.683 0.0000000000
110825  -52.369  35.154  -1.118 0.0000000000
111287  -51.446  36.582  0.352 0.0000000000
104732  -50.007  26.241  20.148 0.0000000000
104725  -50.124  25.621  20.571 0.0000000000
104058  -50.370  25.583  20.217 0.0000000000
104072  -50.345  25.070  19.304 0.0000000000
103440  -50.175  24.073  18.558 0.0000000000
107299  -50.033  29.893  8.264 0.0000000000
106666  -50.613  29.211  8.073 0.0000000000
102878  -51.461  22.612  2.306 0.0000000000
103555  -50.931  23.044  3.029 0.0000000000
103556  -52.076  23.252  2.906 0.0000000000
103544  -53.735  23.922  3.283 0.0000000000
103533  -54.117  23.989  3.931 0.0000000000
129678  -54.697  23.176  3.815 0.0000000000
146431  -54.340  23.695  4.552 0.0000000000
103522  -53.981  24.196  5.727 0.0000000000
103515  -53.842  24.203  6.579 0.0000000000
103507  -54.174  23.989  7.737 0.0000000000
104130  -53.487  24.153  9.213 0.0000000000
130324  -52.787  24.500  10.354 0.0000000000
103495  -53.115  23.889  9.821 0.0000000000
102801  -52.471  22.790  10.114 0.0000000000
102077  -52.490  21.641  10.480 0.0000000000
102110  -54.807  21.676  7.995 0.0000000000
102078  -53.233  21.097  10.093 0.0000000000
102062  -52.102  21.402  11.402 0.0000000000
101315  -52.893  20.769  11.824 0.0000000000
101287  -54.950  20.359  13.238 0.0000000000
101280  -55.260  20.466  14.181 0.0000000000
101298  -55.300  19.883  12.483 0.0000000000
142678  -56.114  19.051  12.253 0.0000000000
131807  -55.875  18.628  11.813 0.0000000000
100609  -55.891  18.476  9.855 0.0000000000
99942  -55.790  18.483  10.599 0.0000000000
99941  -55.514  18.313  11.214 0.0000000000
99940  -54.555  18.376  11.724 0.0000000000
128216  -53.640  18.464  11.272 0.0000000000
99939  -52.493  18.631  11.566 0.0000000000
102832  -48.757  22.287  7.030 0.0000000000
102831  -47.994  22.468  7.463 0.0000000000
102820  -47.956  22.411  8.293 0.0000000000
102090  -47.436  21.754  9.652 0.0000000000
101331  -47.320  20.699  10.787 0.0000000000
101312  -47.150  20.127  11.404 0.0000000000
100591  -46.613  19.806  11.830 0.0000000000
130153  -45.906  19.041  13.135 0.0000000000
107339  -47.167  28.963  3.640 0.0000000000
106706  -46.753  28.307  4.199 0.0000000000
106059  -46.736  27.569  3.914 0.0000000000
135920  -46.641  26.697  3.623 0.0000000000
104195  -46.823  25.026  2.987 0.0000000000
137486  -47.039  26.136  1.503 0.0000000000
148047  -46.846  24.765  2.144 0.0000000000
104196  -47.190  24.218  2.607 0.0000000000
137873  -47.589  23.458  2.371 0.0000000000
102875  -48.185  22.876  2.036 0.0000000000
102889  -49.763  22.169  1.637 0.0000000000
104898  -48.318  25.269  -1.898 0.0000000000
104223  -47.931  24.536  -2.077 0.0000000000
103581  -47.497  23.539  -1.334 0.0000000000
131553  -48.295  21.998  -2.506 0.0000000000
102913  -48.170  22.149  -1.405 0.0000000000
102905  -48.175  22.180  -0.370 0.0000000000
102899  -48.385  22.203  0.591 0.0000000000
102184  -49.296  21.747  0.816 0.0000000000
102890  -50.901  22.052  1.648 0.0000000000
102891  -52.037  22.135  1.457 0.0000000000
102187  -52.668  21.634  0.421 0.0000000000
102188  -53.583  21.585  0.358 0.0000000000
102210  -52.867  20.197  -1.067 0.0000000000
102200  -53.971  20.669  -0.210 0.0000000000
102190  -54.971  20.654  1.035 0.0000000000
101420  -55.328  20.037  1.580 0.0000000000
134393  -55.542  19.712  2.336 0.0000000000
100659  -55.640  19.339  3.185 0.0000000000
100651  -54.693  19.359  4.470 0.0000000000
100658  -54.891  19.408  3.394 0.0000000000
145985  -53.007  20.347  3.543 0.0000000000
127890  -52.092  20.564  3.824 0.0000000000
101418  -51.636  19.971  2.016 0.0000000000
142026  -51.290  20.510  3.182 0.0000000000
101391  -51.246  20.802  4.165 0.0000000000
101407  -50.627  20.877  3.815 0.0000000000
130509  -49.793  21.455  4.882 0.0000000000
127632  -48.997  21.660  5.114 0.0000000000
100694  -47.467  19.271  -0.866 0.0000000000
100670  -47.682  19.466  0.749 0.0000000000
142311  -47.975  19.698  1.352 0.0000000000
101427  -46.130  19.627  1.402 0.0000000000
101428  -46.977  19.719  1.562 0.0000000000
101416  -47.939  20.303  2.149 0.0000000000
94726  -49.326  10.575  29.234 0.0000000000
93861  -49.927  9.671  29.319 0.0000000000
93862  -50.806  9.601  28.547 0.0000000000
93876  -51.172  9.991  27.675 0.0000000000
93890  -51.963  9.370  27.212 0.0000000000
93078  -52.973  8.934  24.580 0.0000000000
93929  -51.672  9.655  23.568 0.0000000000
93928  -50.747  10.359  22.774 0.0000000000
94783  -49.478  11.838  22.655 0.0000000000
94787  -49.692  11.838  21.614 0.0000000000
94788  -50.533  11.334  21.246 0.0000000000
95764  -50.632  12.422  20.321 0.0000000000
96617  -50.595  13.673  19.962 0.0000000000
97307  -50.490  14.563  19.635 0.0000000000
110204  -38.446  34.755  10.917 0.0000000000
110742  -38.951  35.137  9.236 0.0000000000
110211  -39.098  34.288  9.539 0.0000000000
109588  -39.361  33.449  9.911 0.0000000000
108957  -40.786  32.576  9.946 0.0000000000
108968  -41.631  32.425  9.641 0.0000000000
108969  -42.557  32.437  9.580 0.0000000000
125142  -43.015  32.591  8.924 0.0000000000
108978  -43.499  32.487  8.108 0.0000000000
108996  -44.269  32.492  7.453 0.0000000000
109610  -43.024  33.106  6.804 0.0000000000
109003  -43.889  32.770  6.542 0.0000000000
109006  -46.095  32.268  6.147 0.0000000000
108430  -46.277  31.717  4.989 0.0000000000
107898  -46.398  30.751  4.784 0.0000000000
111677  -42.586  37.219  6.961 0.0000000000
111215  -43.247  36.471  6.048 0.0000000000
111224  -43.600  36.055  5.397 0.0000000000
110244  -44.267  34.584  4.614 0.0000000000
110772  -45.029  35.470  3.624 0.0000000000
110245  -44.825  34.681  4.046 0.0000000000
109635  -45.315  33.902  4.034 0.0000000000
108437  -46.471  31.524  4.107 0.0000000000
107903  -46.848  29.851  3.967 0.0000000000
139005  -47.307  29.711  3.279 0.0000000000
107346  -47.757  29.222  2.915 0.0000000000
106067  -48.540  28.205  1.864 0.0000000000
107912  -48.616  30.269  2.220 0.0000000000
107348  -49.064  29.615  1.920 0.0000000000
106722  -49.189  28.581  1.490 0.0000000000
106729  -49.605  28.339  0.874 0.0000000000
106082  -50.017  27.988  0.185 0.0000000000
106090  -50.402  27.608  -0.615 0.0000000000
110259  -48.990  34.770  2.005 0.0000000000
109035  -50.307  32.707  1.640 0.0000000000
108455  -50.548  31.770  1.537 0.0000000000
109037  -52.571  32.416  1.515 0.0000000000
108456  -51.702  31.582  1.361 0.0000000000
134190  -51.424  30.742  1.088 0.0000000000
107366  -51.100  29.420  0.575 0.0000000000
106740  -50.884  28.254  -0.256 0.0000000000
105502  -50.909  27.086  -1.538 0.0000000000
105503  -51.710  26.915  -2.491 0.0000000000
106115  -52.114  27.096  -3.231 0.0000000000
106126  -51.969  26.795  -3.978 0.0000000000
131698  -52.525  28.625  -2.913 0.0000000000
144962  -52.080  27.737  -3.937 0.0000000000
106135  -50.875  27.546  -4.625 0.0000000000
106134  -50.082  27.306  -4.956 0.0000000000
106125  -49.510  27.777  -4.446 0.0000000000
108494  -51.419  30.993  -3.338 0.0000000000
108487  -50.813  31.520  -3.024 0.0000000000
110319  -52.785  35.160  -2.870 0.0000000000
98555  -48.387  15.985  23.954 0.0000000000
99209  -48.234  17.942  22.592 0.0000000000
98564  -48.502  16.735  23.671 0.0000000000
98556  -49.399  16.582  24.839 0.0000000000
98557  -50.283  16.836  25.440 0.0000000000
98558  -51.102  16.634  25.007 0.0000000000
103410  -48.455  23.639  21.802 0.0000000000
101994  -49.355  22.373  22.991 0.0000000000
133932  -49.781  21.537  23.730 0.0000000000
102717  -50.947  22.637  23.622 0.0000000000
101984  -50.840  21.348  24.421 0.0000000000
100501  -50.969  19.840  25.115 0.0000000000
100489  -51.199  19.089  25.211 0.0000000000
99204  -51.166  17.653  24.445 0.0000000000
97946  -50.175  16.052  23.594 0.0000000000
98565  -49.740  16.315  22.795 0.0000000000
126453  -49.126  15.661  21.733 0.0000000000
99218  -49.413  17.588  20.816 0.0000000000
136948  -49.266  16.910  21.023 0.0000000000
97962  -49.270  15.041  20.504 0.0000000000
97306  -49.764  14.962  19.716 0.0000000000
97964  -50.332  15.457  19.224 0.0000000000
97965  -51.416  14.945  19.384 0.0000000000
131003  -48.270  29.286  10.998 0.0000000000
106654  -48.806  28.692  11.493 0.0000000000
106642  -50.215  28.336  13.470 0.0000000000
106049  -46.453  27.589  5.522 0.0000000000
105436  -47.293  26.945  7.324 0.0000000000
148766  -47.277  25.335  5.810 0.0000000000
141909  -47.490  25.580  6.475 0.0000000000
141247  -48.184  27.027  7.764 0.0000000000
135317  -49.191  27.363  7.966 0.0000000000
145618  -50.043  28.570  8.104 0.0000000000
106678  -51.019  28.540  7.851 0.0000000000
103531  -51.039  23.680  4.244 0.0000000000
104178  -51.087  24.045  4.987 0.0000000000
104850  -51.318  25.164  6.134 0.0000000000
104851  -52.460  25.321  5.859 0.0000000000
104839  -51.833  25.940  6.467 0.0000000000
105452  -51.227  26.384  7.004 0.0000000000
105439  -51.699  27.117  7.240 0.0000000000
106679  -52.050  28.558  7.707 0.0000000000
107301  -52.876  30.168  7.737 0.0000000000
107302  -53.563  30.338  8.343 0.0000000000
107293  -53.220  30.072  9.435 0.0000000000
107292  -52.269  29.903  10.000 0.0000000000
106662  -51.862  28.382  10.014 0.0000000000
106659  -51.794  29.014  10.603 0.0000000000
107286  -51.309  29.197  10.778 0.0000000000
106656  -50.881  28.812  11.774 0.0000000000
146068  -50.861  28.438  13.155 0.0000000000
106629  -50.840  28.517  14.549 0.0000000000
106630  -51.970  29.087  15.422 0.0000000000
106615  -52.419  29.073  17.129 0.0000000000
105376  -52.215  27.891  17.280 0.0000000000
105398  -52.306  26.885  15.155 0.0000000000
105386  -51.731  27.000  16.563 0.0000000000
105375  -51.468  26.953  17.257 0.0000000000
104752  -50.187  25.491  17.860 0.0000000000
104084  -49.703  24.617  17.151 0.0000000000
128972  -50.300  23.262  17.979 0.0000000000
126507  -50.953  24.131  11.756 0.0000000000
104104  -50.452  24.079  12.528 0.0000000000
144738  -49.748  23.885  14.005 0.0000000000
102779  -50.867  21.987  13.356 0.0000000000
102778  -50.227  22.491  13.816 0.0000000000
103459  -49.557  23.827  14.762 0.0000000000
103447  -49.822  23.035  16.140 0.0000000000
132256  -50.018  23.170  17.040 0.0000000000
102758  -50.789  22.523  18.211 0.0000000000
102019  -51.102  21.653  18.800 0.0000000000
101256  -50.909  20.806  18.322 0.0000000000
100531  -50.556  19.160  18.150 0.0000000000
101260  -51.963  20.451  17.167 0.0000000000
100533  -51.255  19.723  17.552 0.0000000000
99851  -50.784  18.204  18.194 0.0000000000
99231  -51.084  17.433  18.375 0.0000000000
98596  -51.496  16.584  18.665 0.0000000000
97966  -52.387  15.425  19.396 0.0000000000
98590  -53.204  16.010  19.377 0.0000000000
97967  -54.257  16.021  19.846 0.0000000000
98592  -54.764  16.645  19.514 0.0000000000
134991  -54.405  17.713  18.734 0.0000000000
98598  -55.174  17.249  18.979 0.0000000000
98593  -55.433  16.490  19.140 0.0000000000
126922  -55.700  16.179  18.375 0.0000000000
97974  -55.465  15.491  17.862 0.0000000000
101277  -55.989  19.772  14.459 0.0000000000
100551  -56.067  19.351  15.014 0.0000000000
99250  -55.801  18.183  15.772 0.0000000000
99883  -55.240  18.282  14.148 0.0000000000
99242  -55.867  17.685  16.377 0.0000000000
99241  -55.200  17.034  16.381 0.0000000000
97973  -53.959  15.145  17.231 0.0000000000
124519  -53.005  15.385  16.899 0.0000000000
97320  -52.291  14.877  16.987 0.0000000000
149625  -51.293  15.550  16.643 0.0000000000
100644  -54.430  19.504  5.582 0.0000000000
100637  -54.097  19.537  6.601 0.0000000000
100631  -54.043  19.231  7.553 0.0000000000
101374  -52.581  20.360  6.335 0.0000000000
100630  -52.999  19.624  7.828 0.0000000000
100623  -53.917  18.790  8.413 0.0000000000
99945  -51.857  18.929  11.041 0.0000000000
102119  -49.431  21.865  7.580 0.0000000000
101333  -49.176  20.545  10.455 0.0000000000
101334  -49.999  20.322  10.238 0.0000000000
100612  -50.788  20.005  9.992 0.0000000000
100606  -51.298  19.406  10.518 0.0000000000
99938  -51.519  18.797  11.817 0.0000000000
99899  -50.725  18.519  13.446 0.0000000000
99878  -50.287  18.286  14.190 0.0000000000
99260  -49.816  17.830  14.777 0.0000000000
99245  -49.353  17.349  15.284 0.0000000000
92143  -51.880  8.806  27.838 0.0000000000
93012  -51.578  8.980  28.250 0.0000000000
93877  -51.737  9.125  28.028 0.0000000000
95763  -49.875  12.611  20.444 0.0000000000
95765  -51.540  12.416  20.329 0.0000000000
97270  -49.571  15.488  25.812 0.0000000000
97297  -49.045  14.642  21.430 0.0000000000
97303  -52.943  14.048  20.403 0.0000000000
97915  -50.200  15.522  25.814 0.0000000000
97929  -50.870  16.441  25.194 0.0000000000
97937  -50.653  15.935  24.547 0.0000000000
97938  -50.858  16.317  24.571 0.0000000000
97980  -52.064  15.515  16.762 0.0000000000
98545  -50.388  16.471  25.559 0.0000000000
98566  -50.842  16.698  24.244 0.0000000000
98589  -51.396  15.749  19.030 0.0000000000
98591  -53.887  16.704  19.403 0.0000000000
98595  -50.426  16.914  18.662 0.0000000000
98603  -55.664  16.279  17.552 0.0000000000
98618  -49.725  16.760  15.656 0.0000000000
99180  -50.830  16.758  25.400 0.0000000000
99191  -49.587  17.133  24.703 0.0000000000
99192  -50.647  17.267  25.277 0.0000000000
99193  -51.073  17.155  25.101 0.0000000000
99208  -47.376  17.500  21.765 0.0000000000
99210  -49.700  17.484  21.992 0.0000000000
99226  -49.384  17.520  19.757 0.0000000000
99230  -50.356  17.619  18.530 0.0000000000
99259  -48.962  17.866  14.851 0.0000000000
99265  -55.486  18.317  15.043 0.0000000000
99831  -51.185  19.125  23.528 0.0000000000
99855  -54.651  18.319  18.266 0.0000000000
99856  -55.633  18.070  17.991 0.0000000000
99872  -55.907  18.716  15.393 0.0000000000
99895  -45.906  18.543  13.943 0.0000000000
99930  -56.083  18.720  12.527 0.0000000000
99946  -52.875  18.664  10.778 0.0000000000
99949  -55.766  18.311  9.900 0.0000000000
99954  -54.443  18.271  9.754 0.0000000000
99956  -55.756  18.422  9.390 0.0000000000
99972  -55.931  18.513  6.838 0.0000000000
99978  -55.913  18.565  5.992 0.0000000000
99979  -56.073  18.641  5.446 0.0000000000
99980  -56.215  18.811  5.014 0.0000000000
99999  -49.358  18.447  -1.883 0.0000000000
100000  -50.137  18.580  -2.068 0.0000000000
100005  -49.040  18.831  -3.208 0.0000000000
100500  -49.699  19.485  24.181 0.0000000000
100519  -50.685  20.126  21.456 0.0000000000
100536  -54.122  19.344  17.319 0.0000000000
100545  -55.823  19.139  15.824 0.0000000000
100553  -56.269  19.070  13.805 0.0000000000
100560  -56.229  19.061  13.032 0.0000000000
100574  -48.195  19.260  12.608 0.0000000000
100575  -48.906  19.314  12.451 0.0000000000
100576  -49.747  19.169  12.244 0.0000000000
100596  -50.966  19.173  11.263 0.0000000000
100616  -56.006  19.073  9.815 0.0000000000
100624  -54.933  18.497  8.112 0.0000000000
100625  -56.072  18.745  8.152 0.0000000000
100633  -56.291  18.988  7.341 0.0000000000
100636  -53.187  19.896  7.015 0.0000000000
100639  -56.390  19.324  6.577 0.0000000000
100640  -56.457  18.916  6.066 0.0000000000
100647  -56.450  18.985  5.463 0.0000000000
100652  -55.741  18.846  3.983 0.0000000000
100653  -56.210  18.907  3.985 0.0000000000
100665  -54.334  19.662  1.635 0.0000000000
100675  -53.195  19.345  0.356 0.0000000000
100677  -54.368  19.711  0.521 0.0000000000
100682  -47.599  19.439  -0.095 0.0000000000
100687  -53.119  19.386  -0.448 0.0000000000
100688  -53.826  19.756  -0.145 0.0000000000
100696  -50.213  18.679  -1.305 0.0000000000
100698  -51.798  18.929  -1.290 0.0000000000
100699  -53.027  19.674  -1.017 0.0000000000
100708  -50.367  18.704  -2.143 0.0000000000
100713  -47.215  19.418  -2.235 0.0000000000
100714  -48.117  18.907  -2.808 0.0000000000
101225  -51.068  20.546  24.822 0.0000000000
101267  -54.158  20.519  16.108 0.0000000000
101268  -54.878  20.368  15.701 0.0000000000
101286  -53.642  20.723  13.278 0.0000000000
101288  -55.788  19.589  12.939 0.0000000000
101296  -52.944  20.763  12.643 0.0000000000
101357  -51.297  20.575  8.432 0.0000000000
101358  -52.066  20.092  8.098 0.0000000000
101359  -55.203  20.314  8.238 0.0000000000
101368  -56.059  19.991  7.087 0.0000000000
101375  -53.411  20.056  5.899 0.0000000000
101384  -56.315  20.133  4.840 0.0000000000
101395  -56.374  19.621  3.955 0.0000000000
101415  -46.920  20.361  2.474 0.0000000000
101419  -53.465  19.771  1.872 0.0000000000
101429  -48.798  19.795  1.550 0.0000000000
101432  -54.826  19.975  0.743 0.0000000000
101437  -45.406  20.467  0.533 0.0000000000
101438  -45.920  20.078  0.114 0.0000000000
101439  -53.797  20.102  -0.418 0.0000000000
101454  -45.979  20.676  -1.030 0.0000000000
101455  -46.505  20.168  -1.576 0.0000000000
101457  -50.080  19.515  -2.680 0.0000000000
101458  -50.575  19.077  -2.142 0.0000000000
101985  -51.020  22.062  24.125 0.0000000000
102016  -51.206  21.984  20.140 0.0000000000
102093  -49.830  21.272  9.003 0.0000000000
102095  -53.598  21.500  9.288 0.0000000000
102096  -54.368  20.937  8.752 0.0000000000
102105  -47.778  22.179  9.015 0.0000000000
102106  -48.499  21.995  8.744 0.0000000000
102122  -55.185  21.854  7.411 0.0000000000
102148  -51.185  21.101  5.232 0.0000000000
102159  -50.611  21.127  4.601 0.0000000000
102160  -56.042  20.678  4.038 0.0000000000
102178  -55.871  20.708  2.523 0.0000000000
102189  -54.358  21.300  0.592 0.0000000000
102201  -54.518  20.474  0.377 0.0000000000
102209  -51.974  20.149  -1.137 0.0000000000
102211  -53.440  20.187  -0.749 0.0000000000
102224  -48.799  21.060  -3.576 0.0000000000
102230  -48.445  20.668  -4.455 0.0000000000
102234  -47.497  21.353  -5.003 0.0000000000
102236  -48.071  20.655  -4.883 0.0000000000
102716  -50.458  22.784  23.783 0.0000000000
102728  -51.038  23.115  22.730 0.0000000000
102748  -46.037  22.297  20.056 0.0000000000
102775  -50.254  22.401  14.774 0.0000000000
102776  -50.909  21.890  14.343 0.0000000000
102794  -51.967  22.211  10.756 0.0000000000
102809  -53.098  22.971  9.528 0.0000000000
102810  -53.553  22.530  9.118 0.0000000000
102822  -54.688  22.745  8.153 0.0000000000
102843  -55.167  23.058  6.870 0.0000000000
102844  -55.253  22.220  6.373 0.0000000000
102867  -54.082  23.416  2.439 0.0000000000
102868  -54.659  22.936  2.847 0.0000000000
102869  -55.208  22.337  3.282 0.0000000000
102876  -49.123  22.594  2.485 0.0000000000
102887  -47.884  22.775  1.171 0.0000000000
102892  -53.091  22.372  1.151 0.0000000000
102904  -47.558  22.966  -0.731 0.0000000000
102911  -45.181  22.704  -1.364 0.0000000000
102927  -46.747  22.145  -4.294 0.0000000000
102941  -47.661  22.723  -5.447 0.0000000000
103403  -49.841  23.585  23.345 0.0000000000
103404  -50.468  23.380  23.264 0.0000000000
103411  -49.343  24.111  22.585 0.0000000000
103443  -49.742  23.935  17.554 0.0000000000
103454  -49.538  23.776  15.682 0.0000000000
103455  -49.717  22.980  15.204 0.0000000000
103460  -49.682  23.034  14.275 0.0000000000
103462  -50.038  23.405  13.467 0.0000000000
103481  -51.209  23.511  11.280 0.0000000000
103482  -52.384  24.503  10.737 0.0000000000
103488  -52.542  23.813  10.332 0.0000000000
103496  -53.647  23.536  9.123 0.0000000000
103502  -54.646  23.448  8.053 0.0000000000
103516  -54.520  23.622  6.332 0.0000000000
103529  -49.215  23.737  4.420 0.0000000000
103532  -53.462  24.286  4.249 0.0000000000
103542  -51.535  23.535  3.662 0.0000000000
103552  -47.686  23.687  3.182 0.0000000000
103553  -48.305  23.101  2.892 0.0000000000
103557  -53.202  23.504  2.654 0.0000000000
103574  -47.270  23.831  -0.668 0.0000000000
103589  -47.809  23.660  -2.214 0.0000000000
103597  -45.391  23.945  -3.295 0.0000000000
103602  -45.982  23.718  -4.110 0.0000000000
103603  -46.555  23.500  -4.962 0.0000000000
103604  -48.228  23.101  -5.311 0.0000000000
103616  -47.940  23.212  -5.596 0.0000000000
104041  -49.778  24.499  22.183 0.0000000000
104049  -50.050  25.076  21.425 0.0000000000
104085  -50.012  24.759  18.147 0.0000000000
104086  -49.642  24.563  16.222 0.0000000000
104106  -52.071  25.457  11.624 0.0000000000
104113  -51.787  24.740  11.280 0.0000000000
104121  -52.920  24.940  10.859 0.0000000000
104139  -53.517  24.247  8.335 0.0000000000
104146  -52.679  24.832  7.860 0.0000000000
104153  -53.000  24.867  6.222 0.0000000000
104163  -49.453  24.337  5.657 0.0000000000
104165  -52.273  24.684  5.124 0.0000000000
104166  -52.963  25.075  5.442 0.0000000000
104177  -49.892  24.017  5.014 0.0000000000
104202  -46.758  25.515  2.176 0.0000000000
104209  -47.055  24.403  0.818 0.0000000000
104222  -47.480  24.240  -1.388 0.0000000000
104248  -46.614  24.155  -5.290 0.0000000000
104249  -48.715  23.886  -5.041 0.0000000000
104259  -47.301  24.085  -5.641 0.0000000000
104763  -50.791  26.430  17.719 0.0000000000
104772  -49.964  25.252  15.975 0.0000000000
104780  -50.789  25.386  13.686 0.0000000000
104781  -51.874  26.091  13.549 0.0000000000
104800  -52.748  25.095  10.677 0.0000000000
104837  -49.567  25.231  6.911 0.0000000000
104838  -50.749  25.560  6.743 0.0000000000
104840  -52.502  25.519  6.289 0.0000000000
104847  -47.465  24.909  5.345 0.0000000000
104857  -46.631  25.862  4.864 0.0000000000
104871  -46.632  25.980  2.921 0.0000000000
104897  -47.666  25.001  -1.326 0.0000000000
104910  -49.417  25.423  -3.144 0.0000000000
104920  -49.449  25.185  -4.059 0.0000000000
104930  -47.731  25.326  -5.473 0.0000000000
104931  -49.563  25.535  -4.735 0.0000000000
104932  -50.302  25.990  -4.849 0.0000000000
104937  -48.223  24.957  -5.585 0.0000000000
104938  -49.443  25.741  -5.138 0.0000000000
105349  -50.302  26.754  19.597 0.0000000000
105358  -51.296  27.930  18.713 0.0000000000
105367  -51.229  27.245  18.730 0.0000000000
105387  -52.698  27.598  16.119 0.0000000000
105399  -53.106  27.542  15.078 0.0000000000
105408  -52.451  25.855  12.186 0.0000000000
105419  -52.010  25.691  10.036 0.0000000000
105428  -51.959  26.593  8.163 0.0000000000
105440  -52.036  26.981  7.194 0.0000000000
105450  -48.019  26.118  7.277 0.0000000000
105467  -46.561  26.356  4.381 0.0000000000
105489  -47.536  25.937  -0.088 0.0000000000
105501  -49.880  25.894  -2.636 0.0000000000
105516  -51.630  26.473  -3.439 0.0000000000
105525  -47.259  26.626  -4.417 0.0000000000
105534  -47.960  26.046  -5.144 0.0000000000
105535  -48.935  26.252  -5.211 0.0000000000
105537  -51.546  26.920  -4.373 0.0000000000
105542  -49.223  25.940  -5.259 0.0000000000
105962  -51.393  28.382  18.393 0.0000000000
105963  -51.912  28.364  18.107 0.0000000000
105969  -51.664  28.977  17.538 0.0000000000
105970  -52.335  28.700  17.502 0.0000000000
105977  -51.954  29.175  16.431 0.0000000000
105978  -52.738  28.628  16.692 0.0000000000
106006  -52.460  27.016  13.320 0.0000000000
106033  -48.329  27.724  8.136 0.0000000000
106034  -51.288  27.831  7.615 0.0000000000
106044  -46.767  27.060  6.755 0.0000000000
106056  -46.581  27.613  4.668 0.0000000000
106060  -47.128  27.571  3.180 0.0000000000
106075  -48.897  27.949  1.174 0.0000000000
106081  -49.282  27.787  0.555 0.0000000000
106088  -48.589  26.855  -0.189 0.0000000000
106091  -51.329  27.811  -0.993 0.0000000000
106101  -51.859  27.482  -1.735 0.0000000000
106127  -52.152  27.403  -3.663 0.0000000000
106136  -52.017  27.216  -4.104 0.0000000000
106620  -52.819  29.087  16.125 0.0000000000
106621  -53.132  28.588  15.508 0.0000000000
106632  -53.138  28.188  14.968 0.0000000000
106649  -49.523  28.399  12.361 0.0000000000
106650  -50.990  28.513  12.679 0.0000000000
106651  -51.407  28.259  12.522 0.0000000000
106653  -47.827  28.773  11.591 0.0000000000
106667  -53.118  29.366  8.295 0.0000000000
106674  -46.753  28.267  7.503 0.0000000000
106676  -48.621  28.984  8.373 0.0000000000
106677  -49.082  28.248  8.279 0.0000000000
106680  -52.305  28.665  7.898 0.0000000000
106688  -46.379  28.308  6.809 0.0000000000
106700  -46.468  28.347  5.019 0.0000000000
106707  -47.092  28.170  3.594 0.0000000000
106714  -48.185  28.635  2.465 0.0000000000
106715  -48.849  28.912  2.026 0.0000000000
106731  -51.454  28.814  0.089 0.0000000000
106741  -51.784  28.415  -0.633 0.0000000000
106773  -51.884  28.490  -4.035 0.0000000000
106774  -52.261  28.181  -3.489 0.0000000000
106779  -51.618  27.719  -4.267 0.0000000000
107295  -53.603  30.147  8.813 0.0000000000
107296  -53.913  30.670  8.788 0.0000000000
107313  -51.930  29.280  7.735 0.0000000000
107358  -50.355  29.397  0.930 0.0000000000
107367  -51.901  29.366  0.270 0.0000000000
107859  -53.335  30.902  9.489 0.0000000000
107867  -52.042  31.201  8.183 0.0000000000
107869  -54.025  31.287  8.910 0.0000000000
107919  -50.010  30.439  1.390 0.0000000000
107930  -52.881  30.621  0.547 0.0000000000
107931  -53.670  31.262  0.660 0.0000000000
107937  -53.113  30.163  -0.934 0.0000000000
107947  -52.923  30.166  -1.907 0.0000000000
107952  -49.987  30.803  -2.697 0.0000000000
107953  -50.776  30.604  -3.215 0.0000000000
107954  -52.597  30.414  -2.768 0.0000000000
107959  -52.081  30.099  -3.673 0.0000000000
108395  -52.577  32.730  9.182 0.0000000000
108396  -53.459  32.204  9.271 0.0000000000
108397  -53.979  31.984  9.098 0.0000000000
108404  -53.933  31.910  8.916 0.0000000000
108447  -48.947  31.071  1.949 0.0000000000
108457  -52.963  31.702  1.282 0.0000000000
108464  -53.826  31.797  1.178 0.0000000000
108465  -54.088  31.877  1.043 0.0000000000
108488  -51.770  31.627  -3.244 0.0000000000
108496  -52.264  30.538  -3.285 0.0000000000
108958  -41.525  32.394  10.486 0.0000000000
108970  -43.346  32.476  9.601 0.0000000000
109013  -45.424  32.908  5.183 0.0000000000
109025  -47.146  32.486  2.995 0.0000000000
109034  -49.251  32.543  1.701 0.0000000000
109044  -53.910  32.162  0.777 0.0000000000
109049  -53.456  32.273  -0.465 0.0000000000
109059  -53.269  32.414  -1.719 0.0000000000
109578  -39.301  33.410  10.862 0.0000000000
109579  -39.998  32.945  10.391 0.0000000000
109599  -42.081  33.114  7.893 0.0000000000
109603  -51.763  33.170  9.234 0.0000000000
109619  -43.308  33.452  6.088 0.0000000000
109628  -45.001  33.434  4.753 0.0000000000
109634  -44.673  34.031  4.448 0.0000000000
109642  -45.799  34.092  3.436 0.0000000000
109647  -47.598  33.266  2.603 0.0000000000
109654  -49.591  33.306  1.716 0.0000000000
109655  -51.445  33.388  1.821 0.0000000000
109663  -52.979  33.464  0.452 0.0000000000
110205  -38.812  34.039  10.423 0.0000000000
110212  -39.726  33.833  9.056 0.0000000000
110219  -40.347  34.766  7.589 0.0000000000
110221  -41.843  34.121  6.734 0.0000000000
110229  -42.287  34.680  6.255 0.0000000000
110254  -46.910  34.723  2.746 0.0000000000
110267  -50.133  34.281  1.904 0.0000000000
110303  -52.955  34.624  -2.095 0.0000000000
110744  -39.368  35.553  8.433 0.0000000000
110747  -40.794  35.422  7.229 0.0000000000
110764  -43.371  35.147  5.381 0.0000000000
110765  -43.946  35.308  4.932 0.0000000000
110771  -44.460  35.441  4.262 0.0000000000
110790  -51.782  35.440  2.122 0.0000000000
111209  -39.212  36.567  8.396 0.0000000000
111214  -42.666  36.484  6.453 0.0000000000
111216  -43.718  37.015  5.791 0.0000000000
111234  -44.892  36.406  3.999 0.0000000000
111242  -45.414  36.122  3.406 0.0000000000
111243  -46.135  36.266  3.208 0.0000000000
111244  -47.154  36.437  3.050 0.0000000000
111257  -48.170  36.289  2.793 0.0000000000
111258  -49.219  36.326  2.616 0.0000000000
111259  -50.450  36.481  2.675 0.0000000000
111260  -51.111  37.075  2.872 0.0000000000
111669  -39.617  37.473  8.063 0.0000000000
111671  -40.554  37.638  7.620 0.0000000000
111699  -47.953  38.114  3.935 0.0000000000
111713  -47.467  37.415  3.335 0.0000000000
112214  -38.373  38.385  10.072 0.0000000000
112227  -38.786  38.717  8.659 0.0000000000
112231  -41.041  38.528  7.536 0.0000000000
112245  -47.192  38.736  5.283 0.0000000000
112287  -51.221  37.959  1.528 0.0000000000
124622  -52.487  19.086  -0.944 0.0000000000
124695  -49.421  15.731  19.738 0.0000000000
125141  -43.947  32.412  9.077 0.0000000000
125490  -49.227  18.595  -1.085 0.0000000000
126191  -44.975  32.568  6.734 0.0000000000
126366  -49.193  16.094  20.744 0.0000000000
126834  -54.340  20.736  13.913 0.0000000000
127706  -53.418  17.353  18.727 0.0000000000
127844  -48.069  21.224  -5.156 0.0000000000
128137  -50.421  20.088  18.710 0.0000000000
128376  -46.152  30.122  5.776 0.0000000000
128922  -49.025  19.474  -3.658 0.0000000000
129076  -53.235  30.326  -0.049 0.0000000000
130217  -53.833  24.345  4.867 0.0000000000
130272  -47.931  24.954  6.067 0.0000000000
130496  -46.530  33.845  3.146 0.0000000000
130732  -49.456  14.794  23.336 0.0000000000
131004  -52.172  27.425  -2.450 0.0000000000
131035  -48.752  27.406  -4.266 0.0000000000
131131  -46.295  29.984  6.888 0.0000000000
131186  -47.264  24.342  3.315 0.0000000000
131454  -50.147  27.913  7.916 0.0000000000
131563  -47.928  24.096  -5.664 0.0000000000
131739  -51.827  12.959  20.148 0.0000000000
131864  -49.037  23.094  3.219 0.0000000000
132125  -46.632  30.695  3.917 0.0000000000
132550  -52.221  25.879  6.535 0.0000000000
132792  -51.086  21.914  18.028 0.0000000000
133416  -49.200  21.486  4.404 0.0000000000
133611  -46.444  32.115  6.660 0.0000000000
133641  -50.547  26.625  -4.806 0.0000000000
133725  -50.570  33.578  1.772 0.0000000000
134461  -50.507  28.614  12.385 0.0000000000
134747  -47.093  24.153  0.076 0.0000000000
135186  -50.183  19.610  1.460 0.0000000000
137173  -50.786  20.022  17.910 0.0000000000
137283  -53.911  30.829  9.120 0.0000000000
137687  -48.091  33.977  2.197 0.0000000000
137832  -53.044  32.912  1.469 0.0000000000
137971  -47.925  22.313  -5.392 0.0000000000
138131  -50.317  12.964  20.142 0.0000000000
138623  -48.124  31.016  2.405 0.0000000000
139050  -52.655  26.679  13.684 0.0000000000
139097  -53.133  27.650  14.816 0.0000000000
139552  -38.385  37.025  10.091 0.0000000000
139688  -51.025  31.696  8.188 0.0000000000
139757  -52.430  34.114  1.947 0.0000000000
140789  -50.619  24.899  20.174 0.0000000000
141163  -51.822  27.438  12.759 0.0000000000
142153  -45.713  23.597  20.195 0.0000000000
142533  -47.047  26.369  6.681 0.0000000000
142706  -52.260  16.042  18.993 0.0000000000
142768  -47.981  20.497  -4.724 0.0000000000
142943  -47.426  30.946  2.826 0.0000000000
142977  -54.319  19.534  0.898 0.0000000000
142982  -54.165  22.741  1.829 0.0000000000
143046  -49.944  27.072  -0.957 0.0000000000
143072  -46.581  30.275  4.361 0.0000000000
143241  -40.060  34.275  8.271 0.0000000000
143432  -50.510  24.268  19.497 0.0000000000
144329  -48.264  17.784  14.714 0.0000000000
144974  -51.466  28.265  10.928 0.0000000000
145009  -52.236  34.987  1.981 0.0000000000
145385  -50.368  22.267  24.033 0.0000000000
145511  -39.271  38.864  8.209 0.0000000000
145714  -55.171  17.789  18.507 0.0000000000
145774  -49.467  15.719  22.690 0.0000000000
146546  -47.029  16.383  15.249 0.0000000000
146559  -56.245  19.431  3.512 0.0000000000
146888  -54.809  18.246  10.973 0.0000000000
147696  -50.832  21.153  7.407 0.0000000000
148149  -45.628  21.205  4.356 0.0000000000
148205  -52.125  33.812  2.026 0.0000000000
148336  -50.313  28.465  12.797 0.0000000000
148647  -49.479  16.979  19.410 0.0000000000
148847  -56.308  18.740  6.172 0.0000000000
148853  -46.888  20.703  3.064 0.0000000000
149696  -46.374  38.749  5.755 0.0000000000
149977  -55.992  18.989  3.541 0.0000000000
150098  -46.963  25.452  5.283 0.0000000000
150348  -44.642  32.867  6.099 0.0000000000
150466  -54.799  18.194  13.769 0.0000000000
150502  -46.507  25.387  -4.846 0.0000000000
151005  -55.809  19.924  15.014 0.0000000000
