#!ascii label  , from subject sub-018 vox2ras=TkReg
1525
58854  -40.217  -29.190  19.922 0.0000000000
70731  -52.733  -15.477  15.765 0.0000000000
63305  -48.668  -23.558  17.170 0.0000000000
40145  -9.943  -47.965  43.545 0.0000000000
56793  -35.515  -30.511  25.300 0.0000000000
41256  -26.614  -46.719  40.536 0.0000000000
47257  -34.455  -40.608  39.417 0.0000000000
53739  -36.155  -34.195  32.765 0.0000000000
54628  -39.805  -32.564  30.407 0.0000000000
43324  -17.447  -44.851  37.386 0.0000000000
43241  -22.777  -44.989  42.108 0.0000000000
126882  -21.983  -43.654  36.648 0.0000000000
45295  -31.549  -42.753  33.604 0.0000000000
49143  -34.141  -38.111  33.616 0.0000000000
57743  -42.589  -29.991  26.361 0.0000000000
142029  -48.021  -29.521  24.176 0.0000000000
67072  -50.809  -20.127  16.717 0.0000000000
131420  -44.763  -26.997  18.511 0.0000000000
70782  -51.379  -15.894  11.444 0.0000000000
37077  -6.584  -51.003  46.103 0.0000000000
125335  -39.808  -27.814  29.242 0.0000000000
140499  -37.934  -28.914  23.632 0.0000000000
42362  -26.951  -45.312  34.689 0.0000000000
45230  -30.547  -43.546  39.330 0.0000000000
58865  -52.245  -27.842  20.418 0.0000000000
73630  -59.328  -12.417  6.855 0.0000000000
52045  -33.868  -35.412  31.382 0.0000000000
53766  -34.995  -34.072  30.116 0.0000000000
44263  -19.791  -44.320  37.040 0.0000000000
140166  -32.947  -39.774  29.956 0.0000000000
50135  -33.060  -37.233  31.271 0.0000000000
51091  -34.340  -36.315  33.563 0.0000000000
141928  -41.511  -29.572  23.109 0.0000000000
125391  -45.039  -29.568  24.957 0.0000000000
57860  -43.721  -28.972  22.022 0.0000000000
137974  -51.527  -17.491  16.267 0.0000000000
67067  -53.646  -19.571  18.164 0.0000000000
128407  -55.072  -13.442  15.531 0.0000000000
38184  -8.156  -49.008  40.927 0.0000000000
38131  -8.293  -49.452  45.193 0.0000000000
55702  -37.920  -31.672  27.605 0.0000000000
57697  -39.518  -29.893  30.480 0.0000000000
57728  -37.351  -29.254  27.586 0.0000000000
128559  -39.049  -28.362  26.195 0.0000000000
149585  -36.193  -28.213  24.893 0.0000000000
42275  -24.600  -45.272  41.208 0.0000000000
42210  -25.099  -45.853  44.096 0.0000000000
125257  -27.919  -47.020  43.873 0.0000000000
142422  -29.134  -46.149  41.839 0.0000000000
44337  -23.870  -43.324  32.910 0.0000000000
44340  -26.383  -43.300  32.352 0.0000000000
46241  -34.007  -42.288  36.115 0.0000000000
145701  -30.985  -43.139  36.366 0.0000000000
46213  -32.451  -42.276  39.531 0.0000000000
142170  -31.669  -42.960  41.023 0.0000000000
42267  -13.346  -45.793  40.796 0.0000000000
41198  -15.278  -47.055  43.292 0.0000000000
41161  -15.941  -47.451  45.699 0.0000000000
61520  -47.135  -25.435  17.514 0.0000000000
59809  -48.102  -26.982  19.638 0.0000000000
61487  -49.545  -25.504  20.580 0.0000000000
75566  -61.435  -10.502  6.361 0.0000000000
40108  -9.610  -47.601  47.517 0.0000000000
53733  -37.830  -33.606  34.902 0.0000000000
141328  -40.601  -32.619  34.167 0.0000000000
53749  -37.648  -34.052  31.926 0.0000000000
53795  -37.256  -33.382  28.843 0.0000000000
41252  -17.591  -46.197  39.945 0.0000000000
41241  -20.020  -46.318  41.625 0.0000000000
42300  -20.187  -45.194  39.584 0.0000000000
142491  -22.089  -44.352  39.633 0.0000000000
43290  -24.723  -45.285  38.788 0.0000000000
45334  -28.807  -42.620  31.237 0.0000000000
46295  -31.325  -42.074  30.646 0.0000000000
46283  -33.793  -41.860  32.632 0.0000000000
47298  -35.347  -40.066  36.258 0.0000000000
145785  -35.170  -37.213  36.065 0.0000000000
143692  -35.752  -34.548  35.573 0.0000000000
43302  -15.404  -45.149  37.806 0.0000000000
59694  -44.492  -27.828  29.546 0.0000000000
59681  -47.191  -27.432  30.576 0.0000000000
58731  -46.852  -28.572  27.883 0.0000000000
58748  -48.937  -28.179  26.948 0.0000000000
65199  -49.338  -21.790  16.747 0.0000000000
64167  -51.238  -23.366  20.275 0.0000000000
66157  -52.682  -21.368  19.438 0.0000000000
146639  -2.650  -53.426  47.976 0.0000000000
59823  -42.152  -28.103  18.716 0.0000000000
62398  -43.634  -24.687  15.552 0.0000000000
65214  -46.469  -21.258  16.141 0.0000000000
67992  -48.048  -19.097  15.966 0.0000000000
68916  -49.362  -17.238  15.555 0.0000000000
70740  -51.066  -16.099  14.770 0.0000000000
125726  -52.237  -15.208  14.318 0.0000000000
69896  -49.703  -16.130  11.946 0.0000000000
39108  -7.693  -48.651  48.709 0.0000000000
38098  -5.253  -50.114  49.845 0.0000000000
35101  -3.665  -52.198  49.526 0.0000000000
130045  -44.279  -27.444  32.996 0.0000000000
56691  -41.550  -30.723  32.544 0.0000000000
142737  -40.884  -28.689  32.205 0.0000000000
59677  -42.543  -27.882  30.730 0.0000000000
59726  -41.372  -28.657  27.988 0.0000000000
57779  -40.203  -29.289  24.827 0.0000000000
57855  -38.903  -29.701  21.457 0.0000000000
42196  -23.096  -46.012  44.006 0.0000000000
43357  -24.631  -44.212  35.639 0.0000000000
41297  -27.125  -46.341  37.401 0.0000000000
45293  -29.639  -43.455  33.922 0.0000000000
43330  -29.008  -44.866  37.297 0.0000000000
130180  -29.087  -45.036  39.405 0.0000000000
44218  -30.122  -44.144  40.377 0.0000000000
40161  -10.096  -47.410  41.329 0.0000000000
41249  -11.252  -46.170  40.565 0.0000000000
142592  -11.570  -46.468  43.296 0.0000000000
141050  -45.680  -28.784  20.398 0.0000000000
145750  -50.374  -29.684  22.400 0.0000000000
58803  -53.541  -28.125  23.470 0.0000000000
61491  -53.672  -25.352  20.356 0.0000000000
71691  -54.188  -13.940  13.569 0.0000000000
72629  -56.287  -13.436  12.624 0.0000000000
72640  -58.344  -12.839  11.163 0.0000000000
72667  -57.980  -14.341  8.562 0.0000000000
74581  -60.390  -11.566  9.291 0.0000000000
142365  -32.578  -35.478  29.976 0.0000000000
141856  -32.876  -34.908  29.950 0.0000000000
52937  -31.962  -35.056  29.077 0.0000000000
50161  -31.692  -37.212  29.391 0.0000000000
52052  -32.372  -35.969  30.024 0.0000000000
52044  -33.038  -35.771  30.548 0.0000000000
57858  -41.512  -29.539  21.974 0.0000000000
126085  -43.194  -29.218  23.002 0.0000000000
57881  -41.866  -29.264  21.124 0.0000000000
69840  -52.540  -16.331  16.122 0.0000000000
68899  -53.897  -17.649  16.981 0.0000000000
69842  -54.251  -16.740  16.726 0.0000000000
128905  -54.614  -15.092  16.444 0.0000000000
71663  -53.912  -14.516  15.624 0.0000000000
39158  -9.163  -48.679  42.117 0.0000000000
39152  -8.598  -49.358  42.523 0.0000000000
39146  -9.435  -48.488  44.058 0.0000000000
56785  -36.361  -31.087  26.217 0.0000000000
56774  -37.250  -30.127  27.625 0.0000000000
57742  -36.509  -29.314  26.493 0.0000000000
58741  -36.744  -28.487  26.204 0.0000000000
57755  -35.470  -29.466  25.342 0.0000000000
40147  -18.115  -47.487  44.089 0.0000000000
130851  -25.405  -46.097  41.253 0.0000000000
42235  -26.230  -46.482  42.958 0.0000000000
41224  -26.771  -46.696  42.075 0.0000000000
42225  -28.566  -46.945  43.307 0.0000000000
41225  -27.960  -46.468  41.978 0.0000000000
46224  -34.165  -41.446  38.354 0.0000000000
46232  -32.862  -42.141  38.006 0.0000000000
47267  -33.201  -41.863  39.332 0.0000000000
47239  -32.705  -42.052  40.095 0.0000000000
41237  -16.707  -46.923  41.702 0.0000000000
41218  -16.983  -47.187  42.605 0.0000000000
41180  -16.679  -47.485  44.172 0.0000000000
59658  -45.413  -27.777  32.894 0.0000000000
62381  -47.612  -24.752  17.033 0.0000000000
61507  -47.956  -25.258  19.018 0.0000000000
146268  -48.559  -24.525  18.664 0.0000000000
148906  -36.618  -34.053  34.171 0.0000000000
53741  -37.884  -33.844  33.383 0.0000000000
53748  -36.747  -34.009  32.353 0.0000000000
53781  -35.624  -33.756  29.412 0.0000000000
130996  -35.161  -33.669  27.539 0.0000000000
54651  -36.032  -33.139  26.908 0.0000000000
42324  -17.291  -45.523  38.604 0.0000000000
42271  -18.635  -46.122  40.008 0.0000000000
142346  -18.885  -44.967  38.382 0.0000000000
126544  -21.310  -43.870  37.116 0.0000000000
44250  -20.877  -44.120  37.877 0.0000000000
44252  -22.350  -44.134  38.233 0.0000000000
43307  -23.486  -44.276  38.882 0.0000000000
44254  -23.620  -44.233  37.977 0.0000000000
46309  -29.726  -41.911  29.643 0.0000000000
48286  -33.766  -39.185  32.061 0.0000000000
47327  -33.653  -40.632  31.390 0.0000000000
143467  -34.294  -39.849  33.168 0.0000000000
47304  -34.856  -40.567  34.759 0.0000000000
48267  -34.914  -39.528  34.419 0.0000000000
49121  -35.390  -38.563  36.444 0.0000000000
129506  -34.773  -37.738  35.033 0.0000000000
52906  -35.250  -35.248  33.491 0.0000000000
52009  -35.194  -35.738  34.824 0.0000000000
137688  -35.656  -34.775  34.025 0.0000000000
147971  -36.208  -34.098  35.514 0.0000000000
128830  -16.082  -44.981  37.689 0.0000000000
57730  -43.631  -29.618  27.994 0.0000000000
127162  -45.678  -28.082  28.690 0.0000000000
57732  -45.449  -29.478  27.560 0.0000000000
126974  -46.682  -29.294  24.099 0.0000000000
57762  -46.832  -29.411  25.612 0.0000000000
57764  -48.284  -29.223  25.621 0.0000000000
58766  -49.511  -28.645  26.039 0.0000000000
57787  -49.290  -29.588  24.607 0.0000000000
66172  -50.489  -20.888  17.003 0.0000000000
149180  -51.416  -21.775  18.088 0.0000000000
66173  -51.403  -20.730  17.070 0.0000000000
67060  -54.992  -19.561  19.688 0.0000000000
67086  -46.608  -19.945  15.674 0.0000000000
67101  -46.193  -19.330  15.356 0.0000000000
68927  -47.661  -17.425  14.568 0.0000000000
69859  -48.800  -16.723  14.033 0.0000000000
69848  -49.892  -16.833  15.151 0.0000000000
126529  -49.441  -16.459  14.059 0.0000000000
69872  -49.932  -16.237  13.564 0.0000000000
37110  -6.995  -50.837  44.396 0.0000000000
147019  -5.685  -51.170  46.401 0.0000000000
40088  -9.201  -47.732  49.930 0.0000000000
136953  -8.378  -48.100  48.844 0.0000000000
40077  -7.721  -47.961  50.520 0.0000000000
137845  -5.586  -50.082  51.658 0.0000000000
37013  -4.966  -50.608  51.352 0.0000000000
37032  -4.709  -51.212  49.938 0.0000000000
35096  -4.091  -52.124  50.886 0.0000000000
34118  -4.130  -53.501  49.566 0.0000000000
54616  -40.630  -32.538  32.491 0.0000000000
54612  -41.284  -31.988  33.399 0.0000000000
55659  -41.059  -31.605  31.433 0.0000000000
58702  -39.174  -28.509  29.777 0.0000000000
58686  -39.934  -28.958  31.367 0.0000000000
59675  -40.065  -28.217  30.819 0.0000000000
125095  -41.582  -27.984  30.947 0.0000000000
59691  -41.259  -27.768  29.619 0.0000000000
125443  -41.596  -27.992  29.053 0.0000000000
59708  -40.430  -27.868  28.430 0.0000000000
132045  -37.944  -28.275  25.070 0.0000000000
58762  -39.547  -28.709  25.363 0.0000000000
57802  -39.193  -29.411  23.972 0.0000000000
57830  -39.940  -29.778  23.283 0.0000000000
127639  -38.207  -29.707  22.020 0.0000000000
42231  -21.732  -45.470  42.467 0.0000000000
151044  -21.673  -46.043  43.481 0.0000000000
42219  -22.575  -45.454  43.407 0.0000000000
43373  -25.868  -44.194  33.727 0.0000000000
44314  -24.204  -43.719  34.404 0.0000000000
43358  -25.334  -44.756  35.429 0.0000000000
42350  -25.865  -45.601  36.565 0.0000000000
42351  -26.685  -45.882  36.297 0.0000000000
45318  -30.637  -42.721  32.592 0.0000000000
44343  -29.602  -43.241  33.021 0.0000000000
45294  -30.202  -43.067  33.709 0.0000000000
44268  -30.551  -43.412  37.591 0.0000000000
44281  -30.072  -43.828  36.284 0.0000000000
43331  -29.588  -44.117  37.943 0.0000000000
43310  -28.996  -44.847  38.355 0.0000000000
44242  -29.976  -44.020  39.879 0.0000000000
43273  -29.697  -44.270  40.045 0.0000000000
45206  -30.628  -43.769  40.350 0.0000000000
51982  -35.482  -36.073  39.072 0.0000000000
42247  -11.964  -45.826  40.910 0.0000000000
41233  -12.251  -45.911  41.799 0.0000000000
126436  -10.969  -46.394  41.986 0.0000000000
41123  -16.206  -47.412  47.794 0.0000000000
59844  -43.594  -27.611  18.403 0.0000000000
58882  -44.436  -28.251  19.518 0.0000000000
58883  -45.205  -27.854  19.363 0.0000000000
59811  -50.105  -27.795  20.156 0.0000000000
142880  -48.999  -28.668  20.132 0.0000000000
58839  -51.194  -29.056  21.021 0.0000000000
57812  -52.015  -29.345  22.776 0.0000000000
134958  -52.606  -28.545  21.638 0.0000000000
63273  -52.299  -23.431  21.132 0.0000000000
62346  -51.492  -24.385  21.242 0.0000000000
62347  -53.144  -24.181  21.092 0.0000000000
148578  -52.038  -16.028  12.324 0.0000000000
70761  -52.926  -14.834  13.844 0.0000000000
70775  -53.493  -15.217  13.018 0.0000000000
71706  -55.066  -14.843  11.633 0.0000000000
132977  -56.262  -14.485  11.090 0.0000000000
72639  -57.492  -13.326  11.351 0.0000000000
72645  -57.003  -14.211  10.753 0.0000000000
72716  -58.257  -13.311  5.972 0.0000000000
71753  -57.198  -14.339  6.930 0.0000000000
73613  -58.919  -12.983  7.507 0.0000000000
148182  -58.944  -12.712  9.368 0.0000000000
73608  -60.035  -11.481  8.652 0.0000000000
74593  -61.043  -10.659  7.889 0.0000000000
131092  -61.754  -11.294  6.406 0.0000000000
52920  -34.757  -34.913  31.725 0.0000000000
52921  -35.524  -34.424  31.440 0.0000000000
149850  -34.358  -34.533  30.418 0.0000000000
53779  -33.858  -33.945  29.115 0.0000000000
43344  -18.108  -44.591  36.803 0.0000000000
136790  -32.070  -38.736  29.076 0.0000000000
49176  -32.747  -38.213  30.423 0.0000000000
49152  -33.360  -37.736  31.938 0.0000000000
50100  -33.788  -37.311  33.355 0.0000000000
51106  -33.567  -36.369  32.183 0.0000000000
52037  -33.759  -35.756  32.028 0.0000000000
57758  -42.426  -29.858  25.482 0.0000000000
126622  -44.141  -30.072  26.041 0.0000000000
125186  -43.721  -29.657  24.627 0.0000000000
57805  -44.710  -29.030  23.263 0.0000000000
57836  -46.071  -29.282  22.624 0.0000000000
67996  -51.299  -18.354  16.494 0.0000000000
67074  -52.545  -19.650  17.047 0.0000000000
67982  -52.812  -18.825  16.878 0.0000000000
67975  -54.027  -18.866  17.899 0.0000000000
72602  -55.828  -13.183  15.296 0.0000000000
38156  -7.623  -50.430  43.803 0.0000000000
38130  -7.737  -49.976  45.701 0.0000000000
55684  -39.015  -31.867  29.015 0.0000000000
56722  -40.049  -30.824  30.098 0.0000000000
56744  -38.861  -30.916  29.088 0.0000000000
57718  -37.977  -29.283  28.876 0.0000000000
58711  -38.486  -28.287  28.567 0.0000000000
59723  -39.053  -27.849  27.773 0.0000000000
58743  -38.408  -28.247  26.930 0.0000000000
58760  -37.214  -28.107  25.768 0.0000000000
58780  -36.619  -28.394  24.286 0.0000000000
130011  -23.598  -45.057  41.851 0.0000000000
43230  -23.581  -45.196  43.110 0.0000000000
42221  -24.950  -45.603  43.568 0.0000000000
125931  -25.933  -46.167  43.920 0.0000000000
41206  -28.938  -47.120  42.907 0.0000000000
44339  -25.619  -43.443  32.587 0.0000000000
43374  -26.738  -44.324  33.536 0.0000000000
132321  -32.604  -42.929  34.851 0.0000000000
45274  -30.997  -43.131  35.020 0.0000000000
45247  -32.628  -42.643  36.556 0.0000000000
45239  -31.598  -42.859  37.665 0.0000000000
45223  -31.483  -42.793  39.359 0.0000000000
45213  -31.053  -43.127  39.931 0.0000000000
139943  -31.719  -42.659  40.342 0.0000000000
42321  -14.473  -45.462  38.830 0.0000000000
132468  -14.135  -45.893  40.442 0.0000000000
147560  -14.354  -46.781  43.308 0.0000000000
41197  -14.501  -46.882  44.027 0.0000000000
148877  -16.062  -47.452  44.855 0.0000000000
60697  -45.766  -26.099  18.014 0.0000000000
59826  -46.008  -27.079  19.406 0.0000000000
145393  -46.880  -26.011  18.878 0.0000000000
148437  -49.037  -25.983  20.438 0.0000000000
60655  -50.449  -26.108  20.656 0.0000000000
70788  -51.395  -15.213  10.562 0.0000000000
70789  -52.716  -15.550  10.909 0.0000000000
71712  -52.172  -15.017  10.187 0.0000000000
73649  -58.646  -12.568  5.500 0.0000000000
75564  -60.453  -10.549  6.501 0.0000000000
74612  -60.073  -10.645  5.626 0.0000000000
135698  -60.760  -10.022  5.423 0.0000000000
40140  -10.360  -47.125  44.798 0.0000000000
40131  -9.928  -47.527  45.278 0.0000000000
54596  -40.257  -32.192  35.444 0.0000000000
53734  -39.194  -33.302  34.225 0.0000000000
53751  -39.370  -33.416  32.733 0.0000000000
53771  -39.261  -33.293  30.908 0.0000000000
53757  -36.096  -34.123  31.016 0.0000000000
53769  -37.631  -33.802  30.469 0.0000000000
53783  -38.107  -33.186  29.019 0.0000000000
54653  -37.628  -32.472  27.621 0.0000000000
54662  -36.585  -32.144  26.504 0.0000000000
41238  -17.398  -46.782  40.900 0.0000000000
130262  -19.078  -47.127  43.034 0.0000000000
41254  -18.937  -46.430  40.737 0.0000000000
42252  -20.715  -45.793  41.141 0.0000000000
42274  -21.384  -45.161  40.588 0.0000000000
43326  -19.488  -44.584  37.861 0.0000000000
43286  -21.456  -44.481  39.507 0.0000000000
43269  -22.575  -44.491  40.519 0.0000000000
149199  -23.694  -44.450  40.390 0.0000000000
43271  -24.283  -44.849  40.429 0.0000000000
41266  -25.543  -46.252  39.695 0.0000000000
45356  -30.423  -42.294  31.103 0.0000000000
127001  -31.251  -42.645  31.965 0.0000000000
47336  -32.790  -40.967  30.214 0.0000000000
46296  -32.818  -42.335  31.338 0.0000000000
45297  -33.306  -42.608  33.199 0.0000000000
46260  -34.165  -42.171  34.651 0.0000000000
47285  -35.038  -40.974  36.732 0.0000000000
47270  -35.335  -40.092  38.006 0.0000000000
48225  -35.167  -39.072  39.347 0.0000000000
49104  -35.476  -38.530  37.958 0.0000000000
50034  -35.392  -37.682  37.455 0.0000000000
144979  -35.328  -36.164  37.259 0.0000000000
51078  -34.371  -36.754  34.225 0.0000000000
52002  -35.200  -35.839  35.709 0.0000000000
52880  -35.739  -34.828  37.001 0.0000000000
53713  -36.523  -33.809  36.809 0.0000000000
42322  -15.293  -45.499  38.585 0.0000000000
59680  -45.326  -27.422  30.165 0.0000000000
59695  -45.956  -27.379  29.798 0.0000000000
59713  -46.965  -27.607  29.158 0.0000000000
59715  -48.704  -27.615  28.930 0.0000000000
57746  -45.652  -29.601  26.591 0.0000000000
130810  -47.650  -28.475  27.467 0.0000000000
64194  -48.815  -22.635  16.813 0.0000000000
63296  -49.636  -23.581  18.321 0.0000000000
64187  -50.705  -22.421  18.002 0.0000000000
64180  -51.688  -22.690  19.826 0.0000000000
64170  -53.190  -22.448  21.113 0.0000000000
66165  -52.601  -20.740  18.398 0.0000000000
65190  -53.279  -21.338  20.144 0.0000000000
58896  -39.646  -28.486  18.475 0.0000000000
124754  -41.734  -28.749  19.594 0.0000000000
59841  -40.933  -27.712  18.051 0.0000000000
59861  -41.930  -27.107  17.584 0.0000000000
60694  -42.904  -26.856  17.249 0.0000000000
61518  -44.530  -26.306  16.693 0.0000000000
61535  -45.087  -25.611  16.151 0.0000000000
62401  -46.480  -24.566  15.810 0.0000000000
63321  -46.676  -23.639  15.771 0.0000000000
64205  -47.741  -22.377  16.461 0.0000000000
134541  -48.269  -21.074  16.463 0.0000000000
66189  -48.450  -20.489  16.364 0.0000000000
67089  -49.403  -19.553  16.490 0.0000000000
68018  -47.187  -17.995  15.053 0.0000000000
68009  -48.398  -18.364  15.773 0.0000000000
67994  -49.621  -18.669  16.411 0.0000000000
68907  -50.668  -17.657  16.209 0.0000000000
68918  -50.981  -16.958  15.760 0.0000000000
70741  -51.745  -15.511  15.149 0.0000000000
70749  -52.237  -14.957  14.935 0.0000000000
70748  -51.623  -15.584  14.607 0.0000000000
70773  -51.275  -16.126  12.654 0.0000000000
147791  -50.815  -16.098  11.941 0.0000000000
70787  -50.748  -15.464  10.817 0.0000000000
39125  -8.972  -48.659  45.673 0.0000000000
39124  -7.965  -48.981  46.921 0.0000000000
38112  -7.487  -49.645  47.344 0.0000000000
39091  -6.843  -48.884  51.793 0.0000000000
132497  -6.335  -49.532  49.254 0.0000000000
38110  -6.077  -50.529  48.034 0.0000000000
37045  -5.260  -50.759  48.443 0.0000000000
37043  -3.763  -51.382  49.093 0.0000000000
126917  -2.853  -51.354  48.578 0.0000000000
34116  -2.836  -52.783  49.184 0.0000000000
59657  -44.792  -27.300  32.385 0.0000000000
57650  -42.058  -29.371  34.405 0.0000000000
56703  -41.019  -30.598  31.266 0.0000000000
57670  -41.140  -29.051  32.619 0.0000000000
59654  -42.266  -27.897  32.730 0.0000000000
125100  -43.047  -27.611  32.255 0.0000000000
125390  -44.153  -27.560  30.980 0.0000000000
59693  -43.495  -27.940  29.738 0.0000000000
58714  -42.658  -28.569  28.711 0.0000000000
58728  -42.169  -29.495  27.636 0.0000000000
59739  -40.380  -28.171  27.054 0.0000000000
58745  -40.710  -28.611  26.453 0.0000000000
148293  -41.695  -29.632  25.924 0.0000000000
57780  -40.999  -29.552  24.149 0.0000000000
134848  -40.674  -29.655  22.622 0.0000000000
57878  -39.510  -29.581  20.722 0.0000000000
144237  -34.538  -30.001  23.422 0.0000000000
57800  -35.215  -28.915  23.816 0.0000000000
58798  -35.527  -28.699  23.433 0.0000000000
124860  -35.964  -28.936  22.704 0.0000000000
57853  -36.966  -29.559  21.424 0.0000000000
57876  -37.254  -29.503  20.583 0.0000000000
57889  -38.469  -29.232  19.789 0.0000000000
58877  -39.066  -28.896  19.121 0.0000000000
42198  -24.544  -46.218  44.334 0.0000000000
44311  -21.936  -42.972  34.930 0.0000000000
44313  -23.310  -43.351  34.771 0.0000000000
44279  -23.237  -43.860  36.631 0.0000000000
43328  -24.287  -44.483  37.529 0.0000000000
42326  -25.511  -45.875  38.294 0.0000000000
41268  -27.105  -46.709  39.233 0.0000000000
45333  -27.809  -42.755  31.257 0.0000000000
44341  -27.761  -43.428  32.642 0.0000000000
134908  -28.097  -44.610  33.905 0.0000000000
44318  -30.258  -43.346  34.625 0.0000000000
43361  -29.231  -44.396  35.104 0.0000000000
43360  -28.428  -45.120  35.229 0.0000000000
143998  -27.805  -46.036  37.293 0.0000000000
42328  -27.740  -46.317  38.827 0.0000000000
42277  -28.036  -46.222  40.508 0.0000000000
42278  -28.772  -45.440  40.751 0.0000000000
43245  -29.692  -45.245  40.956 0.0000000000
39163  -8.961  -48.664  41.185 0.0000000000
40153  -9.741  -47.976  42.630 0.0000000000
41265  -11.105  -46.227  39.607 0.0000000000
41264  -10.279  -46.803  39.113 0.0000000000
41231  -10.705  -46.707  41.108 0.0000000000
146502  -10.531  -46.921  41.849 0.0000000000
40146  -10.450  -47.309  43.935 0.0000000000
41178  -11.467  -46.632  44.805 0.0000000000
125217  -14.508  -47.150  45.808 0.0000000000
58857  -43.485  -28.851  20.606 0.0000000000
58836  -45.299  -28.985  21.160 0.0000000000
57862  -46.692  -29.452  21.786 0.0000000000
59808  -46.857  -28.056  19.743 0.0000000000
57863  -48.211  -29.498  21.451 0.0000000000
126612  -48.969  -29.785  23.074 0.0000000000
57810  -50.393  -29.781  23.455 0.0000000000
63271  -49.937  -24.351  20.118 0.0000000000
61489  -50.915  -25.360  21.065 0.0000000000
59814  -52.685  -26.981  20.259 0.0000000000
71683  -53.290  -14.145  14.691 0.0000000000
72612  -54.269  -13.618  14.462 0.0000000000
73570  -55.444  -13.263  14.471 0.0000000000
71704  -53.746  -15.325  12.155 0.0000000000
72628  -55.454  -13.675  13.148 0.0000000000
73571  -56.295  -13.131  14.111 0.0000000000
73580  -57.690  -12.530  12.941 0.0000000000
73582  -59.475  -12.071  12.306 0.0000000000
71725  -56.656  -15.049  9.041 0.0000000000
72655  -58.539  -13.322  9.808 0.0000000000
73597  -59.883  -11.960  10.327 0.0000000000
74599  -61.589  -10.960  7.151 0.0000000000
52065  -32.092  -35.544  29.600 0.0000000000
52066  -32.446  -35.190  29.785 0.0000000000
136235  -31.747  -36.190  29.450 0.0000000000
146310  -41.146  -29.435  21.200 0.0000000000
57880  -41.356  -29.180  20.520 0.0000000000
69841  -53.424  -16.137  16.219 0.0000000000
132067  -53.247  -17.017  16.530 0.0000000000
142870  -54.185  -15.893  16.382 0.0000000000
70732  -53.631  -15.306  15.936 0.0000000000
39153  -9.326  -48.654  43.087 0.0000000000
56784  -35.919  -30.996  25.709 0.0000000000
141006  -36.548  -30.290  26.661 0.0000000000
57741  -35.936  -30.038  26.018 0.0000000000
57756  -36.087  -28.923  25.834 0.0000000000
41182  -18.797  -47.399  44.755 0.0000000000
41201  -18.299  -47.313  43.234 0.0000000000
41242  -26.258  -46.649  41.248 0.0000000000
139705  -27.313  -46.643  41.107 0.0000000000
47269  -34.761  -40.816  38.439 0.0000000000
47268  -34.040  -41.393  39.101 0.0000000000
47256  -33.794  -41.130  39.799 0.0000000000
48223  -34.295  -40.287  40.185 0.0000000000
41200  -17.370  -47.413  43.489 0.0000000000
63304  -48.025  -23.944  16.687 0.0000000000
62382  -48.302  -24.308  17.571 0.0000000000
63295  -49.001  -23.904  17.968 0.0000000000
52908  -36.156  -34.339  33.682 0.0000000000
53740  -36.845  -33.978  33.314 0.0000000000
145168  -34.256  -33.726  27.751 0.0000000000
53793  -35.416  -33.699  28.541 0.0000000000
42325  -18.128  -45.374  38.574 0.0000000000
43304  -17.598  -45.186  38.041 0.0000000000
44278  -21.335  -43.529  36.309 0.0000000000
128194  -22.099  -43.890  37.494 0.0000000000
128221  -22.669  -43.985  37.699 0.0000000000
44264  -22.647  -43.781  37.038 0.0000000000
49142  -33.993  -38.898  32.865 0.0000000000
48276  -34.038  -39.959  32.546 0.0000000000
48277  -34.528  -39.190  33.619 0.0000000000
138943  -34.679  -38.615  34.166 0.0000000000
128932  -34.943  -38.637  34.992 0.0000000000
49135  -34.517  -37.896  34.408 0.0000000000
52907  -35.676  -34.675  33.131 0.0000000000
43323  -16.563  -44.742  37.074 0.0000000000
43303  -16.798  -45.154  37.985 0.0000000000
126223  -42.866  -29.917  27.352 0.0000000000
140863  -44.523  -29.695  27.811 0.0000000000
142159  -43.827  -30.053  27.375 0.0000000000
127895  -47.402  -29.399  24.107 0.0000000000
57785  -47.094  -29.316  24.828 0.0000000000
57786  -48.478  -29.454  24.798 0.0000000000
57808  -48.688  -29.724  23.929 0.0000000000
67050  -55.427  -19.903  20.546 0.0000000000
69871  -49.046  -16.440  13.211 0.0000000000
37093  -7.170  -50.689  45.394 0.0000000000
37092  -6.392  -50.993  45.100 0.0000000000
37076  -5.884  -51.296  45.677 0.0000000000
40078  -8.542  -47.838  50.781 0.0000000000
40070  -8.678  -47.807  51.749 0.0000000000
36032  -4.383  -51.354  51.057 0.0000000000
34107  -4.542  -53.050  51.076 0.0000000000
128799  -39.931  -32.814  31.270 0.0000000000
54621  -40.587  -32.405  31.670 0.0000000000
54629  -40.452  -32.116  30.853 0.0000000000
59689  -39.658  -28.134  30.103 0.0000000000
59676  -40.947  -27.805  30.388 0.0000000000
59690  -40.370  -27.746  29.861 0.0000000000
126271  -40.803  -27.902  29.045 0.0000000000
58782  -38.348  -28.827  24.175 0.0000000000
57801  -38.563  -29.334  23.380 0.0000000000
57828  -37.891  -29.351  22.872 0.0000000000
43240  -22.261  -45.066  41.811 0.0000000000
42232  -22.373  -45.239  42.764 0.0000000000
43368  -26.384  -44.834  34.168 0.0000000000
43367  -25.541  -44.592  34.488 0.0000000000
43359  -26.129  -45.234  34.936 0.0000000000
42355  -26.042  -45.396  35.789 0.0000000000
42356  -26.757  -45.608  35.454 0.0000000000
148761  -30.219  -42.917  33.034 0.0000000000
145745  -30.760  -42.788  33.344 0.0000000000
44256  -30.534  -43.406  38.415 0.0000000000
146387  -30.083  -43.620  37.983 0.0000000000
44255  -30.058  -43.840  38.803 0.0000000000
45221  -30.538  -43.677  40.044 0.0000000000
140947  -35.717  -35.576  38.696 0.0000000000
41196  -13.728  -46.666  43.687 0.0000000000
60674  -44.165  -27.142  18.144 0.0000000000
144898  -44.545  -27.701  19.090 0.0000000000
144794  -45.055  -27.288  18.944 0.0000000000
59812  -50.775  -27.644  20.206 0.0000000000
58863  -50.459  -28.540  20.378 0.0000000000
58864  -51.414  -28.232  20.374 0.0000000000
58840  -52.033  -28.562  20.959 0.0000000000
145853  -52.617  -28.171  20.955 0.0000000000
64156  -53.056  -23.132  21.255 0.0000000000
63255  -52.632  -23.737  21.272 0.0000000000
70774  -52.753  -15.688  12.703 0.0000000000
70783  -52.361  -15.835  11.629 0.0000000000
71716  -56.285  -14.995  10.171 0.0000000000
73629  -58.629  -13.306  6.673 0.0000000000
73614  -59.686  -11.940  7.772 0.0000000000
74592  -60.496  -11.006  7.937 0.0000000000
137115  -34.278  -34.941  30.944 0.0000000000
52926  -33.531  -34.935  30.397 0.0000000000
136920  -32.601  -34.639  29.407 0.0000000000
52938  -33.303  -34.396  29.645 0.0000000000
52948  -33.074  -34.110  28.912 0.0000000000
49185  -31.655  -37.992  29.181 0.0000000000
50149  -32.695  -37.505  30.542 0.0000000000
49175  -32.306  -37.878  29.740 0.0000000000
49164  -32.993  -38.037  31.128 0.0000000000
50119  -33.520  -37.126  32.603 0.0000000000
50118  -33.338  -36.963  31.895 0.0000000000
141982  -33.356  -35.447  30.750 0.0000000000
129993  -33.510  -35.815  31.381 0.0000000000
52038  -34.288  -35.475  32.268 0.0000000000
144576  -42.452  -29.525  24.078 0.0000000000
57781  -42.822  -29.718  24.719 0.0000000000
57833  -43.641  -28.987  22.600 0.0000000000
57804  -43.884  -29.008  23.195 0.0000000000
57806  -45.552  -29.157  23.332 0.0000000000
57835  -45.237  -29.046  22.561 0.0000000000
67092  -51.985  -19.080  16.670 0.0000000000
67997  -52.173  -18.162  16.605 0.0000000000
67984  -54.429  -18.133  17.640 0.0000000000
67976  -54.981  -18.500  18.446 0.0000000000
67977  -55.929  -17.901  19.330 0.0000000000
71665  -55.789  -13.845  16.433 0.0000000000
72592  -56.045  -13.401  15.946 0.0000000000
39145  -8.788  -49.206  43.615 0.0000000000
38157  -8.149  -49.924  43.219 0.0000000000
38145  -8.276  -49.760  44.205 0.0000000000
38144  -7.717  -50.250  44.784 0.0000000000
147011  -38.454  -31.477  28.302 0.0000000000
57717  -37.608  -29.717  28.208 0.0000000000
58710  -37.812  -28.824  28.118 0.0000000000
58725  -38.310  -28.223  27.727 0.0000000000
58724  -37.708  -28.572  27.340 0.0000000000
142547  -36.437  -28.276  25.505 0.0000000000
135044  -36.938  -28.154  24.994 0.0000000000
42254  -24.153  -45.275  41.933 0.0000000000
43243  -23.897  -45.169  42.661 0.0000000000
42233  -24.561  -45.448  42.852 0.0000000000
42223  -26.870  -46.715  43.675 0.0000000000
42222  -25.691  -45.948  43.751 0.0000000000
139220  -28.755  -46.661  42.572 0.0000000000
42226  -28.934  -46.863  42.694 0.0000000000
145534  -25.807  -43.155  32.050 0.0000000000
44330  -26.299  -43.737  33.034 0.0000000000
136829  -26.978  -43.455  32.633 0.0000000000
45259  -33.584  -42.655  35.318 0.0000000000
45258  -32.604  -42.844  35.795 0.0000000000
45248  -33.307  -42.594  36.136 0.0000000000
46222  -32.626  -42.286  38.848 0.0000000000
45240  -32.324  -42.538  37.355 0.0000000000
46231  -32.129  -42.533  38.289 0.0000000000
45232  -31.524  -42.823  38.580 0.0000000000
46221  -31.970  -42.555  39.076 0.0000000000
46212  -31.826  -42.553  39.629 0.0000000000
47221  -33.306  -41.807  41.308 0.0000000000
129603  -14.911  -46.083  40.178 0.0000000000
42294  -14.305  -45.707  39.631 0.0000000000
127602  -15.176  -46.878  42.195 0.0000000000
125348  -15.936  -47.358  44.003 0.0000000000
125241  -17.909  -47.575  44.953 0.0000000000
125388  -16.967  -47.597  45.064 0.0000000000
128488  -46.277  -25.673  17.254 0.0000000000
61505  -46.612  -25.851  18.168 0.0000000000
145203  -48.637  -25.051  19.657 0.0000000000
61500  -48.207  -25.757  19.688 0.0000000000
146830  -48.863  -25.600  20.242 0.0000000000
60654  -49.623  -26.182  20.537 0.0000000000
61488  -50.256  -25.390  20.868 0.0000000000
73648  -57.613  -12.936  5.342 0.0000000000
73650  -59.500  -11.679  6.097 0.0000000000
74611  -59.159  -11.739  4.994 0.0000000000
40119  -10.315  -47.055  46.196 0.0000000000
40080  -10.353  -47.927  50.600 0.0000000000
53726  -38.367  -33.326  35.519 0.0000000000
54594  -39.072  -32.986  35.130 0.0000000000
148185  -38.554  -33.368  34.778 0.0000000000
53750  -38.474  -33.870  32.498 0.0000000000
53742  -38.811  -33.627  33.415 0.0000000000
53761  -39.304  -33.435  31.828 0.0000000000
53760  -38.550  -33.800  31.469 0.0000000000
52928  -35.512  -34.252  30.716 0.0000000000
53767  -35.879  -33.863  30.216 0.0000000000
53794  -36.340  -33.535  28.695 0.0000000000
53782  -36.518  -33.656  29.540 0.0000000000
129578  -37.440  -33.580  29.656 0.0000000000
53784  -38.314  -33.378  29.819 0.0000000000
54644  -37.843  -32.863  28.302 0.0000000000
54643  -37.085  -33.186  28.019 0.0000000000
54652  -36.848  -32.762  27.277 0.0000000000
41239  -18.302  -46.816  41.313 0.0000000000
41253  -18.163  -46.561  40.566 0.0000000000
42299  -19.220  -45.580  39.419 0.0000000000
42272  -19.562  -45.899  40.136 0.0000000000
42273  -20.503  -45.490  40.349 0.0000000000
43267  -21.137  -44.672  39.943 0.0000000000
43327  -20.246  -44.322  37.670 0.0000000000
44240  -21.901  -44.322  38.885 0.0000000000
43306  -21.155  -44.375  38.654 0.0000000000
126357  -21.923  -44.462  40.126 0.0000000000
43287  -22.628  -44.341  40.061 0.0000000000
43270  -23.246  -44.419  40.637 0.0000000000
43289  -24.027  -44.577  39.525 0.0000000000
42301  -24.790  -45.454  39.648 0.0000000000
143205  -30.585  -41.786  29.542 0.0000000000
46310  -30.469  -41.954  30.281 0.0000000000
142692  -31.027  -42.392  31.377 0.0000000000
45337  -31.820  -42.414  31.306 0.0000000000
149202  -32.640  -39.491  29.259 0.0000000000
47335  -32.507  -40.617  29.356 0.0000000000
47326  -33.366  -40.179  30.666 0.0000000000
47320  -33.933  -40.904  32.172 0.0000000000
46297  -33.523  -41.701  31.708 0.0000000000
141448  -33.131  -42.524  32.223 0.0000000000
46268  -33.996  -42.011  33.638 0.0000000000
45277  -33.422  -42.662  34.231 0.0000000000
47297  -34.993  -40.807  35.694 0.0000000000
47277  -35.123  -40.666  37.569 0.0000000000
47286  -35.428  -40.136  37.153 0.0000000000
48241  -35.478  -39.357  37.580 0.0000000000
48252  -35.465  -39.329  36.760 0.0000000000
50052  -35.364  -37.806  36.611 0.0000000000
130640  -35.305  -36.843  36.788 0.0000000000
51043  -35.174  -36.746  37.804 0.0000000000
130963  -33.980  -36.877  33.688 0.0000000000
52897  -35.530  -34.958  34.853 0.0000000000
52010  -35.418  -35.147  35.647 0.0000000000
52003  -35.456  -35.251  36.383 0.0000000000
144045  -35.697  -34.659  36.307 0.0000000000
53712  -36.060  -34.290  36.894 0.0000000000
53723  -36.077  -34.183  36.208 0.0000000000
131270  -36.833  -33.796  35.019 0.0000000000
53724  -36.663  -33.796  36.007 0.0000000000
53725  -37.495  -33.567  35.758 0.0000000000
147412  -16.999  -46.491  40.378 0.0000000000
129012  -45.401  -27.685  29.333 0.0000000000
58715  -46.500  -27.994  28.570 0.0000000000
59712  -46.188  -27.579  29.218 0.0000000000
59714  -47.824  -27.725  29.061 0.0000000000
58716  -47.388  -28.038  28.346 0.0000000000
57760  -44.929  -29.809  25.851 0.0000000000
57761  -45.849  -29.517  25.520 0.0000000000
58764  -48.115  -29.014  26.235 0.0000000000
57748  -47.491  -29.067  26.513 0.0000000000
58747  -48.267  -28.527  26.823 0.0000000000
128061  -48.459  -28.097  27.547 0.0000000000
58732  -49.139  -27.904  27.421 0.0000000000
58749  -49.541  -27.903  27.027 0.0000000000
58750  -50.796  -28.019  26.480 0.0000000000
64195  -49.843  -22.571  17.123 0.0000000000
65194  -51.986  -21.499  18.716 0.0000000000
64188  -51.524  -22.247  18.889 0.0000000000
65189  -52.124  -22.011  19.588 0.0000000000
64181  -52.221  -22.513  20.224 0.0000000000
65178  -52.800  -22.007  20.346 0.0000000000
67066  -52.913  -19.964  17.752 0.0000000000
66166  -53.260  -20.138  18.569 0.0000000000
66146  -53.968  -20.967  20.441 0.0000000000
34122  -2.378  -52.901  48.583 0.0000000000
149061  -1.729  -52.013  48.009 0.0000000000
35116  -1.970  -52.646  47.848 0.0000000000
60693  -41.244  -26.839  17.104 0.0000000000
130929  -42.022  -26.573  16.826 0.0000000000
141976  -43.583  -26.368  16.548 0.0000000000
133637  -44.117  -25.636  16.056 0.0000000000
143208  -45.156  -24.266  15.261 0.0000000000
63320  -45.840  -23.956  15.486 0.0000000000
64203  -45.808  -22.917  15.754 0.0000000000
139999  -46.083  -22.028  16.095 0.0000000000
146108  -46.906  -21.938  16.303 0.0000000000
126256  -47.517  -21.370  16.359 0.0000000000
67087  -47.734  -19.978  15.949 0.0000000000
67088  -48.642  -19.741  16.227 0.0000000000
68915  -48.704  -17.682  15.521 0.0000000000
68914  -48.046  -17.868  15.175 0.0000000000
68010  -49.100  -18.027  16.061 0.0000000000
68906  -49.835  -17.769  16.204 0.0000000000
69861  -50.111  -16.389  14.504 0.0000000000
69849  -50.562  -16.589  15.212 0.0000000000
69850  -51.321  -16.213  15.394 0.0000000000
133583  -50.780  -15.993  14.153 0.0000000000
69888  -49.568  -16.287  12.663 0.0000000000
70759  -50.713  -16.136  13.352 0.0000000000
70772  -50.314  -16.215  12.460 0.0000000000
37075  -5.146  -51.243  45.753 0.0000000000
137661  -9.670  -47.658  46.824 0.0000000000
39126  -9.586  -47.999  45.700 0.0000000000
40107  -9.080  -47.967  47.132 0.0000000000
39109  -8.202  -48.320  48.133 0.0000000000
39115  -8.442  -48.408  47.434 0.0000000000
39114  -7.817  -48.856  47.767 0.0000000000
38107  -7.203  -49.344  48.157 0.0000000000
39092  -7.520  -48.227  52.053 0.0000000000
38092  -5.494  -49.835  50.655 0.0000000000
136461  -6.063  -49.325  50.702 0.0000000000
38099  -5.883  -49.609  49.897 0.0000000000
38106  -6.551  -49.849  48.523 0.0000000000
38105  -5.744  -50.084  48.988 0.0000000000
38104  -5.124  -50.568  49.223 0.0000000000
37031  -4.227  -51.727  49.582 0.0000000000
37042  -3.191  -51.751  49.032 0.0000000000
36042  -2.793  -52.210  49.124 0.0000000000
35108  -3.250  -52.624  49.561 0.0000000000
59649  -44.440  -27.725  33.583 0.0000000000
134275  -44.905  -27.462  32.949 0.0000000000
54601  -39.896  -32.688  34.730 0.0000000000
55626  -41.135  -31.698  35.421 0.0000000000
54602  -40.745  -32.181  34.766 0.0000000000
55643  -41.507  -31.427  33.011 0.0000000000
55636  -41.523  -31.405  33.806 0.0000000000
56680  -41.688  -30.625  33.401 0.0000000000
125561  -41.807  -29.789  33.750 0.0000000000
55671  -40.561  -31.199  30.698 0.0000000000
56723  -40.287  -30.264  30.791 0.0000000000
59661  -40.487  -28.589  31.618 0.0000000000
57669  -40.497  -29.063  31.993 0.0000000000
58682  -41.501  -28.484  32.764 0.0000000000
58676  -42.166  -28.319  33.547 0.0000000000
59662  -41.301  -28.195  31.899 0.0000000000
59663  -42.317  -27.834  31.686 0.0000000000
59664  -43.429  -27.609  31.463 0.0000000000
59678  -43.442  -27.781  30.479 0.0000000000
144309  -42.601  -27.913  29.906 0.0000000000
58713  -41.838  -28.409  28.614 0.0000000000
59709  -42.495  -28.062  29.262 0.0000000000
146660  -41.999  -28.973  28.107 0.0000000000
58727  -41.574  -29.195  27.496 0.0000000000
59738  -39.396  -28.124  27.022 0.0000000000
59724  -39.981  -27.792  27.702 0.0000000000
58763  -40.397  -28.913  25.657 0.0000000000
142164  -41.053  -29.024  25.955 0.0000000000
57757  -40.991  -29.385  25.175 0.0000000000
57803  -40.065  -29.623  24.092 0.0000000000
131875  -38.855  -29.671  22.443 0.0000000000
132554  -39.778  -29.703  22.338 0.0000000000
57856  -39.757  -29.647  21.449 0.0000000000
57776  -34.912  -29.537  24.005 0.0000000000
57799  -34.689  -29.134  23.345 0.0000000000
148248  -35.170  -28.652  22.821 0.0000000000
58833  -35.286  -28.826  22.075 0.0000000000
136163  -35.551  -28.964  21.129 0.0000000000
138627  -36.401  -29.337  20.809 0.0000000000
41221  -19.703  -46.711  42.421 0.0000000000
41202  -19.909  -46.893  43.472 0.0000000000
128233  -20.503  -46.427  42.922 0.0000000000
42206  -22.225  -45.938  43.683 0.0000000000
43226  -24.642  -45.665  43.728 0.0000000000
43225  -23.851  -45.563  43.586 0.0000000000
42209  -24.198  -45.822  43.813 0.0000000000
44296  -24.038  -43.848  35.287 0.0000000000
44280  -24.029  -44.050  36.197 0.0000000000
44266  -23.747  -44.162  37.104 0.0000000000
134503  -24.362  -44.392  36.772 0.0000000000
42343  -26.458  -46.089  37.041 0.0000000000
42342  -25.682  -45.733  37.403 0.0000000000
42327  -26.368  -46.293  37.875 0.0000000000
41284  -26.166  -46.502  38.864 0.0000000000
41285  -27.054  -46.587  38.335 0.0000000000
131967  -29.049  -43.633  33.383 0.0000000000
44342  -28.667  -43.358  32.751 0.0000000000
44332  -28.199  -43.905  33.305 0.0000000000
44316  -28.984  -44.101  34.063 0.0000000000
45256  -31.154  -43.085  35.808 0.0000000000
44298  -30.577  -43.387  35.729 0.0000000000
43347  -29.606  -44.294  36.809 0.0000000000
135102  -29.548  -44.197  35.931 0.0000000000
142923  -28.891  -44.855  36.145 0.0000000000
42353  -28.068  -45.653  35.947 0.0000000000
42345  -28.306  -45.613  36.807 0.0000000000
42329  -28.407  -45.613  38.614 0.0000000000
145220  -28.349  -45.763  39.292 0.0000000000
42302  -27.856  -46.338  39.646 0.0000000000
42303  -28.580  -45.605  40.009 0.0000000000
43291  -29.301  -44.882  40.251 0.0000000000
44224  -30.119  -44.047  40.163 0.0000000000
43259  -29.676  -44.603  40.347 0.0000000000
46188  -31.442  -42.941  40.396 0.0000000000
45207  -31.245  -43.362  40.599 0.0000000000
50005  -35.373  -38.097  39.246 0.0000000000
40160  -9.607  -48.035  41.688 0.0000000000
42293  -13.373  -45.583  39.845 0.0000000000
42292  -12.437  -45.553  39.533 0.0000000000
42291  -11.800  -45.781  40.055 0.0000000000
41248  -10.616  -46.800  40.077 0.0000000000
41213  -11.241  -46.394  42.696 0.0000000000
126007  -10.664  -46.802  42.549 0.0000000000
41212  -10.884  -46.747  43.405 0.0000000000
41193  -10.875  -46.826  44.338 0.0000000000
41194  -11.528  -46.600  43.988 0.0000000000
144534  -15.254  -47.299  45.324 0.0000000000
125215  -14.526  -46.991  44.920 0.0000000000
41144  -15.233  -47.324  46.286 0.0000000000
59669  -47.608  -27.758  30.910 0.0000000000
135396  -42.569  -28.450  19.211 0.0000000000
58880  -42.757  -28.748  19.963 0.0000000000
58859  -45.113  -28.504  19.909 0.0000000000
144816  -44.941  -28.819  20.581 0.0000000000
58837  -46.143  -29.175  20.996 0.0000000000
57861  -45.733  -29.153  21.843 0.0000000000
142991  -47.064  -27.150  19.615 0.0000000000
147704  -46.475  -27.557  19.606 0.0000000000
134688  -47.711  -27.957  19.613 0.0000000000
57865  -49.831  -29.450  21.425 0.0000000000
57884  -48.761  -29.204  20.723 0.0000000000
57864  -49.010  -29.483  21.537 0.0000000000
57838  -48.519  -29.675  22.290 0.0000000000
57839  -49.415  -29.666  22.285 0.0000000000
129618  -49.749  -29.778  22.980 0.0000000000
58802  -52.792  -28.714  23.410 0.0000000000
58801  -51.968  -29.266  23.840 0.0000000000
58786  -53.433  -28.166  24.115 0.0000000000
63288  -50.476  -23.636  19.763 0.0000000000
63287  -49.755  -23.833  19.224 0.0000000000
61490  -52.340  -24.964  20.972 0.0000000000
61474  -51.457  -24.852  21.276 0.0000000000
126448  -51.721  -25.593  20.782 0.0000000000
60657  -52.713  -26.013  20.285 0.0000000000
71672  -52.793  -14.489  14.995 0.0000000000
71682  -52.804  -14.516  14.613 0.0000000000
70762  -53.633  -14.140  13.826 0.0000000000
72618  -53.706  -13.902  14.382 0.0000000000
72619  -54.137  -13.662  14.071 0.0000000000
133279  -54.729  -13.417  14.281 0.0000000000
72627  -54.677  -13.617  13.735 0.0000000000
131020  -53.511  -15.402  11.189 0.0000000000
72637  -55.742  -14.244  11.992 0.0000000000
71698  -54.813  -14.376  12.788 0.0000000000
72621  -56.045  -13.347  13.482 0.0000000000
73579  -56.781  -12.948  13.211 0.0000000000
72630  -57.078  -12.965  12.231 0.0000000000
73589  -58.005  -12.601  12.020 0.0000000000
73590  -58.878  -12.184  11.766 0.0000000000
135234  -59.629  -12.017  11.416 0.0000000000
72684  -57.803  -14.370  7.583 0.0000000000
71737  -57.258  -14.819  8.310 0.0000000000
71736  -56.560  -14.944  8.166 0.0000000000
71726  -57.467  -14.736  9.036 0.0000000000
72654  -58.009  -14.157  9.450 0.0000000000
131461  -58.569  -13.561  8.961 0.0000000000
73603  -59.625  -11.987  9.416 0.0000000000
134684  -60.170  -11.908  11.045 0.0000000000
74574  -60.606  -11.857  9.944 0.0000000000
75565  -61.037  -10.178  6.597 0.0000000000
75552  -61.178  -10.567  7.155 0.0000000000
52053  -32.910  -35.283  30.229 0.0000000000
131160  -31.132  -37.592  28.936 0.0000000000
50148  -32.285  -36.874  29.959 0.0000000000
51133  -32.825  -36.610  30.601 0.0000000000
51120  -33.268  -36.436  31.324 0.0000000000
57832  -42.483  -29.427  23.300 0.0000000000
135708  -42.306  -29.414  22.512 0.0000000000
57859  -42.444  -29.264  21.712 0.0000000000
58835  -43.267  -28.978  21.485 0.0000000000
68909  -52.367  -17.257  16.398 0.0000000000
69843  -54.973  -16.067  16.847 0.0000000000
70733  -55.506  -15.453  17.125 0.0000000000
124706  -55.603  -14.645  16.888 0.0000000000
71664  -54.786  -14.093  16.099 0.0000000000
71674  -54.186  -13.856  15.250 0.0000000000
39157  -8.573  -49.094  41.661 0.0000000000
39139  -8.841  -48.927  44.625 0.0000000000
131365  -37.382  -31.042  27.345 0.0000000000
56760  -37.887  -30.771  27.857 0.0000000000
146337  -36.927  -30.463  27.153 0.0000000000
57727  -36.906  -29.701  27.111 0.0000000000
58723  -37.127  -28.902  26.879 0.0000000000
58759  -35.745  -28.580  25.155 0.0000000000
42255  -24.983  -45.656  42.071 0.0000000000
41223  -25.789  -46.402  42.095 0.0000000000
41205  -27.227  -46.683  42.861 0.0000000000
42224  -28.039  -46.684  42.885 0.0000000000
42236  -28.817  -46.238  41.939 0.0000000000
46242  -34.317  -41.784  36.870 0.0000000000
46240  -33.347  -42.263  36.970 0.0000000000
46233  -33.761  -41.788  37.764 0.0000000000
46223  -33.369  -41.838  38.626 0.0000000000
47255  -33.198  -41.689  39.847 0.0000000000
150106  -33.286  -41.635  40.254 0.0000000000
41217  -16.057  -47.065  42.448 0.0000000000
41199  -16.382  -47.332  43.329 0.0000000000
41181  -17.399  -47.540  44.344 0.0000000000
62380  -46.802  -25.166  16.493 0.0000000000
61506  -47.337  -25.623  18.453 0.0000000000
62370  -47.786  -24.963  18.048 0.0000000000
62353  -49.332  -24.983  20.284 0.0000000000
142941  -37.367  -33.806  34.160 0.0000000000
135615  -38.288  -33.612  34.145 0.0000000000
136286  -37.460  -33.963  32.708 0.0000000000
53780  -34.728  -33.895  29.263 0.0000000000
53808  -36.173  -33.412  27.810 0.0000000000
139334  -17.655  -45.765  39.144 0.0000000000
42298  -18.340  -45.768  39.314 0.0000000000
43283  -18.829  -45.295  38.899 0.0000000000
124998  -20.522  -44.100  37.045 0.0000000000
44251  -21.602  -44.084  38.047 0.0000000000
44241  -22.721  -44.238  39.142 0.0000000000
44253  -23.037  -44.147  38.245 0.0000000000
43308  -24.133  -44.531  38.442 0.0000000000
48294  -33.581  -39.517  31.342 0.0000000000
147126  -33.846  -40.021  31.882 0.0000000000
47311  -34.270  -40.923  33.127 0.0000000000
46269  -34.491  -41.296  34.182 0.0000000000
47312  -34.649  -40.257  33.851 0.0000000000
48260  -35.191  -39.811  35.311 0.0000000000
48261  -35.308  -39.081  35.915 0.0000000000
50071  -35.160  -37.997  35.754 0.0000000000
50070  -34.924  -37.150  35.366 0.0000000000
52030  -34.658  -35.700  33.070 0.0000000000
52020  -34.907  -35.774  33.921 0.0000000000
147877  -35.312  -35.307  34.243 0.0000000000
52898  -36.051  -34.323  34.698 0.0000000000
134571  -16.044  -45.361  38.329 0.0000000000
42323  -16.634  -45.571  38.666 0.0000000000
57719  -43.582  -28.925  28.627 0.0000000000
59711  -44.633  -28.345  28.879 0.0000000000
148662  -44.323  -29.213  28.386 0.0000000000
57731  -45.166  -29.000  28.312 0.0000000000
58730  -46.054  -28.736  28.127 0.0000000000
57783  -45.644  -29.409  24.644 0.0000000000
57763  -47.607  -29.301  25.653 0.0000000000
58765  -48.771  -28.659  26.281 0.0000000000
145917  -49.318  -28.244  26.595 0.0000000000
57765  -49.006  -29.192  25.483 0.0000000000
57766  -49.857  -29.226  25.260 0.0000000000
58783  -50.777  -29.166  25.043 0.0000000000
66171  -49.635  -20.978  16.857 0.0000000000
65200  -50.253  -21.758  16.988 0.0000000000
65201  -51.054  -21.516  17.369 0.0000000000
66164  -51.797  -21.135  17.737 0.0000000000
67068  -54.501  -19.221  18.735 0.0000000000
67059  -54.003  -19.919  19.077 0.0000000000
74548  -59.096  -12.263  14.197 0.0000000000
66187  -46.046  -20.568  15.711 0.0000000000
66188  -47.008  -20.587  16.101 0.0000000000
67102  -47.108  -19.191  15.792 0.0000000000
68928  -48.588  -17.214  14.786 0.0000000000
69860  -49.380  -16.778  14.693 0.0000000000
141245  -9.627  -47.525  48.382 0.0000000000
40097  -9.053  -47.714  49.027 0.0000000000
40086  -7.914  -48.214  49.484 0.0000000000
37011  -6.449  -50.210  52.064 0.0000000000
37014  -5.451  -50.553  51.773 0.0000000000
38091  -4.948  -50.441  50.500 0.0000000000
37022  -4.691  -50.784  50.836 0.0000000000
37021  -4.543  -51.340  50.511 0.0000000000
35102  -4.115  -52.571  50.018 0.0000000000
34110  -3.678  -52.928  49.847 0.0000000000
35103  -4.149  -52.656  50.683 0.0000000000
34111  -4.428  -53.191  50.281 0.0000000000
54611  -40.759  -32.550  33.390 0.0000000000
54603  -41.172  -32.164  34.042 0.0000000000
54617  -41.197  -32.106  32.745 0.0000000000
55650  -41.377  -31.513  32.240 0.0000000000
57709  -39.023  -29.453  29.949 0.0000000000
57681  -39.844  -29.494  30.984 0.0000000000
58695  -39.412  -28.904  30.643 0.0000000000
134791  -40.815  -28.156  31.109 0.0000000000
59692  -41.795  -27.815  30.093 0.0000000000
143870  -41.954  -27.859  29.533 0.0000000000
132566  -41.140  -28.268  28.494 0.0000000000
143219  -38.710  -28.373  25.462 0.0000000000
132037  -38.899  -28.723  24.753 0.0000000000
57778  -39.562  -29.133  24.602 0.0000000000
57829  -39.242  -29.682  23.105 0.0000000000
41222  -20.785  -46.039  42.151 0.0000000000
42217  -21.298  -45.971  43.004 0.0000000000
42218  -22.023  -45.575  43.239 0.0000000000
42207  -22.849  -45.718  43.756 0.0000000000
42200  -25.962  -46.608  44.361 0.0000000000
42199  -25.261  -46.469  44.490 0.0000000000
44328  -24.459  -43.661  33.534 0.0000000000
44315  -25.037  -43.985  34.074 0.0000000000
43366  -24.763  -44.205  34.885 0.0000000000
43345  -24.867  -44.435  36.199 0.0000000000
43346  -25.458  -45.009  36.176 0.0000000000
149595  -26.942  -46.184  36.821 0.0000000000
45335  -29.735  -42.541  31.607 0.0000000000
133857  -29.159  -42.908  32.179 0.0000000000
45317  -29.945  -42.750  32.413 0.0000000000
45245  -31.053  -43.130  37.144 0.0000000000
44282  -30.591  -43.469  36.722 0.0000000000
44267  -30.115  -43.816  37.238 0.0000000000
43311  -29.606  -44.355  39.111 0.0000000000
43292  -29.552  -44.435  39.910 0.0000000000
44231  -29.661  -44.210  40.330 0.0000000000
44232  -30.022  -44.082  40.137 0.0000000000
42266  -12.585  -45.668  40.388 0.0000000000
42248  -12.664  -45.802  41.107 0.0000000000
41232  -11.393  -46.079  41.439 0.0000000000
144121  -11.528  -46.119  42.146 0.0000000000
41214  -12.096  -46.232  42.761 0.0000000000
41133  -16.643  -47.452  47.004 0.0000000000
127592  -16.040  -47.399  46.417 0.0000000000
59824  -43.002  -28.012  18.757 0.0000000000
144614  -43.162  -28.378  19.303 0.0000000000
59825  -43.793  -27.924  19.088 0.0000000000
59807  -46.003  -28.139  19.730 0.0000000000
59810  -48.730  -27.823  19.736 0.0000000000
129207  -49.580  -28.264  20.113 0.0000000000
58838  -50.372  -29.187  20.883 0.0000000000
57866  -50.625  -29.444  21.526 0.0000000000
57840  -51.278  -29.520  22.073 0.0000000000
58814  -51.966  -29.057  21.782 0.0000000000
58815  -52.534  -28.851  22.410 0.0000000000
58816  -53.205  -28.238  22.494 0.0000000000
64168  -51.913  -23.061  20.602 0.0000000000
63272  -51.608  -23.726  21.020 0.0000000000
149161  -52.038  -23.968  21.345 0.0000000000
61475  -52.090  -24.310  21.327 0.0000000000
127493  -52.169  -15.740  13.330 0.0000000000
71707  -55.601  -14.911  10.944 0.0000000000
72638  -56.630  -13.734  11.649 0.0000000000
72646  -57.976  -13.755  10.443 0.0000000000
72701  -56.909  -13.878  6.248 0.0000000000
72702  -57.849  -13.891  6.606 0.0000000000
144366  -58.390  -13.760  7.257 0.0000000000
72685  -58.529  -13.709  8.057 0.0000000000
73607  -59.164  -12.569  8.553 0.0000000000
74587  -60.776  -11.090  8.537 0.0000000000
75576  -61.192  -10.068  5.916 0.0000000000
74613  -61.763  -10.805  5.810 0.0000000000
52915  -35.559  -34.494  32.273 0.0000000000
52927  -34.920  -34.564  30.868 0.0000000000
52939  -34.073  -34.193  29.858 0.0000000000
43325  -18.367  -44.861  37.714 0.0000000000
44276  -20.025  -43.983  36.273 0.0000000000
44277  -20.709  -43.671  36.331 0.0000000000
48309  -31.747  -39.288  28.444 0.0000000000
48300  -32.675  -38.762  29.846 0.0000000000
48293  -33.152  -38.909  30.695 0.0000000000
49165  -33.399  -38.574  31.562 0.0000000000
49153  -33.618  -38.427  32.249 0.0000000000
127647  -33.691  -37.904  32.813 0.0000000000
51090  -33.798  -36.675  33.054 0.0000000000
52029  -34.024  -36.040  32.701 0.0000000000
52914  -35.072  -35.122  32.634 0.0000000000
57744  -43.545  -30.172  26.627 0.0000000000
57759  -43.341  -29.974  25.592 0.0000000000
143128  -44.272  -29.804  25.253 0.0000000000
142267  -44.458  -29.532  24.549 0.0000000000
125184  -43.252  -29.387  23.831 0.0000000000
125183  -44.186  -29.305  23.913 0.0000000000
57782  -45.068  -29.250  24.088 0.0000000000
125774  -45.929  -29.244  24.045 0.0000000000
57807  -46.351  -29.327  23.398 0.0000000000
143573  -47.036  -29.455  23.517 0.0000000000
67091  -51.085  -19.273  16.576 0.0000000000
67073  -51.736  -19.954  16.803 0.0000000000
67075  -53.286  -19.281  17.386 0.0000000000
67983  -53.597  -18.498  17.180 0.0000000000
67967  -55.507  -18.750  19.452 0.0000000000
70724  -56.600  -14.340  17.382 0.0000000000
72603  -56.814  -13.127  15.874 0.0000000000
73553  -56.620  -12.925  15.179 0.0000000000
137990  -7.906  -49.879  42.450 0.0000000000
132007  -7.434  -50.312  42.900 0.0000000000
37078  -7.296  -50.473  46.135 0.0000000000
54638  -39.501  -32.225  29.656 0.0000000000
55670  -40.137  -31.739  30.083 0.0000000000
55685  -39.571  -31.356  29.539 0.0000000000
56745  -39.281  -30.425  29.742 0.0000000000
56761  -38.116  -30.320  28.702 0.0000000000
57708  -38.458  -29.887  29.441 0.0000000000
58701  -38.561  -28.887  29.401 0.0000000000
58712  -39.062  -28.155  29.111 0.0000000000
59707  -39.473  -27.781  28.456 0.0000000000
59737  -38.806  -28.114  27.367 0.0000000000
58742  -37.528  -28.359  26.533 0.0000000000
58761  -38.103  -28.184  26.012 0.0000000000
58781  -37.497  -28.486  24.286 0.0000000000
58800  -37.200  -28.836  23.569 0.0000000000
43242  -23.292  -45.050  42.390 0.0000000000
43231  -24.267  -45.428  43.321 0.0000000000
144669  -25.234  -45.721  43.878 0.0000000000
42234  -25.315  -45.975  42.949 0.0000000000
42201  -26.728  -47.125  44.807 0.0000000000
147260  -28.637  -46.831  43.276 0.0000000000
44338  -24.744  -43.466  32.725 0.0000000000
44329  -25.335  -43.825  33.261 0.0000000000
45276  -32.477  -42.786  33.872 0.0000000000
45275  -31.634  -42.877  34.484 0.0000000000
45257  -31.714  -42.975  35.417 0.0000000000
45246  -31.695  -42.897  36.514 0.0000000000
45238  -31.045  -43.113  38.040 0.0000000000
45231  -31.045  -43.088  38.914 0.0000000000
45222  -31.089  -43.181  39.699 0.0000000000
46199  -31.491  -42.773  39.935 0.0000000000
46189  -31.781  -42.736  40.738 0.0000000000
47220  -32.411  -42.350  40.600 0.0000000000
46190  -32.763  -42.254  40.856 0.0000000000
46179  -32.338  -42.637  41.170 0.0000000000
135004  -13.771  -45.423  39.107 0.0000000000
42268  -14.701  -46.294  40.815 0.0000000000
42250  -14.097  -46.207  41.306 0.0000000000
41215  -13.730  -46.540  42.903 0.0000000000
125412  -15.264  -47.199  44.400 0.0000000000
148115  -16.414  -47.506  45.386 0.0000000000
41145  -16.719  -47.494  45.997 0.0000000000
60696  -44.867  -26.591  17.775 0.0000000000
60675  -45.436  -26.692  18.649 0.0000000000
60676  -46.248  -26.339  18.830 0.0000000000
60666  -46.896  -26.491  19.335 0.0000000000
60667  -47.749  -26.456  19.557 0.0000000000
61499  -47.483  -25.911  19.241 0.0000000000
60653  -48.490  -26.205  20.043 0.0000000000
140717  -48.880  -26.658  20.109 0.0000000000
132175  -49.491  -27.295  20.125 0.0000000000
139039  -50.189  -26.967  20.279 0.0000000000
59813  -51.625  -27.220  20.195 0.0000000000
138551  -51.993  -15.569  10.852 0.0000000000
71713  -53.102  -15.169  10.237 0.0000000000
72715  -57.531  -13.553  5.922 0.0000000000
132528  -58.858  -12.740  6.184 0.0000000000
74598  -60.044  -11.227  7.119 0.0000000000
150355  -60.779  -10.099  6.093 0.0000000000
74626  -58.620  -11.617  4.230 0.0000000000
40139  -9.988  -47.797  44.437 0.0000000000
40118  -9.920  -47.434  46.130 0.0000000000
41116  -9.749  -47.488  49.215 0.0000000000
54595  -39.594  -32.590  35.539 0.0000000000
54610  -40.038  -32.994  33.848 0.0000000000
54615  -40.007  -32.912  33.012 0.0000000000
54620  -39.946  -32.889  32.170 0.0000000000
53747  -36.112  -34.096  31.918 0.0000000000
53758  -36.905  -34.043  31.331 0.0000000000
53768  -36.716  -33.845  30.373 0.0000000000
53759  -37.873  -34.000  31.138 0.0000000000
53770  -38.490  -33.600  30.624 0.0000000000
54627  -39.082  -32.995  30.079 0.0000000000
54637  -38.811  -32.718  29.312 0.0000000000
133832  -38.502  -32.444  28.573 0.0000000000
54645  -38.190  -32.220  27.969 0.0000000000
55701  -37.291  -31.896  27.123 0.0000000000
56773  -36.836  -31.164  26.845 0.0000000000
41220  -18.557  -47.002  42.312 0.0000000000
41240  -19.207  -46.642  41.542 0.0000000000
42251  -19.815  -46.154  40.909 0.0000000000
42253  -21.565  -45.383  41.448 0.0000000000
43268  -22.136  -44.807  40.754 0.0000000000
43284  -19.706  -44.920  38.780 0.0000000000
43305  -20.398  -44.463  38.350 0.0000000000
43285  -20.737  -44.664  39.138 0.0000000000
43256  -22.729  -44.723  41.163 0.0000000000
43257  -23.237  -44.770  41.462 0.0000000000
43258  -23.876  -44.590  41.072 0.0000000000
43288  -23.313  -44.321  39.824 0.0000000000
42276  -25.077  -45.723  40.451 0.0000000000
41255  -25.836  -46.486  40.481 0.0000000000
41267  -26.408  -46.675  39.803 0.0000000000
45355  -29.664  -42.240  30.717 0.0000000000
45336  -30.475  -42.561  31.854 0.0000000000
45319  -31.433  -42.717  32.760 0.0000000000
46330  -31.845  -41.399  29.330 0.0000000000
46311  -32.086  -41.617  29.925 0.0000000000
138264  -33.141  -41.359  30.927 0.0000000000
46312  -32.385  -41.958  30.624 0.0000000000
149333  -32.177  -42.699  32.036 0.0000000000
45296  -32.380  -42.754  32.922 0.0000000000
46252  -34.252  -42.133  35.452 0.0000000000
46261  -34.601  -41.500  35.131 0.0000000000
131466  -34.614  -41.670  36.000 0.0000000000
46234  -34.604  -41.279  37.621 0.0000000000
48232  -35.041  -39.974  38.900 0.0000000000
48224  -34.763  -39.849  39.688 0.0000000000
48233  -35.355  -39.285  38.414 0.0000000000
49091  -35.382  -38.547  38.685 0.0000000000
49113  -35.481  -38.559  37.141 0.0000000000
50020  -35.368  -37.661  38.423 0.0000000000
51042  -35.297  -36.708  38.670 0.0000000000
51053  -35.226  -35.928  38.090 0.0000000000
50101  -34.138  -37.344  34.022 0.0000000000
50085  -34.554  -37.227  34.680 0.0000000000
51071  -34.911  -36.531  34.982 0.0000000000
137678  -34.736  -36.237  34.307 0.0000000000
50051  -35.110  -36.540  35.873 0.0000000000
51061  -35.307  -35.977  36.540 0.0000000000
51996  -35.505  -35.507  37.167 0.0000000000
53701  -36.130  -34.573  37.555 0.0000000000
53714  -37.203  -33.497  36.668 0.0000000000
42295  -15.142  -45.811  39.399 0.0000000000
42296  -16.069  -45.793  39.178 0.0000000000
139685  -17.613  -46.978  41.939 0.0000000000
129289  -45.793  -27.275  30.990 0.0000000000
59696  -46.626  -27.341  29.978 0.0000000000
59697  -47.467  -27.471  29.833 0.0000000000
59698  -48.392  -27.539  29.762 0.0000000000
57745  -44.615  -30.036  26.867 0.0000000000
57733  -46.323  -29.179  27.337 0.0000000000
57747  -46.563  -29.364  26.459 0.0000000000
147547  -47.030  -28.993  27.177 0.0000000000
142774  -47.932  -28.104  27.917 0.0000000000
59728  -48.952  -27.755  28.078 0.0000000000
127789  -49.939  -28.126  26.524 0.0000000000
63306  -49.376  -23.262  17.503 0.0000000000
64186  -50.011  -23.049  17.891 0.0000000000
64179  -50.991  -22.940  19.248 0.0000000000
64169  -52.566  -22.771  20.831 0.0000000000
64157  -53.935  -22.595  21.554 0.0000000000
66174  -52.237  -20.443  17.336 0.0000000000
66158  -53.424  -20.679  19.435 0.0000000000
65179  -53.679  -21.722  21.042 0.0000000000
36046  -2.395  -51.657  48.564 0.0000000000
58878  -39.930  -28.818  19.248 0.0000000000
58855  -40.888  -29.031  20.054 0.0000000000
58879  -40.754  -28.732  19.362 0.0000000000
58898  -41.282  -28.204  18.713 0.0000000000
59842  -41.682  -27.596  18.161 0.0000000000
59843  -42.666  -27.507  18.107 0.0000000000
60673  -43.452  -27.210  17.878 0.0000000000
60695  -43.916  -26.775  17.376 0.0000000000
60710  -42.760  -26.304  16.502 0.0000000000
61519  -45.424  -26.008  17.000 0.0000000000
61536  -45.949  -25.482  16.370 0.0000000000
62399  -44.677  -24.894  15.535 0.0000000000
62400  -45.667  -24.908  15.668 0.0000000000
147759  -46.268  -25.104  16.000 0.0000000000
63303  -47.322  -24.318  16.140 0.0000000000
63322  -47.506  -23.344  16.185 0.0000000000
64204  -46.795  -22.732  16.088 0.0000000000
64193  -48.164  -23.134  16.653 0.0000000000
65215  -48.452  -21.703  16.576 0.0000000000
147239  -47.829  -20.700  16.236 0.0000000000
65216  -48.884  -21.050  16.671 0.0000000000
66190  -49.160  -20.349  16.583 0.0000000000
66191  -49.920  -20.221  16.740 0.0000000000
67090  -50.187  -19.392  16.615 0.0000000000
68007  -46.699  -18.673  15.319 0.0000000000
68008  -47.584  -18.521  15.566 0.0000000000
67993  -48.867  -18.898  16.212 0.0000000000
67995  -50.423  -18.497  16.483 0.0000000000
68917  -50.127  -17.079  15.779 0.0000000000
68908  -51.746  -16.613  15.959 0.0000000000
69851  -51.986  -15.745  15.642 0.0000000000
70742  -52.353  -15.065  15.301 0.0000000000
70760  -51.448  -15.796  13.823 0.0000000000
71710  -50.665  -14.685  10.506 0.0000000000
39140  -9.462  -48.218  44.970 0.0000000000
135356  -8.713  -48.565  46.619 0.0000000000
38120  -8.271  -49.261  46.122 0.0000000000
38119  -7.671  -49.803  46.524 0.0000000000
38118  -7.090  -50.389  46.839 0.0000000000
40067  -8.129  -47.942  52.110 0.0000000000
40068  -7.270  -48.248  51.415 0.0000000000
39098  -7.045  -48.452  50.514 0.0000000000
147656  -6.605  -49.379  51.824 0.0000000000
39101  -6.509  -48.955  49.974 0.0000000000
39107  -6.880  -49.073  48.995 0.0000000000
38111  -6.849  -50.185  47.697 0.0000000000
37060  -6.317  -50.763  47.084 0.0000000000
37059  -5.435  -50.882  47.418 0.0000000000
38097  -4.930  -50.727  49.774 0.0000000000
37044  -4.462  -50.936  49.026 0.0000000000
35112  -2.121  -52.235  48.618 0.0000000000
34123  -3.048  -53.470  48.622 0.0000000000
34117  -3.460  -53.288  49.253 0.0000000000
140680  -45.492  -27.426  32.317 0.0000000000
55619  -41.412  -31.135  36.286 0.0000000000
55635  -41.448  -31.508  34.618 0.0000000000
55660  -41.368  -30.890  31.845 0.0000000000
57682  -40.481  -29.688  31.409 0.0000000000
56704  -41.220  -29.972  32.036 0.0000000000
134841  -41.560  -29.838  32.968 0.0000000000
57659  -41.682  -28.949  33.536 0.0000000000
59647  -42.854  -27.873  33.608 0.0000000000
59655  -43.377  -27.649  32.964 0.0000000000
59656  -43.950  -27.353  32.351 0.0000000000
59665  -44.485  -27.334  31.694 0.0000000000
126621  -44.958  -27.389  30.984 0.0000000000
59679  -44.346  -27.643  30.280 0.0000000000
59710  -43.550  -28.254  29.187 0.0000000000
58729  -42.762  -29.335  28.129 0.0000000000
59725  -40.798  -28.220  27.833 0.0000000000
58726  -41.063  -28.559  27.243 0.0000000000
58744  -39.979  -28.384  26.266 0.0000000000
58746  -41.299  -29.161  26.693 0.0000000000
57729  -41.963  -29.688  26.966 0.0000000000
125096  -41.855  -29.619  24.760 0.0000000000
125185  -41.852  -29.534  23.851 0.0000000000
57831  -40.662  -29.653  23.445 0.0000000000
57857  -40.553  -29.598  21.694 0.0000000000
57879  -40.419  -29.448  20.717 0.0000000000
55724  -34.856  -31.044  24.190 0.0000000000
57777  -35.265  -29.116  24.608 0.0000000000
58797  -34.904  -28.684  23.120 0.0000000000
58779  -35.744  -28.509  24.274 0.0000000000
58799  -36.314  -28.750  23.543 0.0000000000
58813  -36.911  -29.206  22.837 0.0000000000
58834  -36.127  -29.251  21.716 0.0000000000
57826  -36.676  -29.411  22.160 0.0000000000
57827  -37.424  -29.594  22.092 0.0000000000
57854  -37.915  -29.683  21.214 0.0000000000
57875  -36.673  -29.292  19.951 0.0000000000
140523  -37.984  -29.450  20.393 0.0000000000
57877  -38.690  -29.560  20.571 0.0000000000
57890  -39.393  -29.305  19.938 0.0000000000
41203  -20.930  -46.430  43.507 0.0000000000
42220  -23.141  -45.435  43.539 0.0000000000
42208  -23.423  -45.750  43.758 0.0000000000
127489  -21.787  -43.305  35.756 0.0000000000
130523  -22.589  -43.573  36.192 0.0000000000
43329  -25.061  -44.964  36.913 0.0000000000
43309  -24.955  -45.043  37.906 0.0000000000
41283  -25.280  -45.983  39.028 0.0000000000
41257  -27.257  -46.694  40.123 0.0000000000
45315  -27.213  -43.091  31.987 0.0000000000
45316  -28.241  -43.056  32.004 0.0000000000
44331  -27.237  -43.826  33.095 0.0000000000
43375  -27.511  -44.349  33.520 0.0000000000
43369  -27.251  -44.847  34.002 0.0000000000
124551  -30.839  -42.924  34.141 0.0000000000
44317  -29.640  -43.776  34.610 0.0000000000
44297  -29.913  -43.807  35.368 0.0000000000
141866  -28.569  -44.696  34.545 0.0000000000
42357  -27.561  -45.501  35.286 0.0000000000
125537  -27.310  -45.807  35.912 0.0000000000
42352  -27.459  -45.994  36.629 0.0000000000
136105  -28.405  -45.594  37.718 0.0000000000
42344  -27.756  -46.217  38.007 0.0000000000
42256  -28.211  -46.123  41.201 0.0000000000
42257  -28.838  -45.671  41.275 0.0000000000
43244  -29.262  -45.388  41.085 0.0000000000
43272  -29.440  -44.861  40.501 0.0000000000
44225  -30.766  -43.775  40.502 0.0000000000
40176  -9.991  -47.224  39.740 0.0000000000
40168  -10.069  -47.315  40.477 0.0000000000
139476  -10.131  -47.356  42.207 0.0000000000
40154  -10.248  -47.261  43.059 0.0000000000
41177  -10.784  -46.803  45.149 0.0000000000
41132  -15.709  -47.254  47.116 0.0000000000
149644  -42.070  -28.991  20.429 0.0000000000
58856  -42.644  -29.003  20.903 0.0000000000
58881  -43.657  -28.558  19.758 0.0000000000
142587  -44.294  -28.892  21.296 0.0000000000
141980  -44.988  -28.990  21.855 0.0000000000
57837  -46.924  -29.566  22.782 0.0000000000
58860  -46.515  -28.740  20.238 0.0000000000
58862  -48.236  -28.735  19.973 0.0000000000
57883  -47.843  -29.266  20.674 0.0000000000
57882  -46.998  -29.262  20.805 0.0000000000
142995  -47.476  -29.472  21.367 0.0000000000
146066  -47.613  -29.630  22.154 0.0000000000
125824  -47.885  -29.665  23.250 0.0000000000
57809  -49.550  -29.792  23.724 0.0000000000
57788  -50.184  -29.630  24.376 0.0000000000
57789  -51.105  -29.586  24.129 0.0000000000
57811  -51.248  -29.707  23.122 0.0000000000
62371  -49.178  -23.998  18.782 0.0000000000
62363  -49.167  -24.399  19.526 0.0000000000
124948  -50.109  -24.952  20.843 0.0000000000
131206  -50.812  -24.235  20.778 0.0000000000
62354  -50.843  -24.904  21.222 0.0000000000
60656  -51.213  -26.208  20.471 0.0000000000
59815  -53.569  -27.100  20.592 0.0000000000
59794  -52.979  -27.637  20.658 0.0000000000
58841  -53.129  -27.975  21.453 0.0000000000
70743  -53.014  -14.736  15.393 0.0000000000
71673  -53.366  -14.139  15.037 0.0000000000
130116  -53.287  -14.175  14.371 0.0000000000
72600  -53.806  -13.871  14.711 0.0000000000
72601  -54.420  -13.530  14.876 0.0000000000
72613  -54.996  -13.272  14.764 0.0000000000
73552  -55.725  -13.151  14.849 0.0000000000
73563  -56.160  -13.090  14.667 0.0000000000
70784  -53.148  -15.631  11.923 0.0000000000
71697  -54.109  -14.786  12.949 0.0000000000
71705  -54.306  -15.114  11.705 0.0000000000
72620  -55.350  -13.348  13.966 0.0000000000
73564  -56.980  -12.768  14.619 0.0000000000
73572  -57.355  -12.623  13.851 0.0000000000
73573  -58.343  -12.304  13.628 0.0000000000
150888  -59.119  -12.176  13.503 0.0000000000
73581  -58.727  -12.212  12.754 0.0000000000
74556  -59.558  -12.082  13.092 0.0000000000
74557  -59.872  -12.078  12.706 0.0000000000
71717  -57.262  -14.591  9.822 0.0000000000
72647  -58.577  -12.904  10.481 0.0000000000
131854  -59.094  -12.432  10.070 0.0000000000
73596  -59.073  -12.247  10.894 0.0000000000
75551  -60.804  -10.543  7.246 0.0000000000
74594  -61.311  -10.845  7.700 0.0000000000
36036  -4.526  -52.012  50.204 0.0000000000
38078  -6.209  -49.613  52.011 0.0000000000
38083  -5.144  -50.145  51.121 0.0000000000
38084  -6.025  -49.522  51.512 0.0000000000
39088  -7.779  -48.565  52.115 0.0000000000
39097  -6.639  -48.918  51.030 0.0000000000
39102  -7.280  -48.520  49.670 0.0000000000
40069  -7.932  -47.818  51.707 0.0000000000
40087  -8.459  -47.893  49.756 0.0000000000
40089  -9.997  -47.641  49.975 0.0000000000
40117  -9.382  -48.072  46.368 0.0000000000
40132  -10.289  -47.058  45.569 0.0000000000
41170  -25.844  -47.146  44.704 0.0000000000
42363  -27.834  -45.080  34.571 0.0000000000
43229  -22.907  -45.139  42.998 0.0000000000
44265  -23.170  -44.003  37.470 0.0000000000
46200  -31.999  -42.405  39.974 0.0000000000
53743  -39.498  -33.298  33.454 0.0000000000
55649  -41.094  -32.142  32.070 0.0000000000
57784  -46.330  -29.361  24.767 0.0000000000
57834  -44.351  -28.945  22.410 0.0000000000
58858  -44.320  -28.729  20.247 0.0000000000
58861  -47.354  -28.734  20.087 0.0000000000
59727  -48.184  -27.880  28.304 0.0000000000
59845  -44.324  -27.448  18.698 0.0000000000
63297  -50.256  -23.226  18.746 0.0000000000
125966  -33.302  -41.723  40.712 0.0000000000
127002  -43.053  -29.151  22.302 0.0000000000
135755  -49.641  -29.029  20.561 0.0000000000
137619  -52.025  -26.471  20.242 0.0000000000
140374  -47.789  -29.348  24.860 0.0000000000
146358  -50.835  -26.830  20.263 0.0000000000
148317  -39.883  -29.426  20.317 0.0000000000
148370  -42.766  -29.319  22.772 0.0000000000
148605  -39.333  -29.674  21.906 0.0000000000
148799  -21.688  -44.632  40.259 0.0000000000
150863  -49.319  -29.308  21.042 0.0000000000
