#!ascii label  , from subject sub-010 vox2ras=TkReg
1320
48568  -41.473  -24.327  19.616 0.0000000000
58551  -51.337  -11.277  15.139 0.0000000000
54427  -46.465  -18.249  16.236 0.0000000000
27426  -14.620  -48.382  37.315 0.0000000000
48533  -39.923  -24.960  23.923 0.0000000000
37806  -28.509  -37.112  38.595 0.0000000000
102980  -36.127  -33.767  37.048 0.0000000000
43114  -41.529  -30.336  31.029 0.0000000000
46725  -44.394  -26.957  29.110 0.0000000000
35224  -20.695  -39.904  33.696 0.0000000000
35151  -23.877  -39.541  39.332 0.0000000000
111180  -25.183  -37.530  33.919 0.0000000000
41295  -31.636  -32.542  31.900 0.0000000000
41317  -37.515  -32.844  31.212 0.0000000000
50326  -43.832  -21.729  25.465 0.0000000000
49391  -46.552  -24.085  23.378 0.0000000000
56058  -48.165  -15.080  16.055 0.0000000000
51295  -44.568  -21.913  17.125 0.0000000000
109374  -49.140  -10.423  11.397 0.0000000000
24865  -11.867  -52.041  37.034 0.0000000000
49329  -41.929  -22.952  27.901 0.0000000000
50368  -39.558  -22.507  22.690 0.0000000000
38731  -28.232  -35.774  32.570 0.0000000000
36912  -33.075  -37.508  36.547 0.0000000000
51265  -49.104  -21.385  20.945 0.0000000000
62725  -55.151  -7.873  7.419 0.0000000000
43145  -39.678  -30.719  28.645 0.0000000000
43978  -40.894  -29.354  27.472 0.0000000000
36062  -22.946  -38.766  33.315 0.0000000000
117310  -34.844  -32.581  28.747 0.0000000000
42289  -37.532  -32.159  29.217 0.0000000000
42268  -39.650  -31.664  31.139 0.0000000000
49403  -42.726  -23.531  22.406 0.0000000000
49360  -45.012  -23.506  24.986 0.0000000000
106609  -44.177  -24.209  21.852 0.0000000000
57758  -50.362  -13.204  15.533 0.0000000000
56873  -50.034  -14.587  18.486 0.0000000000
60945  -53.178  -9.358  15.711 0.0000000000
107797  -13.700  -48.780  34.194 0.0000000000
26571  -13.268  -50.126  37.321 0.0000000000
47616  -41.975  -25.384  26.012 0.0000000000
119247  -43.150  -24.862  28.202 0.0000000000
48493  -41.388  -23.819  26.211 0.0000000000
51204  -40.450  -21.673  25.237 0.0000000000
49370  -39.024  -22.692  23.914 0.0000000000
35988  -26.120  -38.359  39.235 0.0000000000
35963  -25.599  -38.808  41.678 0.0000000000
36846  -27.843  -37.441  40.873 0.0000000000
37780  -29.803  -36.768  41.475 0.0000000000
112213  -26.374  -34.642  30.570 0.0000000000
118008  -28.870  -34.197  29.682 0.0000000000
109082  -34.107  -33.604  34.443 0.0000000000
39531  -32.566  -34.460  34.187 0.0000000000
38690  -35.043  -34.940  36.869 0.0000000000
36882  -35.808  -37.333  38.335 0.0000000000
117981  -17.206  -43.981  34.979 0.0000000000
31801  -17.855  -43.795  38.929 0.0000000000
107412  -17.604  -45.153  41.957 0.0000000000
107240  -45.867  -20.504  16.776 0.0000000000
51262  -47.230  -21.624  19.804 0.0000000000
118131  -47.763  -19.950  19.336 0.0000000000
63534  -57.342  -6.778  7.466 0.0000000000
26541  -13.415  -49.341  40.371 0.0000000000
44790  -42.850  -29.331  33.464 0.0000000000
121297  -44.236  -27.878  32.579 0.0000000000
44833  -42.597  -28.737  29.445 0.0000000000
45821  -42.080  -28.009  26.934 0.0000000000
34386  -19.699  -40.886  35.637 0.0000000000
34330  -21.012  -40.656  39.146 0.0000000000
35187  -22.179  -39.536  36.787 0.0000000000
36019  -24.779  -38.772  36.473 0.0000000000
36906  -26.385  -37.566  36.328 0.0000000000
41353  -30.374  -32.566  29.783 0.0000000000
41355  -32.913  -32.507  29.333 0.0000000000
40450  -35.096  -32.919  31.582 0.0000000000
40411  -37.029  -33.727  34.231 0.0000000000
41284  -39.254  -33.145  33.737 0.0000000000
42244  -41.329  -31.118  33.675 0.0000000000
34405  -19.066  -40.887  32.760 0.0000000000
51996  -44.408  -21.110  28.679 0.0000000000
52701  -47.413  -19.567  30.375 0.0000000000
51174  -46.578  -21.587  27.795 0.0000000000
50310  -47.606  -22.759  26.747 0.0000000000
55255  -47.071  -16.393  16.157 0.0000000000
103892  -48.172  -17.925  18.999 0.0000000000
56034  -48.864  -15.738  18.551 0.0000000000
19895  -9.407  -56.574  38.377 0.0000000000
49476  -43.424  -23.671  18.458 0.0000000000
52108  -42.836  -20.505  14.858 0.0000000000
55262  -45.495  -16.509  14.611 0.0000000000
56906  -46.340  -15.153  14.157 0.0000000000
57780  -47.127  -13.074  13.703 0.0000000000
58573  -48.632  -11.654  14.098 0.0000000000
60151  -50.195  -10.189  13.536 0.0000000000
60168  -47.888  -10.711  11.434 0.0000000000
24820  -12.045  -52.126  40.701 0.0000000000
23131  -11.191  -53.909  40.110 0.0000000000
21496  -10.436  -55.699  39.783 0.0000000000
50217  -45.549  -22.842  33.248 0.0000000000
113781  -44.923  -25.825  31.066 0.0000000000
49309  -44.249  -23.009  30.702 0.0000000000
51132  -43.593  -21.647  30.145 0.0000000000
51170  -42.445  -21.444  27.389 0.0000000000
51231  -41.866  -21.771  24.154 0.0000000000
49418  -40.660  -23.201  21.238 0.0000000000
35131  -22.877  -39.815  41.974 0.0000000000
118857  -26.393  -35.642  33.296 0.0000000000
37835  -28.170  -36.535  35.999 0.0000000000
39549  -30.679  -34.511  32.059 0.0000000000
37865  -30.446  -36.867  34.403 0.0000000000
36878  -30.584  -37.460  37.889 0.0000000000
36862  -32.459  -37.809  39.277 0.0000000000
28360  -15.302  -47.350  34.598 0.0000000000
30130  -16.066  -46.207  34.937 0.0000000000
28306  -15.338  -47.250  38.049 0.0000000000
49441  -45.589  -23.910  20.491 0.0000000000
50373  -48.663  -22.805  22.649 0.0000000000
50360  -50.417  -22.101  23.478 0.0000000000
52762  -50.252  -19.502  21.003 0.0000000000
103564  -51.765  -9.710  13.663 0.0000000000
60982  -53.496  -9.392  12.670 0.0000000000
61861  -55.408  -8.051  12.072 0.0000000000
106945  -54.138  -8.727  8.938 0.0000000000
62708  -56.901  -7.315  10.808 0.0000000000
43153  -38.868  -31.024  27.312 0.0000000000
105486  -39.311  -30.594  26.911 0.0000000000
103561  -38.655  -30.628  25.884 0.0000000000
41407  -36.668  -32.368  27.836 0.0000000000
42304  -37.409  -31.935  27.626 0.0000000000
106132  -38.529  -31.441  28.502 0.0000000000
49438  -41.983  -24.168  20.912 0.0000000000
49404  -43.541  -23.754  22.559 0.0000000000
48563  -42.690  -24.329  20.666 0.0000000000
119216  -50.687  -12.531  15.249 0.0000000000
58535  -50.822  -13.059  17.038 0.0000000000
58543  -51.718  -11.824  16.119 0.0000000000
59332  -52.408  -11.124  16.588 0.0000000000
60137  -51.572  -10.335  14.771 0.0000000000
27455  -14.084  -48.991  36.138 0.0000000000
26592  -13.601  -49.624  35.750 0.0000000000
26572  -13.832  -49.504  37.630 0.0000000000
47628  -40.978  -24.826  24.894 0.0000000000
47606  -41.944  -24.527  26.412 0.0000000000
105309  -40.376  -23.941  24.841 0.0000000000
48525  -39.746  -23.278  24.785 0.0000000000
49386  -39.097  -23.443  23.800 0.0000000000
32630  -18.834  -42.444  40.913 0.0000000000
36876  -27.447  -37.446  38.909 0.0000000000
36845  -26.838  -37.762  40.516 0.0000000000
37789  -28.469  -37.268  40.043 0.0000000000
37778  -28.790  -37.228  40.766 0.0000000000
37791  -29.137  -37.111  39.612 0.0000000000
40394  -35.078  -33.816  35.693 0.0000000000
39522  -34.386  -34.343  35.757 0.0000000000
40367  -35.345  -34.371  36.806 0.0000000000
117317  -35.661  -34.929  37.375 0.0000000000
33463  -18.974  -42.151  37.861 0.0000000000
116586  -18.610  -42.613  38.622 0.0000000000
31796  -18.440  -43.216  40.047 0.0000000000
51084  -46.609  -21.684  33.623 0.0000000000
52090  -46.238  -19.708  16.853 0.0000000000
52079  -46.381  -20.342  17.574 0.0000000000
107043  -47.260  -18.974  17.939 0.0000000000
43934  -42.651  -29.951  31.873 0.0000000000
43943  -42.858  -29.281  31.329 0.0000000000
43950  -41.725  -29.844  30.240 0.0000000000
44859  -41.597  -28.749  27.355 0.0000000000
44888  -41.012  -28.428  26.034 0.0000000000
113673  -41.520  -27.233  25.540 0.0000000000
111031  -19.909  -40.537  34.963 0.0000000000
35186  -20.826  -40.096  36.240 0.0000000000
35202  -21.063  -39.790  35.359 0.0000000000
36063  -23.817  -38.511  33.395 0.0000000000
36031  -24.051  -38.937  35.102 0.0000000000
36049  -24.769  -38.303  34.593 0.0000000000
36905  -25.676  -38.255  36.406 0.0000000000
36932  -25.535  -37.656  34.647 0.0000000000
41378  -31.707  -32.068  28.475 0.0000000000
41335  -36.425  -32.703  30.160 0.0000000000
102045  -35.241  -32.750  30.077 0.0000000000
40451  -35.774  -33.000  31.289 0.0000000000
112114  -35.761  -33.397  33.000 0.0000000000
40442  -37.407  -33.264  32.517 0.0000000000
40428  -38.460  -33.466  33.594 0.0000000000
40443  -38.133  -33.266  32.776 0.0000000000
42269  -40.255  -31.215  30.789 0.0000000000
42250  -40.670  -31.446  32.419 0.0000000000
43106  -41.256  -30.790  31.858 0.0000000000
43097  -41.812  -30.550  33.522 0.0000000000
111805  -19.686  -40.415  32.984 0.0000000000
105112  -44.058  -21.233  26.911 0.0000000000
52006  -45.103  -21.252  28.059 0.0000000000
51188  -44.461  -21.466  26.486 0.0000000000
49373  -45.746  -23.933  24.239 0.0000000000
50329  -46.305  -23.235  25.960 0.0000000000
49363  -47.804  -23.289  25.399 0.0000000000
49364  -48.636  -22.792  25.711 0.0000000000
49376  -48.403  -23.175  24.783 0.0000000000
56050  -47.671  -15.773  16.532 0.0000000000
55244  -47.696  -16.454  17.760 0.0000000000
56045  -48.634  -15.334  17.555 0.0000000000
106900  -51.233  -13.951  19.375 0.0000000000
56065  -45.680  -15.729  14.408 0.0000000000
105569  -44.965  -14.471  13.399 0.0000000000
58570  -45.992  -12.939  12.616 0.0000000000
58571  -46.767  -12.494  13.074 0.0000000000
121257  -47.997  -12.031  14.140 0.0000000000
59356  -47.369  -11.834  12.985 0.0000000000
59370  -48.595  -11.071  13.017 0.0000000000
24876  -12.155  -51.116  35.592 0.0000000000
108925  -11.546  -52.637  36.704 0.0000000000
26527  -11.998  -50.239  42.318 0.0000000000
25670  -12.639  -50.681  40.472 0.0000000000
106782  -12.106  -50.953  41.917 0.0000000000
23960  -11.343  -53.022  41.768 0.0000000000
22291  -11.366  -53.864  41.700 0.0000000000
23130  -10.825  -54.675  39.745 0.0000000000
21490  -11.166  -55.392  40.832 0.0000000000
20699  -10.717  -56.612  40.386 0.0000000000
120806  -44.259  -27.850  31.157 0.0000000000
45771  -44.666  -26.926  31.767 0.0000000000
46716  -44.710  -26.383  30.455 0.0000000000
48473  -42.704  -24.082  28.341 0.0000000000
48461  -43.618  -23.774  29.298 0.0000000000
48460  -42.845  -22.975  29.264 0.0000000000
50273  -43.807  -22.233  30.287 0.0000000000
50284  -42.466  -22.469  29.047 0.0000000000
51158  -42.421  -21.656  28.316 0.0000000000
50300  -41.904  -21.852  27.844 0.0000000000
51217  -39.387  -21.888  24.128 0.0000000000
51219  -41.015  -21.473  24.788 0.0000000000
50369  -40.475  -22.454  22.654 0.0000000000
50386  -41.022  -22.903  21.982 0.0000000000
50385  -40.139  -22.601  21.864 0.0000000000
35149  -22.111  -40.057  38.835 0.0000000000
35140  -21.813  -40.462  40.060 0.0000000000
35142  -23.082  -39.674  39.943 0.0000000000
38741  -27.499  -35.211  31.530 0.0000000000
39546  -25.907  -34.995  31.967 0.0000000000
101785  -26.801  -35.489  32.991 0.0000000000
37863  -27.384  -36.292  34.573 0.0000000000
38706  -27.837  -36.196  33.859 0.0000000000
41331  -30.814  -32.511  30.892 0.0000000000
40448  -29.964  -32.918  30.829 0.0000000000
40436  -31.154  -33.034  32.184 0.0000000000
37854  -32.966  -36.207  35.525 0.0000000000
37866  -31.971  -36.165  34.260 0.0000000000
36922  -31.660  -37.243  35.683 0.0000000000
36921  -30.566  -37.273  35.901 0.0000000000
36894  -31.352  -37.722  37.201 0.0000000000
36861  -31.608  -37.544  39.036 0.0000000000
36880  -32.421  -37.886  38.256 0.0000000000
41262  -39.616  -32.687  36.177 0.0000000000
30991  -16.819  -44.578  34.963 0.0000000000
30124  -16.821  -45.713  36.377 0.0000000000
29224  -16.019  -46.733  36.601 0.0000000000
104833  -17.300  -45.674  43.381 0.0000000000
50423  -43.930  -23.033  18.023 0.0000000000
49458  -44.500  -23.898  19.392 0.0000000000
50410  -44.971  -23.290  18.823 0.0000000000
51264  -48.440  -21.656  20.680 0.0000000000
51253  -48.119  -22.478  21.098 0.0000000000
51254  -48.826  -22.031  21.339 0.0000000000
119417  -49.180  -22.465  22.726 0.0000000000
51242  -49.977  -21.816  22.113 0.0000000000
54394  -49.197  -17.574  19.842 0.0000000000
53548  -48.947  -18.408  20.129 0.0000000000
53534  -50.580  -18.580  21.351 0.0000000000
60969  -49.769  -10.413  12.859 0.0000000000
102604  -51.007  -9.830  13.583 0.0000000000
60992  -49.920  -10.583  12.081 0.0000000000
104683  -51.867  -10.086  11.342 0.0000000000
116439  -52.897  -9.635  10.933 0.0000000000
60983  -54.469  -8.837  12.356 0.0000000000
61005  -53.745  -9.202  10.641 0.0000000000
61896  -54.093  -8.034  7.085 0.0000000000
61894  -52.803  -8.176  7.663 0.0000000000
61891  -54.445  -8.263  8.105 0.0000000000
118242  -55.345  -7.977  10.100 0.0000000000
62715  -56.090  -7.305  9.636 0.0000000000
62727  -56.615  -7.023  8.832 0.0000000000
63535  -58.103  -6.809  7.197 0.0000000000
43123  -40.424  -30.762  30.140 0.0000000000
43960  -41.539  -29.652  29.358 0.0000000000
43146  -40.321  -30.248  28.350 0.0000000000
114824  -40.449  -29.566  27.039 0.0000000000
35225  -21.442  -39.516  33.280 0.0000000000
108180  -35.226  -32.550  27.960 0.0000000000
41383  -36.122  -32.535  28.510 0.0000000000
41361  -37.616  -32.398  29.945 0.0000000000
41318  -38.321  -32.663  31.489 0.0000000000
42278  -38.292  -32.061  29.815 0.0000000000
43122  -39.701  -31.362  30.277 0.0000000000
50356  -43.514  -22.633  23.863 0.0000000000
108292  -44.494  -22.452  25.448 0.0000000000
50357  -44.148  -23.330  23.796 0.0000000000
49389  -44.533  -23.940  23.322 0.0000000000
49406  -45.799  -24.188  22.317 0.0000000000
56897  -49.130  -14.024  15.654 0.0000000000
56880  -49.216  -14.588  17.269 0.0000000000
57741  -49.640  -13.830  16.997 0.0000000000
58525  -50.947  -13.044  17.926 0.0000000000
60956  -53.828  -8.813  15.397 0.0000000000
25704  -12.643  -50.745  35.982 0.0000000000
24855  -12.331  -51.412  37.458 0.0000000000
46739  -42.976  -26.561  27.003 0.0000000000
47590  -44.400  -26.009  29.045 0.0000000000
47607  -42.687  -25.484  27.016 0.0000000000
48484  -42.258  -24.529  27.071 0.0000000000
49338  -41.558  -23.144  27.293 0.0000000000
50306  -41.166  -22.737  26.784 0.0000000000
102344  -40.699  -23.025  26.122 0.0000000000
50336  -39.292  -22.450  24.471 0.0000000000
50351  -39.130  -22.926  23.000 0.0000000000
103732  -24.593  -39.258  38.679 0.0000000000
35974  -24.792  -39.295  40.478 0.0000000000
106350  -25.999  -38.319  40.085 0.0000000000
108787  -26.188  -38.344  41.095 0.0000000000
37756  -29.918  -36.517  42.062 0.0000000000
39579  -27.085  -34.603  29.835 0.0000000000
39559  -28.497  -35.063  30.896 0.0000000000
40438  -33.220  -33.181  33.269 0.0000000000
119381  -32.298  -33.580  33.181 0.0000000000
40407  -33.331  -33.757  34.259 0.0000000000
39521  -33.659  -34.598  35.293 0.0000000000
37839  -33.659  -36.385  36.154 0.0000000000
36897  -34.375  -37.647  37.492 0.0000000000
37825  -35.688  -36.438  37.676 0.0000000000
108295  -17.928  -42.961  34.085 0.0000000000
31818  -17.553  -43.652  35.342 0.0000000000
30977  -17.445  -44.431  37.785 0.0000000000
30957  -17.277  -45.048  40.149 0.0000000000
30958  -17.824  -44.511  40.393 0.0000000000
51309  -44.817  -21.265  16.663 0.0000000000
51282  -45.821  -22.015  18.639 0.0000000000
51297  -46.177  -20.997  17.973 0.0000000000
103877  -47.638  -20.672  19.670 0.0000000000
52047  -48.409  -20.734  20.305 0.0000000000
61867  -48.138  -8.965  10.087 0.0000000000
61001  -49.492  -9.764  10.616 0.0000000000
61868  -49.015  -9.183  9.938 0.0000000000
62755  -54.815  -7.762  6.356 0.0000000000
62741  -56.299  -7.253  7.741 0.0000000000
62765  -55.343  -7.320  5.568 0.0000000000
63556  -56.083  -6.684  4.964 0.0000000000
27403  -14.519  -48.317  39.323 0.0000000000
26562  -13.885  -49.285  38.588 0.0000000000
45735  -44.170  -28.222  33.922 0.0000000000
44799  -43.224  -28.887  32.706 0.0000000000
44811  -43.905  -28.280  31.391 0.0000000000
45793  -43.199  -28.092  29.038 0.0000000000
44846  -42.037  -29.115  28.966 0.0000000000
44847  -42.563  -28.515  28.570 0.0000000000
45822  -42.824  -27.525  27.284 0.0000000000
45831  -42.261  -27.163  26.619 0.0000000000
46750  -41.603  -26.568  25.313 0.0000000000
33476  -19.472  -41.442  37.374 0.0000000000
34348  -20.088  -41.111  38.613 0.0000000000
121282  -20.594  -40.514  37.810 0.0000000000
35158  -21.769  -39.907  38.223 0.0000000000
35171  -22.771  -39.578  37.428 0.0000000000
35214  -22.428  -39.291  34.691 0.0000000000
35188  -23.161  -39.437  36.578 0.0000000000
35160  -24.094  -39.372  37.988 0.0000000000
36011  -25.352  -38.692  37.280 0.0000000000
36891  -26.570  -37.908  37.842 0.0000000000
37834  -27.650  -36.987  37.461 0.0000000000
41354  -30.873  -32.186  29.040 0.0000000000
116107  -32.050  -32.426  30.689 0.0000000000
41356  -33.973  -32.612  28.975 0.0000000000
41314  -33.537  -32.688  30.807 0.0000000000
109857  -33.265  -32.650  31.636 0.0000000000
103483  -34.044  -33.172  33.123 0.0000000000
108376  -35.572  -33.480  34.280 0.0000000000
104740  -36.489  -33.842  36.249 0.0000000000
40380  -37.025  -33.673  37.024 0.0000000000
40397  -38.060  -33.501  35.734 0.0000000000
41261  -39.071  -33.232  35.355 0.0000000000
41263  -39.947  -32.566  35.268 0.0000000000
41300  -39.352  -32.490  32.385 0.0000000000
41286  -40.348  -31.975  33.769 0.0000000000
42233  -40.882  -31.523  34.272 0.0000000000
43089  -41.543  -30.769  34.345 0.0000000000
33507  -18.643  -41.597  34.391 0.0000000000
51962  -44.391  -20.776  30.319 0.0000000000
51979  -45.970  -20.431  29.713 0.0000000000
51998  -46.434  -20.603  28.985 0.0000000000
51162  -47.945  -20.804  28.444 0.0000000000
105084  -45.713  -22.592  26.546 0.0000000000
50301  -47.153  -22.275  27.379 0.0000000000
54428  -46.821  -17.346  16.294 0.0000000000
53595  -47.201  -18.236  17.404 0.0000000000
54422  -47.719  -17.076  18.095 0.0000000000
54393  -48.665  -17.219  19.142 0.0000000000
55217  -49.408  -16.777  19.569 0.0000000000
107527  -49.763  -15.255  18.918 0.0000000000
55218  -50.100  -16.269  19.993 0.0000000000
49473  -40.871  -24.289  18.260 0.0000000000
48574  -42.212  -24.249  18.669 0.0000000000
114319  -41.749  -23.703  17.247 0.0000000000
49512  -42.147  -23.251  16.764 0.0000000000
50454  -43.254  -22.334  16.494 0.0000000000
101719  -43.418  -21.216  15.732 0.0000000000
104769  -44.254  -20.319  15.483 0.0000000000
104896  -44.923  -19.762  15.512 0.0000000000
53608  -45.158  -18.436  15.205 0.0000000000
54433  -45.638  -17.811  15.107 0.0000000000
55254  -46.548  -16.821  15.489 0.0000000000
56056  -46.770  -16.013  15.298 0.0000000000
56895  -47.874  -14.915  15.138 0.0000000000
57778  -45.633  -13.677  13.000 0.0000000000
56920  -46.874  -13.861  13.671 0.0000000000
56908  -48.158  -14.170  14.725 0.0000000000
57766  -48.402  -13.346  14.496 0.0000000000
109273  -49.125  -12.047  14.402 0.0000000000
58561  -49.930  -10.889  14.410 0.0000000000
59340  -50.677  -10.581  14.605 0.0000000000
60144  -49.645  -10.598  13.848 0.0000000000
60161  -48.510  -11.064  12.216 0.0000000000
60169  -48.605  -10.780  11.678 0.0000000000
60999  -47.735  -9.449  10.670 0.0000000000
107097  -13.156  -50.454  38.927 0.0000000000
107360  -12.871  -51.103  38.856 0.0000000000
24843  -11.996  -52.105  38.852 0.0000000000
24811  -11.593  -52.524  41.936 0.0000000000
23975  -11.746  -52.682  40.275 0.0000000000
23993  -11.641  -52.693  38.401 0.0000000000
118643  -10.999  -53.854  38.632 0.0000000000
22318  -10.520  -54.675  38.403 0.0000000000
22304  -9.402  -55.805  38.565 0.0000000000
20704  -9.359  -56.145  38.775 0.0000000000
51114  -45.037  -21.811  32.143 0.0000000000
48432  -45.033  -24.733  33.038 0.0000000000
47591  -44.706  -25.568  29.842 0.0000000000
47582  -44.943  -24.940  30.640 0.0000000000
49301  -44.722  -22.939  31.758 0.0000000000
50260  -44.563  -22.148  31.566 0.0000000000
51133  -44.092  -21.227  30.585 0.0000000000
51977  -43.703  -21.252  29.232 0.0000000000
51171  -43.280  -21.251  27.787 0.0000000000
51207  -43.169  -21.096  25.837 0.0000000000
51185  -41.547  -21.506  26.309 0.0000000000
51206  -42.196  -21.282  25.720 0.0000000000
50338  -42.823  -22.026  24.412 0.0000000000
50371  -42.246  -22.794  22.909 0.0000000000
49419  -41.508  -23.621  21.433 0.0000000000
121633  -40.805  -24.065  19.874 0.0000000000
48540  -38.549  -24.034  22.541 0.0000000000
49401  -38.455  -23.522  22.323 0.0000000000
108875  -38.451  -22.966  22.110 0.0000000000
50383  -38.535  -22.867  21.806 0.0000000000
50400  -38.961  -23.060  21.160 0.0000000000
49436  -39.469  -23.595  20.367 0.0000000000
49453  -39.155  -24.075  19.299 0.0000000000
102557  -40.049  -24.321  18.684 0.0000000000
107165  -24.305  -39.557  42.028 0.0000000000
37888  -24.861  -36.123  32.185 0.0000000000
38728  -25.491  -35.364  32.361 0.0000000000
112152  -25.411  -36.237  33.303 0.0000000000
37849  -26.616  -36.707  34.994 0.0000000000
105185  -27.432  -36.703  36.001 0.0000000000
113483  -28.075  -36.678  36.816 0.0000000000
103999  -29.829  -33.049  30.115 0.0000000000
101918  -29.893  -33.794  30.974 0.0000000000
39548  -29.796  -35.208  31.767 0.0000000000
39539  -31.727  -34.503  33.053 0.0000000000
38720  -30.592  -35.969  32.954 0.0000000000
38719  -29.508  -36.325  32.935 0.0000000000
108879  -29.304  -36.664  34.551 0.0000000000
36908  -29.434  -37.057  36.779 0.0000000000
37807  -28.924  -37.073  38.114 0.0000000000
37792  -29.885  -37.344  39.698 0.0000000000
117344  -30.904  -37.248  40.586 0.0000000000
27471  -14.351  -48.367  34.688 0.0000000000
28329  -15.067  -47.973  35.940 0.0000000000
30153  -16.236  -45.359  33.474 0.0000000000
30152  -15.927  -45.980  32.918 0.0000000000
108537  -15.520  -46.651  34.246 0.0000000000
28330  -15.489  -47.364  36.287 0.0000000000
28305  -14.991  -47.835  37.655 0.0000000000
28295  -15.341  -47.279  38.952 0.0000000000
107770  -16.962  -45.683  41.736 0.0000000000
49439  -43.910  -24.283  19.958 0.0000000000
49422  -44.937  -24.365  21.103 0.0000000000
49407  -46.615  -23.989  22.484 0.0000000000
50401  -46.155  -23.102  19.963 0.0000000000
50387  -47.222  -23.047  20.952 0.0000000000
49409  -48.036  -23.330  23.118 0.0000000000
107900  -48.621  -23.039  23.417 0.0000000000
53580  -47.934  -18.742  18.737 0.0000000000
101889  -48.835  -19.857  20.399 0.0000000000
52036  -49.766  -20.218  20.814 0.0000000000
102338  -50.961  -9.937  14.291 0.0000000000
104828  -52.480  -9.342  14.163 0.0000000000
60971  -52.550  -9.256  13.977 0.0000000000
60993  -50.849  -10.246  11.774 0.0000000000
115513  -52.372  -9.691  13.104 0.0000000000
60972  -53.305  -9.010  13.739 0.0000000000
61843  -55.207  -8.054  13.830 0.0000000000
105426  -55.853  -7.672  13.472 0.0000000000
61881  -53.185  -8.995  9.000 0.0000000000
61869  -54.624  -8.617  10.422 0.0000000000
61870  -55.495  -7.877  11.134 0.0000000000
63522  -57.867  -6.702  8.176 0.0000000000
42318  -38.113  -31.547  26.843 0.0000000000
43166  -38.754  -30.919  26.511 0.0000000000
103460  -37.283  -31.868  26.825 0.0000000000
42305  -38.322  -31.496  27.807 0.0000000000
48562  -42.097  -24.407  20.155 0.0000000000
119242  -51.131  -12.068  15.397 0.0000000000
59325  -52.122  -11.728  17.302 0.0000000000
60127  -52.114  -10.880  15.560 0.0000000000
27441  -14.593  -48.450  36.481 0.0000000000
27440  -14.161  -48.942  37.032 0.0000000000
117574  -40.348  -24.636  24.382 0.0000000000
48524  -39.726  -23.916  24.268 0.0000000000
33431  -19.298  -41.843  40.895 0.0000000000
33442  -19.588  -41.657  40.124 0.0000000000
37820  -27.917  -37.141  38.298 0.0000000000
37805  -28.192  -37.235  39.152 0.0000000000
37790  -28.753  -37.139  39.413 0.0000000000
40379  -35.598  -33.843  36.357 0.0000000000
40378  -35.004  -34.109  36.261 0.0000000000
40368  -35.664  -33.988  36.927 0.0000000000
40369  -36.265  -33.913  37.572 0.0000000000
32636  -18.786  -42.545  39.552 0.0000000000
52813  -46.039  -19.047  16.261 0.0000000000
52803  -46.679  -19.546  17.515 0.0000000000
53594  -46.638  -18.817  17.029 0.0000000000
106623  -42.020  -30.320  31.669 0.0000000000
43942  -42.246  -29.836  31.074 0.0000000000
44887  -40.495  -28.442  25.343 0.0000000000
109850  -20.455  -40.068  34.972 0.0000000000
35212  -20.887  -39.823  34.521 0.0000000000
36064  -24.589  -38.145  33.683 0.0000000000
36918  -25.248  -38.151  35.208 0.0000000000
40452  -36.584  -32.969  31.004 0.0000000000
41334  -35.829  -32.852  30.530 0.0000000000
104529  -36.321  -33.076  31.768 0.0000000000
40453  -37.039  -33.106  31.835 0.0000000000
41298  -37.832  -32.972  32.015 0.0000000000
43113  -40.868  -30.838  30.941 0.0000000000
43098  -42.088  -30.375  32.552 0.0000000000
117327  -20.229  -40.066  33.148 0.0000000000
34407  -19.950  -40.323  33.685 0.0000000000
51208  -43.948  -21.078  26.066 0.0000000000
50327  -44.317  -21.593  25.936 0.0000000000
49374  -46.728  -23.742  24.345 0.0000000000
49362  -46.943  -23.505  25.237 0.0000000000
49375  -47.599  -23.508  24.541 0.0000000000
49392  -47.432  -23.690  23.672 0.0000000000
56051  -48.197  -15.374  16.861 0.0000000000
56888  -48.684  -14.863  16.725 0.0000000000
116174  -51.550  -14.357  20.212 0.0000000000
56078  -44.933  -15.440  13.923 0.0000000000
109544  -47.156  -11.540  12.227 0.0000000000
24866  -12.148  -51.405  36.390 0.0000000000
24015  -11.702  -52.195  36.128 0.0000000000
24004  -11.596  -52.674  37.495 0.0000000000
25656  -11.779  -50.755  42.728 0.0000000000
21483  -11.383  -54.480  41.184 0.0000000000
20691  -11.048  -56.195  40.941 0.0000000000
45795  -44.435  -27.168  30.007 0.0000000000
49330  -42.331  -23.147  28.571 0.0000000000
121012  -42.853  -23.695  28.934 0.0000000000
50293  -42.081  -22.333  28.395 0.0000000000
50353  -39.812  -22.038  23.422 0.0000000000
50384  -39.301  -22.655  21.853 0.0000000000
35150  -23.017  -39.786  38.941 0.0000000000
38730  -27.515  -35.479  32.407 0.0000000000
38717  -27.568  -35.761  33.190 0.0000000000
38718  -28.480  -36.140  33.097 0.0000000000
41312  -30.938  -32.664  31.477 0.0000000000
109159  -31.795  -32.883  32.442 0.0000000000
37838  -32.686  -37.108  35.854 0.0000000000
121041  -32.370  -36.823  35.296 0.0000000000
36911  -32.023  -37.598  36.492 0.0000000000
36895  -32.293  -37.794  37.308 0.0000000000
36896  -33.320  -37.786  37.414 0.0000000000
42216  -40.274  -31.965  36.029 0.0000000000
30105  -16.771  -45.655  39.005 0.0000000000
50437  -43.789  -22.500  17.217 0.0000000000
50424  -44.588  -22.986  18.250 0.0000000000
50438  -44.518  -22.467  17.725 0.0000000000
50390  -49.188  -22.228  22.121 0.0000000000
51255  -49.509  -21.599  21.526 0.0000000000
54381  -50.240  -17.874  20.946 0.0000000000
103872  -49.642  -17.949  20.351 0.0000000000
61011  -52.816  -9.405  9.910 0.0000000000
62726  -55.605  -7.662  8.487 0.0000000000
43134  -40.332  -30.453  29.235 0.0000000000
43167  -39.234  -30.315  26.280 0.0000000000
43977  -39.885  -30.032  26.851 0.0000000000
43989  -39.665  -29.529  26.017 0.0000000000
41405  -35.350  -32.481  27.142 0.0000000000
41384  -37.073  -32.298  28.436 0.0000000000
114904  -36.786  -32.473  29.049 0.0000000000
41360  -36.961  -32.543  29.692 0.0000000000
42291  -39.042  -31.183  28.950 0.0000000000
42279  -39.053  -31.592  29.660 0.0000000000
43133  -39.695  -30.972  29.505 0.0000000000
49387  -43.063  -23.074  23.132 0.0000000000
106246  -43.307  -24.122  21.790 0.0000000000
117016  -44.306  -24.048  22.641 0.0000000000
122199  -45.015  -24.215  22.711 0.0000000000
49405  -45.008  -24.245  21.995 0.0000000000
57749  -49.784  -13.767  16.004 0.0000000000
57750  -50.358  -13.401  16.494 0.0000000000
58526  -51.604  -12.633  18.230 0.0000000000
57731  -51.515  -13.188  18.976 0.0000000000
102961  -52.285  -12.920  19.849 0.0000000000
60946  -54.094  -9.045  16.284 0.0000000000
60955  -52.875  -9.108  14.766 0.0000000000
26581  -13.197  -50.203  36.355 0.0000000000
26591  -12.897  -50.088  35.479 0.0000000000
25696  -12.727  -50.765  36.928 0.0000000000
46745  -42.237  -26.132  26.434 0.0000000000
47598  -43.264  -25.795  27.779 0.0000000000
48483  -41.766  -23.772  26.929 0.0000000000
49346  -41.225  -23.260  26.733 0.0000000000
49371  -39.192  -23.016  24.488 0.0000000000
49358  -39.677  -22.744  24.865 0.0000000000
50352  -39.293  -22.371  23.560 0.0000000000
108794  -25.448  -38.896  39.093 0.0000000000
106361  -25.378  -38.951  39.917 0.0000000000
115908  -25.744  -38.687  39.568 0.0000000000
36833  -26.963  -37.842  41.589 0.0000000000
113168  -29.532  -37.144  41.027 0.0000000000
37766  -29.818  -36.673  41.801 0.0000000000
39580  -27.999  -34.566  29.674 0.0000000000
39569  -27.467  -34.876  30.578 0.0000000000
39570  -28.623  -34.579  30.220 0.0000000000
40424  -33.604  -33.423  33.832 0.0000000000
40423  -32.832  -33.504  33.590 0.0000000000
39509  -34.672  -34.554  36.390 0.0000000000
39508  -34.168  -34.760  35.929 0.0000000000
38700  -33.639  -35.372  35.752 0.0000000000
38689  -34.257  -35.230  36.356 0.0000000000
37840  -34.586  -36.034  36.703 0.0000000000
38679  -35.352  -35.686  37.211 0.0000000000
38671  -36.058  -35.420  37.800 0.0000000000
32674  -18.260  -42.315  34.664 0.0000000000
107411  -17.938  -43.051  34.947 0.0000000000
32666  -18.112  -43.233  35.721 0.0000000000
32651  -18.103  -43.258  37.519 0.0000000000
31807  -17.787  -43.844  38.035 0.0000000000
30964  -17.598  -44.435  39.527 0.0000000000
31790  -18.472  -43.096  40.838 0.0000000000
31789  -18.249  -43.856  40.635 0.0000000000
51310  -45.481  -21.072  16.800 0.0000000000
103763  -45.917  -21.090  17.324 0.0000000000
52790  -46.922  -19.864  18.198 0.0000000000
52068  -47.233  -20.272  18.918 0.0000000000
52054  -48.159  -19.905  19.953 0.0000000000
62754  -53.656  -7.667  6.293 0.0000000000
62764  -54.235  -7.299  5.579 0.0000000000
27390  -14.067  -48.720  40.060 0.0000000000
27360  -12.805  -49.253  43.053 0.0000000000
44779  -43.086  -29.248  34.307 0.0000000000
116478  -43.453  -28.778  33.658 0.0000000000
105899  -42.545  -29.118  30.380 0.0000000000
44810  -43.351  -28.793  31.769 0.0000000000
44822  -43.281  -28.630  30.885 0.0000000000
44834  -43.277  -28.389  29.956 0.0000000000
43969  -41.441  -29.448  28.580 0.0000000000
44860  -42.380  -28.270  27.723 0.0000000000
45810  -43.077  -27.842  28.148 0.0000000000
106353  -20.096  -40.931  37.816 0.0000000000
121192  -19.919  -40.935  37.011 0.0000000000
35203  -21.643  -39.720  36.106 0.0000000000
34378  -21.358  -39.898  36.944 0.0000000000
35170  -21.902  -39.694  37.581 0.0000000000
35226  -22.111  -39.208  33.869 0.0000000000
36047  -22.984  -38.995  34.114 0.0000000000
36018  -24.192  -39.010  35.922 0.0000000000
35205  -23.370  -39.266  35.703 0.0000000000
35189  -23.955  -39.141  36.647 0.0000000000
35172  -23.611  -39.380  37.341 0.0000000000
36010  -24.397  -39.032  37.285 0.0000000000
36000  -24.728  -38.993  37.904 0.0000000000
36890  -26.289  -38.173  37.060 0.0000000000
36907  -26.963  -37.364  37.093 0.0000000000
102467  -31.810  -32.287  29.264 0.0000000000
41332  -32.017  -32.474  30.027 0.0000000000
41381  -34.254  -32.520  28.084 0.0000000000
41357  -34.645  -32.661  29.562 0.0000000000
41316  -35.123  -32.851  30.862 0.0000000000
103379  -34.454  -32.759  30.417 0.0000000000
41315  -34.246  -32.828  31.410 0.0000000000
41297  -33.478  -32.856  32.437 0.0000000000
40439  -34.602  -32.942  32.278 0.0000000000
114321  -36.291  -33.505  33.687 0.0000000000
40410  -36.214  -33.731  34.638 0.0000000000
40396  -37.158  -33.800  35.205 0.0000000000
41271  -38.806  -33.434  34.395 0.0000000000
41272  -39.578  -32.970  34.494 0.0000000000
41338  -38.882  -32.157  31.201 0.0000000000
119201  -38.920  -32.496  31.777 0.0000000000
41319  -39.354  -32.098  31.695 0.0000000000
42243  -40.817  -31.561  33.330 0.0000000000
42242  -40.036  -32.038  32.990 0.0000000000
43088  -41.125  -30.962  35.175 0.0000000000
43927  -42.334  -29.917  33.424 0.0000000000
43926  -42.026  -30.053  34.219 0.0000000000
117941  -42.537  -29.636  34.029 0.0000000000
33519  -18.709  -41.398  33.434 0.0000000000
33488  -19.460  -41.278  36.411 0.0000000000
51978  -44.304  -20.814  29.553 0.0000000000
118687  -45.049  -20.618  29.814 0.0000000000
51997  -45.307  -20.790  28.977 0.0000000000
51173  -45.641  -21.521  27.562 0.0000000000
51160  -46.011  -21.111  28.272 0.0000000000
51161  -46.982  -21.048  28.443 0.0000000000
50340  -44.153  -22.871  24.574 0.0000000000
50328  -45.357  -23.017  25.779 0.0000000000
49347  -47.226  -23.242  26.059 0.0000000000
50309  -46.690  -22.799  26.710 0.0000000000
51175  -47.561  -21.564  27.898 0.0000000000
50302  -48.075  -22.216  27.361 0.0000000000
50311  -48.418  -22.587  26.637 0.0000000000
50312  -49.110  -22.228  26.397 0.0000000000
121264  -47.137  -16.872  16.678 0.0000000000
105901  -47.300  -17.299  17.272 0.0000000000
106301  -48.108  -15.888  18.039 0.0000000000
55230  -48.240  -16.563  18.488 0.0000000000
120107  -48.874  -16.407  19.060 0.0000000000
56881  -49.759  -14.113  17.812 0.0000000000
56046  -49.412  -14.986  18.081 0.0000000000
110396  -50.324  -15.523  19.666 0.0000000000
20711  -9.242  -56.071  38.125 0.0000000000
20718  -8.860  -56.243  37.463 0.0000000000
19911  -9.159  -56.655  37.483 0.0000000000
50453  -42.518  -22.603  16.301 0.0000000000
50466  -42.033  -22.181  15.722 0.0000000000
52098  -43.482  -20.678  15.329 0.0000000000
51322  -43.892  -20.905  15.816 0.0000000000
52818  -44.306  -19.627  15.148 0.0000000000
53607  -44.710  -19.048  15.173 0.0000000000
52819  -45.419  -19.120  15.618 0.0000000000
54441  -45.285  -17.245  14.670 0.0000000000
54442  -46.010  -17.119  14.932 0.0000000000
56905  -45.630  -15.060  13.821 0.0000000000
56066  -46.410  -15.710  14.711 0.0000000000
56067  -47.086  -15.277  14.751 0.0000000000
57779  -46.440  -13.424  13.174 0.0000000000
57765  -47.570  -13.806  14.153 0.0000000000
57756  -48.913  -13.753  14.928 0.0000000000
58559  -48.535  -12.457  14.383 0.0000000000
58560  -49.821  -12.022  14.478 0.0000000000
59348  -49.301  -11.262  14.197 0.0000000000
59358  -48.971  -11.094  13.611 0.0000000000
60160  -47.584  -11.120  11.782 0.0000000000
24003  -11.012  -53.275  36.902 0.0000000000
26552  -13.678  -49.340  39.509 0.0000000000
26561  -13.426  -49.797  39.013 0.0000000000
26551  -13.219  -50.099  39.822 0.0000000000
25669  -12.391  -51.467  40.137 0.0000000000
25680  -12.944  -50.981  39.592 0.0000000000
24832  -12.498  -51.590  39.257 0.0000000000
24844  -12.431  -51.503  38.395 0.0000000000
24831  -12.063  -52.156  39.766 0.0000000000
24807  -11.929  -52.097  42.456 0.0000000000
23118  -11.488  -52.873  41.352 0.0000000000
24819  -11.523  -52.849  41.224 0.0000000000
117894  -11.457  -53.262  40.253 0.0000000000
23982  -11.617  -52.820  39.401 0.0000000000
23981  -11.216  -53.574  39.431 0.0000000000
122301  -11.312  -53.229  38.793 0.0000000000
22305  -10.212  -55.482  39.265 0.0000000000
23137  -10.215  -55.187  38.885 0.0000000000
22317  -9.730  -55.456  38.205 0.0000000000
21505  -9.242  -55.996  38.460 0.0000000000
21506  -9.488  -55.907  39.066 0.0000000000
19886  -11.204  -57.119  41.064 0.0000000000
49285  -45.924  -22.602  33.868 0.0000000000
122184  -46.063  -22.286  33.855 0.0000000000
51098  -45.640  -22.198  33.076 0.0000000000
116248  -43.855  -28.305  33.052 0.0000000000
45745  -44.410  -27.667  33.302 0.0000000000
46699  -44.953  -26.183  31.888 0.0000000000
113293  -44.957  -26.410  32.691 0.0000000000
46688  -45.104  -25.798  33.537 0.0000000000
47575  -45.088  -25.674  32.583 0.0000000000
47599  -43.765  -25.418  28.516 0.0000000000
112028  -44.171  -24.914  29.131 0.0000000000
48450  -44.263  -23.495  29.907 0.0000000000
48462  -44.592  -24.395  29.759 0.0000000000
48442  -44.910  -23.934  31.279 0.0000000000
48437  -45.181  -23.911  32.291 0.0000000000
49294  -45.180  -23.222  32.740 0.0000000000
111460  -44.259  -22.390  31.029 0.0000000000
50274  -44.103  -21.816  30.788 0.0000000000
105921  -44.565  -21.483  31.318 0.0000000000
51150  -43.643  -21.018  30.021 0.0000000000
51149  -43.251  -21.673  29.574 0.0000000000
51159  -43.105  -21.498  28.794 0.0000000000
51187  -43.246  -21.206  26.713 0.0000000000
51186  -42.376  -21.264  26.483 0.0000000000
51184  -40.830  -22.061  26.095 0.0000000000
50307  -41.318  -22.087  26.800 0.0000000000
51230  -40.914  -21.726  24.006 0.0000000000
51220  -41.992  -21.482  24.975 0.0000000000
50355  -42.604  -22.317  23.574 0.0000000000
105663  -41.692  -22.180  23.386 0.0000000000
49455  -40.346  -23.663  20.481 0.0000000000
50382  -37.926  -23.232  21.617 0.0000000000
50398  -37.439  -23.185  20.866 0.0000000000
49434  -37.699  -23.400  20.347 0.0000000000
49435  -38.551  -23.507  20.329 0.0000000000
49452  -38.146  -23.833  19.418 0.0000000000
34329  -20.419  -40.960  39.241 0.0000000000
34309  -20.139  -41.125  39.980 0.0000000000
113108  -20.950  -40.757  39.990 0.0000000000
121824  -22.616  -39.920  41.251 0.0000000000
35962  -24.894  -39.235  41.381 0.0000000000
35133  -24.157  -39.557  41.098 0.0000000000
38729  -26.123  -35.338  32.693 0.0000000000
38715  -25.773  -35.694  33.157 0.0000000000
37876  -25.917  -36.233  33.677 0.0000000000
37862  -26.314  -36.574  34.227 0.0000000000
38716  -26.413  -36.025  33.739 0.0000000000
37851  -27.799  -36.423  35.328 0.0000000000
37850  -27.080  -36.464  35.201 0.0000000000
41352  -29.797  -32.791  29.449 0.0000000000
40449  -30.428  -33.023  31.521 0.0000000000
39561  -30.281  -34.072  31.576 0.0000000000
39560  -29.520  -34.856  31.137 0.0000000000
39540  -32.575  -33.832  33.823 0.0000000000
102064  -31.988  -33.861  33.103 0.0000000000
39530  -32.188  -34.259  33.582 0.0000000000
37879  -31.221  -36.300  33.633 0.0000000000
38721  -31.450  -35.431  33.055 0.0000000000
37878  -29.980  -36.697  33.605 0.0000000000
36893  -30.564  -37.574  37.116 0.0000000000
37837  -29.767  -37.142  36.193 0.0000000000
36877  -29.685  -37.256  37.495 0.0000000000
37822  -28.841  -36.873  37.232 0.0000000000
37808  -29.620  -37.329  38.665 0.0000000000
36860  -30.657  -37.509  38.858 0.0000000000
105465  -31.671  -37.344  40.002 0.0000000000
36881  -34.733  -37.924  38.297 0.0000000000
40371  -37.950  -33.413  37.288 0.0000000000
27456  -14.522  -48.471  35.593 0.0000000000
28343  -15.044  -48.007  35.049 0.0000000000
31823  -16.982  -44.038  34.248 0.0000000000
30142  -16.362  -45.360  34.449 0.0000000000
30141  -15.842  -45.966  33.913 0.0000000000
29237  -15.811  -46.788  35.700 0.0000000000
28318  -15.542  -47.358  37.171 0.0000000000
28317  -15.063  -47.904  36.815 0.0000000000
108061  -14.890  -47.914  38.572 0.0000000000
30950  -17.503  -45.158  41.041 0.0000000000
30093  -16.886  -45.596  40.775 0.0000000000
52689  -47.851  -19.590  31.043 0.0000000000
49456  -42.883  -24.216  18.920 0.0000000000
49457  -43.667  -24.029  19.195 0.0000000000
49459  -45.336  -23.645  19.614 0.0000000000
49440  -44.772  -24.266  20.189 0.0000000000
49423  -45.727  -24.039  21.381 0.0000000000
49424  -46.497  -23.716  21.635 0.0000000000
50412  -46.425  -22.044  19.323 0.0000000000
50388  -47.826  -23.001  21.583 0.0000000000
49425  -47.228  -23.431  21.950 0.0000000000
50372  -47.942  -23.189  22.289 0.0000000000
50359  -49.729  -22.415  23.820 0.0000000000
50343  -50.445  -22.172  24.461 0.0000000000
53579  -47.693  -17.950  18.132 0.0000000000
53563  -48.359  -18.559  19.522 0.0000000000
105469  -49.057  -19.125  20.419 0.0000000000
52770  -49.463  -19.558  20.653 0.0000000000
121535  -49.285  -20.049  20.617 0.0000000000
60145  -50.302  -10.184  14.092 0.0000000000
60961  -50.971  -9.815  13.895 0.0000000000
60970  -51.834  -9.688  13.859 0.0000000000
61002  -50.376  -9.844  10.626 0.0000000000
60994  -52.657  -9.876  11.867 0.0000000000
104216  -51.776  -10.106  12.228 0.0000000000
61842  -54.242  -8.579  14.172 0.0000000000
61851  -54.316  -8.653  13.312 0.0000000000
61860  -54.570  -8.693  11.381 0.0000000000
61852  -55.300  -8.106  12.984 0.0000000000
61853  -56.016  -7.645  12.651 0.0000000000
119414  -55.957  -7.656  11.853 0.0000000000
61890  -53.436  -8.493  8.272 0.0000000000
61889  -52.523  -8.543  8.363 0.0000000000
61012  -53.869  -9.043  9.717 0.0000000000
118832  -54.627  -8.612  9.627 0.0000000000
62707  -56.172  -7.411  10.587 0.0000000000
62701  -56.312  -7.596  11.312 0.0000000000
61862  -56.821  -7.793  11.377 0.0000000000
62757  -56.564  -7.033  6.736 0.0000000000
63521  -57.143  -6.814  8.279 0.0000000000
42306  -39.017  -31.045  28.153 0.0000000000
43154  -39.682  -30.567  27.661 0.0000000000
41406  -36.011  -32.503  27.518 0.0000000000
42303  -36.675  -32.222  27.126 0.0000000000
103406  -37.830  -31.775  28.466 0.0000000000
42290  -38.346  -31.645  29.108 0.0000000000
49420  -42.426  -24.024  21.566 0.0000000000
48554  -43.156  -24.307  21.072 0.0000000000
58542  -50.950  -12.682  16.144 0.0000000000
58536  -51.498  -12.508  17.203 0.0000000000
59326  -52.616  -11.103  17.591 0.0000000000
60119  -53.065  -10.550  17.184 0.0000000000
60128  -52.723  -10.248  16.149 0.0000000000
60138  -52.400  -9.896  15.122 0.0000000000
27470  -13.904  -48.936  35.193 0.0000000000
26601  -13.148  -49.476  34.713 0.0000000000
26582  -13.733  -49.602  36.698 0.0000000000
48509  -41.549  -24.648  25.658 0.0000000000
48508  -40.890  -23.914  25.511 0.0000000000
49359  -40.246  -23.187  25.300 0.0000000000
31783  -18.770  -42.968  41.583 0.0000000000
36875  -26.703  -37.868  38.678 0.0000000000
36858  -26.784  -37.857  39.544 0.0000000000
36859  -27.668  -37.549  39.835 0.0000000000
37764  -28.375  -37.453  41.318 0.0000000000
113423  -29.019  -37.046  40.262 0.0000000000
37779  -29.402  -37.116  40.564 0.0000000000
40408  -34.596  -33.704  35.057 0.0000000000
40392  -33.967  -33.993  35.030 0.0000000000
40393  -34.590  -33.986  35.582 0.0000000000
39498  -35.667  -34.555  37.226 0.0000000000
38670  -36.197  -34.624  37.888 0.0000000000
115717  -18.462  -42.752  37.900 0.0000000000
32642  -18.202  -43.242  38.357 0.0000000000
31795  -18.040  -43.835  39.786 0.0000000000
31802  -18.313  -43.198  39.210 0.0000000000
113389  -18.742  -42.706  40.304 0.0000000000
52089  -45.619  -19.937  16.080 0.0000000000
52791  -47.587  -19.546  18.721 0.0000000000
43935  -42.696  -29.633  32.691 0.0000000000
112530  -43.046  -29.374  32.057 0.0000000000
43979  -41.327  -29.201  27.954 0.0000000000
44874  -40.836  -28.968  26.747 0.0000000000
44875  -41.474  -28.409  26.631 0.0000000000
110770  -41.619  -27.721  26.171 0.0000000000
45834  -41.122  -27.838  25.395 0.0000000000
34377  -20.127  -40.656  36.327 0.0000000000
34387  -20.332  -40.309  35.583 0.0000000000
120403  -23.385  -38.765  33.756 0.0000000000
36048  -23.848  -38.749  34.202 0.0000000000
120264  -24.701  -38.711  35.929 0.0000000000
36033  -25.153  -38.360  35.848 0.0000000000
36919  -25.845  -37.736  35.549 0.0000000000
36920  -26.498  -37.138  35.595 0.0000000000
41358  -35.480  -32.609  29.264 0.0000000000
40440  -35.605  -33.086  32.190 0.0000000000
40441  -36.561  -33.307  32.604 0.0000000000
40427  -37.433  -33.527  33.385 0.0000000000
40412  -37.880  -33.639  34.287 0.0000000000
112108  -38.891  -32.998  32.989 0.0000000000
42258  -39.910  -31.810  32.021 0.0000000000
42259  -40.458  -31.311  31.512 0.0000000000
42251  -41.333  -30.963  32.893 0.0000000000
33520  -19.034  -41.063  34.137 0.0000000000
34406  -19.300  -40.765  33.567 0.0000000000
34395  -19.588  -40.663  34.285 0.0000000000
51172  -44.266  -21.312  27.804 0.0000000000
108584  -44.809  -21.407  27.185 0.0000000000
51189  -45.203  -21.812  26.896 0.0000000000
49361  -45.982  -23.599  25.136 0.0000000000
50330  -47.952  -23.011  26.111 0.0000000000
50341  -49.079  -22.737  25.002 0.0000000000
55249  -47.469  -16.440  16.963 0.0000000000
55250  -47.885  -15.838  17.349 0.0000000000
56864  -50.697  -14.734  19.247 0.0000000000
61836  -55.708  -7.960  14.663 0.0000000000
52817  -43.553  -19.886  14.909 0.0000000000
119299  -45.000  -16.043  14.356 0.0000000000
58558  -47.806  -12.813  14.159 0.0000000000
58572  -47.474  -12.263  13.689 0.0000000000
59357  -48.148  -11.590  13.453 0.0000000000
59369  -47.933  -11.392  12.564 0.0000000000
24014  -11.278  -52.932  35.921 0.0000000000
26540  -12.850  -49.908  40.832 0.0000000000
25659  -12.361  -50.459  41.421 0.0000000000
112307  -12.233  -51.285  41.057 0.0000000000
121474  -11.324  -53.114  41.786 0.0000000000
23117  -11.382  -53.491  41.580 0.0000000000
23123  -11.314  -54.010  40.851 0.0000000000
22294  -11.328  -54.286  40.860 0.0000000000
21489  -11.073  -55.159  40.559 0.0000000000
20690  -10.671  -55.989  40.378 0.0000000000
45770  -44.315  -27.699  31.811 0.0000000000
45759  -44.607  -27.164  32.543 0.0000000000
45782  -44.474  -27.230  30.986 0.0000000000
46708  -44.755  -26.523  31.220 0.0000000000
118236  -43.347  -24.428  28.761 0.0000000000
49320  -43.649  -22.825  29.758 0.0000000000
50285  -43.056  -22.189  29.620 0.0000000000
51148  -42.545  -21.959  29.101 0.0000000000
51169  -41.766  -21.687  27.107 0.0000000000
51218  -40.161  -21.608  24.489 0.0000000000
51229  -40.055  -21.659  23.913 0.0000000000
50354  -40.754  -22.118  23.317 0.0000000000
49417  -39.810  -22.973  21.158 0.0000000000
34331  -21.660  -40.492  39.381 0.0000000000
108124  -22.315  -39.980  39.632 0.0000000000
35141  -22.352  -39.987  40.589 0.0000000000
35132  -23.234  -39.724  40.949 0.0000000000
35953  -25.849  -38.852  42.417 0.0000000000
35952  -25.064  -39.263  42.295 0.0000000000
39558  -26.493  -34.908  31.402 0.0000000000
39547  -26.649  -35.162  32.212 0.0000000000
102582  -26.802  -36.312  34.426 0.0000000000
38705  -26.966  -35.849  33.812 0.0000000000
37864  -28.275  -36.387  34.602 0.0000000000
41330  -30.467  -32.636  30.548 0.0000000000
41310  -30.225  -32.736  30.403 0.0000000000
41311  -30.408  -32.657  30.997 0.0000000000
40435  -30.872  -33.553  31.992 0.0000000000
38708  -32.512  -35.323  34.498 0.0000000000
37867  -32.443  -36.150  34.922 0.0000000000
117923  -31.871  -36.842  34.829 0.0000000000
113782  -31.344  -36.695  34.387 0.0000000000
37853  -30.965  -37.000  35.090 0.0000000000
36910  -31.063  -37.549  36.485 0.0000000000
36879  -31.502  -37.667  38.086 0.0000000000
31817  -17.243  -44.130  35.639 0.0000000000
30986  -17.099  -44.826  35.892 0.0000000000
30131  -16.583  -45.448  35.413 0.0000000000
30123  -16.330  -46.207  35.910 0.0000000000
122569  -16.450  -46.250  36.492 0.0000000000
30118  -16.527  -46.315  37.047 0.0000000000
29212  -15.907  -46.745  37.537 0.0000000000
29200  -15.785  -46.689  38.408 0.0000000000
119972  -17.206  -45.526  42.342 0.0000000000
49494  -43.211  -23.261  17.730 0.0000000000
49477  -44.188  -23.504  18.680 0.0000000000
51263  -47.698  -22.190  20.412 0.0000000000
50389  -48.438  -22.635  21.820 0.0000000000
50374  -49.716  -22.253  22.872 0.0000000000
50375  -50.396  -21.947  22.717 0.0000000000
109412  -48.626  -17.918  19.568 0.0000000000
53549  -49.726  -18.704  20.705 0.0000000000
110569  -50.426  -10.169  12.883 0.0000000000
60981  -51.254  -9.939  13.009 0.0000000000
120116  -52.385  -9.888  11.145 0.0000000000
60995  -53.710  -9.488  11.645 0.0000000000
62740  -53.141  -7.944  6.951 0.0000000000
61895  -53.559  -8.224  7.596 0.0000000000
61882  -55.061  -8.191  9.125 0.0000000000
117104  -56.823  -7.006  10.291 0.0000000000
62716  -57.189  -6.782  9.717 0.0000000000
62767  -57.631  -6.442  6.298 0.0000000000
43124  -41.100  -30.379  30.424 0.0000000000
43135  -40.990  -30.158  29.738 0.0000000000
43959  -40.878  -29.904  28.931 0.0000000000
43968  -40.866  -29.695  28.140 0.0000000000
43155  -40.378  -29.959  27.569 0.0000000000
43990  -40.245  -29.424  26.545 0.0000000000
36946  -24.484  -38.004  32.855 0.0000000000
36947  -24.959  -37.324  33.245 0.0000000000
41404  -34.499  -32.496  27.091 0.0000000000
41382  -35.419  -32.562  28.623 0.0000000000
41359  -36.255  -32.581  29.428 0.0000000000
41336  -37.192  -32.675  30.428 0.0000000000
41337  -38.131  -32.444  30.620 0.0000000000
42267  -38.961  -31.871  30.459 0.0000000000
50339  -43.585  -22.216  24.749 0.0000000000
122160  -43.979  -22.275  25.042 0.0000000000
49388  -43.817  -23.469  23.243 0.0000000000
49372  -44.780  -23.820  24.115 0.0000000000
49390  -45.501  -24.204  23.288 0.0000000000
106395  -46.141  -24.241  22.856 0.0000000000
122491  -48.729  -14.532  16.063 0.0000000000
56889  -49.176  -14.255  16.466 0.0000000000
57742  -50.334  -13.540  17.470 0.0000000000
57730  -50.621  -13.877  18.450 0.0000000000
57716  -51.931  -13.565  19.991 0.0000000000
60120  -53.883  -9.942  17.968 0.0000000000
60963  -53.605  -8.800  14.800 0.0000000000
25714  -12.386  -50.630  35.147 0.0000000000
46734  -43.362  -27.003  27.851 0.0000000000
46735  -43.926  -26.491  28.445 0.0000000000
118825  -42.275  -25.188  26.569 0.0000000000
104806  -42.702  -24.691  27.673 0.0000000000
49339  -42.121  -23.730  27.711 0.0000000000
50299  -41.603  -22.423  27.507 0.0000000000
50325  -40.311  -22.449  25.381 0.0000000000
50337  -39.861  -22.116  24.710 0.0000000000
50367  -38.973  -22.780  22.355 0.0000000000
35987  -24.707  -39.300  39.610 0.0000000000
35975  -25.527  -38.935  40.755 0.0000000000
115733  -26.220  -38.377  41.889 0.0000000000
37765  -29.085  -37.336  41.350 0.0000000000
38742  -28.575  -35.520  31.743 0.0000000000
40437  -32.489  -33.141  32.873 0.0000000000
39532  -33.201  -34.148  34.558 0.0000000000
39520  -33.018  -34.723  34.740 0.0000000000
38699  -33.014  -35.352  35.152 0.0000000000
37823  -34.104  -37.138  36.757 0.0000000000
37824  -34.938  -36.742  37.169 0.0000000000
31824  -17.465  -43.538  34.558 0.0000000000
107005  -17.577  -43.777  36.148 0.0000000000
30969  -17.162  -45.062  38.402 0.0000000000
30963  -17.162  -45.029  39.276 0.0000000000
30951  -18.061  -44.551  41.303 0.0000000000
105584  -45.065  -22.018  17.626 0.0000000000
51296  -45.639  -21.580  17.987 0.0000000000
51283  -46.267  -21.353  18.563 0.0000000000
52067  -46.656  -20.637  18.378 0.0000000000
52053  -46.878  -21.047  19.137 0.0000000000
52046  -47.882  -21.374  20.172 0.0000000000
121272  -48.799  -21.132  20.608 0.0000000000
61000  -48.605  -9.686  10.669 0.0000000000
61008  -49.895  -9.292  9.855 0.0000000000
111327  -55.692  -7.576  6.857 0.0000000000
62756  -55.750  -7.514  6.157 0.0000000000
63555  -54.892  -6.809  4.954 0.0000000000
62766  -56.454  -6.975  5.737 0.0000000000
114578  -14.626  -48.309  38.005 0.0000000000
27425  -14.265  -48.850  37.868 0.0000000000
27415  -14.399  -48.598  38.601 0.0000000000
27402  -14.112  -48.854  39.218 0.0000000000
26528  -12.618  -49.803  41.791 0.0000000000
44800  -43.791  -28.329  32.225 0.0000000000
45781  -44.080  -27.999  30.515 0.0000000000
45794  -43.944  -27.707  29.499 0.0000000000
44832  -42.069  -29.282  29.693 0.0000000000
106003  -41.878  -28.863  28.200 0.0000000000
45811  -43.763  -27.397  28.629 0.0000000000
46744  -41.813  -26.834  26.020 0.0000000000
110969  -41.837  -26.129  25.835 0.0000000000
47629  -41.576  -25.634  25.226 0.0000000000
47648  -40.649  -25.518  24.193 0.0000000000
33452  -19.759  -41.515  39.245 0.0000000000
34349  -20.656  -40.647  38.446 0.0000000000
34365  -20.572  -40.449  37.133 0.0000000000
34366  -21.143  -40.132  37.834 0.0000000000
34350  -21.401  -40.344  38.658 0.0000000000
35159  -22.464  -39.741  38.192 0.0000000000
119543  -23.305  -39.600  38.088 0.0000000000
106824  -21.363  -39.614  34.010 0.0000000000
35213  -21.623  -39.525  34.647 0.0000000000
103579  -21.963  -39.486  35.354 0.0000000000
35215  -23.255  -39.176  34.839 0.0000000000
121339  -22.711  -39.379  35.308 0.0000000000
35204  -22.508  -39.497  35.969 0.0000000000
120409  -23.800  -39.556  38.608 0.0000000000
36001  -25.352  -38.799  38.200 0.0000000000
36002  -26.028  -38.394  38.469 0.0000000000
36012  -25.936  -38.414  37.759 0.0000000000
36892  -27.272  -37.432  38.025 0.0000000000
42288  -30.967  -31.944  28.157 0.0000000000
104082  -31.064  -32.473  30.023 0.0000000000
121537  -31.425  -32.440  30.603 0.0000000000
41313  -32.468  -32.460  31.282 0.0000000000
41380  -33.282  -32.455  28.290 0.0000000000
41333  -33.764  -32.614  29.889 0.0000000000
104249  -32.837  -32.521  30.322 0.0000000000
41296  -32.468  -32.637  32.170 0.0000000000
40425  -34.475  -33.312  33.788 0.0000000000
107594  -34.985  -33.178  32.991 0.0000000000
40426  -35.325  -33.320  33.715 0.0000000000
107705  -34.860  -33.432  34.419 0.0000000000
40409  -35.306  -33.629  34.953 0.0000000000
40395  -35.909  -33.770  35.553 0.0000000000
103271  -36.620  -33.777  37.598 0.0000000000
108077  -37.337  -33.828  36.133 0.0000000000
108542  -38.198  -33.509  34.975 0.0000000000
107655  -38.718  -33.216  36.519 0.0000000000
41299  -38.594  -32.856  32.223 0.0000000000
114455  -39.520  -32.706  33.180 0.0000000000
41285  -39.859  -32.565  33.770 0.0000000000
41273  -40.201  -32.240  34.458 0.0000000000
42226  -40.577  -31.780  35.186 0.0000000000
32682  -18.310  -42.216  33.751 0.0000000000
33497  -18.620  -41.784  35.323 0.0000000000
51963  -45.481  -20.458  30.565 0.0000000000
51980  -46.928  -20.017  29.660 0.0000000000
51999  -47.396  -20.395  29.053 0.0000000000
50308  -44.876  -22.099  26.208 0.0000000000
51190  -46.152  -22.120  27.198 0.0000000000
53602  -46.933  -18.025  16.799 0.0000000000
54407  -48.054  -17.324  18.603 0.0000000000
54380  -50.021  -17.185  20.278 0.0000000000
55231  -49.459  -15.932  19.356 0.0000000000
21528  -8.977  -55.877  37.364 0.0000000000
48569  -42.223  -24.420  19.308 0.0000000000
48573  -41.567  -24.373  18.824 0.0000000000
49474  -41.775  -24.044  18.013 0.0000000000
49475  -42.643  -23.828  18.229 0.0000000000
49493  -42.423  -23.534  17.484 0.0000000000
50436  -42.988  -23.027  16.909 0.0000000000
51321  -42.956  -21.830  15.826 0.0000000000
51308  -43.901  -21.584  16.371 0.0000000000
51323  -44.455  -20.801  16.144 0.0000000000
52088  -45.167  -20.628  16.401 0.0000000000
115919  -44.888  -20.294  15.927 0.0000000000
53609  -45.881  -18.426  15.638 0.0000000000
53618  -44.980  -17.854  14.860 0.0000000000
54434  -46.288  -17.663  15.563 0.0000000000
55263  -46.172  -16.309  14.899 0.0000000000
56057  -47.439  -15.606  15.653 0.0000000000
107088  -44.869  -13.653  13.043 0.0000000000
56919  -46.136  -14.337  13.554 0.0000000000
56907  -46.987  -14.567  14.028 0.0000000000
117999  -47.560  -14.577  14.515 0.0000000000
56896  -48.510  -14.429  15.397 0.0000000000
57757  -49.703  -13.475  15.137 0.0000000000
57767  -49.315  -12.894  14.602 0.0000000000
58549  -50.142  -12.720  14.851 0.0000000000
58550  -50.595  -11.791  14.775 0.0000000000
60150  -49.283  -10.663  13.115 0.0000000000
60162  -49.218  -10.811  12.219 0.0000000000
60991  -48.207  -10.236  11.150 0.0000000000
107938  -13.402  -49.984  38.251 0.0000000000
25689  -12.873  -50.753  38.021 0.0000000000
24854  -11.937  -52.031  37.941 0.0000000000
25651  -11.842  -51.366  42.858 0.0000000000
24808  -11.916  -51.687  42.378 0.0000000000
24812  -11.998  -52.009  41.612 0.0000000000
23967  -11.453  -52.783  41.800 0.0000000000
23992  -11.257  -53.286  37.989 0.0000000000
23138  -10.798  -54.317  39.246 0.0000000000
21516  -9.244  -55.918  38.009 0.0000000000
19896  -9.856  -56.655  39.117 0.0000000000
20705  -10.032  -56.266  39.586 0.0000000000
19890  -10.415  -56.768  39.802 0.0000000000
51072  -46.411  -22.160  34.098 0.0000000000
51083  -46.083  -21.807  33.426 0.0000000000
45736  -44.621  -27.425  34.161 0.0000000000
46726  -44.564  -26.448  29.669 0.0000000000
121076  -44.850  -25.714  30.491 0.0000000000
112702  -45.071  -25.050  31.808 0.0000000000
50239  -45.117  -22.535  32.366 0.0000000000
51948  -44.746  -20.822  31.073 0.0000000000
118584  -43.758  -21.297  28.460 0.0000000000
51205  -41.273  -21.496  25.543 0.0000000000
51221  -42.968  -21.698  25.207 0.0000000000
50370  -41.377  -22.631  22.722 0.0000000000
49402  -41.873  -23.274  22.196 0.0000000000
49437  -41.244  -23.996  20.558 0.0000000000
48541  -38.906  -24.825  22.655 0.0000000000
115441  -38.958  -23.965  23.112 0.0000000000
49385  -38.896  -23.385  23.053 0.0000000000
49384  -38.685  -23.257  22.472 0.0000000000
115782  -39.072  -22.874  22.567 0.0000000000
50399  -38.112  -23.128  21.131 0.0000000000
108736  -40.105  -24.073  19.633 0.0000000000
49454  -40.818  -24.348  19.126 0.0000000000
119720  -20.420  -40.988  40.418 0.0000000000
103453  -21.561  -40.609  40.774 0.0000000000
35143  -23.976  -39.512  40.221 0.0000000000
36962  -24.839  -37.089  32.494 0.0000000000
37875  -24.993  -36.409  32.957 0.0000000000
120139  -25.257  -36.837  33.447 0.0000000000
37861  -25.684  -36.873  33.972 0.0000000000
37848  -26.150  -37.156  34.792 0.0000000000
120397  -26.873  -36.797  35.623 0.0000000000
37833  -26.924  -37.056  36.235 0.0000000000
120007  -27.396  -36.902  36.737 0.0000000000
37821  -28.302  -36.942  37.754 0.0000000000
40471  -29.332  -33.505  29.512 0.0000000000
40461  -29.516  -33.791  30.215 0.0000000000
39571  -29.294  -34.504  30.599 0.0000000000
38732  -29.118  -35.910  32.342 0.0000000000
40422  -31.739  -33.387  32.713 0.0000000000
39550  -31.271  -33.798  32.609 0.0000000000
38707  -32.038  -35.187  33.700 0.0000000000
39538  -31.098  -35.014  32.523 0.0000000000
38733  -30.156  -35.578  32.366 0.0000000000
37877  -28.853  -36.490  33.764 0.0000000000
118272  -28.697  -36.526  35.407 0.0000000000
37852  -29.780  -36.977  35.392 0.0000000000
37836  -28.940  -36.698  36.294 0.0000000000
119464  -28.921  -37.142  38.891 0.0000000000
37793  -30.835  -37.246  39.775 0.0000000000
109524  -30.120  -37.194  40.612 0.0000000000
103498  -33.494  -38.056  38.458 0.0000000000
36863  -33.235  -38.101  39.616 0.0000000000
30997  -16.649  -44.729  33.927 0.0000000000
29263  -15.490  -46.575  33.302 0.0000000000
121419  -15.697  -46.921  34.967 0.0000000000
28344  -15.432  -47.423  35.425 0.0000000000
48564  -43.375  -24.353  20.442 0.0000000000
49421  -43.968  -24.374  20.887 0.0000000000
50425  -45.211  -22.470  18.252 0.0000000000
50411  -45.690  -22.803  19.062 0.0000000000
50402  -46.958  -22.584  20.097 0.0000000000
122543  -46.719  -23.087  20.413 0.0000000000
107336  -46.330  -23.498  20.796 0.0000000000
49408  -47.350  -23.750  22.797 0.0000000000
49393  -48.195  -23.338  23.936 0.0000000000
50358  -48.982  -22.858  24.144 0.0000000000
104636  -49.152  -22.642  23.269 0.0000000000
52777  -48.085  -19.319  19.401 0.0000000000
52769  -48.499  -19.162  20.068 0.0000000000
52048  -49.150  -20.647  20.641 0.0000000000
104795  -49.768  -20.988  21.053 0.0000000000
51256  -50.386  -21.292  21.543 0.0000000000
60146  -51.913  -9.728  14.252 0.0000000000
60962  -52.968  -8.998  14.403 0.0000000000
122124  -49.941  -10.190  11.329 0.0000000000
61833  -53.392  -8.860  14.392 0.0000000000
61834  -54.181  -8.611  14.696 0.0000000000
103924  -56.091  -7.671  13.447 0.0000000000
63510  -57.532  -6.803  8.950 0.0000000000
63523  -58.369  -6.870  8.025 0.0000000000
22297  -10.917  -54.917  40.194 0.0000000000
23112  -11.331  -53.244  41.814 0.0000000000
23124  -11.417  -53.456  40.749 0.0000000000
30970  -17.471  -44.413  38.652 0.0000000000
36032  -24.683  -38.597  35.444 0.0000000000
36898  -35.200  -37.299  37.682 0.0000000000
36909  -30.162  -37.385  36.646 0.0000000000
40381  -37.822  -33.538  36.523 0.0000000000
40470  -28.551  -34.140  28.994 0.0000000000
48451  -44.680  -23.936  30.441 0.0000000000
101754  -35.836  -32.676  29.893 0.0000000000
101904  -31.486  -32.430  31.204 0.0000000000
102836  -45.311  -21.575  17.199 0.0000000000
104302  -11.491  -52.948  42.197 0.0000000000
106473  -42.903  -21.167  15.292 0.0000000000
113298  -43.006  -24.394  19.788 0.0000000000
120072  -23.667  -39.232  36.215 0.0000000000
120282  -44.817  -26.683  32.208 0.0000000000
120840  -41.159  -25.578  24.661 0.0000000000
